c.23.1	-3.52006906675569	3.88137681432721	1.17609621838154
c.23.1	-4.61582045980574	1.52704742032203	-2.46226699421502
c.23.1	-10.4691129092597	-4.8154289443194	-0.134630497913234
c.23.1	-3.5348001414223	0.245712365541546	1.03180811725397
c.23.1	-1.78230172317213	0.633532724493675	1.25410183979153
c.23.1	-5.91041330157226	1.96085861320971	-0.433824074119385
c.23.1	-1.89484490866308	-0.863730336719005	-0.63488047274153
c.23.1	-4.93930255948812	-1.5989118348065	0.292855161074068
c.23.1	-1.98483410822079	-0.085902107535184	0.352229198905428
c.23.1	-1.59643740677612	2.03447388839073	-0.324194685945598
c.23.1	-2.88418387676694	1.06163955426002	0.337549073424286
c.23.1	-2.44061438332676	-0.14954411848546	1.47392736860389
c.23.1	-2.98643033689269	-0.0683021623919948	2.13905024089974
c.23.1	-5.18064566573445	-0.653895950743907	-0.0705793923927243
c.23.1	-5.95527473483316	-0.00600367440862924	-0.926121006066232
c.23.1	-2.87001343412108	4.48309185797588	-0.0303568805833715
c.23.1	-3.72711418613493	-2.27576201447737	0.295768360604474
c.23.1	-7.29473346764804	1.86283285359839	-2.22336833756902
c.23.1	-0.751084392278873	3.30492218572418	0.286650809849298
c.23.1	-3.38409109793596	-0.465329919071331	1.86507874398922
c.23.1	4.22801384936673	6.92243788005077	0.635377689892743
c.23.1	-4.35016806811388	1.40755565659496	0.912298470362175
c.23.1	-8.75888040665109	3.97516431275251	-1.48472800466833
c.23.1	-4.53646488762075	0.38609282384354	-3.66581852585451
c.23.1	-3.80148024316819	4.9707455717178	-0.041677183190926
c.23.1	-3.72386384316639	-0.432062436328377	-0.445756928395318
c.23.1	-2.12725998779442	2.51523792661476	1.8741880927008
c.23.1	-4.05790857347762	0.512468559869493	0.427768310798417
c.23.1	-3.55560245880449	1.00544450580591	1.22205810056344
c.23.1	-3.40373276036565	-1.24617889109184	-0.143427886206559
c.23.1	-2.81468952892567	-0.118853243052072	0.407903709400104
c.23.1	-3.74110517896284	0.495742941949103	-0.0250123828312632
c.23.1	-3.76093008690304	4.10377160825983	-0.778592061199814
c.23.1	-2.86367948890238	-0.569137169256381	1.15846713877538
c.23.1	-7.22163665587793	3.31608753481864	-1.6430921478705
c.23.1	-12.9112960425788	-4.49209502053061	0.246088301400366
c.23.1	-11.7699681296428	-4.9317383442067	0.607675742008286
c.23.1	-3.06383368976342	4.97089667414479	2.75022298387196
c.23.1	-8.47324837976216	-0.761489247478456	-0.872168630826819
c.23.1	-4.63234157024906	0.606650887235998	-1.15021388461574
c.23.1	-2.23454428961074	-0.554762911419093	0.96135919922185
c.23.16	5.05768181529865	-1.27566134512055	0.246625543481915
c.23.16	5.29441020278617	-0.822899074076979	-0.163082368027381
c.23.16	3.33204588140946	-2.27512749165498	0.671559912103789
c.23.16	1.87706169817346	-2.74739952653764	0.434101038205732
c.23.16	-0.67233607961127	-3.32559286872845	-1.73057668644522
c.23.16	1.72226101833393	-1.22917698759969	-0.00164791881304203
c.23.16	3.69137665205142	-2.46290135596038	-1.42803665178423
c.23.16	2.13222678615408	-2.81652710001345	-0.553508926016604
c.23.16	2.24475357612877	-4.46242414321851	-1.64798816972892
c.23.16	0.46707286414719	-2.79825322060542	-1.01697610034267
c.23.16	8.72642842455354	1.74720639875813	-0.270844183059707
c.23.16	8.65034966062646	0.718727983439143	-0.0857430155207256
c.23.16	5.45971074587835	-0.156287048185797	-1.2839330762572
c.23.16	2.67861466241174	-0.121260833108405	1.72787796148298
c.23.16	3.26547628510341	1.56805233197336	0.670589192383433
c.23.16	-0.809121472055698	-4.2425283964486	0.490062203440039
c.23.16	0.457222914324144	-0.976763108881135	0.0502286706385152
c.23.16	3.52356636273403	-2.54010688188363	1.1879734377677
c.23.16	5.96071011359894	-0.0166939689755398	-0.815620799881333
c.23.16	2.47196177041445	-0.418424651088813	0.428445718086508
c.23.16	6.00505272508095	-2.25710629034529	0.342465084357613
c.23.16	8.0540821309393	0.13000071436965	1.14723164993028
c.23.16	6.52850910590783	-0.296266635615669	0.939584531358976
c.23.16	5.3224030975767	-1.00752132704279	-0.752431289789221
c.23.16	4.18144722408842	-0.510715234742714	-0.705390436387301
c.23.16	2.91570573857559	-3.69661582262979	0.848338666708832
c.23.16	1.41911339582705	0.264686679737051	-0.324877269841597
c.23.16	1.84174864232493	-1.29422506839469	0.135446134161102
c.23.16	3.812227807147	-0.394487773550431	0.230539242213475
c.23.16	2.73925676606822	-1.83054880301816	0.171311822255559
c.23.16	2.85678467181247	-1.89061706514012	-0.362275038804455
c.23.16	5.79394316489061	-0.0692559000628104	-0.366286042769492
c.23.16	5.69484675653579	-3.55746152843829	-0.957589826462608
c.23.16	1.35871217441092	-1.78088712057906	0.52444960883811
c.23.5	2.53005952152072	-1.69445564796182	-0.166787658642651
c.23.5	0.611109483009109	1.24376054336402	0.258747414993419
c.23.5	-0.366323659889858	-0.00788285935446622	-0.232849960274738
c.23.5	1.95605081827867	-3.45056765972176	0.0457106565345259
c.23.5	7.04683572112326	4.13909386815667	-1.42409872373113
c.23.5	0.10935329088182	1.87656208078708	1.48313807238321
c.23.5	-2.23971476246772	-0.152662386924734	0.573187805958899
c.23.5	-0.281302575535359	-3.43157574577924	-1.10586809192449
c.23.5	1.24410357210143	0.72372714701435	-0.18778711250351
c.23.5	0.348869305652539	1.63990153497131	-0.0374278012426484
c.23.5	2.363467029885	-2.43371736437021	0.642373975994194
c.23.5	4.69209481421596	2.54942106653396	-3.46478667605056
c.23.5	-1.80196027457373	0.485121898037908	-0.95681530324712
c.23.5	-3.6447846412324	-0.496377480991338	-0.201380144170815
c.23.5	1.5706765162745	2.23511817092847	1.29900198867592
c.23.5	5.19646070038939	4.62899649975438	0.00538487015568856
c.23.5	1.70927579830504	1.05157209175436	-0.366281131977733
c.23.5	2.41906538833128	3.51700339677205	-1.17405331568555
c.23.5	1.21488305626193	0.59131611306423	0.719311922138505
c.23.5	-0.741274706293411	0.48165165069335	-0.163240725139875
c.23.5	-1.47288305422975	3.16867571635851	1.02337873493741
c.23.5	3.7739397707434	2.16878834427824	0.067143427310212
c.23.5	-3.02374911338247	0.637796239727844	-0.55683320638435
c.23.5	1.98015382390898	-2.38563468508881	0.185743927686386
c.23.5	2.87670520448988	1.24709114246177	1.86816274231927
c.23.5	3.62813061789632	0.195957605226133	0.712940750737171
c.23.5	2.20644981885399	-4.40648321977951	-0.0948150303832793
c.23.5	-0.63126692784664	-1.8695450443898	1.27283156428199
c.23.5	5.87470346379359	0.788121208798301	0.363851516432326
c.23.5	5.34250536337346	2.10051658745326	-0.628762386222592
c.23.5	1.39719461722884	3.42470433456054	-1.60602846794619
c.23.5	-0.905774802789721	-1.54372811777348	1.06915952625604
