c.23.1	98.754	-5.7774	91.944	110.3	-1.4104	89.174	30.082	50.28	73.16	34.47	-5.7224	43.731	23.393	-0.081555	-2.3664	30.057	1.0564	-9.9018	37.662	15.094	-25.306	17.592	19.492	-12.093	-12.607	4.2335	-12.493	9.106	13.886	-8.8232	-6.1321
c.23.1	99.229	-26.095	94.065	109.18	-3.6429	92.049	11.713	50.244	68.58	47.305	-10.516	38.795	24.63	-6.24	-15.727	32.004	-7.9397	-20.654	27.63	20.249	-18.682	22.318	13.656	-3.2187	-12.772	8.9528	-14.457	-4.895	-6.0424	0.063538	-10.554
c.23.1	90.155	-36.787	100.65	107.18	-7.6335	96.964	31.669	61.614	73.235	49.985	2.7231	48.259	34.383	-11.242	-25.183	43.292	-4.5373	-34.26	28.661	19.492	-17.089	31.966	12.761	-23.59	-18.158	19.683	-20.598	9.8516	-5.2262	-2.4869	-18.303
c.23.1	95.038	-31.338	92.829	105.29	-3.8514	94.864	30.461	52.509	63.217	46.03	-5.4594	36.217	27.387	-9.5262	-20.09	34.499	-6.0439	-25.149	32.179	18.37	-11.678	26.339	10.077	-12.564	-13.569	11.211	-21.164	-1.7886	13.795	-9.1452	-8.0169
c.23.1	97.546	-42.736	92.467	115.3	5.42	100.91	38.88	46.541	72.004	44.483	-1.9825	40.646	22.973	-12.422	-19.813	29.769	-8.7313	-22.478	31.366	19.183	-5.7753	20.163	16.611	-15.29	-14.615	7.476	-22.052	-0.1455	11.341	-8.9611	-5.7659
c.23.1	95.038	44.369	90.257	103.16	-8.1809	82.986	60.729	73.202	64.148	39.187	-2.2856	36.131	34.368	32.928	-19.25	41.353	8.7975	-35.25	35.497	16.855	9.072	23.542	18.471	-26.465	-28.359	11.427	-1.1159	17.61	-2.664	3.1874	-5.3009
c.23.1	99.699	-52.673	98.631	110.91	2.0844	103.38	22.106	55.625	72.038	57.307	-1.7655	42.485	37.606	-15.418	-35.569	41.931	-8.6914	-32.439	23.585	34.983	-17.356	43.936	-8.8017	-4.8731	-20.121	17.36	-24.231	-4.9781	10.877	-12.046	-15.747
c.23.1	95.295	25.553	93.706	106.11	-0.53585	92.402	37.738	51.205	70.971	30.562	-8.9987	35.301	25.167	11.535	-3.0111	27.439	2.8158	-10.929	37.473	5.8874	-16.511	15.598	14.047	-13.54	-3.1354	-0.034714	1.2141	-8.5786	22.042	-5.6208	-3.9087
c.23.1	95.804	16.39	97.138	111.01	4.0701	95.328	41.766	56.561	72.492	44.86	-8.4213	37.182	29.561	14.934	-14.222	33.564	0.4844	-24.794	28.319	12.767	-8.9038	21.439	8.6369	-17.903	-9.5119	10.067	-9.8207	2.2427	15.231	-9.2178	-12.56
c.23.1	101.31	-22.415	84.937	106.15	-5.9869	95.434	28.558	59.102	69.149	55.992	-7.7529	39.387	34.938	-5.7378	-29.921	41.029	-13.028	-33.851	26.837	40.38	-16.252	43.983	-5.267	-10.092	-14.008	11.682	-21.754	-1.9223	10.778	-7.2504	-10.212
c.23.1	98.992	-16.592	95.197	106.16	-4.3107	95.798	29.258	59.75	66.339	51.493	-6.2211	37.953	34.814	-0.65325	-24.508	40.811	-8.0676	-32.301	25.392	21.249	-12.006	35.79	-1.8602	-11.602	-10.357	14.804	-18.535	-1.2223	10.952	-8.4547	-15.846
c.23.1	92.931	0.29824	94.466	107.54	-1.6053	96.446	35.759	66.111	75.413	51.973	1.618	48.079	35.369	11.755	-20.108	42.586	-7.4275	-31.532	33.437	19.617	-3.2112	29.773	9.5535	-9.8538	-9.9106	17.014	-12.568	-7.637	10.045	-4.8146	-9.9291
c.23.1	98.033	-32.656	93.652	113.28	3.3412	95.318	-1.1229	45.196	74.888	44.211	-3.4339	47.351	18.765	-5.7252	-8.6003	28.117	-8.1171	-15.606	24.023	23.405	-20.39	19.535	9.8483	-7.6558	-20.632	14.805	-11.941	-1.4744	4.9604	-8.9249	-12.032
c.23.1	93.466	5.3571	92.524	104.75	-5.2581	91.399	35.206	62.606	70.744	44.1	-6.8431	40.226	34.436	9.6752	-17.145	39.949	-5.5925	-28.531	31.478	17.738	-8.6449	26.273	9.5993	-14.138	-11.008	13.893	-13.737	-3.8582	9.0494	-2.8428	-7.1851
c.23.1	94.52	5.0692	100.49	109.15	-0.55326	94.559	37.626	60.717	70.259	46.783	-4.1576	41.973	29.873	10.575	-14.394	37.887	-5.3775	-25.702	34.964	19.089	-12.895	24.852	12.961	-11.283	-8.1823	12.375	-14.268	-6.0436	11.832	-8.5255	-12.588
c.23.1	98.515	0.47752	71.838	93.53	-20.861	76.314	25.606	50.116	52.314	32.577	-15.083	29.823	20.665	6.1817	-7.9759	29.935	1.0186	-19.053	26.145	11.483	-14.823	18.685	10.879	-12.065	-12.136	4.2691	-11.854	9.414	13.706	-9.3225	-6.8803
c.23.1	93.199	19.989	92.364	108.58	-1.4118	92.402	30.48	56.968	76.8	40.748	-3.7765	42.996	29.476	15.658	-8.4615	34.435	-1.0989	-19.191	27.461	15.348	-13.844	19.44	8.3405	-9.2523	-7.0431	12.568	-8.2072	-4.8328	9.1806	-8.1029	-11.338
c.23.1	96.559	27.44	101.57	108.17	0.064114	89.45	42.23	61.064	72.017	39.312	-12.004	37.581	32.487	19.835	-15.978	36.076	4.4901	-25.592	32.709	18.419	-13.721	24.761	21.848	-22.613	-17.322	10.265	-7.4136	2.156	14.458	-11.64	-13.437
c.23.1	98.992	-12.713	69.205	92.879	-21.043	79.331	23.272	51.71	51.681	38.344	-16.811	28.511	25.317	-3.5499	-11.543	33.312	-4.7122	-22.721	27.023	13.279	-11.155	18.542	7.9485	-7.8876	-11.381	8.9649	-16.292	0.020356	12.371	-7.4558	-5.9279
c.23.1	96.559	-31.814	91.421	111.48	2.8341	95.509	-1.2071	43.448	71.096	42.078	-3.2885	48.327	13.12	-4.6931	-10.273	24.499	-1.1733	-7.9912	32.754	20.891	-24.05	18.511	18.509	1.728	-15.668	3.9231	-14.773	-0.86916	5.3433	-9.1686	-7.2846
c.23.1	109.86	-1.0095	57.38	95.25	-30.243	73.833	2.5361	24.748	65.168	24.573	-23.542	34.132	-12.441	9.4322	-8.6452	-0.014634	0.12256	-17.568	24.543	6.4557	8.1324	11.001	8.8866	-8.0937	-8.8856	-13.397	-4.7016	28.441	2.0625	-3.1625	-3.2932
c.23.1	93.996	38.39	92.857	103.5	-7.6329	87.307	45.417	64.759	67.277	37.818	-9.6528	37.721	30.029	25.203	-8.9239	36.667	3.9795	-18.674	39.168	15.534	-13.247	20.576	11.713	-14.324	0.44948	0.58207	0.68489	-4.7132	14.869	-0.08844	-0.031431
c.23.1	93.732	27.784	104.66	111.92	0.31794	95.962	44.034	63.902	72.321	44.515	-8.5831	40.423	32.848	20.672	-14.35	38.106	3.1462	-26.851	30.557	14.699	-12.426	24.131	8.1384	-17.799	-6.8931	9.9275	-6.9125	1.0711	10.858	-8.1926	-11.519
c.23.1	102.21	-54.139	73.579	95.757	-17.085	87.92	25.947	56.379	61.692	45.658	-6.1489	36.904	38.414	-15.778	-28.154	42.672	-3.5452	-29.738	23.77	20.579	-3.0141	17.988	-11.43	-11.618	-19.562	17.603	-24.448	2.4015	13.085	-10.844	-10.641
c.23.1	98.992	-18.785	75.713	98.737	-14.301	84.851	23.715	48.804	58.508	37.606	-14.066	32.602	24.214	-5.7606	-12.868	31.232	-6.5712	-20.742	24.488	16.784	-11.661	18.532	6.1865	-7.5953	-11.203	9.8409	-17.081	-3.6496	9.5811	-7.4064	-7.5174
c.23.1	93.466	4.5374	100.11	107.43	-3.4363	93.2	34.384	61.718	71.009	44.218	-2.176	41.396	32.557	8.3046	-15.38	38.907	-3.664	-26.971	33.347	18.824	-17.2	28.234	10.545	-14.447	-11.722	11.853	-14.264	-3.9905	13.587	-10.475	-12.768
c.23.1	98.992	14.826	94.748	108.41	-2.8633	87.615	31.172	59.267	73.465	42.952	-5.5692	40.722	32.29	19.088	-13.614	36.532	3.3155	-25.609	29.645	14.487	-14.111	25.969	10.08	-19.757	-9.9166	15.176	3.7971	13.774	1.2077	8.2577	-22.169
c.23.1	96.308	-11.687	92.607	105.35	-3.6899	90.194	28.133	54.572	65.262	42.199	-5.1383	37.377	28.206	0.10315	-12.327	34.937	-2.0129	-21.116	30.837	17.155	-18.34	23.541	12.929	-10.667	-14.421	12.489	-14.472	-3.6567	15.078	-11.894	-10.394
c.23.1	94.52	-2.1385	92.576	105.77	-1.5001	93.768	33.301	55.682	71.629	41.024	-5.4343	41.628	27.68	2.403	-8.2537	34.63	-3.7996	-22.15	32.286	15.884	-19.325	21.079	8.4379	-10.306	-7.0581	7.0721	-14.895	-1.0505	10.785	-5.0025	-10.983
c.23.1	94.52	12.169	90.815	107.29	-2.2946	91.512	33.333	57.096	70.288	42.004	-9.3016	38.816	30.137	12.027	-12.515	35.477	-0.98231	-23.999	26.994	15.155	-13.492	23.023	9.5072	-13.503	-10.816	8.5447	-11.325	2.249	13.617	-11.862	-11.949
c.23.1	93.466	3.0451	93.33	104.95	-6.3561	90.695	36.176	59.905	68.78	41.536	-3.1852	39.586	31.804	6.2579	-11.904	38.094	-3.6853	-23.879	35.724	16.51	-16.4	24.669	10.44	-11.37	-8.6254	10.726	-15.656	-3.2188	13.261	-5.8238	-8.5333
c.23.1	93.996	7.7215	87.731	105.35	-5.7445	89.757	35.807	55.867	68.037	37.613	-8.9061	37.967	29.456	8.7758	-11.518	34.795	-0.31417	-23.075	26.468	13.868	-14.176	21.453	9.0943	-15.525	-7.7518	8.4027	-12.502	2.8546	12.871	-10.1	-13.653
c.23.1	98.033	0.2432	70.49	93.518	-19.199	75.948	23.229	50.86	54.971	32.733	-15.652	31.083	22.954	6.3832	-6.8675	30.624	-0.73486	-16.591	27.76	11.696	-15.197	17.616	11.676	-9.3796	-7.3971	4.4707	-10.129	2.1546	14.092	-8.0232	-6.831
c.23.1	93.466	16.472	91.345	106.07	-5.7561	90.197	34.066	57.784	69.405	40.86	-9.4671	38.998	28.705	13.916	-10.995	35.308	-0.89844	-22.526	29.287	15.441	-14.311	22.041	11.384	-13.665	-8.3499	7.095	-11.409	2.4289	11.753	-8.9829	-12.599
c.23.1	97.546	6.3904	92.075	102.74	-9.051	85.558	38.336	54.541	62.362	36.339	-3.8773	33.001	26.522	6.5678	-10.998	32.833	-6.3518	-23.588	31.932	18.076	-7.8593	19.741	14.079	-16.926	-10.86	6.7073	-14.649	-1.9906	12.307	-10.532	-11.298
c.23.1	93.466	21.482	105.72	110.56	3.9998	96.282	47.634	85.571	83.824	59.007	13.03	63.762	55.275	24.405	-18.107	61.719	5.6907	-37.409	43.363	14.413	-13.319	32.805	16.006	-18.652	-15.363	30.123	3.9388	-1.3012	8.8871	1.3089	-12.485
c.23.1	93.466	25.535	100.19	106.9	-0.97992	88.595	42.988	77.685	80.734	50.563	17.571	55.307	41.978	25.411	-14.662	49.467	2.1855	-35.369	47.086	16.482	-5.1802	26.025	21.49	-21.631	-15.821	20.527	3.8289	12.36	8.3025	-1.5769	-18.385
c.23.1	97.546	-16.115	90.639	104.12	-5.8146	89.461	37.004	50.796	65.489	35.706	-5.5479	35.259	26.268	-5.9252	-13.133	31.725	-8.5216	-22.885	31.544	20.128	-8.3769	19.79	13.247	-10.506	-9.7064	6.9068	-19.447	-7.5612	10.879	-12.599	-9.3191
c.23.1	93.199	22.454	102.43	107.47	-6.6707	91.993	45.087	64.798	66.241	43.615	3.5295	39.056	30.954	17.244	-11.7	38.772	0.2171	-22.43	43.482	17.226	-18.387	27.275	18.771	-17.416	-12.636	4.4091	-9.1235	0.79428	18.058	-2.8441	-1.7831
c.23.1	92.931	16.875	80.931	105.13	-6.9248	88.116	35.744	55.931	71.573	38.246	-5.0768	38.059	29.843	11.886	-7.3049	34.356	-3.0132	-21.731	25.146	14.317	-11.246	18.365	6.7453	-12.709	-6.0003	3.9102	-11.266	6.1838	12.17	-10.419	-15.444
c.23.1	96.308	40.139	92.118	107.83	0.85988	93.501	50.579	66.43	70.692	41.748	-7.8594	38.397	35.55	26.036	-12.912	39.486	4.4085	-27.442	28.091	16.169	-4.8025	21.015	7.6803	-18.796	-7.3373	16.052	-4.2983	-3.9855	12.58	-9.587	-14.998
c.23.16	116.57	7.5191	45.01	142.12	25.868	126.56	1.5128	7.9792	107	2.3396	10.645	21.29	-5.5103	16.482	8.9301	-14.902	-1.1244	-7.8279	8.7219	7.6882	9.8637	-9.0202	13.393	1.5503	-19.859	2.1508	-15.466	7.458	-22.325	17.248	11.17
c.23.16	115.36	52.35	125.21	128.93	11.862	112.1	48.022	44.258	99.545	42.383	2.9888	48.283	9.7616	33.408	-18.372	14.397	26.361	-3.6108	19.9	-4.2372	-2.4836	-2.8761	11.209	-13.89	14.941	-2.1324	18.685	-2.1354	-3.437	10.515	-19.686
c.23.16	104.18	48.6	117.07	126.15	21.309	112.29	73.625	83.508	104.53	56.532	2.9855	62.041	87.153	25.926	-21.773	59.604	-4.4259	-56.716	18.3	12.467	0.79462	23.211	12.021	-33.009	-13.705	-21.756	-6.4583	46.323	-7.8225	-3.5459	-29.69
c.23.16	112.68	49.684	63.132	135.31	24.286	128.29	-20.722	18.436	104.28	-16.402	11.734	62.837	-12.529	29.895	-4.9212	-20.726	16.833	-16.128	13.493	17.403	35.319	-27.721	-3.5589	-10.304	-12.221	-6.7903	-3.2398	13.172	-7.4386	-2.3421	-1.6834
c.23.16	109.08	-18.917	58.827	132.03	20.123	120.88	-16.475	16.6	99.439	-5.4883	10.836	56.65	-7.9498	18.485	5.4038	-12.271	9.0124	-13.132	7.3182	5.6402	17.217	-15.777	-1.8486	-7.3222	-7.3772	-2.8214	-2.04	1.8442	1.2909	-2.0263	-0.82044
c.23.16	110.25	-16.649	55.375	130.92	17.548	119.36	-17.947	16.639	97.86	-5.7684	4.8765	55.553	-6.9968	17.773	3.7499	-11.515	8.4738	-14.336	7.91	6.7729	16.828	-13.697	-0.61038	-7.6361	-8.8657	-2.5183	-1.7356	4.4784	-1.105	-1.4182	-0.50288
c.23.16	117.25	16.64	51.333	127.84	9.3529	112.22	-28.845	24.301	96.624	9.4377	5.2611	67.385	-10.549	20.251	-7.2243	-6.1442	2.498	-29.452	20.663	10.995	30.733	-9.8729	5.8821	-10.89	-16.167	-11.678	0.13417	35.851	-7.8607	-5.6767	-3.421
c.23.16	111.76	-2.0201	68.709	131.99	20.448	121.28	-25.689	17.744	103.36	-0.37946	8.5312	65.048	-17.445	23.8	-0.10797	-16.818	0.60742	-23.683	11.505	9.1519	34.104	-19.682	-5.7197	-4.5893	-6.7887	-9.8841	-2.9947	14.543	-10.97	2.1951	-3.4455
c.23.16	110.82	10.133	65.739	130.02	21.661	119.66	-20.355	21.213	106.47	-0.33935	6.6218	71.68	-15.633	25.189	-6.0574	-14.591	8.5266	-21.84	10.577	7.1439	31.242	-18.856	-1.7994	-12.588	-6.9414	-9.1083	-1.3977	14.448	-8.3183	3.7744	-3.1353
c.23.16	111.19	22.835	88.992	129.98	15.734	116.66	3.3534	12.629	98.361	-14.468	7.4622	49.933	-23.227	9.9866	16.023	-15.187	8.7566	15.876	20.276	16.707	-19.37	-15.122	5.5482	-17.385	-16.599	-18.764	-0.23191	23.876	9.4417	-12.01	-14.984
c.23.16	126.2	-84.596	39.51	133.74	16.347	133.52	-23.027	3.4879	87.593	8.9094	0.51144	29.447	-6.0849	-9.784	14.918	-3.0678	-3.241	-21.082	7.3221	7.8204	12.214	-0.76747	2.8544	-3.3438	-13.549	2.3059	-10.898	-1.4823	1.598	1.4304	-2.9632
c.23.16	123.82	-14.541	101.39	134.61	4.5302	112.5	70.411	47.067	86.188	55.623	3.9135	13.8	60.829	-8.535	-31.618	30.161	-6.8238	-53.472	12.496	7.1189	25.076	16.777	19.111	-24.583	-21.357	10.662	-15.609	20.04	-17.17	10.951	-28.731
c.23.16	115.71	18.158	63.309	126.24	6.6085	114.22	-7.2623	28.518	90.345	5.0387	5.677	58.832	4.9792	19.537	-0.42713	0.44764	11.264	-20.133	15.732	12.66	11.415	-8.0875	-2.8664	-7.9207	-11.736	0.72605	1.2967	6.6926	3.3989	-2.1559	-2.6866
c.23.16	105.86	50.306	131.79	124.47	16.465	109.69	73.561	83.095	100.36	52.722	-0.79271	62.158	76.844	26.199	-23.824	58.066	-5.3306	-57.411	24.114	15.798	-10.082	30.374	15.604	-36.039	-8.9501	-12.65	-5.6993	39.153	-9.7209	-1.7983	-29.849
c.23.16	109.08	48.83	119	118.38	4.0929	105.57	60.921	75.484	88.26	50.388	-6.8947	52.574	57.415	27.71	-22.983	49.101	3.4601	-52.162	21.159	10.073	5.369	26.184	13.804	-26.827	-17.084	1.7393	-4.7274	32.631	-9.7305	3.829	-22.328
c.23.16	102.87	10.642	111.37	120.63	9.9332	104.75	21.955	53.376	87.489	43.213	-1.242	46.836	34.511	3.8684	-14.233	33.732	-8.7658	-28.531	11.018	18.406	-22.362	20.676	9.8531	-33.394	-22.903	4.8091	-5.8429	15.75	-13.83	0.037249	-11.109
c.23.16	110.44	-46.647	90.098	128.69	21.719	122.3	-8.8151	30.787	105.06	16.948	14.129	81.955	-3.6155	21.363	4.6209	-0.63358	-9.2696	-37.407	15.806	14.777	36.788	-13.984	-4.5565	-12.549	-1.6035	-13.265	-6.5664	21.01	-10.981	7.8797	-9.1269
c.23.16	110.82	2.832	60.072	140.27	26.604	124.57	-25.262	22.998	106.52	-1.1645	6.7456	74.28	-6.4372	22.144	-0.71596	-9.0737	8.9002	-20.68	9.8098	12.615	24.785	-16.797	2.2161	-6.4327	-13.765	0.83075	-1.6767	-0.27573	-5.8809	0.38818	-3.1727
c.23.16	120.06	-57.443	60.489	127.87	12.166	123.76	-24.398	18.045	93.714	13.858	2.2669	54.581	-5.2628	5.7497	12.68	-2.2338	-7.0532	-27.662	13.205	6.515	19.247	-5.2359	-4.4836	-5.6717	-12.065	-0.61139	-11.829	18.117	-10.579	8.7304	4.3136
c.23.16	108.69	-7.0979	103.41	120.99	7.6125	106.68	34.055	66.902	91.625	52.224	-2.2057	55.334	64.821	-8.052	-21.568	49.636	-6.1706	-34.288	18.504	17.739	-37.03	30.638	5.1119	-22.753	-26.248	-7.3622	-15.008	32.124	-13.63	3.8676	-6.3666
c.23.16	118.76	-49.249	58.061	122.87	-1.7629	112.43	-32.178	9.4912	82.058	-6.0887	8.3418	43.921	-12.311	17.196	16.499	-14.178	1.9372	-1.184	9.5986	-2.8579	19.504	-22.788	5.067	2.8842	6.7307	-10.065	-2.8412	-11.445	6.6051	-3.9657	1.3464
c.23.16	121.97	-4.4273	47.147	135.76	17.163	121.38	-29.701	10.761	100.3	-10.658	2.4068	53.906	-17.19	18.946	15.431	-16.301	3.3648	0.60152	14.049	10.365	14.2	-23.817	5.4482	-11.869	-13.688	-9.8568	2.0412	17.808	-9.4913	-5.5047	5.8204
c.23.16	115.36	30.451	138.64	128.07	4.0457	110.01	59.866	62.919	87.599	48.631	-0.60637	44.12	50.922	18.481	-29.281	39.939	6.7558	-55.136	13.699	10.489	2.8473	33.16	10.23	-24.765	-21.122	2.3231	-18.346	43.272	-18.097	8.112	-27.175
c.23.16	119.09	-41.879	57.084	130.59	13.178	123.77	-27.85	19.491	93.781	12.326	2.6084	56.583	-3.8982	8.4715	10.295	-2.3735	-4.6507	-25.587	11.953	5.5684	18.795	-7.2564	-4.61	-5.6802	-11.097	0.27144	-8.2144	10.735	-10.489	10.943	4.7911
c.23.16	113.41	36.27	118.82	126.85	11.47	115.62	55.611	61.253	95.358	40.247	0.64796	56.367	50.906	25.068	-34.885	36.494	24.788	-48.782	15.27	12.896	-15.74	36.141	15.846	-22.284	-5.6673	-5.4266	2.4676	23.908	-14.494	6.1071	-14.636
c.23.16	109.08	18.706	60.911	134.21	22.848	122.74	-14.66	18.701	102.37	-9.8821	7.8668	61.86	-10.561	18.194	11.103	-12.433	11.77	-5.9126	10.289	13.045	9.9603	-21.166	-2.14	-10.925	-14.71	-1.4535	-4.238	8.5591	2.101	-5.5379	-6.2314
c.23.16	105.24	-42.985	92.226	115.69	-1.48	110.77	35.887	40.46	67.7	42.003	-4.1384	23.332	33.267	-13.015	-27.666	25.819	-13.559	-32.069	13.778	21.779	11.767	21.714	3.4281	-24.742	-21.866	11.03	-8.7808	-0.20493	-14.981	11.173	-17.302
c.23.16	110.63	-41.086	62.671	131.65	18.583	121.09	-23.52	17.283	98.543	-3.542	8.3765	57.443	-3.1167	13.132	13.852	-9.6284	0.26859	-16.965	11.941	8.4108	15.147	-13.732	1.2883	-6.0988	-13.196	-1.6869	-7.6036	4.1882	-7.1493	2.5399	2.294
c.23.16	110.82	44.286	116.9	118.62	3.5591	105.63	59.031	76.883	89.615	46.827	-4.6171	51.021	71.177	20.891	-16.292	53.314	-3.9107	-48.691	21.894	9.0189	-10.364	20.081	8.3907	-21.445	-15.314	4.9418	-8.082	28.035	-8.1303	1.0582	-19.052
c.23.16	114.31	-34.865	78.501	131.66	17.567	121.77	-21.532	21.786	100.24	4.9665	9.3688	70.136	-11.742	19.503	8.4295	-9.8137	-4.7012	-24.661	16.775	9.5918	29.576	-16.821	-0.84726	-6.5123	-6.0797	-15.582	-6.338	17.387	-10.149	9.7589	-5.3111
c.23.16	108.89	41.825	113.16	118.59	6.281	105.24	62.322	81.716	91.791	56.283	-1.899	62.865	63.911	29.023	-27.481	56.962	10.026	-57.405	19.799	1.5618	8.5798	31.456	13.202	-31.192	-24.125	-3.0152	-2.9067	39.948	-3.6688	3.4719	-16.918
c.23.16	122.59	-52.939	64.455	122.33	-0.52699	111.93	-6.0877	20.784	85.51	11.933	9.7756	49.116	-1.3106	4.4881	8.9528	0.50282	-0.20345	-19.038	9.7208	2.8558	7.469	-6.9155	-11.863	-7.3347	-2.4481	3.1307	-5.7269	5.8365	-6.0823	7.6264	-5.7253
c.23.16	118.59	-11.092	63.571	122.83	3.7583	113.07	6.8968	16.104	90.158	7.6494	13.279	34.155	-3.8458	0.29104	12.336	-4.675	3.3777	-10.01	16.223	2.273	9.8665	-16.775	-3.9326	-3.1654	-6.6216	-1.3884	0.10511	1.682	5.8525	-6.5341	-4.3663
c.23.16	110.05	-48.494	82.302	127.55	18.556	121.39	-9.3675	24.42	99.997	7.6808	5.9697	72.23	-7.932	19.899	11.98	-7.9279	-7.4545	-29.618	16.145	12.091	32.849	-19.249	-6.8609	-10.738	-4.9525	-13.282	-10.408	23.214	-12.443	9.9748	-2.0257
c.23.5	106.89	11.445	83.358	116.15	-0.72811	97.656	-2.2534	24.634	82.573	6.7104	-4.1904	43.794	-6.0883	12.777	4.7144	-5.7248	0.53816	-19.961	20.477	-4.6969	5.9121	0.9422	15.125	-12.01	-9.4698	-9.566	-3.3716	18.465	-9.3747	-7.1475	5.0956
c.23.5	105.03	27.581	85.093	110.73	-11.136	89.512	53.927	46.57	68.647	27.994	-4.4339	31.164	24.145	14.692	-9.8713	24.339	1.8922	-19.593	22.117	11.784	-9.3597	14.764	19.625	-17.346	-8.1787	1.6819	-4.982	3.1592	1.0975	-10.46	-18.607
c.23.5	101.99	32.86	96.883	108.11	-11.009	89.59	52.076	54.873	63.38	29.495	-4.4967	36.093	24.707	19.633	-12.52	30.352	5.729	-23.509	26.136	11.667	-12.637	17.611	18.379	-21.685	-13.255	7.245	-7.4227	6.3815	-12.505	3.7072	-11.322
c.23.5	105.65	29.812	88.009	118.53	3.1751	99.87	8.6781	27.374	84.401	9.4389	-1.2129	44.445	-7.5634	11.74	2.1966	-2.894	3.4748	-12.293	23.146	-2.3116	-9.2923	0.26555	16.378	-11.579	-10.4	-11.953	1.1729	18.809	-11.145	-9.689	4.7214
c.23.5	123.97	13.794	61.705	107.75	-24.15	86.444	18.203	33.745	73.983	20.44	-10.434	32.38	17.79	12.015	-11.687	14.312	7.2648	-18.484	12.569	6.4987	-6.8146	13.276	11.44	-6.9785	-7.6774	1.5927	-1.075	8.5931	-6.6267	-8.6233	1.3453
c.23.5	101.99	35.327	103.38	108.4	-11.411	91.027	31.393	47.626	61.03	27.709	-7.3099	34.771	14.991	24.399	-12.296	22.333	21.031	-10.519	19.414	6.3651	-22.01	15.945	15.788	-23.943	-15.208	9.9873	8.9851	9.2922	-9.2739	1.5425	-9.4282
c.23.5	100.86	28.062	105.64	117.62	3.2099	102	45.905	41.856	72.802	19.302	-0.22969	38.679	15.621	10.96	-6.586	18.926	11.057	-11.206	23.065	1.0813	-21.049	11.324	18.243	-20.799	-7.5076	1.3311	3.3071	8.8791	-7.5553	-1.0864	-11.901
c.23.5	104.39	19.446	93.073	121.14	8.1137	101.95	6.6567	27.148	88.203	6.3968	-0.69425	48.431	-6.1905	8.7573	5.9438	-1.9076	2.4143	-14.654	22.797	-1.9159	-10.97	1.0313	17.252	-11.724	-9.7526	-9.9613	-1.9778	19.891	-14.057	-8.8805	4.3407
c.23.5	107.3	31.692	93.82	111.39	-13.785	91.514	60.456	50.109	66.883	30.457	-2.9925	32.95	23.721	18.651	-15.838	26.308	5.2864	-26.141	24.074	15.797	-3.4184	18.241	24.357	-28.37	-17.748	5.3582	-6.7779	2.589	13.344	-17.871	-16.598
c.23.5	104.81	6.4894	95.953	117.68	0.12404	102.08	34.054	40.884	75.457	30.344	-3.0068	43.87	10.891	16.687	-8.2122	19.686	12.406	-17.338	7.9225	-0.81123	-15.331	14.727	9.7608	-16.685	-14.221	5.8597	-2.1055	18.19	-12.825	-1.4491	-6.7699
c.23.5	105.65	28.463	90.702	120.16	4.7825	100.33	8.7081	25.668	85.959	8.7887	-2.4825	42.853	-9.2273	12.679	0.75506	-5.3315	3.1281	-13.142	23.347	0.52287	-3.3099	-0.39882	17.074	-12.398	-10.032	-11.364	1.0192	19.351	-12.386	-10.394	2.3937
c.23.5	123.97	12.449	61.948	107.57	-24.306	85.93	17.343	33.852	74.128	20.388	-6.4967	33.075	17.539	11.544	-10.381	14.516	6.685	-17.709	12.844	6.8397	-8.7109	12.71	10.83	-7.2016	-7.8132	1.4523	-0.94937	8.7791	-5.728	-8.1662	0.74393
c.23.5	102.87	32.596	86.439	110.53	-5.6705	91.14	39.606	39.141	73.163	19.958	-6.3916	35.197	11.827	14.038	-7.4715	17.43	9.9389	-15.116	11.294	7.7569	-12.304	12.07	18.721	-37.166	-18.161	0.57133	-10.741	17.177	6.6004	-9.8257	-6.7576
c.23.5	98.033	-44.779	94.619	113.32	5.3704	102.45	27.604	39.327	73.713	28.719	-2.7658	42.438	18.756	-13.041	-7.1354	23.044	4.888	-13.987	23.955	13.726	-22.561	13.05	10.899	-13.135	-15.533	8.1207	-18.95	1.1709	-4.4572	-1.2049	-9.6295
c.23.5	106.69	27.031	110.03	124.37	3.452	108.24	41.135	37.436	76.748	25.853	-3.6884	38.006	8.6898	19.551	-12.614	13.77	15.256	-13.879	7.2706	1.1325	-10.115	9.7213	13.286	-16.229	-12.973	5.3259	-0.85725	10.677	-18.241	11.061	-3.6162
c.23.5	116.75	7.8182	69.826	105.92	-29.924	82.567	33.484	42.057	65.355	24.816	-10.456	33.285	22.495	10.532	-5.6968	23.773	7.0169	-14.09	15.081	2.9949	-19.135	14.477	8.2443	-12.203	-7.922	0.25118	0.96971	16.419	-0.1765	-5.565	-5.4375
c.23.5	108.89	32.718	94.811	116.34	-8.6589	101.51	53.04	40.536	68.818	26.939	-4.5985	33.679	13.323	21.293	-11.682	17.537	17.035	-10.448	12.958	-1.6094	-14.018	12.803	9.7221	-4.3473	-2.4922	-0.67936	-0.61372	11.069	-18.705	13.092	-0.4566
c.23.5	111.57	38.915	76.486	101.68	-26.235	87.28	46.958	50.485	62.917	27.957	-7.494	36.435	19.271	27.501	-16.985	26.368	17.015	-25.002	14.992	11.104	-6.2649	19.377	7.0615	-13.66	-8.0741	10.026	2.257	13.601	-13.327	-7.5986	-7.8757
c.23.5	106.89	48.442	85.53	110.38	-8.9786	98.249	49.464	47.828	70.809	23.043	3.9715	36.74	23.37	20.373	-6.2081	23.41	5.7919	-14.668	22.52	10.16	-16.899	11.553	17.343	-18.462	-11.886	4.686	3.8989	0.42087	-9.4277	-3.0141	-4.892
c.23.5	100.16	45.01	113.05	110.26	-3.4905	93.801	50.627	67.438	69.497	39.707	6.7135	44.804	29.85	31.987	-20.885	38.043	21.378	-27.282	33.727	18.371	-26.272	36.679	20.12	-31.176	-12.161	15.369	12.553	10.389	18.874	-15.639	-35.737
c.23.5	101.31	42.209	107.81	110.69	-7.3592	93.407	41.747	50.816	64.184	28.558	-4.9372	37.106	15.727	24.799	-11.578	24.923	19.623	-13.875	22.05	7.6347	-23.386	17.769	17.216	-26.096	-12.742	12.296	4.7862	9.9944	-7.8308	2.7138	-19.153
c.23.5	111.94	-13.158	107.13	114.76	-11.943	98.556	16.323	38.578	71.8	29.003	-9.6614	44.996	6.1299	19.199	-11.791	14.523	20.296	-10.604	14.724	5.409	-21.095	9.3609	18.119	-24.73	-12.587	-1.0609	-2.4157	23.878	-14.118	-0.023018	-4.6228
c.23.5	100.63	29.783	70.115	106.51	-9.6556	89.245	44.929	44.083	64.292	26.269	-5.3322	30.437	20.359	12.154	-3.8812	23.015	-0.66147	-16.932	16.812	3.6059	-8.3772	9.2974	7.7859	-13.163	-5.0551	1.3483	-2.2398	8.0216	-0.50516	-6.5644	-12.627
c.23.5	107.7	37.106	87.537	117.38	2.9474	102.02	12.118	36.446	86.967	21.726	-0.62441	52.593	0.55765	22.042	-12.575	6.8656	11.95	-26.207	22.259	3.3702	10.538	6.1438	15.335	-15.672	-11.874	-2.7007	0.7183	25.157	-6.5874	-13.583	-4.1797
c.23.5	105.24	4.4503	127.57	127.49	12.694	111.54	33.791	32.606	88.087	18.902	4.0676	46.517	-1.8129	10.16	-4.0094	8.5999	13.56	-3.5521	19.561	-1.0507	-20.543	4.2049	19.002	-19.188	-7.9696	-5.3372	-7.1267	16.174	-14.081	4.1958	-2.4207
c.23.5	107.5	14.959	97.069	117.74	-2.8331	100.78	17.049	35.227	76.47	20.134	-2.058	39.291	10.822	12.137	-1.7444	12.421	10.773	-4.1908	21.365	1.8462	-18.888	5.7836	15.878	-16.668	-8.647	-0.85863	0.60706	12.463	-12.932	1.4792	0.16753
c.23.5	106.48	26.4	86.968	123.94	6.5814	103.7	12.778	24.952	86.116	5.7406	-0.45887	43.513	-7.7514	9.8794	1.3764	-2.1105	4.6916	-12.704	17.848	-0.45151	-8.6666	-0.50985	14.819	-10.492	-8.3256	-5.0595	0.96324	16.663	-14.489	-12.011	6.5132
c.23.5	98.515	30.522	94.711	114.35	3.2109	99.081	51.234	45.496	71.973	22.326	-3.1395	38.006	19.726	7.9235	-0.79571	23.389	7.017	-11.183	26.342	-3.0213	-22.732	12.021	15.911	-18.97	-3.6845	-0.58832	-0.049215	7.1553	-0.45754	-1.2841	-10.732
c.23.5	117.76	-23.906	53.571	122.45	-10.953	105.69	19.967	20.525	70.889	33.606	-6.0338	16.114	9.3751	-6.2949	-4.7568	7.85	2.2654	-11.794	12.923	0.032263	-4.0277	5.0823	13.985	-7.99	-14.869	6.0165	-14.073	8.5547	-19.848	23.051	13.448
c.23.5	117.09	20.398	62.924	104.41	-26.273	88.533	27.84	33.601	68.473	21.871	-12.65	30.283	12.601	13.364	-15.58	13.283	5.43	-17.011	13.792	11.335	-1.4594	14.032	17.958	-9.985	-9.7178	-0.76461	1.5007	8.3439	-10.906	-10.592	0.41642
c.23.5	110.63	40.293	70.751	101.59	-24.849	86.405	47.958	48.671	64.051	25.172	-9.6637	35.037	20.368	25.586	-15.647	25.443	15.22	-24.583	11.429	10.405	-6.4811	18.51	6.9258	-14.709	-7.6913	8.5982	-2.5894	13.427	-9.3447	-14.273	-10.585
c.23.5	98.754	26.847	79.065	110.24	-1.8571	96.533	40.943	39.647	66.942	22.167	-5.2028	32.438	15.795	5.7128	-0.42817	19.528	8.4297	-12.261	16.035	-6.2737	-19.561	9.1596	13.201	-20.29	-8.4694	2.0194	-1.0575	14.927	-1.781	-5.5287	-12.7
