c.23.1	-3.88983494903081	-3.56657775386973	-0.138088536315193	2.95209974005463	-1.35924748934696	-0.238419230234352	-0.185117324244189	0.98374590652647	0.00949475776674873	-0.202700127170103	0.503910635257711	-0.659124010638288	0.992846283353956	0.182208033268824
c.23.1	-6.19320431680884	1.64424539326257	-0.614232943601238	-2.02010352105338	1.33527705742787	1.12566935112545	-0.0708981221176269	0.85616600075513	-2.46269673742415	2.02571327552243	-0.221555783686564	-0.725057121372717	0.0681706333782307	-0.0349071691692231
c.23.1	-1.28916607953524	1.5358405956765	-3.05417221857268	-1.8572806149713	-0.171511617610618	0.794724481785505	0.843288705529357	0.75920031550702	-0.247915162078195	0.948331064026296	-0.401944666655901	2.76163967750935	-1.32289907124112	0.472103293517261
c.23.1	-2.73247827831419	-2.86017712258525	0.403352390356717	0.389283091150187	1.28920592177923	-1.19138559816398	0.596397611645567	1.68982450819758	0.227507789585637	-0.283430298713478	1.16232539486487	0.528742083518335	-0.667058718394075	-0.27865090334072
c.23.1	0.328110633742125	2.30552632676708	-1.17260282191619	1.50085760915721	0.755876875208367	-1.68020869449939	-0.953100603196293	0.413810630898716	-0.268339475381818	1.39471342659857	-0.210684454577221	2.04267531701673	0.170999455737651	-0.117744118300225
c.23.1	-5.54014075794641	-2.67255041849969	-1.90865846646269	0.822327638666348	-0.663372161666276	1.15647442197866	-1.37104071518516	-0.328143368749698	0.34343603828225	1.81513471022407	1.14322961837153	-0.751351345972837	-0.35989825114766	1.44015994233102
c.23.1	-3.80566730949312	-0.885367997946565	3.24134739936687	-0.607815509780596	-1.19383185129558	0.323797628249827	-0.43824479175848	-0.269174651409263	0.137355113329624	1.20628792611034	0.1854021347647	-0.919887636718445	-0.814142443329796	-0.333119942066178
c.23.1	-1.81995185777395	-4.51193904595576	0.470813865443312	-0.151023722431732	0.984559337173768	0.831778626532209	0.519710181388064	-0.899433748743447	-0.142874000589583	0.55083939756878	-1.05979253516888	1.1244035660077	2.16646833749914	-1.9000884131563
c.23.1	-0.865816462782052	-1.17677082682061	1.2401534945331	-0.255636260224789	-0.0691049945301593	-1.33030398066179	-1.21703733136857	1.00952987988716	0.7096198611704	0.767727614727225	-1.4958672720236	0.634525370303567	0.194828299203627	-0.425741952752457
c.23.1	-2.9006808427802	0.654130452740825	1.17532065601749	1.64694969231174	-0.925898274570056	-0.300079518496527	-2.10505162208436	-0.614194286054231	-0.271576402794439	0.113239071626479	0.00154662937511134	-1.31744372605819	1.1117201779981	-0.163922042857697
c.23.1	-4.3004930195616	0.132716927845637	1.42352539029604	0.441052518236915	0.00284074818682678	-0.776775703318697	-0.580891880341891	-0.766286165128825	-0.552773755523923	-0.179213472104706	-1.43863780218753	-0.676677295687809	-0.237836091490377	-0.843432909056942
c.23.1	-0.962987815656026	-1.8570169789715	0.0204036353063948	0.116638188997677	0.641727951563968	-1.5998358411366	-0.469012987956858	0.130829877859889	0.778154902209205	1.50309378501934	-0.96652253796413	-0.690654655436954	0.710542366560696	-0.151429810232923
c.23.1	-1.01097840929486	4.34509990397205	-0.734534262391897	2.65878717724082	0.54817181642473	-0.512646542229065	1.33658902281629	1.95325314551501	1.12410122493904	-0.295628873129092	-0.537309090475253	0.361598481086073	0.0610814832501975	-0.575346942584643
c.23.1	-2.08989104475597	-3.40024604265651	0.236239895510343	-1.4986504344201	0.0292911790039393	-1.46405844103608	-1.07858935608638	2.32289686959524	0.0375725681424591	-0.804431595928068	0.117219212431956	-0.132817897872199	0.00607146493849509	1.29341186718567
c.23.1	-3.78438396864641	-1.35865211492647	-0.219105608232487	-1.92250300562358	0.765078346880385	0.214273918760768	0.306958836513132	-0.189757175781577	-0.191462563205205	0.0585976720997475	-1.96010886557307	-0.706724282086902	-0.118248730639108	0.392890054215136
c.23.1	-7.12288358056836	-0.400562513696978	-0.509152090612277	0.976700089400311	1.40272613068796	0.290630177749952	-0.469730859580287	0.332844683766963	0.650231110191595	-0.569761995163188	-0.244877459855505	-0.79794268035218	0.140721307359177	0.834313292208588
c.23.1	-2.3957232906794	0.795102728739949	2.22053112647193	-0.0610961316963206	-1.58007177894482	-1.56088799097939	0.320247215595792	2.27642336615484	1.00598608654642	1.39340910843801	-0.666520996073	-0.216785915799716	-0.199411427337321	0.291935552518031
c.23.1	-9.42940460328182	0.803342274033063	2.14327799893808	-1.91377625045229	-2.33275995721116	0.312501302681877	-0.0441638077256149	-0.142264207696382	0.481530060280946	0.798119523238617	0.829813597560297	1.55150430114809	1.46716875154642	0.24597808777523
c.23.1	-4.34788808325283	2.23091095730432	-1.26352375615326	1.04359375238055	1.81475563602629	-0.818077645018833	0.744684219518188	2.06477008137549	0.231922088164121	-0.729721055958864	-0.519351707706445	-0.746392193578717	0.256125115589281	0.121525497174012
c.23.1	-1.2600914040562	-0.62846870227815	-1.40849169861532	1.42526849455552	-0.354084817154157	-0.935109846476794	1.64356050745182	0.932137278616439	0.393619461455588	0.210833317971725	0.136702448249099	-0.200450259767642	-0.901800752296026	-0.0555943792057176
c.23.1	-8.15180851656879	1.32613263291437	1.73557806715357	1.17572582975415	2.50352517076147	-2.63517872525481	0.688109169243336	-1.78753421662161	0.512554391771857	0.56726621013809	-0.0985762902123467	0.143452443205819	-0.613047737146599	-0.438120072061531
c.23.1	-1.53897982417456	-3.45259722902496	-0.660915459262037	1.20402801991326	0.538590140392504	0.318778919398699	-2.52718809499801	1.37528369183796	-0.00413059616372582	0.15161782016243	0.705953288659446	1.09908699954292	0.233718469849361	1.07237910410515
c.23.1	-9.07142474080508	-1.11519418515686	-0.0755320788867123	0.356425285338299	0.991413290655393	1.37712217882255	-0.63275029457347	0.883010464529601	-1.12369590458361	-1.71944958077184	0.223102077616913	-0.911659359278706	-0.730885946730116	0.277507131288521
c.23.1	-7.27049616089595	4.32805123313238	-0.00703729390409302	-4.01792193621156	-2.1188344260459	1.28635908296066	-1.03729632232547	1.63691060686239	-1.31761142924389	-1.17507392407797	0.968344082245444	-0.832346468964463	0.477747257961928	0.0941968079198898
c.23.1	-8.82555410137057	1.49913086662559	-0.891385348404749	-0.105687931284245	0.463459340254425	-0.225676708213064	-0.674102877718084	-1.22740192462421	0.281756222291825	0.61260293935178	0.446524057659236	0.161760745572664	0.105268330115009	0.549292254317797
c.23.1	-3.18693590161079	-0.0889738618957824	2.36065659674823	-0.46720224857757	0.000153595762500278	-0.354886452773896	-0.180371756622782	1.00993761701038	-0.793702122510542	0.436249595221643	-1.02797852604747	-0.735273367174054	0.677225266170131	-0.303634738645723
c.23.1	-1.91667240955954	-1.46435091312813	-1.95012608721396	3.38459137291266	-1.66577667415766	0.783480692843832	1.14781148738116	-0.906345758618852	0.904361837714652	1.09628601126432	0.729765976714754	-0.575822539735227	0.359413091165278	-0.770513985073357
c.23.1	-3.73852127023364	-2.07058326390328	-0.621264327326375	-1.0276856639829	0.0276827316993279	-1.60763995325345	0.907632432316115	0.634753367624787	-1.6039859156952	-0.890273583338996	-0.182946424421122	0.0224862453683708	-0.113467778619002	0.598089772993092
c.23.1	-2.26603563457306	-6.35339533757456	0.0658637679671896	0.0836832695522607	2.01170193598547	-2.55148339863349	0.350611425110482	-0.314312253051706	-1.12729048606761	0.771050402112903	-1.1918893329685	0.633793730782002	0.309935990146144	0.110284172889646
c.23.1	-1.57779368850459	-4.15488842564934	0.63119697511737	-1.23469637130761	-1.41593218837496	-1.11712207064966	-0.208159466946485	1.18122052273364	-0.969976150485763	0.0113622095264752	0.917720205227475	-0.283189209168337	-0.370805273292504	-0.588575635669327
c.23.1	-0.997049838763169	-4.36454495471254	-0.194579033271055	-0.713400461774104	-0.192881251323396	-0.167183713884177	-1.68762048313722	-0.129844958304531	-0.381907860930809	0.373868307430398	0.062980292288796	-0.518700852453294	-0.410956848075878	0.315518419750284
c.23.1	-2.25817169283188	-6.15349097243209	1.18199744251079	-0.105266959647645	1.36532658925328	-0.0239001731176881	-1.56319728569749	0.993314220319237	1.23406735947334	-0.464877039097724	1.22073331595236	-0.285451352666621	-0.267122422653192	-0.940482625909901
c.23.1	-8.28292115831332	-0.777874637747976	1.49765827758458	1.26334581444332	0.733939943181765	1.04272814864377	1.27545400300162	-1.29893238407163	-0.2035882254873	0.432927103005417	0.217900160915781	0.787016270289968	0.695318648945303	0.980349497960494
c.23.1	-0.825829587326772	-4.35173633698791	1.06157820695192	-0.444824087307233	1.56706917949632	0.0274399610426988	0.700371412807757	0.696760525677412	1.19541514975283	-0.479766930969443	0.351037820717203	-0.300529562679969	-0.226822058041566	-1.1306502526758
c.23.1	-8.86531992306631	-3.22220079430033	-0.0742309685857089	0.608900005870077	-0.597173183052224	4.06822064852931	-0.325326347672529	-0.897723899829878	-0.00046896268940233	-0.802178191699907	0.0971734908634493	-0.0623421623451862	0.32174996944562	-1.1315087908771
c.23.1	-0.664438961321679	-3.3297600342972	-0.960508386290148	3.03464124232661	-2.99456861919424	3.16914105177925	-0.752508956824266	-0.308617897520716	0.453658114691868	-1.01844254535645	-3.31256473748176	-0.142137522301675	-1.6918697354762	-0.607870333337787
c.23.1	-1.07263005391921	-2.68044162566795	-1.50131647465092	1.23950755773593	-4.99863425176658	2.00590602266409	1.66239256471047	0.760443164703073	-0.583476466876393	1.3000655764458	-1.83405909254027	1.79949311662338	-1.39368095932129	0.302130986898079
c.23.1	-2.69615809933224	-3.62360531668022	-2.57113106857246	5.16072571321514	-0.130237308292682	-0.877323697951052	-1.53533927548359	-1.22098737487933	-0.0883455146239262	0.298849902044143	0.919738169113393	-0.148706473538234	-0.604438533018062	0.413275233031805
c.23.1	-4.6129274961634	0.0589143602672588	0.0410928302605627	-1.17271113657601	-0.213444171210566	1.47132318358577	0.565053469116126	0.957532769210069	1.63134150391146	-2.24504109617414	-1.33325343862844	0.633363593379688	0.180274368253795	1.29325489961024
c.23.1	-2.40752919701966	-2.14089828141944	-1.48351774404595	-1.84149155367892	4.07616583896645	1.73646337826076	-1.21256860599826	-0.392951721645933	-0.717326205745252	0.852484685245059	0.240635039233731	-0.776444127167028	-0.557823526932007	-0.386283157862253
c.23.1	-0.915033846546304	-3.58866105298844	2.63080819453988	0.431735814036374	0.164080080005641	-0.775504889631874	0.235295132633696	0.135523239496975	1.19450582964343	-0.711811063377112	-0.672645618705402	0.0537140682376186	0.0332093936468359	-0.186867281878541
c.23.16	5.52437455454786	0.389078253298586	1.38271830507721	1.50685164994485	1.15917714572061	0.251715709142327	0.367405073277041	-1.10596180811481	-0.196864866931963	0.447217855977004	0.48377027799206	0.311784641215541	-0.847725332888305	0.146090725571128
c.23.16	3.9952304763838	-4.63678116981598	-0.285218162837704	-0.814652116842052	1.19462793182003	-0.0131550098300664	1.58670858100522	0.525271214520723	1.20689391961981	0.443803091246856	0.939244592323145	-0.256241660508833	-0.258475384120777	0.422444489623795
c.23.16	5.29998658793233	0.69387413865276	-0.260150934320323	-1.04059226384445	-1.64152680060323	-0.566922982113913	-0.937153124942671	0.587328817814789	1.95537347906766	-0.549943548201025	-0.509585832148638	-0.685189130927997	0.730050175320394	0.163934369453098
c.23.16	6.95275549345058	0.840300943952105	0.0361735945140511	2.64451822926358	0.654324227825857	0.910631906592447	-2.02163713812465	0.985424984640569	-1.67586808658078	1.36218625334455	-0.183366646020691	0.225562886586438	1.8563365689355	0.730778889522928
c.23.16	1.56360124998346	1.21123967530358	2.14823324607683	-2.00635737256905	0.952337512994439	1.08709145936241	0.258104903986353	0.183540586816158	-0.921873438895532	-0.0844728667254481	-0.0479526418572131	0.115781333725845	-1.05755554734147	0.349879233709253
c.23.16	3.81218891949176	-0.341735477921831	1.39703850985942	1.54397299191568	0.624758277561053	0.108127264829362	0.105752928631055	1.21044744769174	-0.849297110398608	-1.60941144155094	0.00452433409976814	-0.485388079833351	-1.26484430807392	-0.771397954429432
c.23.16	5.86665722676499	-2.12499416130507	0.0589615688131057	-1.20174560155149	0.946808953138754	2.15403742725359	-0.360432674946011	0.69926123277084	0.267366046884039	-0.653946276974276	1.16778952323034	1.16315873649823	0.0735343762071435	-0.675226101571547
c.23.16	5.83563836732201	-0.725572183285749	0.838150457767168	0.19025549925971	1.07501419385187	1.84988284880654	0.221585861738021	0.630599007006416	-0.061920542867451	0.125363070709929	0.55523347780097	0.780677204341327	-0.391860699077101	0.345587211441818
c.23.16	5.36017719985805	0.869821980688442	2.95757257192251	-1.81234023926656	0.000622189115207533	1.53251681675687	-0.906203670439249	0.672793656433792	-0.317340151377583	-0.105583206050588	-0.158743231337411	1.00773704498114	0.913627162172952	-0.43454122096268
c.23.16	1.81566581085236	1.93944834198075	3.47244728318778	0.92610156931449	-1.21581228903816	1.41145247836495	1.16185760193274	-0.198546384688389	-0.913679285915153	0.809590549539671	0.494887864198835	-0.931686139703611	0.851033294497194	0.360679610672466
c.23.16	5.9293592976736	0.436331108782337	1.22312623132433	0.414027711304492	1.12822331055817	0.462950778622102	-0.827800665502363	0.844856835074744	0.248348804854883	-1.93099517443603	0.085558356591494	0.249343994628329	0.87139430362621	0.705669517533209
c.23.16	5.13323293698689	1.40233656766506	0.654473335437051	0.0563938511695645	-2.39205812815391	-0.633673085868128	-0.174840080001522	-1.65594004120583	-0.317077352178349	-0.800171046197428	0.671226714238107	-0.496054388369524	0.281077536227953	0.406817600856108
c.23.16	4.45863177809054	1.26671789566883	-0.0516957204391786	-1.63483339719121	0.601736806317952	0.462419142570561	-0.768775509628305	-0.213779182408119	-1.83346231519089	-0.847690033261125	-0.133440947003539	-0.928123628115398	-0.111725497284202	0.0684663858167577
c.23.16	3.73231151135718	-1.86668620674096	-0.687798931267224	0.156912796815016	-1.06967940347513	-2.06036216647003	0.204182958304185	-1.26307933863493	1.01936378633533	-0.996004023571734	-0.214325071874159	0.0970598766433897	0.289789706704366	1.37692595032648
c.23.16	1.40863424263937	-0.0700174624341249	0.939997785075755	0.49767123429034	-0.395970303427636	-0.91574368743547	-1.08868881569053	-0.472644418331349	1.18025187578232	-0.67082388465252	-0.187322438736516	-0.264839434821868	0.134239623815396	1.77819675602457
c.23.16	2.87111088925825	-3.01946269871464	-0.344974505883785	-1.04648328065552	-0.865381228565098	0.250642294614275	0.920754176314409	0.307140559506365	-0.587192324597379	0.685955358317424	1.30854442371447	-0.606477318065462	-1.16594364713909	0.44162413853102
c.23.16	0.488372121805744	0.205131405515252	0.541085639621398	0.835724435833763	0.436937967736601	0.530423171378558	2.2344856474656	0.372019199650845	-0.996225508994031	-0.149401969047244	-0.955053205791087	0.121372321175978	-0.624161661321434	-0.215175628612599
c.23.16	7.96875920547252	-2.6646434690123	0.245017186053047	2.70714394212551	-0.594256015967051	0.567657427921678	0.416567761317801	0.0331706207714183	-1.62574081657086	0.00548065092998247	-0.521472846625771	-0.346180617195719	1.02099469107695	-0.312871014764478
c.23.16	2.2406396213019	0.452089308840015	4.07412769683699	-0.371237077054205	2.14535213596786	0.613493545549576	0.0778162338404111	-1.66482409271128	1.06052133018879	-0.885320594758077	-0.250754992591764	0.654136576049331	-0.835648248438905	0.390346988882616
c.23.16	1.97556829941146	2.02064654249459	-1.14025712310517	-0.189452243325672	-1.35950806752671	-0.915015408529524	-0.607264616879893	-1.61734173482084	-1.89749019301298	-0.504298691291429	-0.518261915760894	-0.361081075002922	0.491652607637113	0.340368411330227
c.23.16	4.01378809392431	-1.96277679290174	2.90978012964761	0.501674031692465	-1.1360308139488	-0.44254779259768	2.80370085849901	0.11458065429681	-0.952343619772737	0.553649630292119	1.06981252727903	-0.392859465464531	-0.570219459840012	-0.275590013587633
c.23.16	5.14013214110284	1.61851896618245	2.06673421354624	2.24160468142915	0.549318786080143	-0.78080313168538	1.04212752512413	0.351937478267922	0.302904055443023	0.428826148621056	0.763999230510938	0.767069270263937	0.534297902719675	0.35720059661828
c.23.16	4.5059696537962	-1.88856991292025	-0.663838191614296	-0.407541071151083	-2.04927591351694	-2.12385668586259	0.443193827631564	-1.535082384392	-0.51870712416931	-0.410449809633538	0.180638383782184	-1.01919399619605	0.0287989698164763	0.558744723851514
c.23.16	4.85380455816483	-0.228648384238364	2.19077655537899	0.591510240222876	2.09784899804042	1.8077534066143	-0.0286941117329783	-0.867869332714101	0.827129460727247	-0.765779907114725	0.30581309715846	0.350176658568519	-0.521672825663977	0.850386151623823
c.23.16	2.66560003590473	-2.18521793775226	0.0560441463056994	-2.14195152359188	1.0453294405678	-1.20678354670085	-0.265625628435226	-1.49006707791558	-0.404274028631255	0.319175330320147	-0.835699788926225	-0.276188189265309	-0.82836125619651	-0.0457796457434423
c.23.16	7.42825470570637	-3.96823146447058	-0.300406209546883	-0.615806367731873	-0.722041361751402	0.0540908380360266	-0.273592104055237	0.670824672362884	-2.40934295213334	-0.376067449168126	0.201272598798686	0.503346693439795	0.792439693077053	0.276005550669932
c.23.16	-1.05682899821865	2.44535153398188	-1.07810675955107	-0.956885701166104	0.0896806093961149	-0.825442429598897	1.53064158497416	1.04177642307456	0.347154226965871	1.63643501439503	1.03588105964729	0.217918558007437	-1.02690310814443	0.463168442055991
c.23.16	4.48712485142257	2.62435811556548	0.430357585906607	1.98198491403609	0.115951119603457	0.571618836625898	-0.823877240357832	0.418279154674932	-1.13572215002278	-0.776919063013299	-0.645369250033776	0.135240297529062	0.16523391881079	-0.0540311668065403
c.23.16	2.07074224298208	-1.1499147799271	0.699907668578313	-1.6923522656444	0.635476415822185	-1.77499376214869	-0.424769566366503	-0.930748296914471	1.20095433244109	0.305065226170814	-0.788039097396014	-0.00847823817120219	-0.270777724732198	0.255146197021421
c.23.16	3.86442535920171	1.77230814455417	1.27366275249802	0.938109952930819	0.135956863661929	1.06843321922289	0.702781202285886	0.567023810691054	-0.661692461762344	-0.618113621771428	0.162048738895067	0.385476074176374	-0.0586427028182243	0.184807331136425
c.23.16	3.42201552473429	2.65731735142049	-0.363587247943627	-1.02355761684182	0.422410417326261	-0.712783966510862	-0.343689813484099	0.0718612838238054	1.1810505356319	1.06153437270942	-2.00869402999979	-0.285247394363938	-0.416298693022836	0.435936167755378
c.23.16	4.08672563193531	1.98507543731171	1.02308048553054	0.757625476470089	1.2444957287632	1.12833956116087	0.00744098006617791	-1.23112757306603	-0.713386824959781	0.460672726704785	0.0169605169066567	0.823004905881039	-0.346407135986311	0.512481977327494
c.23.16	5.90095697181465	3.42039550544032	2.79914357132045	0.200653490241698	-0.769290060305606	0.399699012255493	-0.228424697729718	1.0922527391834	0.0780377638818494	1.7290143248483	-0.197114877827911	-1.14282620863339	-0.722207090118501	-0.259172075536352
c.23.16	1.4708006778909	2.67974977764632	1.0171872425756	0.707622890187046	1.15217973709813	-0.369884202302816	2.28818739037462	0.371320295260115	-1.29980026387256	1.06433156735361	-0.0805117068614765	-0.602285966864248	-0.050741012200803	0.0516503803818942
c.23.5	4.2049493656545	0.192995048350053	-1.96737264147802	-0.996702037139223	0.341141025328504	-0.465264337242196	-0.950427058667665	0.188629628860459	0.820853014773215	0.512590873561157	-0.166588102588006	-0.306722582123792	0.664504559796085	-0.124112410236567
c.23.5	-0.406978398542147	-0.644909043251647	-0.718876054015529	0.0738521505790433	0.780918816432826	0.289296957393041	1.00050404314277	-2.28062361112357	-0.457498778276323	-0.683106403386388	-0.158153744479833	0.836950947617825	-0.216142567139691	0.843730421098896
c.23.5	0.76842129301685	0.859528030898358	-4.1462213930564	-0.236273361708915	1.24681633280221	2.15089992544289	2.74650362388796	-0.756427528616485	0.203664640167994	0.86331178698976	1.63716135103721	-1.14022304441325	0.559079165637899	0.363051888178985
c.23.5	6.59616589342971	1.34881195672481	-2.90555250627439	-0.542535382919394	1.23016261131943	1.44350770486977	-0.387305801524826	1.14869002658026	2.49144006405362	0.64237341655601	-0.0741266889404431	-1.23428124328728	0.623193072670392	-0.542667784134816
c.23.5	-1.41263270836541	3.80434036166643	1.32416790307739	1.12645253068299	-0.863605229207734	-0.5346354265975	-1.61193062155991	-1.31661970102772	0.494629059287341	1.38997129175223	0.578474391929768	0.437591648218327	-0.122325959887013	0.530072311034982
c.23.5	-1.0500673281661	-0.714162584946388	-2.09666497087451	-0.0608683356155617	1.14505943583033	-1.43078214630659	1.19154591610869	-0.557142528562979	-1.10499099743826	-2.0505685984655	0.0950607632914683	0.721984739575439	-0.235265190710012	-0.101708542869972
c.23.5	0.557634204835175	2.60308043391779	-1.76039159785086	0.591849097207821	0.401345854851815	0.249964557274007	-0.581304693569067	-0.387694497329321	-0.565342651195284	-0.0685102170056671	-0.360682742245114	-0.68675804225941	-0.182806811273025	1.40238208796785
c.23.5	3.22357207690875	-1.96746346337926	-2.34428984519117	-2.97191949745559	-2.12074997858706	0.976374773683594	-1.45552894527235	-0.910925265172718	0.0687058476946448	0.335594083865149	0.6006683794338	0.167668077075653	-0.651069601831445	0.387705202835398
c.23.5	-0.421601479428961	-1.07465005136234	0.340629693221222	0.282168953330087	-0.129892972412738	0.251045482725109	1.0099883035546	-1.50487002791876	0.00459631707761876	-0.255863750736868	0.802401804276414	-0.402272097892342	1.5135015742822	-0.288422823786851
c.23.5	-3.2498711686623	3.93801202231372	-1.0919116808921	0.036331996869604	-0.840313418744332	-1.06908201037024	0.393456194095202	0.379555328838057	0.630020522758852	0.0162277350175349	0.265090898736343	-0.286976054713561	0.0670189958508408	-0.183089016808542
c.23.5	6.32278056870365	0.318017925269351	-3.78965391382524	-0.129471140234456	-0.654284613686674	0.160212868154535	-0.640707168110884	0.48891911945661	0.801748308516038	-0.24783236526524	-0.0362846500348554	-0.457399493581153	-0.317230521187481	-0.671383347317334
c.23.5	-2.87742111893596	4.27397867906385	2.15891214992218	-0.994972434964538	-0.327863054155416	1.73505063868961	-1.64990527211918	-1.24636213973959	0.650516414421641	0.810584301708967	0.187121012078925	0.699889147734512	-0.0782222650114861	-0.534808383567455
c.23.5	-2.53002093821477	2.33622465273248	0.736037323835371	-0.341492129488617	0.790672104953663	1.03588719919604	-0.512746171955368	0.293174488406461	0.282043422052952	0.113317190100456	-0.164657839789574	-0.750950644771192	-0.79469018431802	-0.863503994624541
c.23.5	-0.000742196473249912	6.44041729374389	-2.49482496630506	-0.587346309119267	1.59186781854889	0.248156718405355	0.989526125994668	0.225570291997682	-0.0412275315794458	0.673420553900149	-1.96588868177751	-0.483185724657354	0.959391326498296	-0.0607073613902882
c.23.5	-0.662531312732845	6.80025148583416	-1.26456020792532	2.61218559308496	-0.468882188630212	-0.284324999093775	-0.644538889864091	0.505052944317734	0.638299010437734	-1.00380532644683	0.618622508364502	-0.201386915614803	-0.825341150014735	-0.1578776565207
c.23.5	-3.96312572037121	4.76744328175278	0.27202369766744	0.595152265606013	-1.13991669950332	-1.6268108965182	-0.0749941386091383	-1.07021135234812	-1.26605040003552	-0.929497128281931	0.33116768637317	-0.165516648190878	-0.160154544838375	-1.18638596452676
c.23.5	-0.170412209688922	1.71508499024416	-0.914607109520363	0.366422811127213	-0.0136768790335483	1.41057466465247	0.349167732249714	-1.79412792254187	0.766587671945858	-0.672374019650849	-0.137885426244078	-0.263551959008661	-0.589114387370714	0.0325514446856361
c.23.5	-3.43499509945545	3.37379462661786	-0.421250231806043	-0.954719439364496	-0.614826770254317	0.488701835391289	0.27128359235224	-0.768842015288726	0.784786633926193	-0.55607998210475	0.815919775535873	0.968859012499434	0.12607806102906	-0.46613749662206
c.23.5	-0.175581140114901	3.46812668355289	0.138117398759723	1.18551338017776	-0.350538263442562	-0.314039867470032	1.51027225586019	0.537664939840722	0.825568979217923	-0.616257233993218	0.336629495890149	-0.500928346452629	0.735535214264744	-0.400051248814998
c.23.5	-2.93003343492323	-2.52141922832476	0.817952697327314	-1.13473343243851	-3.91798095201537	-0.963843095206147	1.55497956762486	-0.00398499500096936	0.543848044969894	-1.00195751647778	0.238773347685969	0.505356785587804	1.16476295630737	-0.247016661779491
c.23.5	-3.71233339798247	0.919813173465381	0.431529857085373	1.81327121999679	0.542338089141984	-0.356068179943231	0.0352160233580729	0.372590303928221	0.720700055204243	-0.939955885338811	1.17855511766842	-0.143549042753405	-0.47026321375178	-0.07421624298557
c.23.5	-1.18708973518458	2.9807337407373	-1.17622299593455	-1.19309896265767	-0.0764842765428603	-1.8378496347711	-0.654923411680848	0.38307723737062	-1.54774857482694	-0.748071060561176	0.0799634389065759	0.518632826286784	-0.494296028861674	-0.116479083787895
c.23.5	-3.12659631697558	0.561272767148887	-1.35100891328425	-1.50167914628744	0.929701966013367	0.849623247068938	2.26044780062712	0.40056959332946	0.169507791977699	-0.37549983537707	-0.392088943409439	0.39754287906395	1.91690303320167	1.27040573423905
c.23.5	4.83221945004668	-0.00431924570982993	-0.912339406089525	-0.22314310545336	0.485007393307256	-0.277087883826462	-1.77311564152638	0.176793301756875	0.826690526404126	0.893835269036409	0.225894311413151	1.42999593646899	0.561910222902381	-0.490470696844785
c.23.5	1.95549989987785	-1.25198885583919	-2.71596548911266	-0.121378227896838	1.08047586170441	-1.66879725578444	-0.211294583033752	-0.855384540972692	-0.057488731789232	-0.990762094816026	-0.155230466136749	1.22466621850352	0.412734610830421	-0.666923063942205
c.23.5	2.27072010207364	0.676067230833329	-1.68876898833672	-0.810000564717695	-1.31027430048327	-0.594559370763832	-1.22687054593522	0.323008821709825	-0.963237290755734	0.0709893489113892	0.80230894577605	0.160004913970876	-0.515997243813923	-0.414640490224685
c.23.5	5.1363802493932	2.15374198341797	0.237852369946098	-1.66978468223634	-1.32273002997637	0.525210466974469	0.907114473130654	0.214491140069239	2.3929569111435	-0.29874179231689	0.358772638295793	-0.483407752346828	0.143832325480469	0.113107212570507
c.23.5	3.33343878126977	-4.20653324579751	-2.62926832071784	-0.585453852209628	-0.219762345015244	-0.400946640996581	0.817379026398038	0.157307569257761	-0.0682063850348667	0.389530231470705	0.386052796112214	0.183652742910093	0.379308221286467	-2.09021896844771
c.23.5	2.53258937558991	5.92041557542706	-0.478641176458698	-0.0960877333818465	-0.304257881025149	-1.84857477015278	-0.755851582291745	0.356640124585697	-1.17517643837242	-0.816970167010191	0.556162166768721	0.494251074346839	-0.407406865730474	-1.02586190653054
c.23.5	-0.00403469688159384	1.56692333491644	0.737526431334354	0.131220774122368	-0.53859463197653	-0.947660397184084	-1.60713480022984	-0.491517648699054	0.877826964049137	0.205396740454367	0.873221701767412	0.763486360929768	-0.896236361106218	-1.08385617237027
c.23.5	-4.52766330579445	3.91263274344273	-0.255872041590109	-1.72406443145002	-0.304222432857832	0.16770003959064	-0.0084619849831143	-0.701001151804415	0.329455788129236	-0.484134951396007	0.594671136743019	1.0316081659309	0.362120559098988	-0.912728254696372
c.23.5	1.52472658701662	0.249205015532006	-1.95708640532057	-0.931168828187488	0.782616238504973	0.324983301408083	-0.412869128087846	-1.659087442159	0.041981944325723	-0.343401016409199	-0.619592215024277	-1.04956124769048	0.398789661865643	-0.996245693585999
