c.23.1	3.346549	2.803457	3.967408	3.178113	1.968483	3.678973	3.066699	2.469822	4.563932	4.281442	2.502427	4.076021	4.320354	3.471292	2.190332	3.012415	3.539076	3.272538	3.813047	0.477121	2.71433	2.029384	3.288696	3.353339	1.568202	2.987666	1.832509	2.507856	1.763428
c.23.1	3.327155	2.770852	3.93897	3.180413	2.049218	3.627161	3.001734	2.431364	4.526869	4.261929	2.606381	3.981637	4.27591	3.456214	2.133539	3.09899	3.464042	3.152594	3.7344	1	2.750508	1.826075	3.244772	3.246745	1.748188	2.892651	1.672098	2.469822	1.716003
c.23.1	3.172019	2.593286	3.782329	3.072985	1.832509	3.476107	2.813581	2.212188	4.360328	4.147584	2.63749	3.867409	4.110994	3.391112	2.064458	2.895975	3.338855	3.051538	3.579097	0.60206	2.565848	1.832509	3.045323	3.070407	1.568202	2.701568	1.50515	2.176091	1.447158
c.23.1	3.327155	2.759668	3.964024	3.22763	2.021189	3.677333	3.0306	2.414973	4.56976	4.33652	2.685742	4.105169	4.333105	3.57588	2.240549	3.098644	3.581381	3.305351	3.795254	0.845098	2.799341	1.982271	3.292478	3.342423	1.778151	2.94939	1.681241	2.457882	1.690196
c.23.1	3.365675	2.793092	4.005781	3.274158	2.064458	3.719911	3.080987	2.447158	4.620261	4.379777	2.800029	4.137987	4.373151	3.618153	2.32838	3.1827	3.627878	3.34733	3.861534	1.079181	2.812913	2.0086	3.336059	3.40654	1.80618	3.018284	1.78533	2.507856	1.681241
c.23.1	3.247237	2.716003	3.852968	3.076276	1.929419	3.558589	2.961895	2.378398	4.428588	4.168586	2.488551	3.916664	4.190528	3.368101	2.130334	3.014521	3.401056	3.118265	3.695657	0.778151	2.666518	1.924279	3.161667	3.223236	1.70757	2.884795	1.60206	2.409933	1.672098
c.23.1	3.391817	2.803457	4.031206	3.284882	2.170262	3.707996	3.078819	2.429752	4.644439	4.392046	2.801404	4.124928	4.372212	3.579784	2.290035	3.214579	3.588496	3.269513	3.848189	1.041393	2.896526	2.060698	3.288696	3.365488	1.919078	2.971276	1.991226	2.456366	1.716003
c.23.1	3.310056	2.737987	3.944186	3.211921	2.012837	3.634981	2.990783	2.374748	4.543323	4.326233	2.755875	4.048947	4.287331	3.537315	2.287802	3.070407	3.509874	3.241297	3.763053	0.477121	2.761176	1.959041	3.214579	3.273001	1.748188	2.859739	1.812913	2.390935	1.653213
c.23.1	3.364926	2.790988	4.012837	3.282622	2.130334	3.712313	3.067071	2.456366	4.628522	4.401693	2.810233	4.137417	4.387888	3.615003	2.225309	3.228144	3.615108	3.323252	3.845346	0.90309	2.885926	2.08636	3.33726	3.365301	1.94939	2.992995	1.838849	2.501059	1.724276
c.23.1	3.403978	2.835691	4.03555	3.248464	2.127105	3.735439	3.095866	2.482874	4.644242	4.352318	2.654177	4.147893	4.389733	3.538071	2.311754	3.116276	3.593175	3.325926	3.851931	0.90309	2.866878	1.929419	3.35679	3.390935	1.897627	2.997386	1.897627	2.506505	1.748188
c.23.1	3.365301	2.78746	3.999043	3.2266	2.068186	3.693375	3.061452	2.432969	4.606037	4.335679	2.659916	4.11581	4.349763	3.507046	2.267172	3.079904	3.567614	3.279895	3.825556	0.954243	2.796574	1.959041	3.308778	3.359456	1.812913	2.974512	1.863323	2.478566	1.69897
c.23.1	3.348694	2.774517	3.996818	3.268344	2.08636	3.697752	3.063709	2.436163	4.620199	4.383097	2.754348	4.125253	4.363838	3.60874	2.322219	3.190332	3.626238	3.304275	3.838849	0.69897	2.860338	2.100371	3.313445	3.374565	1.792392	2.996512	1.886491	2.49276	1.69897
c.23.1	3.361917	2.784617	4.009493	3.269746	2	3.710202	3.071882	2.423246	4.634366	4.393873	2.769377	4.149927	4.37747	3.603686	2.313867	3.090611	3.629919	3.335859	3.859018	0.778151	2.783189	2.123852	3.299071	3.398461	1.70757	3.004321	1.755875	2.457882	1.662758
c.23.1	3.287578	2.720159	3.929674	3.187239	2.0086	3.622421	2.980912	2.383815	4.535129	4.309396	2.645422	4.043244	4.292345	3.512818	2.206826	3.109916	3.518119	3.21272	3.751818	1.113943	2.762679	1.924279	3.244277	3.278067	1.763428	2.908485	1.50515	2.424882	1.653213
c.23.1	3.287802	2.727541	3.919758	3.159266	1.995635	3.604226	2.967548	2.389166	4.51854	4.2675	2.599883	4.001084	4.27219	3.449015	2.193125	3.062582	3.464639	3.159868	3.717088	0.69897	2.752048	1.869232	3.209515	3.232742	1.681241	2.859138	1.653213	2.418301	1.690196
c.23.1	3.351023	2.819544	3.980049	3.211388	1.973128	3.687351	3.079543	2.514548	4.580651	4.321661	2.642465	4.073425	4.342047	3.528145	2.232996	3.079904	3.548389	3.275772	3.833721	0.845098	2.724276	1.934498	3.317436	3.359266	1.672098	3.019532	1.662758	2.574031	1.832509
c.23.1	3.314078	2.729974	3.945912	3.232742	2.09691	3.647969	3.004321	2.363612	4.548205	4.331225	2.745075	4.069298	4.29638	3.558349	2.133539	3.170848	3.566437	3.26529	3.767082	1.113943	2.812245	2.029384	3.23325	3.299725	1.919078	2.91169	1.819544	2.401401	1.60206
c.23.1	3.25261	2.720986	3.855943	3.092721	1.934498	3.546419	2.93902	2.396199	4.42909	4.193013	2.582063	3.891426	4.188028	3.371437	2.033424	3.021189	3.353339	3.074085	3.653213	0.477121	2.638489	1.78533	3.15137	3.167908	1.623249	2.845718	1.556303	2.421604	1.716003
c.23.1	3.396548	2.85309	4.043519	3.305351	2.053078	3.756027	3.125156	2.55145	4.66499	4.423082	2.873902	4.180728	4.416624	3.675962	2.354108	3.174351	3.649335	3.392873	3.906389	1.20412	2.826723	1.991226	3.395676	3.435685	1.792392	3.071514	1.662758	2.617	1.857332
c.23.1	3.354493	2.773786	3.998739	3.270213	2.004321	3.695131	3.061075	2.41162	4.617032	4.387532	2.815578	4.117238	4.358182	3.599009	2.276462	3.130012	3.613419	3.308564	3.843918	0.60206	2.758155	2.082785	3.283753	3.379849	1.681241	2.978181	1.78533	2.462398	1.633468
c.23.1	3.551816	3.007748	4.207069	3.434569	2.201397	3.921842	3.298635	2.71265	4.833415	4.570017	2.860937	4.341533	4.60232	3.776992	2.487138	3.30771	3.816838	3.555699	4.084898	1.079181	2.993436	2.198657	3.591065	3.61574	1.954243	3.265761	1.968483	2.794488	2.0086
c.23.1	3.307068	2.748188	3.940566	3.19201	1.944483	3.64365	3.01536	2.419956	4.540842	4.294554	2.658965	4.03591	4.302482	3.499412	2.230449	3.033021	3.524396	3.240799	3.781109	0.778151	2.722634	2.049218	3.261739	3.303844	1.633468	2.948413	1.672098	2.468347	1.69897
c.23.1	3.23096	2.704151	3.82588	3.058426	1.763428	3.537441	2.913284	2.390935	4.379904	4.130269	2.468347	3.863739	4.169233	3.368845	2.041393	2.820201	3.342028	3.086004	3.623663	0.477121	2.502427	1.633468	3.182129	3.146128	1.361728	2.834421	1.255273	2.4133	1.70757
c.23.1	3.353339	2.779596	3.978181	3.221414	2.089905	3.657343	2.987219	2.448706	4.577515	4.326254	2.678518	4.052694	4.311881	3.521007	2.220108	3.167613	3.472756	3.214049	3.751356	1.176091	2.847573	1.80618	3.290257	3.206826	1.778151	2.91803	1.447158	2.457882	1.763428
c.23.1	3.338656	2.810233	3.965484	3.176091	1.939519	3.669317	3.064083	2.503791	4.560397	4.293141	2.576341	4.047664	4.329174	3.500785	2.167317	3.018284	3.519959	3.237544	3.818424	0.60206	2.720986	1.880814	3.30963	3.33163	1.653213	3.006466	1.60206	2.564666	1.812913
c.23.1	3.324282	2.753583	3.966142	3.226084	2.093422	3.655427	3.021603	2.416641	4.578204	4.335699	2.699838	4.073352	4.324344	3.528274	2.139879	3.187803	3.560385	3.241048	3.784831	1.079181	2.834421	2	3.246252	3.319314	1.892095	2.924796	1.724276	2.465383	1.724276
c.23.1	3.371437	2.810904	4.005952	3.234264	2.029384	3.70612	3.102091	2.460898	4.614549	4.346333	2.705008	4.110691	4.357935	3.51746	2.296665	3.082785	3.597037	3.30771	3.87204	0.60206	2.744293	2.127105	3.306425	3.416141	1.716003	3.034628	1.897627	2.518514	1.724276
c.23.1	3.343606	2.777427	3.995021	3.24403	1.995635	3.687886	3.038223	2.44248	4.613937	4.375096	2.708421	4.120047	4.370143	3.579441	2.25042	3.130655	3.58625	3.294025	3.81882	0.90309	2.79379	1.90309	3.309204	3.340444	1.662758	2.953276	1.643453	2.498311	1.69897
c.23.1	3.329398	2.767156	3.969975	3.213252	2.021189	3.675687	3.044148	2.426511	4.586238	4.322529	2.623249	4.090787	4.340841	3.536053	2.274158	3.087781	3.579212	3.287802	3.814581	0.778151	2.796574	1.986772	3.286007	3.34733	1.724276	2.962369	1.740363	2.475671	1.69897
c.23.1	3.331225	2.752816	3.978317	3.245019	2.093422	3.66792	3.024486	2.404834	4.595176	4.359095	2.720986	4.092089	4.334755	3.568319	2.227887	3.204391	3.574957	3.271144	3.807197	1.278754	2.839478	1.986772	3.26031	3.331832	1.869232	2.942008	1.740363	2.429752	1.69897
c.23.1	3.327155	2.760422	3.970114	3.233757	2.09691	3.66792	3.042182	2.423246	4.579441	4.345491	2.720986	4.080121	4.33169	3.551084	2.167317	3.211388	3.581495	3.262451	3.81591	1.079181	2.848805	2.056905	3.267172	3.354685	1.892095	2.958564	1.838849	2.471292	1.724276
c.23.1	3.320562	2.762679	3.964778	3.206556	2.049218	3.662191	3.027757	2.432969	4.583754	4.330251	2.658011	4.078529	4.33264	3.531862	2.209515	3.145507	3.546419	3.271842	3.799341	1.079181	2.824776	1.995635	3.273001	3.307282	1.792392	2.950851	1.69897	2.478566	1.724276
c.23.1	3.331427	2.805501	3.952453	3.192567	1.939519	3.66436	3.047664	2.503791	4.551877	4.295193	2.683947	4.057057	4.31618	3.512151	2.187521	3.008174	3.515211	3.251881	3.784332	0.90309	2.71433	1.959041	3.294466	3.300161	1.716003	2.984077	1.462398	2.556303	1.812913
c.23.1	3.338656	2.763428	3.992554	3.259116	2.09691	3.683947	3.048053	2.424882	4.614085	4.378888	2.770115	4.10534	4.364345	3.588832	2.352183	3.21272	3.598134	3.294025	3.836071	0.60206	2.861534	2.10721	3.289589	3.352183	1.80618	2.96895	1.832509	2.469822	1.724276
c.23.1	3.245513	2.725095	3.83353	3.062206	1.863323	3.539829	2.944483	2.394452	4.391817	4.135832	2.510545	3.869466	4.165244	3.351216	2.025306	2.885926	3.353916	3.065953	3.655138	0.60206	2.564666	1.732394	3.143015	3.171726	1.556303	2.829304	1.643453	2.424882	1.716003
c.23.1	3.158061	2.572872	3.746712	3.006038	1.732394	3.450711	2.782473	2.149219	4.306768	4.076058	2.515874	3.845594	4.064944	3.297761	1.924279	2.750508	3.30298	3.019532	3.524266	0.30103	2.475671	1.591065	3.007748	3.038223	1.322219	2.62941	1.431364	2.136721	1.342423
c.23.1	3.158061	2.568202	3.747489	3.019947	1.826075	3.439175	2.805501	2.143015	4.312135	4.084969	2.515874	3.826075	4.049412	3.29292	1.944483	2.863323	3.306211	2.983175	3.532754	0	2.544068	1.770852	2.970812	3.064083	1.477121	2.686636	1.653213	2.130334	1.39794
c.23.1	3.338058	2.800029	3.963079	3.177248	1.913814	3.706035	3.075547	2.4843	4.566508	4.274527	2.52763	4.115344	4.345864	3.509068	2.11059	2.950365	3.583539	3.367356	3.843918	0.60206	2.720159	1.944483	3.362105	3.396722	1.60206	3.034628	1.78533	2.535294	1.748188
c.23.1	3.241297	2.673021	3.862966	3.102777	1.869232	3.546789	2.909021	2.320146	4.44509	4.217063	2.576341	3.926034	4.206178	3.394802	2.056905	2.978181	3.394802	3.101059	3.657438	0.845098	2.618048	1.819544	3.138618	3.158061	1.462398	2.83187	1.431364	2.33646	1.591065
c.23.1	3.298635	2.738781	3.922725	3.184407	2.029384	3.623042	2.985426	2.41162	4.516125	4.274643	2.662758	4.008898	4.273094	3.495406	2.1959	3.102777	3.49038	3.211654	3.726809	0.90309	2.755875	1.913814	3.245019	3.25042	1.812913	2.897077	1.568202	2.459392	1.724276
c.23.1	3.374748	2.791691	4.027186	3.291591	2.10721	3.722716	3.073718	2.440909	4.656845	4.409358	2.770852	4.161458	4.392345	3.619093	2.332438	3.200303	3.638489	3.344196	3.865755	0.90309	2.879669	2.075547	3.323871	3.386499	1.80618	2.980003	1.851258	2.482874	1.716003
c.23.16	3.65244	3.019947	4.332438	3.623663	2.41162	4.003073	3.318689	2.617	4.995578	4.774772	3.269513	4.502591	4.694693	3.982	2.666518	3.521661	3.953663	3.646502	4.154941	1.30103	3.154424	2.371068	3.585461	3.659631	2.190332	3.225309	2.146128	2.640481	1.792392
c.23.16	3.646011	3.019116	4.325002	3.624385	2.419956	3.996687	3.317646	2.636488	4.983622	4.771705	3.278754	4.478177	4.682019	3.975983	2.698101	3.560385	3.93591	3.628185	4.142389	1.278754	3.183555	2.383815	3.587599	3.649432	2.152288	3.235528	2.146128	2.677607	1.812913
c.23.16	3.549371	2.92737	4.236537	3.531734	2.380211	3.910464	3.240549	2.550228	4.893168	4.688722	3.236285	4.385713	4.615666	3.890365	2.553883	3.511349	3.872797	3.543199	4.073278	1.322219	3.156852	2.31597	3.507991	3.589838	2.139879	3.1529	2.161368	2.575188	1.770852
c.23.16	3.566673	2.940018	4.2223	3.481012	2.30103	3.896636	3.220892	2.489958	4.862215	4.606457	2.997823	4.368975	4.559583	3.800854	2.463893	3.363988	3.8074	3.525304	4.033384	1	3.025715	2.257679	3.434729	3.534153	2.10721	3.074816	2.155336	2.482874	1.579784
c.23.16	3.500648	2.867467	4.148387	3.444513	2.255273	3.811843	3.118926	2.456366	4.771771	4.564216	3.03583	4.254717	4.482731	3.754042	2.399674	3.364176	3.71054	3.383995	3.91803	0.954243	2.988113	2.103804	3.377488	3.397766	1.991226	2.998695	1.880814	2.454845	1.690196
c.23.16	3.554489	2.928908	4.218982	3.507316	2.262451	3.905904	3.197556	2.544068	4.863686	4.641474	3.062206	4.389591	4.582427	3.861355	2.50515	3.357363	3.832317	3.566555	4.025019	1.176091	3.020775	2.176091	3.512818	3.518251	2.017033	3.110253	1.875061	2.563481	1.755875
c.23.16	3.627775	2.990783	4.286838	3.611405	2.382017	3.954243	3.256477	2.584331	4.931676	4.730443	3.311118	4.42682	4.617902	3.964401	2.633468	3.487563	3.88298	3.583539	4.06292	1.20412	3.127753	2.296665	3.521269	3.560982	2.093422	3.126781	2.082785	2.586587	1.792392
c.23.16	3.569608	2.92737	4.230398	3.529045	2.318063	3.897627	3.208173	2.513218	4.871234	4.655004	3.125806	4.372396	4.565848	3.860398	2.556303	3.412964	3.824906	3.513484	4.025142	1.39794	3.041393	2.287802	3.465383	3.526598	2.025306	3.094471	1.995635	2.535294	1.69897
c.23.16	3.569374	2.926857	4.235907	3.555336	2.396199	3.898341	3.197556	2.509203	4.876299	4.687395	3.251151	4.370975	4.578845	3.913549	2.559907	3.527243	3.819017	3.513351	4.014563	1.447158	3.127753	2.178977	3.460146	3.50188	2.181844	3.071145	2.029384	2.517196	1.672098
c.23.16	3.540955	2.905796	4.197529	3.463594	2.271842	3.85382	3.170262	2.4843	4.831012	4.601702	3.009451	4.322116	4.525537	3.765743	2.547775	3.318481	3.75366	3.451326	3.969229	1.113943	2.987219	2.198657	3.388101	3.47509	2.064458	3.047664	1.875061	2.503791	1.662758
c.23.16	3.778585	3.155032	4.472303	3.74351	2.531479	4.139501	3.458184	2.778874	5.150409	4.91111	3.317436	4.638938	4.846924	4.095448	2.786041	3.669596	4.080843	3.784475	4.301811	1.278754	3.308564	2.546543	3.735998	3.799754	2.32838	3.367169	2.294466	2.814248	2
c.23.16	3.770778	3.134496	4.460387	3.731186	2.55145	4.13242	3.441066	2.739572	5.134365	4.889206	3.295567	4.638749	4.829336	4.075583	2.802774	3.665112	4.079507	3.788027	4.284408	1.380211	3.33646	2.52763	3.723127	3.792742	2.344392	3.348305	2.285557	2.758912	1.934498
c.23.16	3.658393	3.028571	4.333669	3.610447	2.462398	4.002814	3.307068	2.655138	4.991071	4.748103	3.194514	4.488804	4.6885	3.939869	2.656098	3.55461	3.925415	3.635986	4.137291	1.477121	3.209783	2.348305	3.611405	3.624798	2.25042	3.21643	2.060698	2.686636	1.880814
c.23.16	3.541454	2.935507	4.216984	3.493737	2.278754	3.910091	3.235781	2.570543	4.870357	4.633105	3.053463	4.382827	4.599239	3.856306	2.559907	3.382917	3.847943	3.571592	4.062206	0.60206	3.068186	2.303196	3.523096	3.569959	2.075547	3.161967	2.071882	2.593286	1.778151
c.23.16	3.556061	2.959041	4.222872	3.470263	2.292256	3.910624	3.248954	2.605305	4.865062	4.607948	2.957607	4.367803	4.592954	3.809829	2.535294	3.375664	3.82053	3.542825	4.065804	0.90309	3.070407	2.318063	3.532882	3.570193	2.071882	3.182129	2.060698	2.62941	1.851258
c.23.16	3.455606	2.824776	4.10799	3.406199	2.232996	3.783546	3.109241	2.399674	4.737193	4.519355	2.961421	4.240025	4.442323	3.744606	2.396199	3.311118	3.713323	3.40002	3.916033	0.954243	2.961421	2.217484	3.341039	3.429106	1.963788	2.974051	2.012837	2.40824	1.612784
c.23.16	3.528917	2.913284	4.174147	3.449015	2.214844	3.854852	3.172019	2.511883	4.800999	4.562769	2.972666	4.315949	4.512778	3.767156	2.4133	3.291147	3.75656	3.47509	3.967688	0.60206	2.94939	2.184691	3.432167	3.478133	1.897627	3.05423	1.986772	2.514548	1.70757
c.23.16	3.599009	2.960471	4.279279	3.560146	2.365488	3.952744	3.271842	2.541579	4.94387	4.7106	3.125156	4.452568	4.638479	3.898396	2.594393	3.485295	3.907895	3.608205	4.10006	1.230449	3.117934	2.350248	3.521792	3.621488	2.127105	3.17406	2.158362	2.579784	1.653213
c.23.16	3.68744	3.058805	4.371917	3.668106	2.434569	4.037466	3.340047	2.686636	5.034006	4.822796	3.310056	4.528274	4.741467	4.029059	2.684845	3.551816	3.964825	3.678518	4.186617	1.462398	3.193403	2.432969	3.651569	3.652826	2.187521	3.266232	2.123852	2.710117	1.90309
c.23.16	3.533518	2.925828	4.190948	3.473049	2.264818	3.88587	3.209247	2.545307	4.819919	4.601245	3.088136	4.352279	4.554368	3.843482	2.513218	3.33686	3.812847	3.524785	4.016197	1.20412	3.019116	2.209515	3.50147	3.537819	2.041393	3.128076	2.0086	2.563481	1.763428
c.23.16	3.678973	3.035029	4.361954	3.648067	2.502427	4.028327	3.343606	2.61066	5.02768	4.795519	3.220631	4.528055	4.717862	3.995416	2.678518	3.591287	3.978637	3.672929	4.186533	1.230449	3.265054	2.457882	3.577836	3.687529	2.324282	3.229682	2.318063	2.609594	1.763428
c.23.16	3.742254	3.106871	4.431605	3.730782	2.471292	4.110084	3.426186	2.710117	5.10161	4.884852	3.405346	4.620688	4.806655	4.098367	2.786751	3.595606	4.082606	3.776047	4.272329	1.342423	3.226858	2.567026	3.698449	3.788027	2.227887	3.345178	2.332438	2.748188	1.851258
c.23.16	3.672005	3.044148	4.363706	3.625929	2.472756	4.040088	3.361728	2.653213	5.03895	4.784767	3.207096	4.546802	4.742026	3.978865	2.683047	3.580126	3.997561	3.698796	4.209595	1.342423	3.256958	2.468347	3.631545	3.724112	2.311754	3.275081	2.25042	2.685742	1.838849
c.23.16	3.673482	3.03623	4.346353	3.647872	2.418301	4.020278	3.319522	2.634477	5.000404	4.781382	3.300813	4.50199	4.703936	4.003417	2.638489	3.541454	3.947434	3.661245	4.154515	1.39794	3.15351	2.264818	3.60874	3.646011	2.212188	3.221414	2.146128	2.647383	1.812913
c.23.16	3.626135	3.003891	4.300313	3.564666	2.399674	3.968156	3.281942	2.619093	4.955404	4.712304	3.13258	4.444232	4.656874	3.888797	2.636488	3.504471	3.87944	3.586812	4.100439	1.079181	3.174932	2.318063	3.559068	3.596817	2.123852	3.17667	2.149219	2.621176	1.851258
c.23.16	3.583426	2.936514	4.268976	3.551084	2.389166	3.931814	3.246252	2.514548	4.935079	4.709923	3.15412	4.43878	4.628889	3.885644	2.565848	3.509203	3.88919	3.57588	4.089057	1.230449	3.139564	2.369216	3.496099	3.593508	2.190332	3.128076	2.120574	2.550228	1.653213
c.23.16	3.480438	2.89098	4.128787	3.407561	2.25042	3.823996	3.16643	2.537819	4.756887	4.521935	2.96895	4.256116	4.479849	3.757927	2.44248	3.325721	3.720986	3.450095	3.959995	1.079181	3.011147	2.206826	3.441066	3.460597	2.060698	3.106531	1.90309	2.563481	1.778151
c.23.16	3.563718	2.943495	4.227321	3.489537	2.278754	3.91153	3.214049	2.537819	4.873193	4.628512	2.991226	4.388155	4.585754	3.834675	2.52763	3.367542	3.814514	3.560385	4.033424	0.954243	3.053463	2.152288	3.497621	3.536432	2.068186	3.101403	1.963788	2.545307	1.69897
c.23.16	3.582291	2.966611	4.25679	3.534914	2.348305	3.935104	3.257439	2.596597	4.907234	4.67819	3.139249	4.405807	4.62632	3.877832	2.576341	3.461948	3.866405	3.562174	4.084004	1.255273	3.117603	2.356026	3.554489	3.582972	2.060698	3.182985	2.130334	2.619093	1.80618
c.23.16	3.592399	2.955688	4.261001	3.528274	2.334454	3.929521	3.244772	2.536558	4.914602	4.672273	3.074451	4.415424	4.609125	3.84609	2.525045	3.441852	3.85467	3.562531	4.070186	1.322219	3.087426	2.269513	3.511482	3.582518	2.012837	3.141763	2.068186	2.570543	1.690196
c.23.16	3.547405	2.933487	4.207284	3.50515	2.340444	3.892317	3.210586	2.542825	4.837342	4.631647	3.114944	4.355605	4.565364	3.861475	2.537819	3.450557	3.82256	3.523486	4.009663	1.176091	3.103119	2.240549	3.479719	3.535547	2.161368	3.10551	2.075547	2.546543	1.740363
c.23.16	3.683317	3.052309	4.345295	3.654273	2.40654	4.025961	3.334856	2.653213	4.988893	4.776163	3.318898	4.503668	4.695954	4.013764	2.557507	3.516932	3.959614	3.672467	4.163758	1.146128	3.145196	2.403121	3.615529	3.652246	2.164353	3.237292	2.181844	2.678518	1.845098
c.23.16	3.674586	3.026942	4.346333	3.663701	2.528917	4.008813	3.316599	2.58995	4.997989	4.799967	3.347915	4.504987	4.689504	4.020113	2.654177	3.614053	3.960233	3.649627	4.138145	1.39794	3.256958	2.428135	3.549003	3.631241	2.357935	3.195069	2.262451	2.579784	1.748188
c.23.16	3.538322	2.905796	4.195069	3.480582	2.267172	3.878981	3.186108	2.503791	4.836489	4.601473	3.052309	4.353705	4.540705	3.812713	2.463893	3.366423	3.79796	3.520745	4.007534	0.90309	3	2.206826	3.474944	3.525822	2.029384	3.083861	1.954243	2.546543	1.681241
c.23.5	3.539327	2.925828	4.210987	3.5027	2.32838	3.896581	3.210051	2.547775	4.858609	4.640581	3.115943	4.369661	4.578181	3.868586	2.50515	3.437592	3.825491	3.543074	4.031651	1.361728	3.09482	2.178977	3.499824	3.542327	2.155336	3.102434	2.033424	2.577492	1.755875
c.23.5	3.490801	2.900367	4.149158	3.40807	2.170262	3.837652	3.180126	2.547775	4.78291	4.540467	2.907411	4.272932	4.512351	3.739335	2.389166	3.305351	3.737272	3.457125	3.982678	1.041393	2.921166	2.152288	3.45515	3.498035	1.869232	3.106191	1.851258	2.580925	1.799341
c.23.5	3.441381	2.849419	4.094436	3.351023	2.198657	3.778585	3.129045	2.495544	4.724857	4.477642	2.893207	4.213491	4.451525	3.680879	2.365488	3.297761	3.673113	3.378398	3.922829	1.041393	2.928396	2.11059	3.387212	3.430075	2.017033	3.061075	1.832509	2.537819	1.748188
c.23.5	3.525563	2.898725	4.198492	3.50147	2.348305	3.879784	3.186391	2.501059	4.8474	4.635011	3.115278	4.367188	4.561995	3.862608	2.457882	3.4682	3.824386	3.533518	4.012289	1.322219	3.097257	2.238046	3.460296	3.519171	2.1959	3.063709	2.060698	2.515874	1.70757
c.23.5	3.676602	3.09691	4.320437	3.57588	2.414973	4.018784	3.360972	2.738781	4.943089	4.690869	3.077368	4.449694	4.68029	3.908056	2.549003	3.473633	3.901186	3.640581	4.151921	1.278754	3.162564	2.354108	3.628593	3.657725	2.267172	3.288026	2.158362	2.747412	1.973128
c.23.5	3.462548	2.881955	4.129915	3.374198	2.09691	3.827821	3.168203	2.545307	4.770005	4.52136	2.892651	4.279963	4.513138	3.719828	2.448706	3.214844	3.741703	3.468347	3.985157	0.845098	2.886491	2.155336	3.458184	3.504878	1.869232	3.084934	1.832509	2.597695	1.838849
c.23.5	3.416807	2.824776	4.067517	3.326541	2.082785	3.756788	3.091667	2.460898	4.693815	4.449	2.838219	4.193931	4.424539	3.660865	2.356026	3.198107	3.646502	3.374932	3.893429	0.477121	2.842609	2.049218	3.364739	3.394101	1.892095	3.002598	1.653213	2.502427	1.69897
c.23.5	3.470704	2.851258	4.122773	3.424555	2.264818	3.804548	3.10551	2.460898	4.745356	4.541966	3.0103	4.257006	4.472947	3.766785	2.365488	3.365488	3.71307	3.427973	3.908324	1.146128	3.001301	2.10721	3.392873	3.392697	2.089905	3.007748	1.919078	2.431364	1.672098
c.23.5	3.511215	2.91169	4.169322	3.427973	2.225309	3.857393	3.185825	2.553883	4.804214	4.558613	2.954243	4.302093	4.530264	3.759063	2.431364	3.351989	3.753736	3.480294	3.989227	1	2.979548	2.127105	3.484727	3.502017	2.004321	3.111934	1.875061	2.577492	1.799341
c.23.5	3.473341	2.896526	4.115111	3.368473	2.161368	3.816904	3.156246	2.540329	4.735966	4.4815	2.885361	4.237418	4.474173	3.694517	2.346353	3.244277	3.704665	3.442166	3.945715	0.845098	2.900367	2.103804	3.434888	3.448706	1.908485	3.071882	1.908485	2.553883	1.792392
c.23.5	3.533899	2.91169	4.211894	3.517064	2.313867	3.90271	3.204391	2.531479	4.865436	4.656299	3.15412	4.400711	4.588148	3.898341	2.49276	3.432809	3.850891	3.577032	4.03989	1.414973	3.085647	2.232996	3.499687	3.551572	2.149219	3.121231	1.959041	2.555094	1.724276
c.23.5	3.628593	3.043755	4.252173	3.524656	2.359835	3.9347	3.272538	2.671173	4.855119	4.62328	3.088136	4.3372	4.577273	3.840232	2.450249	3.401917	3.781253	3.514149	4.044148	1.414973	3.062206	2.247973	3.531862	3.521792	2.164353	3.162863	2.075547	2.658011	1.929419
c.23.5	3.419129	2.837588	4.056752	3.305351	2.136721	3.745465	3.08849	2.477121	4.664858	4.419939	2.781037	4.153601	4.408002	3.610979	2.274158	3.198382	3.610873	3.343409	3.869701	0.845098	2.885926	2.012837	3.342028	3.354685	1.892095	2.998259	1.778151	2.491362	1.740363
c.23.5	3.357172	2.781755	3.995986	3.249443	2.08636	3.686547	3.031408	2.424882	4.604885	4.365656	2.730782	4.100612	4.343192	3.560982	2.25042	3.193681	3.565494	3.283527	3.808886	0.477121	2.836324	1.977724	3.29048	3.311966	1.799341	2.938019	1.732394	2.439333	1.690196
c.23.5	3.498999	2.910624	4.144948	3.404492	2.167317	3.855337	3.196176	2.556303	4.76458	4.512551	2.905796	4.297213	4.506356	3.7502	2.378398	3.247237	3.769156	3.498173	3.997299	0.845098	2.933487	2.181844	3.496653	3.521138	1.845098	3.122544	1.977724	2.595496	1.799341
c.23.5	3.632761	3.04883	4.290613	3.530328	2.294466	3.997168	3.322633	2.710117	4.926702	4.659279	3.003891	4.452813	4.668628	3.883207	2.52763	3.371253	3.891983	3.647774	4.135005	1.041393	3.093071	2.209515	3.643453	3.646698	2.079181	3.26811	2	2.742725	1.977724
c.23.5	3.520221	2.928908	4.176728	3.419625	2.235528	3.86735	3.192846	2.565848	4.804739	4.552729	2.926857	4.318481	4.545765	3.755646	2.495544	3.318063	3.761251	3.491222	4.00026	1.20412	3.019947	2.093422	3.489396	3.50853	1.982271	3.103462	1.897627	2.586587	1.792392
c.23.5	3.528917	2.959995	4.176757	3.429752	2.240549	3.863858	3.221414	2.633468	4.796338	4.55341	2.94939	4.283369	4.539753	3.752125	2.418301	3.340246	3.740126	3.4524	4.009408	1.079181	2.982271	2.193125	3.502837	3.502973	1.982271	3.157759	1.908485	2.68842	1.908485
c.23.5	3.495683	2.898725	4.158332	3.432167	2.206826	3.848866	3.184407	2.547775	4.792896	4.566072	3.003029	4.303261	4.528981	3.776629	2.40824	3.319522	3.770189	3.483016	4.000651	0.954243	2.971276	2.193125	3.475235	3.500511	1.954243	3.124178	1.94939	2.587711	1.792392
c.23.5	3.422918	2.839478	4.074011	3.335458	2.155336	3.759668	3.113275	2.498311	4.699178	4.454586	2.891537	4.189041	4.430978	3.666518	2.352183	3.245513	3.653405	3.357554	3.903253	1	2.891537	2.155336	3.374565	3.398461	1.924279	3.049606	1.869232	2.540329	1.78533
c.23.5	3.41044	2.841359	4.049373	3.286232	2.021189	3.757016	3.111263	2.507856	4.654821	4.393856	2.783904	4.170496	4.417389	3.606381	2.318063	3.075182	3.642267	3.365488	3.892373	0.69897	2.808886	2.012837	3.39794	3.424718	1.724276	3.051924	1.755875	2.562293	1.78533
c.23.5	3.577377	2.992554	4.241422	3.51746	2.276462	3.932879	3.276462	2.646404	4.886152	4.655561	3.115611	4.382701	4.614581	3.873785	2.4843	3.392697	3.85558	3.576226	4.083288	1.146128	3.024896	2.285557	3.555578	3.591843	2.021189	3.191171	2.071882	2.680336	1.924279
c.23.5	3.376942	2.798651	4.01174	3.248464	2.082785	3.692847	3.051538	2.444045	4.614074	4.361747	2.675778	4.090505	4.355834	3.539452	2.278754	3.153205	3.548758	3.265525	3.833402	0.60206	2.823474	2.09691	3.296226	3.324899	1.892095	2.968483	1.662758	2.463893	1.724276
c.23.5	3.526339	2.910091	4.187549	3.498724	2.271842	3.877199	3.187521	2.518514	4.820622	4.622494	3.121888	4.34504	4.543087	3.870638	2.514548	3.378216	3.814314	3.532117	4.004837	1.255273	3.035029	2.25042	3.464191	3.507991	2.037426	3.079904	2.041393	2.503791	1.732394
c.23.5	3.525045	2.92993	4.199536	3.478133	2.230449	3.903144	3.2403	2.587711	4.854755	4.61535	3.047664	4.383366	4.585867	3.852907	2.451786	3.360593	3.858838	3.579097	4.068779	1.20412	2.994757	2.290035	3.535674	3.600101	2.045323	3.173478	2.004321	2.665581	1.838849
c.23.5	3.560982	2.956168	4.233174	3.500236	2.361728	3.919862	3.259116	2.585461	4.88454	4.640948	3.037825	4.395833	4.606886	3.857815	2.462398	3.451172	3.854245	3.565257	4.079868	1.041393	3.116276	2.292256	3.523616	3.58467	2.190332	3.184407	2.184691	2.623249	1.832509
c.23.5	3.541704	2.900913	4.220187	3.535547	2.369216	3.883093	3.199481	2.494155	4.875397	4.67737	3.194514	4.363424	4.571522	3.888516	2.575188	3.509203	3.836641	3.515741	4.032699	1.462398	3.098644	2.31597	3.453624	3.521792	2.143015	3.090258	2.11059	2.517196	1.672098
c.23.5	3.417472	2.820201	4.081743	3.360404	2.198657	3.776629	3.113275	2.451786	4.720655	4.489466	2.944976	4.2403	4.45518	3.721728	2.332438	3.297104	3.71054	3.422261	3.929163	1.079181	2.948902	2.113943	3.375298	3.454235	1.986772	3.0187	1.963788	2.485721	1.690196
c.23.5	3.666705	3.046495	4.355452	3.624591	2.418301	4.03862	3.341237	2.674861	5.026496	4.781353	3.160769	4.545183	4.734984	3.993568	2.667453	3.529302	3.978135	3.704665	4.195512	1.342423	3.220892	2.350248	3.665581	3.695219	2.206826	3.26998	2.071882	2.699838	1.913814
c.23.5	3.615634	3.019947	4.263778	3.543696	2.363612	3.963552	3.296665	2.655138	4.886355	4.654398	3.115611	4.40751	4.625271	3.898341	2.471292	3.442009	3.863799	3.605413	4.096979	1.30103	3.09691	2.338456	3.575534	3.604874	2.178977	3.223755	2.113943	2.672098	1.892095
c.23.5	3.514548	2.940018	4.1557	3.395676	2.220108	3.842983	3.19173	2.607455	4.770557	4.517222	2.872156	4.252853	4.510773	3.693199	2.437751	3.301464	3.700011	3.421604	3.969369	0.954243	2.971276	2.08636	3.485579	3.469969	1.919078	3.119915	1.812913	2.645422	1.897627
c.23.5	3.418467	2.814913	4.079254	3.362294	2.176091	3.775683	3.098644	2.454845	4.711647	4.485082	2.971276	4.232767	4.448814	3.714749	2.385606	3.282396	3.711807	3.421275	3.914713	0.778151	2.943495	2.056905	3.3934	3.435367	1.982271	3.020361	1.863323	2.469822	1.740363
