c.55.1	-1.04960350864977	-0.179698659989627	-0.525782505798129	-0.969087849043939	-0.255930915799654	0.686575921086554	1.12914913003112	0.502870283246512	-1.18381042138824	-1.17476181536119	-0.477108884997073	-1.51847149137855	-1.68703702016223	0.154306123776249
c.55.1	0.000369021584951404	0.477285562458705	-1.02308315074531	-1.95445834929567	-0.474160382898036	0.887243230291447	-0.548647632478144	0.179863657021493	0.366097772485477	-1.42629245390592	-0.179004828186132	-0.160776202044776	0.0111286793857635	0.884860335245749
c.55.1	0.224966337960731	-0.404902161729068	0.759819648218444	-0.452913669430354	-1.77962822729583	0.262985196563052	-0.0960058048175244	1.48077560980903	1.23016148006734	0.581690748294718	-0.101937352857062	-0.191474869830363	-1.37699695090132	0.43342315152663
c.55.1	-0.875233774380985	-0.760804487862579	0.108391873036204	0.751138203978996	-1.69640291307202	0.799802926809743	-0.882223928649497	0.0619856601217967	-1.38107808872443	-0.517948577249685	-0.0852594265368621	0.893580732880218	1.16653915477082	0.0718525059550755
c.55.1	-1.03248212965917	0.265867714697938	-0.828290851587925	-1.0187782921366	0.79315564519885	0.293984380163206	0.362886428395521	-1.13227309795462	-1.74696687050073	0.986236194810596	0.708974057371193	1.22965034527539	-0.404570516929535	0.236964942584119
c.55.1	-1.67693789065014	-1.05634618045338	1.17058975034248	-1.42042155036831	-0.814206160814685	-1.062547430261	-0.684744887212956	0.711348981832848	-0.874089446223549	0.691894543250367	-0.886468991543306	-1.11089384035739	0.00701161585146554	0.915024775835362
c.55.1	-2.2175705532377	0.298010559147072	-0.977605703811965	-2.1872532908265	-0.797411517383748	-0.575106924703837	-0.637462743197606	-0.306407951177905	-1.60732295774362	-0.243129067989386	0.337180189300689	-0.386807900146383	-0.0800016610607254	0.516227352732465
c.55.1	0.486576020479608	-0.138412969110789	-1.18954587057225	-1.22235041412048	-0.359219575501849	1.55069774428933	0.576264814445489	0.154162631412411	-0.783600459264834	-0.285161425703913	0.367669171746853	0.161030733765473	-0.657977135831926	0.400915518385909
c.55.1	-0.273152432616058	-0.534452203129538	-1.14741725838043	-2.20150428392522	-2.37222175668149	0.391784348920264	0.142358963548152	-0.785678598853865	-1.08251797248221	-0.5085962762446	-0.598680267863998	-0.118872007494272	-0.567583484925168	-1.15575849754052
c.55.1	-0.467949302796824	-1.44189607339059	-1.54806751969194	-1.69382730274748	-0.39060968706796	1.61487272809346	-0.270700608073065	0.92154950241873	-0.0855255649081625	-0.948217159956846	0.428324298098701	-0.130288945070194	-1.43255990657053	0.343447654035084
c.55.1	-0.969834594083228	-0.131394771646631	0.909617262870906	-1.56068018027469	0.674882963565273	-1.11231763722517	-0.761831367127552	-0.422970670911883	-1.5319665987036	0.393351034961534	0.996333191946904	0.061639912170096	-0.388544536820993	-0.389599869520303
c.55.1	-0.710168519580667	-1.13032287454864	2.00365945526144	-0.530836624821056	-0.522817484883761	-1.44222694711066	-1.10162796054969	1.00306625039896	-1.73482885831187	0.0953344656716816	-1.23002374376354	0.989523339334377	-0.585803062626993	-0.46731855063307
c.55.1	-1.95560069935964	-0.518738242967212	1.10110492495088	-1.04343335078093	0.498155253169731	0.643517950902321	1.25001988696015	0.338275862196488	-0.210639749513292	1.24488743147624	-0.920885020774652	-0.337321795938995	0.5376181558526	0.815302688311833
c.55.1	-1.76952651214624	1.7546760289858	-0.34345029670978	0.0360894524704659	1.91735873193391	1.73036241917934	0.355699818115472	-0.00813826122866314	-1.54967287551701	-0.515635454066951	1.20383511311736	-0.893263485924827	0.387962783168987	-1.1861858129282
c.55.1	-0.961208654176457	-0.120036559207105	-0.781384353130979	-1.76326659051275	-1.6463854302559	-0.739782605134041	-0.0601802534235686	0.00915746616745123	1.07726804370129	-0.600140130630481	0.284972068082729	-0.235431541525423	0.530532926237987	-0.416623032785843
c.55.1	-1.0714250169208	-0.544328095521714	1.17092897749562	-1.15227223403688	0.375246865235991	1.18468148521496	1.35364067778556	0.957475193236678	-1.56880494826019	0.237875442801641	0.399171283446484	1.12389416815418	-0.359776494025701	-0.0546402897250196
c.55.1	-1.30479494664908	-2.15255904946193	0.0132244147066358	-1.22703988360377	0.0683360906000985	1.47765764532354	-0.614871067749142	1.01937980426543	-0.118334016246508	0.645309269615963	0.831350728797504	-0.118069530914022	0.144832347314235	1.16254856488303
c.55.1	-1.76318707504707	-0.303636376953205	0.325845182362188	0.536892562313203	-0.951183352123075	-1.63389308535639	0.877010658084719	0.401723774317684	-2.10139881956177	0.466730500409526	-1.34430497196659	-0.611001969137393	-0.0379140338068359	-1.54994597978797
c.55.1	-1.29034178738246	0.435457047756546	-0.858091431442363	-0.674097339383087	0.356323140827517	-1.13847331799831	-0.434743520557637	1.84217870045391	-0.160842481363517	-0.341736142244217	-0.0799588378369153	1.16522133388627	0.166517594862667	0.374123148384263
c.55.1	-0.389333447354362	-1.0401308739306	1.847681795705	-2.31679458593674	-0.109120349072925	-0.33187118525485	0.771287554397543	1.50885727422519	-0.91490890198541	1.64820459950371	0.370175326685932	0.675841719338124	0.270665276569592	-0.541092124271025
c.55.1	0.0989027319280604	-1.02284015340862	2.67943621825676	-0.857592353765891	1.07348228109389	2.49653678350412	0.946140174759026	1.01191145437992	-1.57306619989907	-0.0311399465877623	0.289339011153903	-0.174063994516947	0.505881225492424	-0.861155054239209
c.55.1	-1.23981529984571	0.166112903790738	-1.34388070344366	-0.626590557498637	0.0312715390670424	0.317130452153714	-0.151056696024436	0.259127987186405	-0.19228956943703	-0.746814342178507	-2.11436252064154	0.143531227008796	1.72018495290558	-0.0336070639747038
c.55.1	0.0336183120906707	0.713846270376574	0.312031934102915	-0.53623372229899	-1.13666355917748	-1.0717024442768	0.739250632601117	0.778414622579651	0.497701364219232	-1.71309566002038	-1.40097300739721	-0.14167789914358	0.536534851357697	-0.648126046652636
c.55.1	0.166285430197989	0.424861341356221	-0.481743359400471	-0.657136537784806	0.920405503070701	0.839829888932095	0.956639893118122	-0.349848673976153	0.792834122539014	-0.57386492565941	-0.459968144077965	0.143210186988917	0.135686346094377	-1.11164322129899
c.55.1	2.18616139022131	-2.22949019309886	1.11741591637156	-2.62981346530752	-1.56283875869934	1.25845867616924	-2.07722754270215	2.40360043169559	0.697959447824181	0.268021671620196	0.93040746884497	-0.202964030265821	0.406231080641136	-1.24245335559313
c.55.1	1.17624978896928	-1.20880229122627	0.360886393743683	-0.348239601387496	1.95586263160045	0.886760274563089	0.277750908909761	0.235763972279031	0.691742061906077	1.34002874999545	-0.131001749398771	-0.633299965388001	-0.547063162570677	-0.0928837737542432
c.55.1	2.55430578531462	-0.156306126381324	2.65815734663367	-0.0352413843139598	-2.27010500415639	0.498291985061469	-1.0531398801766	-0.407016474955936	1.75685468663312	-1.83351972839191	0.475273161011158	-0.714609302817357	1.27683376748665	-0.604135310942972
c.55.1	1.37359901621062	-3.8642849906201	-0.265521963922747	0.320557337790351	-2.10967807640948	-0.0804567214375725	1.04232197733759	1.26061322696905	-1.37320272163855	-0.0628746849124553	0.308604805528417	0.600799610646399	-0.5508342767059	-0.277889233044552
c.55.1	-0.472374897140398	0.135000796316854	0.898372350719679	-0.657182137751653	-0.780065550220655	-1.63412986335776	-0.560279231747411	1.57674932619125	-0.541545054430202	0.224208044800514	1.17365982325487	0.0305846974075149	-0.782984058779514	-0.165867618431049
c.55.1	-1.7327851575689	-1.33045768141287	-0.0824946501532106	1.78928206120827	-1.1316496626219	0.169055536092375	-0.933079399866971	0.305804933783546	-0.523011504133076	0.863337535572946	0.848056727446845	-0.465474399486411	1.05851584419436	0.277241508671139
c.55.1	-0.757127963163825	-0.239235772460939	-0.715540171213656	0.0124713956180722	1.4790489623121	1.30334228540544	0.803276452841837	-0.773065766796886	-0.296470732396369	1.3812491471405	-0.47800955409219	-1.00667405591838	1.14199336736685	0.0102148508362014
c.55.1	0.793409737857847	0.911270410746081	0.92992179379656	-0.176331150147385	0.824249386810854	1.20403583648943	0.626705093181903	0.140064956020928	0.865834711226431	0.608791868815798	-0.401794564212612	0.343281485006379	0.395525242280121	0.972787090575214
c.55.1	0.515742812496044	-0.287284032579603	-1.38540921012232	-0.556665309781356	0.61772684783468	0.712095941607144	0.694836322268002	-0.652295827850521	1.32860683184025	1.154098654702	-0.890767104272257	0.637505685126371	0.237306522075933	0.937581014567918
c.55.1	-1.13853641742562	0.809400206593704	1.64926030190747	-1.01357650356729	0.98061508251335	1.2579409862456	1.49707780125972	-0.457445364608944	0.349086354596626	-1.08486197047294	-1.97887035664635	-0.479702890673537	0.305612401260877	-0.619946619634267
c.55.1	-0.345291954400287	0.74894818950428	3.15022803529736	-0.864509964311937	1.79147148131523	2.68052637385281	-0.371575568794702	0.178695793079768	0.089147154647523	-0.837914910901323	-0.308343345625446	1.479444596493	0.208483888163752	-1.53096279438454
c.55.1	1.09777316194957	-1.37165365449632	-1.15852323263195	-1.12977856035364	-0.49071602070405	0.981934213702782	0.278248038602753	-0.219426440065669	0.317863928892205	0.40896697006565	0.367556462079599	-0.705311001560688	0.0359359744665174	-1.52529841287813
c.55.1	1.61198791050585	-0.255051435915224	0.234364684348521	-0.911416835245544	-0.319811735101134	2.36475680719088	0.882516163606783	0.640175800027349	1.03088040680447	0.649930618915636	0.0401528248420978	-0.0715390871290477	-0.645604164369677	-1.48675456035301
c.55.1	-0.580685692060808	0.557114415689547	-0.588165597313483	-2.00086423689081	-2.03443087867057	0.794789594445237	-0.358107430143657	-0.129688741598445	-0.404660712950716	-0.795953837873939	1.09005825428895	-0.868880380584357	0.110389366061637	-1.29195108383103
c.55.1	0.921839442180744	-0.516665778958568	-1.6311504838192	-1.78789108668969	-0.0272727722742465	3.24436847693414	-0.199893710059966	1.28223047660943	-0.0304112944739601	-1.9820726929232	0.170985644880011	-0.50100186074605	-0.708601389512711	0.594554527117991
c.55.1	2.32328116376237	-1.78618229997506	1.89892853193821	-0.708192496701378	1.30535240742167	-1.38853607055021	0.450279595235658	0.290615761911169	-0.410369425201752	1.71293299351341	-0.694726972249921	0.0347694795296779	1.3758834832893	1.01565376929865
c.55.1	1.1779051986867	-0.562684737294609	-0.0422011454505864	-0.459568441975399	1.24139472964174	0.297189029516358	1.4832163946432	-1.22568022216803	0.552746846955687	1.02700750595487	0.287291456756512	0.0257530045752315	1.27394624205819	-0.508471758444843
c.55.1	-1.35789643488945	-1.73962346327241	0.661233620140946	-1.07949129587352	-1.16603824529153	-1.19589802290991	1.85107983450573	1.16505768598119	-0.9141702436032	0.0297469577337284	-1.50488373862754	0.347332777091666	0.252126594651543	-0.868329969740373
c.55.1	-0.0151427687948276	-1.4626521516476	-1.74941349648595	0.791915844173098	1.23359365648185	-1.61096716615598	-0.833356132962025	1.3117480826833	2.44998214933484	-1.0754570647147	0.778793942983789	1.38307487504911	1.76518705185432	-0.146958213790598
c.55.1	-0.953720341399813	0.11816527960295	-0.794900525326211	-1.04507857352502	0.797389231789251	0.180953168656134	0.287153817627215	-1.04283986675781	-1.66659126503439	1.17571582904362	0.677506414416983	1.31312130715583	-0.471304085337148	0.427490252759904
c.55.1	-1.76892022315038	-1.08824484400415	1.25431765802756	-1.37539358845315	-0.902693955506247	-1.02555734613868	-0.647219859604589	0.684186177261171	-0.993965361488307	0.662008469756356	-0.978184854889924	-1.045084102635	-0.0962218576557543	0.918488837632928
c.55.1	0.107400127981283	-2.57142927741471	-1.53341006885947	-0.192958924105742	1.78856331939099	-0.162885204745374	-1.37963500163387	-0.00544619115764349	1.69253605456637	-0.989019080259533	0.089990360351026	0.992976935848108	0.314371226811547	-0.135147750904704
c.55.1	0.251527827772505	-0.876826045155079	-0.403424211373489	0.669306795392014	-0.172444620646281	-1.19833167489503	0.519887937715245	-1.3458662062819	0.71151190723788	0.41797003093986	0.849412908100228	-0.281525789367675	-0.465092890320387	-1.70862583153383
c.55.1	0.126692612147456	-3.37917203574279	-2.72290798785608	0.871441145836194	2.13285269355422	0.0843165490823081	-0.90258850198512	-0.863954878659729	0.314983640244569	0.274136420635055	0.713941471028605	-0.264923128378503	0.653354676711309	0.477047024701603
c.55.1	0.743212640486063	0.246365217750024	-1.19614536472969	1.38144780084205	0.707110668221287	0.43847940547692	0.27625654957537	-2.64174084592653	-0.364511359768216	-0.376479604759708	0.734745135713621	1.21413082803408	1.68458392877241	-1.77935977135649
c.55.1	0.145559277103814	-0.618391457850541	-3.07557868179678	0.404577251769773	2.1579520011546	0.235633149853743	1.68876447419926	-0.0986422965646508	1.25274778746117	0.613283759057737	-0.0789981632061427	-1.13380706750508	0.813166194808315	0.0961516202055087
c.55.1	1.14707404490745	-1.81478305528925	-1.56493025275357	0.203023479570937	1.32767513520007	-0.600450704725799	0.398608983814444	0.913966207457827	-0.988050197618466	-1.44698541454747	-0.184538499563919	1.5016247770946	-0.481130099656418	1.84076708707191
c.55.1	4.87098609903854	-1.46406091269061	-0.750695572067728	1.81369774730845	0.707594502867224	-2.25002968159164	-1.42437898823804	0.439075838111179	-0.162181089322839	0.715912510989656	0.298475844896514	0.392176045098138	0.537776655728744	0.644897029283152
c.55.1	3.43747671493274	-3.95905159589565	-0.998418530932225	1.87032561211411	0.636441599707701	-0.353717580092049	1.08402767514904	1.23753819848264	0.304078465534523	1.07457407153055	0.658740901237407	0.750826508946204	0.48914042434179	0.683080295686676
c.55.1	-0.98290535583961	-0.970426709044539	-2.09960001551172	1.44854566831915	2.23618384917671	-0.814368136214585	0.661531141121533	0.842457913429693	1.50432014540561	0.0730687212063442	-1.17472264460355	0.0812641075312828	-0.0699849811007408	-1.20209542576806
c.55.1	0.625948639007167	-0.678046957346172	1.28234621510118	-1.58439636045201	2.55115971718728	-0.537695359355959	1.01881133604069	-0.551574090629418	-0.864814294329696	-0.558408019417872	-0.393267575888601	-0.868252986392506	0.737405407357506	0.435952032209478
c.55.1	2.63520511420536	-2.49481791661314	-0.485320657536636	1.82449418194708	0.291689210897888	-2.32197483518779	-0.47622790017201	-0.827341765345488	-1.81502635723876	1.31132192847861	0.675824199983342	0.836054626394853	-1.00887561275003	-1.19903078233
c.55.1	2.782256552763	-4.44746388183183	-1.30403641983258	-1.69487683386819	0.0868323884302567	-0.421675490571548	-0.29788047444598	-0.521656958150561	1.03429562477607	-0.737268056016734	-0.534587310163049	1.61659602849056	-0.442218605324281	0.999426044108997
c.55.1	1.31129792924167	0.562965898954774	-0.767280177714086	-1.50187931518146	0.0557381945100546	-1.750653072441	0.0863018648497916	0.496781483981629	-1.77460156017578	-0.940955952601643	0.569274631369722	-0.0310811344949996	0.675489409379847	1.76449036959713
c.55.1	2.33014975182715	-1.8697547346895	-2.20896646173722	-0.239581523723966	-0.969589830484902	-0.897221754741081	0.871773115346913	0.4161998789532	1.46617628658909	-0.313101610486933	-0.279459941546628	0.648317844098297	-0.266810931667493	-1.0425427312901
c.55.1	2.08724217709722	0.309072961145666	-0.328652515058422	-0.0220106277591804	1.67403516588915	0.591198295848422	-1.95922444644314	-1.61915045524937	-0.634197712685617	-1.93797320765064	0.395713823311544	-1.64480155566846	1.3259662434955	0.335597200847618
c.55.1	1.44864148067027	-0.588224020560403	0.367411717485516	-0.400471182058397	0.890087153588222	0.502425096694829	1.0715150168838	1.11892272438743	-1.40933156772511	-0.642710035668631	1.92114242885866	0.805101990973785	0.531567263520787	0.435947894208756
c.55.1	0.636873329175803	-1.01322482249629	-3.41716977614346	-0.287955121454043	-0.363675769090909	0.0514385656945782	0.523156949966583	0.294831452570543	1.43738592190047	0.457566775291249	0.345141368055899	0.141385922093436	1.01322351904382	0.581491600761953
c.55.1	1.06313279030529	-2.41570715696273	1.23313260794877	-1.28680360999245	0.293766727249419	0.749608290697064	-0.923932545285341	1.27129951195771	-0.753584793125618	0.623116292778781	1.46014063420422	-0.344614518460842	-0.307791727234014	-0.908055725396291
c.55.1	1.79632230060907	-0.161053497466014	-0.335005881480508	-0.769958191628015	0.841454606984662	0.324332161077116	0.267042516712123	-0.500793884284265	-0.858788560730085	1.28680282471374	-0.779091969201507	-0.225262606702738	0.799747946424437	-0.135846580422865
c.55.1	0.547942063038861	-2.17834410644079	-1.10463013686312	-0.360058111565276	-0.757789456192297	1.88364918626484	0.105717201270841	-0.931554670513354	0.230801678052063	1.17644799874832	1.88004875369274	0.260265368053389	0.840861658947865	-0.170867420180328
c.55.1	-0.162299467783401	-0.226102702021763	-2.6103436738715	-0.166008915943636	0.479041294253467	-0.209318889025035	0.465464871417658	-1.10161053596307	0.174430223186432	0.971041774951174	0.563834737461547	-0.562154405802776	1.07194433482028	0.603100194708977
c.55.1	-0.375401401876287	0.227748276666088	-1.22826334678782	-1.41148349345516	0.791816094678357	0.234185205225761	0.282178326449648	-1.37535677415515	-1.8913415725308	0.694888354823263	0.449327857643218	0.861414040362414	-0.932802096776643	0.313501520187367
c.55.1	-1.87892478493656	-1.2017075560966	0.939744751439574	-0.638267302190257	-0.216842170643643	-1.80150997163007	-0.678721814025111	0.655256839452291	-0.484021086621242	0.700696154510145	-1.11470481533165	-0.333248838664041	-0.0180622967393776	0.702042168316382
c.55.1	-1.76605083647629	-2.35270154940339	-0.488604020006635	-0.448716132305737	-0.392239370183979	-0.66634170404177	-0.113109951438248	-0.254512513837816	0.91021227082849	1.06805312010082	0.0406510534553647	0.298900136321472	-0.782029735598585	-0.294359910876125
c.55.1	3.04254053440784	-1.4565475651294	-0.668929495204785	0.996438126261275	2.58436953083502	1.53528133093944	-1.81925980935232	-0.822512658382949	0.396440667862361	-0.623301279873254	1.3647421486577	-1.40901579121013	-0.608220677131968	0.438143553513254
c.55.1	3.8709155150381	-1.26282205960369	-1.45516476710326	-1.8340504288325	1.32419697705523	-0.168373951674879	-0.255692611944783	-0.215057929534567	-0.29107122326553	-2.35045035745962	-0.908626786191146	1.58031336887743	-1.46541864310928	0.673620037621335
c.55.1	-0.031587924898314	-1.45594110443247	1.74816650815494	-0.166370946089654	0.287551055907361	-0.313632806434836	1.08007486390992	0.999721613170689	-0.166185847862272	0.906747148853976	-0.545969126173307	-0.609608051845113	0.6541915577072	0.255753945155492
c.55.1	0.351707467992653	-0.620792128293402	0.581345626424225	-0.945051642864982	1.63369422573072	0.0858998023752221	0.203923993467259	0.767612568306857	-0.944529284025011	0.797907399974259	0.157361516913564	-0.74843227739453	1.02681205001237	-1.20061067329347
c.55.1	-1.23705677722462	-0.30770770983783	-0.869875350446811	0.0143736571214361	-1.29653845286425	0.223584656636676	-0.084115874098378	1.91002329312568	-0.970644438196236	-1.06940101762275	0.395201381014737	0.822682746605258	1.05690552148519	-0.727158118681901
c.55.1	0.176765169082705	-0.352302529564566	0.00923824121874554	-0.0878802347831622	-1.13631039099111	-1.05219741991551	0.255339540375494	0.137681111052391	0.467572500714555	0.170785711111605	-0.476822734504649	-0.90761089153853	1.10192796654865	-0.0722320935112901
c.55.1	-0.369771623462172	-1.24673447243064	-0.958562028239677	1.74608439530597	1.11989977128953	-1.20982358943387	1.01123405013317	-0.284628233118604	-0.846110631014777	-1.00971697813909	1.28164784028422	-0.554069818150364	1.46125615989901	0.399225676041145
c.55.1	-0.558982309630613	-1.94840821309482	0.280579138300065	1.31738602281569	0.125231301247606	-0.427356823416917	0.23013303339198	0.368502584816474	2.40741866863774	0.126335819819785	0.41432380157611	0.428583130487343	-0.820017137730113	1.22238746845832
c.55.1	-1.82029841759453	0.299341227769637	-0.583403324658036	-1.27957428483485	1.21188573410923	0.615255679097395	2.18557218265484	-1.03780014603065	1.86984898028563	0.865762593397264	0.897963136706656	-0.00628840345275611	0.496301990137652	0.461950027080399
c.55.1	0.291461023555768	0.623138712692125	0.601937158281512	0.771223081227733	1.01681537759145	-0.929192610249072	0.0677627465517137	-0.318261343890682	-0.457746105057181	-0.976566988350922	0.148038857834912	1.02147653104246	0.483104406001579	0.931903415050897
c.55.1	-0.50060596337794	-0.371343215852519	-2.74284399251169	-1.87496194372924	-1.4851930402794	-0.78300311986713	2.62563644731633	-0.635419984169666	0.884258260509822	-0.452476357967697	-0.0216316836306723	-0.0347604418137142	-1.11424676986609	-0.126323584396575
c.55.1	-1.0077976577165	0.103825481915118	-1.55317676048386	-1.20259875644122	-0.29595722002749	0.286224375766648	1.16341009239434	2.21326947067607	0.727455629187023	-0.943522250718839	0.646101608164635	-1.51091565634895	-2.11543087711428	0.968002005576588
c.55.1	-0.606271506055777	-0.0426967703986076	-1.58577787545235	-0.49435085376695	-0.514963748918054	-0.503571811325312	2.13721842893918	-1.28740664191554	-0.973564421004736	-0.967897102125346	0.0958883372393275	0.517189840453817	-0.949531158737069	-1.07827395294441
c.55.1	-0.350183433642824	-0.0870100430699287	-1.13679130867362	-0.440088356808629	0.486469164761744	0.616463695819574	1.00844099590138	1.58834665702557	0.910870861976473	-0.195305522197334	0.558228366904638	-1.62878086050757	-1.29934190516224	1.28853823151606
c.55.1	-3.07818324332178	-0.441659721093044	-1.48619469739828	-0.536754967750772	0.785495023071216	-3.46472213593497	1.24825865534516	-0.273665138465253	1.1279574868066	1.18745850013641	0.939070704778397	0.800279090261003	0.322701027529241	-0.144016348361799
c.55.1	-3.06400857225958	-0.390716077083788	0.260883983216083	0.642567783205179	-0.446088737470349	-0.988408337136072	0.467415398501524	-0.446273736413723	-1.13515199829189	0.0325871655965835	-0.431236962948812	-2.01214240893967	0.443840205253694	1.05936418766103
c.55.1	-2.56346521823183	-0.913803078853768	-1.01182949654756	-0.0499043971180408	0.863426312721889	0.104853788040695	0.125786446950118	0.0395274965056271	-0.935702733386754	0.0625497180209544	2.9917651770193	-0.035647091439102	-0.681092466703294	0.272684282885542
c.55.1	-1.25680131684887	-0.960466110006664	0.407455941901233	-0.772222715349812	-0.89325284443794	1.30194541988196	0.86007502410315	-1.45856219792598	0.309034773526422	0.658365695501069	-0.94134742107969	-2.50538340144703	1.30512837648509	1.16054940432872
c.55.1	-1.59186318428335	-1.30169956928497	0.665340195484179	-3.32508018986074	-0.0933533113310661	-0.38868185768139	1.75259626041347	-0.148245844347168	0.684982588848197	0.286930410567124	-0.0578675016168514	-0.559752414351581	1.26934334311765	-0.258425968961593
c.55.3	1.48871253422002	0.981396007007472	-0.692269592270611	1.82818387472098	-0.909611323843039	1.5412835422263	-1.87436971011333	0.346841440959641	-0.17492387897627	0.595952070971975	0.32332478078679	0.161822783044685	-0.43541863079199	-0.388349205619777
c.55.3	0.317411740709154	0.801160339324457	0.110189970780225	-1.20723148856334	-2.46404632268211	-0.478190525708545	0.499487313359437	-0.131915889275411	0.017322240674764	0.613826452911042	-0.437830877723997	0.178722882158212	0.37985721064778	1.53089205413983
c.55.3	5.68142864398494	2.48007097861957	1.16210665383271	1.19880878276528	0.232931085262062	-0.706420207176845	1.28517066636079	1.19340647615105	0.0712736600905355	0.272325656773792	0.144245579714638	-0.314242696108123	0.0681598219424414	-0.142702696108686
c.55.3	1.26235942093161	-2.25036299624949	0.598081783497048	1.77254534493346	-2.71993268437459	1.10058776529647	-0.198875900753615	-0.450569315935242	-1.17628549318494	0.944476893878192	-1.30955263573576	0.0206151038801935	0.465073155364472	0.414878598448558
c.55.3	-0.249121419789511	-2.90683119189936	-0.336405557958701	0.272083114356436	-3.92110170277662	1.22887370857267	-0.399840678779158	-2.13091132607598	1.03573371287708	0.48338589516607	0.262057227302113	-0.0243034003354293	0.0706938422503601	-1.3643576865379
c.55.3	-3.37752033410426	2.44780894149235	-1.83449790165748	0.798986730375791	0.0944176888336188	-0.457895201601244	-0.689714015241395	1.35122646809823	0.215039936653923	0.126214675501932	-0.104619413400973	0.621246769667475	0.895620010919999	-0.196155236267709
c.55.3	1.70518040064058	-2.36073251884224	0.270192736029595	1.19968684375864	-2.53530105550523	0.806737636624907	-0.423888654717971	-0.5887161400494	-1.18241404019587	0.755454140502107	-0.579714688764107	0.30469753809762	0.504988096297995	0.401939442919963
c.55.3	-0.307199563369761	1.1766575712463	-0.0271036154162084	0.529910531678656	-0.0592908707407879	-1.62392162019559	-0.609043434589492	-0.632105514420506	-0.0338985511095962	0.103394910373887	1.76236625324059	0.592448302361998	-0.75515935066549	-0.444963984056562
c.55.3	-0.432279568683686	1.37022929157172	-0.0388850373096916	0.451706760723192	-0.0548700263189795	-1.64082585213297	-0.556794060767418	-0.709977978983625	-0.161174607291057	-0.104839010243979	1.86123487809498	0.612623810429254	-0.684169187285376	-0.511587600450386
c.55.3	-3.29331405183036	2.19980644745884	0.932919349369032	0.0675147348252558	1.38545458733113	-0.0807395283266414	0.148902849621821	-0.766494619691748	0.318730947090562	-0.568922945552345	0.342004969357517	2.85641553744644	-0.859259070563864	0.639970910615139
c.55.3	-1.35992259039539	-2.90164540190556	1.16799590197387	0.527894845823729	-0.486643182195845	0.400565659105833	-0.888070279688156	-0.771202532341542	0.718401012223957	-0.233663308234068	-0.558026713475471	1.04088461510454	0.296776547335992	-0.139917019034088
c.55.3	-0.850216609578709	-2.28037336458531	0.924678904936823	-0.0544668174603346	-0.692602118956059	0.177783165178377	-0.372012208799564	-0.788554615162252	0.998790088000245	-0.316518080763475	-0.296573652442657	1.18229377058974	0.934192934928098	0.467000505175867
c.55.3	0.0262971407496483	-2.89329457124425	-0.167288686646662	-0.392677001058805	1.10654047907023	-0.61974739269901	-2.31277642805865	0.322987737068518	0.703096029101336	0.338876751905376	-0.801120538382113	-0.426716074982032	0.277625170445071	-0.607309565561164
c.55.3	-2.06770664653496	-1.90622191699825	3.02968503665049	1.21591989408318	1.55525170383427	-0.816263608809955	-0.596146997667523	0.504948207170383	0.712603134275207	-0.43376488780093	-0.0745645473501088	-1.01860929213445	-1.0877896070355	-0.441362044315672
c.55.3	-2.04089862233495	-1.7233564970712	2.9880351544338	1.20188772844153	1.30927113225381	-0.590723691217198	-0.667934913944654	-0.0177619917748631	1.02846925312044	-0.362602637508489	-0.107848976566199	-0.763441460474195	-1.03840735522853	-0.397884309692519
c.55.3	-2.1383254707236	-1.70817856648133	2.98119901265915	1.22255690039527	1.31370712747808	-0.547614090060113	-0.590273035620306	-0.025035711061733	1.01483517735082	-0.434587571208214	-0.124732482597421	-0.805144906241059	-1.01087576935454	-0.453215620135418
c.55.3	1.1283192628075	1.83470805651959	1.30424248605335	-1.0008487278738	1.33937584098876	2.95423148390006	-0.667125626045437	0.505550575546271	-0.224980151819288	-1.68938552273641	-0.362547297110463	1.49127082162217	0.0927134982249802	0.358579320486742
c.55.3	-3.28768621478811	2.34793340563544	-1.75972373341416	0.887729024968264	0.087352708428751	-0.332606729745952	-0.670375909458705	1.41948274786036	0.369643028326422	0.227045715458029	-0.191616392749479	0.593917231611079	0.834641578670253	-0.229497188374498
c.55.3	-0.00192227491675133	2.95638134670879	2.0880817970988	-1.46479451620551	1.39562504393944	0.627140275916254	0.0698884125000018	-0.341227061261803	0.01314275425638	0.297629483085434	-0.404146417677825	0.0295742251597068	0.519242982785137	0.038961556363167
c.55.3	-1.98433906096874	-1.70277989364558	2.97438038706759	1.11195407140483	1.31207285173252	-0.392550070796789	-0.568504741181502	0.0787525546650846	1.03556312265423	-0.202970318308866	-0.181729397106488	-0.375864429755409	-0.985007055654223	-0.357012855826574
c.55.3	-0.853943707414487	1.54418090138624	-0.639056229285049	1.41781762724427	0.0465147811606901	-0.356245254887052	0.0478813914285742	-2.62782823208576	-0.109180668455351	-0.723748593235862	0.796242672307314	1.10334259759109	-0.650266410408201	0.204922836120696
c.55.3	0.638260961528289	-0.831145894861446	1.71705338636375	1.73482222237604	-2.47830578656738	0.0462541435314418	-0.417183786814124	-0.49934838171556	1.16439426209511	0.527380949870216	0.200173182241681	0.634411963443836	-0.251825889298012	0.562837451489758
c.55.3	1.97254950239789	0.943147077902302	1.09374894735251	0.577191311667664	-2.46302520307034	0.0364900306019436	1.54957577434938	-0.114249236406258	1.00217808727363	0.844331744712771	-0.0869994677551568	1.06270113837	-0.566477356010988	0.536714652797253
c.55.3	-1.15284871718088	-2.70364470470449	0.948999911887913	-0.29348908931081	-0.956626105960279	0.534746664169279	-0.399346329445768	-1.17207856252348	0.55454766146356	-0.874427990649565	-0.553099207663992	0.917690161359556	0.373117994707072	0.696401609100575
c.55.3	-1.82808265784939	0.940342846246036	-1.58440656096983	2.24369663949325	-1.09720341259811	0.929954847374751	-0.221666561767545	0.152943188611276	0.643129616377689	0.0836625901793908	1.42909850373761	-1.66193556259257	-0.48666213981344	0.239238090792728
c.55.3	-0.360800713479637	1.24177551978037	0.133884648089708	0.565379495744172	0.186810809568195	-1.49325569407753	-0.513668861196654	-0.819696787582408	0.001984061055781	0.0123267134551219	1.62208834957727	0.547169872773423	-0.707224759235097	-0.399831016874567
c.55.3	5.68142864398494	2.48007097861957	1.16210665383271	1.19880878276528	0.232931085262062	-0.706420207176845	1.28517066636079	1.19340647615105	0.0712736600905355	0.272325656773792	0.144245579714638	-0.314242696108123	0.0681598219424414	-0.142702696108686
c.55.3	2.00831149512877	1.98510004251093	1.41327635785395	-2.03048874348923	-0.0320808691151099	-0.99712557535723	-1.75951264425778	-1.33635854425148	0.321782596342664	0.206695650841744	0.0118055101301931	-0.688024856822448	-0.189860470469225	0.44957847649539
c.55.3	2.10624174115247	1.87622428639299	1.49478892983669	-1.93374997632057	-0.0397824456964503	-0.860547860590087	-1.73843298245109	-1.26195156804484	0.490317371470019	0.316613525594081	-0.0830305982548569	-0.717816705588108	-0.256334142806487	0.413232725589334
c.55.3	0.896144551266658	1.06734737399921	-0.893149346899084	1.68708613175848	-0.542821922300909	1.88352431769125	-2.18093578725729	0.854697593670767	-0.245214674398727	1.50406231914849	-0.00597795686777894	0.564924061625627	-0.370807317197265	0.33580712106517
c.55.3	-2.1878600664263	-1.97664555871265	1.75145909470514	-0.101212107703171	0.197471362869031	-0.223486855416582	-0.936636848214031	0.722353381710347	0.436651595465692	-0.86083769886936	0.123284468614399	-0.213984852728492	0.98266438944878	-0.155932885208452
c.55.3	0.927669488902275	1.0841803334984	-0.882854488919636	1.68737896438133	-0.545712367249512	1.90684516599856	-2.16832390277396	0.86125319205178	-0.235413893296022	1.47303717327195	0.0172735477384071	0.558130668248144	-0.355498894535272	0.294341027878302
c.55.3	0.92891717469554	1.03598586300129	-0.93453660416473	1.80272383007249	-0.478112029583966	1.97551653532276	-2.17003027509291	0.960546624106745	-0.25751834039941	1.55226922320866	-0.0592623566343026	0.481894815098096	-0.294378972588116	0.347392830899034
c.55.3	-1.98433906096874	-1.70277989364558	2.97438038706759	1.11195407140483	1.31207285173252	-0.392550070796789	-0.568504741181502	0.0787525546650846	1.03556312265423	-0.202970318308866	-0.181729397106488	-0.375864429755409	-0.985007055654223	-0.357012855826574
c.55.3	-2.84381418095021	2.87910987623716	-1.59802647588746	-0.833898498287865	-0.717630778195467	-0.320088240068582	-0.990098594307352	2.04777736837042	0.0331524737896848	-0.187638046056418	0.645404851954047	0.412342650889131	0.790892837436929	0.292585846236304
c.55.3	0.653891192017925	-0.927349711799962	1.02921286572837	0.511584392412673	0.428136977723816	-0.295254584435455	0.821923365014928	0.053035870429043	-0.549454614570607	0.671539327911421	-0.333113177119233	1.04497126947362	0.471189892873092	0.036891361664292
c.55.3	1.02953715096114	1.21510066062009	-1.80238658516725	0.527422365172128	-1.22386285055666	0.177995411789931	-0.755727420697886	0.0924248044009156	0.820845777816979	0.947325114793021	-1.56120741379675	-0.163950717211237	0.11002457217647	-0.611509263313413
c.55.3	-3.27582897167489	2.19071716246671	-1.92975587672143	0.906058723545023	0.0241965079144481	-0.30258860612828	-0.649016701136678	1.37026092929539	0.406229833544369	0.305081451913097	-0.167540799862154	0.588364249689416	1.01420453030901	-0.151348287399084
c.55.3	-1.00707165529714	2.8823053707342	0.323637722643353	-1.27497709947738	-0.354768822824688	0.224768952494496	-0.697994213559577	0.605846828176186	0.266398018973893	0.11753471414975	-1.18712476494648	1.01997392596714	0.724530485417507	-0.544411113170624
c.55.3	5.77028020916133	2.58706582686134	1.30291440103192	1.03959036301701	0.0957329802366084	-0.592245885521388	1.40586069193952	1.06602266127806	0.246664820068297	0.108638241522074	0.333529783181606	-0.209757633179598	-0.0976275517440856	-0.363763804603267
c.55.3	5.82833356209473	2.44074573157709	1.21273042547772	1.02890416646541	0.0992915811958069	-0.747602399768104	1.29959096694314	1.08438765450732	0.214592837010985	0.275572841263892	0.310698048076397	-0.200604945854841	-0.116164063188754	-0.215729651021798
c.55.3	3.04977395013902	0.18011101394237	0.000929190413318071	0.678781663076433	-2.49605373253482	1.32582168485057	0.921182548718276	-1.81120398242649	1.27464483874625	0.048946635199859	-0.82368918736084	0.813256657071729	-1.32245945691841	1.07043589184475
c.55.3	-1.86485350512802	-1.79963242844891	2.79430010938647	1.09017374559044	1.38915797613678	-0.868373218946049	-1.03759314048273	-0.0863768440212402	0.817542058606112	-0.644046279351433	-0.0374963466033303	-0.63647094350966	-0.797053598479443	-0.611069302787939
c.55.3	-2.57828144806281	3.21543580473644	-0.553312687016654	-0.633066778162243	0.616355432724427	-1.15735351759071	-0.401707807963301	0.351222822247022	-0.0376593510333177	0.760020632700362	-0.675177459383581	0.336105812683595	-0.567730960176318	0.00602428993200982
c.55.3	-0.64009023680496	1.93053414894324	-0.919959797603334	-0.643211659394576	-1.09035580812216	-0.461344757686247	0.29763033118577	-0.268414220717829	0.807217324882132	-1.10915359165596	1.5506867136736	-0.947170749643035	0.175095254559723	0.160533566379933
c.55.3	-2.99200348786934	2.556037657919	-0.472859599232317	0.261316433744683	1.52461939158547	0.622074682526357	-0.231974737830143	0.19572186816993	0.815319698181593	2.05540241490992	-0.83379789823133	0.617336655062913	-0.710212478717175	0.0405213942157453
c.55.3	2.04453551536149	1.9803534956088	1.34706677859395	-2.04690036531866	-0.0457545738876157	-0.998656689984406	-1.70139968180566	-1.33435405615964	0.295304081934129	0.148300319707976	0.0366787575907447	-0.760819480133058	-0.111161979347162	0.380619498063825
c.55.3	-0.904907265400632	2.23249172194606	1.34463607931944	-0.603095452403443	1.03255804969728	0.138859063073276	-0.761391542287249	-0.159007933052065	0.0904551727591458	-0.31421685372759	-0.402447398334076	1.25434104884911	1.21152099099473	-0.0442689284458067
c.55.3	-2.64204590670923	0.886128768082228	-2.7159804413932	1.1675832472897	-0.896195732306216	-1.39974732655141	0.570032638378976	0.767548133642748	-0.0869641584257774	0.755281892751974	0.806387439799019	-2.50535708413022	-0.0639127889545518	-0.581247407635049
c.55.3	-0.656808430812045	-0.524759016615298	1.88037440766501	0.498216436689487	1.04856663878234	-0.377270949715041	0.576654318291953	-0.0106184352374477	-1.4437695421339	-0.305233244709048	0.933149323930421	0.498073247547255	-0.970661934272537	0.335946018883512
c.55.3	-2.03641463660992	0.615460355976725	-1.53229511403958	0.712354728380979	0.554844940698984	-1.12868192792824	0.038074555586426	-0.332434854192322	-0.534168213099341	-2.29905176101008	-1.13121819102189	0.793507918872822	-0.744872522758942	0.576186398795175
c.55.3	-2.97026102785488	1.3686047393717	-0.311918298737699	0.912231639288013	-0.424959793311261	-0.0101375886655649	0.215358088702445	0.707550147648548	0.214988051164773	0.0553749890144093	-0.229367547819846	-1.60440337400335	0.668983358148643	0.437701744817758
c.55.3	1.85954960802118	-0.468801454493131	-1.48351601749296	-0.59859319911917	-0.0654927394906347	1.81590754809736	-0.795943963573042	-0.949107597168487	-0.0428352228948088	-0.457763547462641	0.691615166582686	-0.407810026794373	0.836751948012	-0.692681938468368
c.55.3	-2.64525343681862	1.26137274663888	-0.635807256899234	0.194449458842598	-1.29035626573479	-1.46481032093394	0.208589990072681	0.212820094471628	1.48476330647879	-0.946229725818598	-0.0558431339215695	1.0985538535514	0.00773809375645218	0.784744327938593
c.55.3	4.01642317458618	0.667163748479564	-2.7946405202525	0.332526384421233	0.703055117108679	0.676790879264595	0.713511412725278	-1.11362542544608	-0.145282244658094	-0.539280526796102	-1.18671373201992	-0.011881912376546	-0.371799024498035	-0.0617853054841253
c.55.3	1.77167274931584	0.582708907213596	-1.21225190399706	0.387516946476367	-1.08875708120044	-0.827529480035506	-0.745362497200894	0.722973253835556	-1.3895547625465	-1.80736389599216	-0.0218284222039625	-0.330179101834802	-0.322941755328685	-1.02171514069613
c.55.3	-2.8162086802558	2.16555688966997	0.225817718788267	0.263298323650688	1.74229359340119	1.14963242672184	0.424354253503692	-0.00127895089177431	0.701548535529769	1.07074028680877	-1.22917171686666	-0.0921078512000708	-1.56503045852909	-0.124792317011185
c.55.3	-1.74096975046448	0.696738699102402	2.88334210732188	2.27084973936544	-1.22754468359183	0.749769311120905	1.15849874844727	-0.428905768473114	-0.0474931480100868	-0.9717101206396	0.362667120476015	0.0608994604253079	0.414850602371639	0.693001568371587
c.55.3	-1.74096975046448	0.696738699102402	2.88334210732188	2.27084973936544	-1.22754468359183	0.749769311120905	1.15849874844727	-0.428905768473114	-0.0474931480100868	-0.9717101206396	0.362667120476015	0.0608994604253079	0.414850602371639	0.693001568371587
c.55.3	-1.14025052112122	1.98837959746963	0.544934536594496	-0.748890485745069	1.47443950077175	1.00777868729036	0.42395820859172	-0.275697063283757	-0.13661523852389	0.102636913823005	-0.761317164524894	0.811039675263434	-0.20757990630863	-0.964682849289689
c.55.3	-0.64009023680496	1.93053414894324	-0.919959797603334	-0.643211659394576	-1.09035580812216	-0.461344757686247	0.29763033118577	-0.268414220717829	0.807217324882132	-1.10915359165596	1.5506867136736	-0.947170749643035	0.175095254559723	0.160533566379933
c.55.3	2.17529712095768	1.9949479811674	1.33009957101005	-2.04708249168869	-0.0574315739926805	-0.908853704016176	-1.76347480509365	-1.29606112182526	0.26640926306154	0.248864315845546	-0.00283372808429866	-0.64202897279993	-0.141927531989336	0.421013176688376
c.55.3	-2.80019666563142	1.17343415864345	-2.29935524740212	2.31109671188638	1.08099827202185	2.26414992153887	-0.150825871809044	0.15670614913789	-0.682154006453793	0.976547650400298	-0.772152716271931	-0.923741942189809	-1.5306367776593	0.737414077887996
c.55.3	-1.32850946989472	0.93370975477282	-1.82486760985808	-0.342878417486369	-0.829753438194878	0.0848977321135146	0.468064108371955	0.699881768930598	1.55886051596232	-1.31317424908811	-0.0642432294537848	-0.516655819841103	-1.39085804343058	-1.37701947507249
c.55.3	0.407982605605094	1.18361935003124	0.0478124157277891	-0.793004062468104	1.782801048618	1.35123130119063	1.1221525277508	-1.07602370247441	1.08671895330211	0.907897244581592	-0.121177049415944	0.34644887847044	-0.651699579089623	-0.333412259539246
c.55.3	1.14164816216057	-0.0930010074005416	-0.704366085754197	-0.609451658985104	-0.793173973353933	0.119546982881299	1.62569406382277	-0.880178439081941	0.35745334800497	1.40803988999552	-1.68878427720222	0.724547418099998	-1.14604620126243	0.443559967456721
c.55.3	-1.53873270673701	0.796241756204486	2.80131795822648	2.02363292371588	-1.15467063016566	0.510511866797546	0.890552605182742	-0.526339023191357	-0.26178247673667	-1.12309872941972	0.447696517798665	0.291518225408511	0.599076254537741	0.715713543459888
c.55.3	-1.74096975046448	0.696738699102402	2.88334210732188	2.27084973936544	-1.22754468359183	0.749769311120905	1.15849874844727	-0.428905768473114	-0.0474931480100868	-0.9717101206396	0.362667120476015	0.0608994604253079	0.414850602371639	0.693001568371587
c.55.3	-0.522403004329916	0.316050508390143	-1.10144439140113	-2.10541595297136	-1.05364554075085	-1.15501676474447	0.30257617339941	-1.23871319962385	-0.0219444207861599	0.417287857977231	0.338947612596938	0.459799887463763	-0.471486232156604	-0.262602706141814
c.55.3	-1.16923153433351	2.59936945275484	-1.86664347923646	1.91173798883411	0.341898070414911	0.035780275381444	-0.330583218870661	-0.530623251545461	0.109623440803758	-0.134648852518148	0.134600382296879	-0.67484317039812	1.1542396179894	-0.274473050250098
c.55.3	1.96231937835326	2.01594170268263	1.40096642508814	-2.03498127694578	-0.0363797704587998	-0.96987875183223	-1.70698346551808	-1.35108416708613	0.307771850075442	0.155467833726505	0.00193047180613071	-0.718662737230243	-0.164052388681943	0.414197046883695
c.55.3	2.00831149512877	1.98510004251093	1.41327635785395	-2.03048874348923	-0.0320808691151099	-0.99712557535723	-1.75951264425778	-1.33635854425148	0.321782596342664	0.206695650841744	0.0118055101301931	-0.688024856822448	-0.189860470469225	0.44957847649539
c.55.3	-1.98433906096874	-1.70277989364558	2.97438038706759	1.11195407140483	1.31207285173252	-0.392550070796789	-0.568504741181502	0.0787525546650846	1.03556312265423	-0.202970318308866	-0.181729397106488	-0.375864429755409	-0.985007055654223	-0.357012855826574
c.55.3	1.96231937835326	2.01594170268263	1.40096642508814	-2.03498127694578	-0.0363797704587998	-0.96987875183223	-1.70698346551808	-1.35108416708613	0.307771850075442	0.155467833726505	0.00193047180613071	-0.718662737230243	-0.164052388681943	0.414197046883695
c.55.3	0.206526011323728	0.945126022392656	-0.364516886717283	0.487352357111172	-1.39759087551048	-0.263911774697558	-0.302374959615841	-0.748718609635247	-0.582135001819897	-0.460433846326514	1.09624566892391	0.558060735304598	-0.161379228407658	-0.704092439851906
c.55.3	2.58793250996581	-0.797254191699629	-2.62210026642404	2.05367198305129	0.848647680716464	-0.417839801570877	-0.564314108846271	-0.348580454197145	-0.866194173356769	-1.6796918568665	-2.20247282066063	-0.808786092506903	-0.0134146772792114	-0.109005831007319
c.55.3	5.75575720414324	2.48029243903687	1.25334046580847	1.00201194665439	0.023235691984298	-0.699598266980859	1.36769171766485	1.13196187107285	0.191967709329556	0.218013873740551	0.233311802413703	-0.195335024234745	0.0228808016484722	-0.18909581728409
c.55.3	2.35829256749941	-0.795354960054237	-2.49117972637663	1.82346987915196	0.831754544306277	-0.219086449653031	-0.765463990657729	0.441320085004072	-1.22219634415014	-1.73378123376108	-1.77628271558581	-0.940510813421104	-0.0630386910282975	-0.159427550643149
c.55.3	2.53684502419193	-0.866802045823774	-2.57670844310224	2.06997489042738	0.754583188150324	-0.411497156159969	-0.524547569112618	-0.344043358174525	-0.983671489202212	-1.69683337051938	-2.25232922897351	-0.78824904644145	-0.0598877918734253	-0.12509346551037
c.55.3	-0.292454451737192	0.767429323198645	-0.742336056176925	0.795294483239035	0.80304057172134	0.3252214004491	0.676244377376793	-1.07343305245198	-1.45470573252161	0.315307860002523	1.06406490657165	-0.975194828312383	-0.044992639571329	0.92433595576749
c.55.3	-0.13569637055086	1.91240102015875	-1.95411560797211	0.382425497015267	-1.3192952756942	-1.18208324523288	-1.90541561904586	-0.307200730200468	-0.0202468560980311	1.26397489794207	-1.33143703956242	-0.271506560813409	-0.752356464909107	0.28140779872538
c.55.3	-1.74096975046448	0.696738699102402	2.88334210732188	2.27084973936544	-1.22754468359183	0.749769311120905	1.15849874844727	-0.428905768473114	-0.0474931480100868	-0.9717101206396	0.362667120476015	0.0608994604253079	0.414850602371639	0.693001568371587
c.55.3	-1.36843523455111	3.13693311402244	0.686945794579511	-1.17696355126356	-0.255977016652106	0.044273618452825	-0.749508222664199	0.450097737220218	0.367819918489675	0.0347703010266219	-0.934679043074772	1.23225255424327	0.809697550216848	-0.795601499416284
c.55.3	1.65711807284482	-1.12269294365967	1.45393424185313	0.0235390920892909	1.0646894368982	-0.48775989489781	-0.700426271517204	0.249012086003024	-0.583617458791231	-0.0990821688094283	-0.350597360120744	-0.366387576301587	0.022179024065448	0.122640298448168
c.55.3	-3.28768621478811	2.34793340563544	-1.75972373341416	0.887729024968264	0.087352708428751	-0.332606729745952	-0.670375909458705	1.41948274786036	0.369643028326422	0.227045715458029	-0.191616392749479	0.593917231611079	0.834641578670253	-0.229497188374498
c.55.3	-1.74096975046448	0.696738699102402	2.88334210732188	2.27084973936544	-1.22754468359183	0.749769311120905	1.15849874844727	-0.428905768473114	-0.0474931480100868	-0.9717101206396	0.362667120476015	0.0608994604253079	0.414850602371639	0.693001568371587
c.55.3	-1.69835920082603	0.0555136179935723	-0.00481758159513264	1.68705634462122	-0.379794443262758	-0.278795457560273	0.067914266013575	-1.06245086258268	-0.575383882541857	0.468835730168088	-0.73386449834314	-0.23755436145617	-0.598595511032181	-1.05971494488274
c.55.3	-1.92212353154843	0.225602147928553	-0.464137882826121	2.1984933216774	0.120054484718928	0.0437505335891057	0.116430857211541	-0.982454418581698	-1.75743753733714	0.463303440609102	-0.427962486995596	-0.242014365895447	-0.69047374519548	-0.0267208200859111
c.55.3	0.911047148016789	1.07836319927503	-0.918937310096924	1.71491574453067	-0.514587433923946	1.9484265505602	-2.17078731468329	0.885528081207387	-0.26667957515705	1.4758208803277	0.0421895330869747	0.532452230256616	-0.323542157141973	0.31361597668867
c.55.3	-1.151453435271	-0.147167371368318	0.0995093537870383	1.58579250839566	-0.714441825523558	-0.513282393751578	0.26259782140137	-1.96180888382721	-0.916453196003535	0.405903020048514	-1.2530706541172	-0.168522505273533	-0.650688606397016	-1.26131291924255
c.55.3	5.82833356209473	2.44074573157709	1.21273042547772	1.02890416646541	0.0992915811958069	-0.747602399768104	1.29959096694314	1.08438765450732	0.214592837010985	0.275572841263892	0.310698048076397	-0.200604945854841	-0.116164063188754	-0.215729651021798
c.55.3	5.79582310281192	2.4873571287049	1.19266212571373	1.04735153943464	0.0942190187076156	-0.707605190795124	1.38986578423507	1.08569572616543	0.195178980777176	0.210991322429283	0.297952139759913	-0.236448371117261	-0.0824257729654561	-0.267534084806139
