c.55.1	-0.42794722248417	2.55297867843532	0.702225661476448
c.55.1	-3.54639141878655	0.434285597075077	0.630737635750184
c.55.1	-2.92656525102645	2.37815438025037	-1.10337690215702
c.55.1	-3.86161573836834	-0.833032777296125	0.402748758073317
c.55.1	-1.45309720351028	1.07519888995175	-0.565547217494818
c.55.1	0.571285241681872	0.214977223558677	0.248555054309954
c.55.1	-0.134461348269293	2.73314526933718	0.820914162682693
c.55.1	-4.28183957273067	1.81673466239375	-0.78083115310652
c.55.1	-0.0987087442478894	3.00233419398617	-0.111822931528574
c.55.1	-4.30482360144343	1.43888597071072	-0.713005510037133
c.55.1	-1.1177906045874	2.15175291280175	-1.9565191948254
c.55.1	0.756862664220979	-0.550599732271278	1.31381718892825
c.55.1	-0.697586525941657	1.15689825747048	-0.772721385950322
c.55.1	0.2883396977102	0.993826799503868	0.92375791481466
c.55.1	1.08076761772546	0.91465756773469	0.841999005165135
c.55.1	-2.39683158796499	1.05165957264152	0.433272394896842
c.55.1	-4.84031465939522	0.326735766353045	-0.251080176352044
c.55.1	0.696107289233667	2.93849944483617	1.67108713058965
c.55.1	-2.67505194540213	3.94103639667044	-0.714072092890324
c.55.1	3.60647890886751	-0.716998789415815	0.216749508002906
c.55.1	-0.818341367359469	2.03209940954084	-0.232852104335882
c.55.1	-2.68311749155798	1.82297898268904	0.413447496320972
c.55.1	4.0745767016507	-1.48397457610158	0.464148123717331
c.55.1	-0.58159532514429	0.135092795563642	-0.824504873597037
c.55.1	5.9185477713375	1.28208240051103	1.50639212889741
c.55.1	-1.43471345968288	0.126479512684038	-0.776126181113017
c.55.1	7.95489931670152	-0.872840954610305	-0.775229116650244
c.55.1	8.59979655054061	1.8202097591162	0.441352987114121
c.55.1	-0.279147304332575	-3.15929170642752	2.45018956039263
c.55.1	-1.62954809802153	-4.56197629090091	2.74291794858512
c.55.1	2.24396810846906	-0.365583908980065	0.611615456396271
c.55.1	-0.917475839565692	1.7469888786355	1.41774781580874
c.55.1	-6.64420805005026	0.00583307059338967	0.132508827499411
c.55.1	-1.18008753733273	0.118709399536487	-1.53471601046517
c.55.1	4.25724464700091	-0.0764991895658771	1.09093076687996
c.55.1	4.55533057315978	-0.0148843138349054	0.959134314382536
c.55.1	-1.47684605566777	-1.05921083247136	-0.644338856009862
c.55.1	1.39472003596557	2.26039169442011	2.01984099521592
c.55.1	-4.5571872688479	1.18376588225714	-0.0540489492055364
c.55.1	4.85322872610105	-1.08771649289538	0.0192362320573986
c.55.1	4.23477296819242	-0.500560852178243	-0.553451290417812
c.55.1	4.8716930239094	-1.84708881259365	-0.0680757042528181
c.55.1	-0.331397426503608	-1.09637626365573	-0.766902686292435
c.55.1	-0.709675699458106	1.66748590465657	-0.455394963260307
c.55.1	1.17232224453414	0.572059342693909	0.0382238563220944
c.55.1	-1.0571509663346	2.75709940959609	-0.572275404394173
c.55.1	4.67085808414705	-1.02492892097515	1.97865984998313
c.55.1	-1.03889008688537	1.14894955320909	0.630209981619303
c.55.1	4.26907228189625	-0.580367104472778	0.52855550819686
c.55.1	1.02100418328622	1.98988278369023	-1.69115428172248
c.55.1	8.59349042312148	-1.77310633375673	1.14760237491986
c.55.1	0.256502404873071	2.76443545305368	-1.25030688327146
c.55.1	6.75347402164246	-1.13715880969705	1.03804387238729
c.55.1	0.932223921309911	-2.15779510735358	1.27432141939233
c.55.1	10.6692501786482	4.45531237155087	0.779815046454181
c.55.1	5.50987256905865	-1.63656718861479	1.59794709667716
c.55.1	0.134564525670924	0.985742468178396	-0.874377051618359
c.55.1	3.81988837198089	-2.08849613063746	-0.241526264965529
c.55.1	-1.24772185868769	-1.82828060820697	-0.169495222051477
c.55.1	5.14779476235814	-1.02247420600907	1.71261439979631
c.55.1	5.87968151474375	-0.164447954680954	-2.06069305648683
c.55.1	-2.73532689383365	1.86962670622445	-1.18725435259479
c.55.1	6.48606018128347	4.40340710981063	0.0537649944880708
c.55.1	-1.78113525819576	0.321524795445385	0.11416865866202
c.55.1	-2.87106339499386	0.959097499506441	-0.714923449864262
c.55.1	-0.60770002255195	0.0431795201675604	0.428366628176241
c.55.1	-1.33522333051236	1.76843297606694	-0.832908085278764
c.55.1	0.691099188949324	0.236745632477138	0.0981477350086046
c.55.1	-4.93801887730567	0.853830894740664	-0.0344469119190575
c.55.1	6.79117117432403	-0.858831695966357	0.840238529201244
c.55.1	4.43600565845778	1.95180684119195	-0.890961176757461
c.55.1	4.31080792185047	-2.01755890270052	1.31796804259262
c.55.1	2.43270410217309	2.08361039573887	0.798013987706351
c.55.1	-3.19306263855377	1.55966552053756	-0.697235352665422
c.55.1	3.91441292685262	-2.51844539252887	0.410062997706279
c.55.1	6.95139729148649	-3.18127153028974	1.79778468784032
c.55.1	-0.866562880613194	1.29904390980139	-2.02804012503167
c.55.1	3.23019341666642	2.21784373670185	0.194064456494868
c.55.1	5.44269278701274	0.141107089809993	1.19165483453867
c.55.1	9.24995418198094	-0.756993149284323	2.75973000789435
c.55.1	-1.70297732043181	1.87941026624116	-0.403420312517816
c.55.1	4.37499266345641	1.77784400686221	0.185488369656901
c.55.1	-2.22759783405727	1.16632860992827	-0.177553351187594
c.55.1	6.47473618308002	1.94626579990414	-0.428516758220591
c.55.1	4.02542013860447	-4.9123233824839	0.089117755256448
c.55.1	1.01696467879087	0.824210110940604	0.283188692637397
c.55.1	6.16008033894375	-0.0296512815929398	0.653283814925528
c.55.1	4.32149349641966	-0.951266840976996	0.0461820952224082
c.55.3	-6.95653522030492	2.67320100358577	-0.135884774993239
c.55.3	-1.73141259805414	-3.02561630680968	0.442628871727269
c.55.3	5.31483872473243	-3.44160771690008	1.07621862888129
c.55.3	-0.94277143233999	-1.7229920902964	-0.284867875204766
c.55.3	2.90723765057142	-1.12262921251242	1.00957578103663
c.55.3	-7.37891746845311	0.299463184019222	1.49250042515983
c.55.3	0.389453959687544	-1.91405103109349	-1.46813095398503
c.55.3	-2.50922016301794	0.0264192562466507	-1.33779745838705
c.55.3	-2.67782730731835	0.192747459939443	-1.59560593438953
c.55.3	-3.78925126145439	1.24540848430695	-0.416951367637505
c.55.3	2.34710159558924	0.57741567786479	-0.251836000691344
c.55.3	3.39162114747954	1.47886660067722	-1.48555173836722
c.55.3	2.43971239755581	0.933940729497314	-0.728792202834123
c.55.3	5.491131755977	-1.21552682660474	-0.354743014751573
c.55.3	20.1767607189754	16.4646958128853	1.14201300868204
c.55.3	5.82785760002281	-1.95431679478786	-1.36394753525485
c.55.3	-1.75262746044031	0.585975774915496	0.461195782683307
c.55.3	-7.53350739718991	1.02107702378736	0.702222426301038
c.55.3	-4.1270206341069	0.623595460390154	-0.874297967814081
c.55.3	9.13090790549553	-0.398253580680886	-0.138167153446808
c.55.3	-2.25334137941932	-0.683305365544043	-0.0398666733273054
c.55.3	-0.0465775687955828	-1.98211247383161	-1.06930142533097
c.55.3	1.02543977022861	-2.99709992623463	0.200148189201787
c.55.3	2.34509059426105	0.811234189582773	-0.815967265397037
c.55.3	-1.61751460838621	1.83243049012841	-1.55763344865083
c.55.3	-1.76980979782875	-0.358664830728262	-0.456347419077373
c.55.3	4.32294198381443	-0.790819652911303	-0.490388145440685
c.55.3	1.12094778486353	-0.82541170514577	-0.110062116803897
c.55.3	0.326154929748585	-1.81975227891669	-0.12147530352912
c.55.3	-9.53917897067195	0.798780680350626	1.57644015779623
c.55.3	3.40879314521914	-1.44182429218173	-1.45397203343204
c.55.3	-9.74894846067642	2.44641872555168	0.977427225420372
c.55.3	-9.8264043887611	1.39511768134393	0.79013742186435
c.55.3	6.17904311328686	-2.21116335714853	-0.149527613437179
c.55.3	-8.03562753417012	1.38981161673599	-0.295526291588952
c.55.3	2.58993636511766	-2.17636952605022	-0.843643868322939
c.55.3	-7.97817363400219	-0.573354630097453	1.78617985317706
c.55.3	-7.34215958273853	0.224245137700497	1.30819850504634
c.55.3	-6.55462004478717	0.0781055080261452	1.17343865520779
c.55.3	3.32750110161202	-0.0811398083219847	-0.691451142623367
c.55.3	3.00355597898894	-1.03109373612133	-0.554070230567112
c.55.3	1.13299222255066	-2.42057459119871	0.270633289780578
c.55.3	4.69336969150887	-1.94833827817963	-0.125174273564101
c.55.3	-8.27576431174638	0.48772611266975	1.26085779509292
c.55.3	-2.80842848403135	0.494895942218434	-1.33426370831117
c.55.3	-7.98679321897177	-1.75811369712351	2.14072066786365
c.55.3	0.960710091039104	-0.92684946804748	-0.128769131330201
c.55.3	-3.20343081398266	0.165027238615262	-0.703752485118349
c.55.3	-4.18283996547739	0.205117608008648	0.412560552385912
c.55.3	2.51571211582414	0.0989423661910189	0.569915464604114
c.55.3	-3.51315592914781	-1.14086361881791	-0.15005539455402
c.55.3	-5.07697296344081	0.970691385362626	0.112823221843011
c.55.3	-1.52592805722992	-2.02862945107828	-0.146339105651841
c.55.3	0.63258426160856	-1.18046351193341	-0.313435474612657
c.55.3	-2.24048289942134	-0.0864390791151419	-0.512319931922793
c.55.3	-2.6377739432979	0.39303323998601	-1.14500179733244
c.55.3	-6.66988504179596	-0.893608776828913	1.71529459033297
c.55.3	1.67642028934481	-3.07680610279731	-2.05615454261851
c.55.3	3.07210452603003	-2.88726244123513	-0.709865399800718
c.55.3	-3.50458114018803	-1.25201111441962	0.880204745501892
c.55.3	-2.43700608436948	0.0585069610761784	-0.0926099487207894
c.55.3	0.454962887988363	-0.723894766775078	-0.587146884508473
c.55.3	-10.0334977805163	3.51824557894881	0.134622779421389
c.55.3	-6.11987673536482	-0.445562352681341	-0.938254395998638
c.55.3	-4.44861648776958	-1.25699705510305	-0.285841161379226
c.55.3	-1.62275638324171	0.666201700812954	0.0512069644396118
c.55.3	1.76774968407467	-3.55503943197404	-1.34355478705699
c.55.3	1.92384401609635	-2.78203707660429	-2.04390455589628
c.55.3	-2.29660996312987	-0.86840883682948	-1.76232695935496
c.55.3	-4.97743479419885	-1.99462477185376	0.750857008135517
c.55.3	0.727261355805863	-0.888619015222141	-0.566742793767314
c.55.3	0.834755719960178	-0.836246800458314	-0.233958166411894
c.55.3	7.25532896086005	-2.11247602712098	0.223733904921734
c.55.3	1.05390022343155	-1.24270413353466	0.526711813058875
c.55.3	-2.56954355597614	-1.45994826593433	-0.414060650347158
c.55.3	-2.71382031424563	-0.248770879065759	-0.479626332814733
c.55.3	3.1215701382088	0.0456726905296378	-2.45560525024466
c.55.3	-1.4629023696778	-1.54078622629032	1.62586250511874
c.55.3	-3.29601482096111	-0.430093502626711	-0.534237288211137
c.55.3	0.0342149890242656	0.210676787425626	0.407537304670604
c.55.3	-10.2064854688339	1.19522816316672	0.49825208051084
c.55.3	2.38260128871421	-2.64620184734141	-1.89485252655047
c.55.3	-5.90091610494032	-0.26733314882725	1.35575180009692
c.55.3	-0.0821246923108481	-2.4744341309527	-0.555761843824399
c.55.3	-7.73842594205838	0.740110706670362	0.728781531102208
c.55.3	1.44699885008624	-3.33927353400231	-1.50078198804743
c.55.3	-4.99770425048718	-0.374843805391679	-0.0807741753908935
c.55.3	-4.03699236275417	0.290420024195356	-0.255544819909244
c.55.3	-10.1296230940099	1.11144494259995	0.636025700744735
c.55.3	-3.03666936527979	-0.656754958366474	-0.474255828978423
c.55.3	2.25276855299898	-1.26633773142449	-1.66198812066899
c.55.3	3.34861821395985	-1.40618041849612	-0.420753394852176
