c.1.10	3.16391876426568	7.90766611103393	-2.34934752292186	2.24767380251799	-0.587921402389419	2.30912200301656	-0.271867027699136	0.460894655326449	-0.324373157355213	-2.43773086568593	0.918200890953064	-2.25551595755518	1.05675334388006
c.1.10	-14.0589246488572	-3.72344340064709	5.14029282053293	-0.204450525669548	0.656892556715738	0.594321969714312	-0.191960949624135	-1.56707189271515	1.75085074958704	0.397508403571328	0.0333745935219958	0.00110948956109141	0.0269074382908877
c.1.10	-0.164748246672295	9.64363211600343	0.767240542940788	4.20021024213836	-0.894080587865966	-0.921414824364967	-0.731454943828131	0.928019390896759	0.267449919822716	1.81013939776579	3.29232952456991	-1.13468160786056	1.05654083449773
c.1.10	6.33080136011199	5.88080184446901	-4.10441505413622	4.37330448740549	-0.932609231594789	0.414013051584303	-2.46300782411399	1.20018051021692	-0.34529823206562	-2.2092588394039	1.35159731812108	-2.92304654775025	1.44616378038677
c.1.10	-5.36865288016779	4.98202074117812	-4.14736295051221	-0.586545209407194	-2.74013456167491	0.429484725784625	1.2043691917127	-0.895116195819951	2.26603958049302	1.32649384295687	1.96852258209872	-0.823979503045173	0.518117150581403
c.1.10	4.67584329499462	7.94415042018963	0.111095355471625	2.54539759189719	-0.305035047332807	1.66489738226455	-1.32713401644776	1.73563430101735	-1.77894569294904	-2.97429205876475	3.87093149613429	-2.56816115120686	1.52872042364667
c.1.10	2.58485121431762	9.18189420301355	-1.22672157140576	3.10309117032934	-0.602776800565721	1.7806700154762	-0.188905575438699	1.39238104557588	-1.20786761396361	-2.02486556034629	2.53383769987524	-2.03228283610561	1.24202841824929
c.1.10	-18.6178557303389	6.0917920803073	1.00078793652661	-1.98240908358722	-0.55044420380279	0.678575837525166	-0.212522165815787	4.18197441977256	-3.59562917912785	0.667451954113294	0.907482314271092	1.35161281733866	0.418104280741975
c.1.10	-11.8497391863755	6.83316050140396	-0.95364224700679	1.07431192100149	0.796083838599946	-0.322602663299801	-3.17669665033337	-0.0600799283043321	1.23164192696288	0.608246372543652	2.98553696731312	-1.11635159929668	-0.0932692413430809
c.1.10	-0.944620276743306	2.85025205167258	-1.08311301606257	0.563562874886453	-1.05002858567124	0.00981290328829814	0.262159136305286	-0.626684630320865	0.42491919965109	0.376790121473458	-3.17837716127364	-1.75934675656976	0.601158305131442
c.1.10	-3.36119446729058	3.95965466328821	-5.02059805653366	-0.691181645604136	-1.67388367515847	1.78564853957188	0.443504732552037	-0.888332740756598	1.64054748478342	-0.478290321292806	1.03189713391959	-2.59960900739258	0.0426611601931025
c.1.10	-13.2401906589247	3.51681276933021	-3.03959255599351	-1.66111688964662	-5.75294606775526	1.34366067572674	-0.34145155157556	0.0912207468611755	0.00142504801105901	-0.434955531564217	1.22009018399631	-1.72713184426435	0.362555445902424
c.1.10	-1.2296660263055	0.927221988747683	-2.45383500846133	0.239088759714943	-2.0723914576808	-1.14795316548042	-1.01669650839023	0.894169099877733	-0.287712686633309	1.04921849418488	-3.23410229086065	-0.345924105862722	0.689119997703549
c.1.10	-24.8296234774976	8.51221709043976	-1.12588551526518	-3.00145204054851	-4.21200819939583	-2.85113021373706	0.892960786520691	-1.14525521989302	-0.809699377789691	0.96332290227791	-1.44621093244465	-0.31078570340013	-0.948361008008256
c.1.10	-26.8569886646628	7.73016592503434	5.43503628892327	-2.40816147862545	0.006847930331485	0.833800186212641	-0.582447919915329	0.0723144964984839	-0.731796431439105	-0.591677697037984	3.46083532828878	-0.694570662698682	-0.0991882540709098
c.1.10	-22.1533630976741	5.28330259060485	0.0757573069134433	-1.62951122078231	-4.11416618114867	0.652300843564095	-0.207759225818427	0.0411437261431379	0.356091550165364	0.221034170091006	0.84603689422239	0.640616979722518	0.000665608175210669
c.1.10	-20.1334066960318	7.4440620906143	-0.60063858620269	1.15863875691284	-1.0476831243045	-0.128767139618007	-4.28270480533457	2.02974553623774	-1.38301729792541	0.128163468680664	-0.547890870663906	-1.66359848862984	-0.83125286303546
c.1.10	2.2701244203334	2.50188318628844	-0.115067783354908	-3.36525063312135	0.358266021799183	-2.52931612641939	-0.946421813346547	2.01835466702972	-1.90831201132163	0.56840651476452	3.36282684545856	-1.17674093472632	2.12741318715021
c.1.10	-3.73925533730289	-3.65626484286629	-2.29445296981143	-5.03480792168515	-0.589606493541588	0.486819999789085	-0.416041449757916	0.258171983482566	0.0128049853478775	0.854827457962907	-0.0211019741240175	-1.72058393028891	2.73764848280552
c.1.10	-4.86077346418335	3.81183166118819	-0.694435103507303	-2.2267692704733	-1.27707771809517	3.15260037952331	1.09163160806132	-2.81730863370069	3.20754072240117	0.260401830350925	0.382168814878123	-2.74404945994048	0.694351761669734
c.1.10	-13.2762116062829	-4.05499954071009	6.00979035830223	-1.20893934530915	1.01544488579272	3.47864792538828	0.242940008141261	-2.31418788742345	2.64312063956118	0.0113264376943117	1.45288173356064	-0.633411837785842	0.506758686262078
c.1.10	3.57347029234606	1.35230614449784	-2.67895784355873	-2.99047438805379	0.17433595445648	-1.35633999137661	-1.57137537486615	2.64472556829897	-2.5315416676724	-0.90467130666968	3.08008421787573	-0.90224499272266	1.41414480523228
c.1.10	-2.43226903234422	5.44396919901979	0.729469203740705	1.97669344026963	-0.438261398376658	-0.431725684318176	-0.109617145899773	1.61297045853479	-1.01191649063168	1.44363954983217	-3.38831081662897	-0.084508061790619	-0.470143353281531
c.1.10	-2.57386742485141	11.8760808937787	-4.78378851699284	-1.19513300344337	-2.17178187481141	-3.22728091790616	0.0413148011029251	-0.687616742826888	0.389007473475776	0.192600446545207	1.59079076094205	-0.36662301233138	-3.31478180952098
c.1.10	-13.1479427836577	-1.35348336481901	0.654992989483386	-2.84198712209282	-0.353994303800963	-0.397186188602663	0.544819734202883	-1.94416413239684	1.14494527004367	-1.74972245643886	0.442775783174468	1.21976307992186	1.42037538060589
c.1.10	-14.4269718492049	7.47117069928109	0.178850792585771	1.790228570172	-0.556327346431124	-0.734480041275532	-2.82383186304486	1.30114248968021	-0.555875363123421	2.01074353392916	-5.28579815039835	-1.22216997161223	-0.58884220983156
c.1.10	-4.19508092714225	-0.800400990185444	-0.87588084629413	-4.30665139779407	0.3404862887395	-0.00792654645788511	0.13326313820018	1.48012531290565	-0.522872440916042	2.51979453729196	1.26123291582036	-1.30294125199124	2.40783377313483
c.1.10	-6.3345333524244	3.80287406303319	0.424025842200357	1.37991674859754	1.44428782622649	0.0239536051170704	-4.92299497827895	0.981418925283471	1.44012941194969	2.11652277648653	2.41111120943022	-3.82391511660312	1.6658552143238
c.1.10	-21.526758209865	4.07531449451095	-1.82556029510772	-1.94904795995977	-1.11804663675888	2.35011561933099	-0.00130252456439537	4.67979127401272	-4.08048300377596	-0.750624780076576	0.361556198619102	4.34774626958	-0.0803122121739088
c.1.10	-3.59729746122077	1.69535489195488	-0.640570390711825	-4.130298989595	-1.05827042633668	2.12563792834478	-1.98194970546404	1.37341403982244	-0.857886002465931	1.23216429186482	-1.12721898032587	-1.37836559073704	1.34935614045671
c.1.10	-9.83306636545097	5.29096155311814	2.11350825883964	1.32974963149356	0.0377504470009931	1.1955190463102	0.954714456600834	-0.979866017887493	-0.0130440649128083	-1.84967370870693	1.17681720640305	-2.43469502374152	-0.526530576163206
c.1.10	-24.1417599580345	3.75409241458902	1.72196268101618	-2.14838850557388	-3.55102653723986	2.0465304720295	-0.850792894340413	-0.123366248090671	-1.068022661784	-2.69120681472975	-0.220192877006523	-3.30027860343624	1.59324576509659
c.1.10	-21.0605743122265	1.85663886261425	2.21318669892506	-3.48749769006546	-5.90266132172661	-0.00251869222746827	-1.01404604156006	-0.34606446678551	-1.30420269966213	-1.30356085972006	-0.535015307146181	-1.80810225810626	0.788662845501648
c.1.10	-27.3631291154069	9.18426834073771	3.19539992497604	-0.081516230244572	0.612475047928102	1.918953809931	-1.53410263683017	-0.127255590452607	0.160434915266039	0.346669624524758	2.41552197907917	0.899320424665316	-0.869992910823859
c.1.10	-14.0540251656989	1.82663026848251	7.14257465793092	-1.63150266815596	1.24976797463203	-1.28411459314986	-2.5015121899697	0.854375563860236	-0.220612490741778	3.02743470552386	2.24988980323591	-0.0264036575714159	-0.0353684242433541
c.1.10	-29.3345007871602	10.850810828682	-0.680086189142387	0.475733346437127	-3.05784974412529	-2.21023087712462	-0.874881898988334	1.5658493721356	-1.52664251566538	2.13194793605382	-2.37065952770761	3.65432910156364	1.35617393651741
c.1.10	-3.79962057529525	0.320014619907211	3.45657320188588	0.770557104159994	0.174990194495131	-2.69644526119698	-0.162963285964256	0.329028709090709	0.449081689584795	3.02544929101778	-0.454303566656046	-0.368566174271669	1.33291646417573
c.1.10	-6.55891641970581	4.45016877083935	-1.81771855868729	-1.37008278454369	-3.29950298831251	0.439489149145719	0.4019463061011	-0.916480268558292	2.03433748722863	2.03606683808882	0.247099520466189	0.606925126252702	-0.162231262890001
c.1.10	-15.4811655960649	0.157517069852671	2.09941052438731	-2.71136156797413	-2.10739211536935	-0.697183241361817	-0.506053950065299	-1.25259171480309	0.511275826705071	-0.0700232047670083	1.43224477755068	-1.15307193595151	0.690548813762832
c.1.10	-25.4847328364744	4.81139275347483	-2.15109894844357	-0.540136375395077	-1.67978364497335	-2.17858030011162	-3.38965043200599	0.353099048978316	0.169122743868773	-0.083858436998839	1.44374394054565	1.2471564714093	0.307805467721705
c.1.10	-27.4131154522162	9.64025877651192	0.290498417308197	-3.44141693083924	-4.98030659611615	-5.2121582893779	-1.8065274600302	0.284938451724104	-2.16745328243358	1.62087639241842	-3.58112168023293	0.820658898023086	-1.67576015418385
c.1.10	3.06940752282748	7.3574822363648	-1.78784755540866	3.11771421859229	-0.291380464639389	2.35748244617031	-0.842499963215265	0.0218511812880776	0.143408394084809	-2.54031783094767	1.44072189023874	-2.97146100256442	1.01422072281529
c.1.10	-9.74364605474335	7.90440685960607	2.91074794625662	-2.7526412201332	-0.169178394107131	2.14228653084245	2.56154143606938	-1.47465550171417	1.50928080958514	1.20401134362996	1.6632770224449	-2.36042840549258	-1.55409370128168
c.1.10	-4.1384072966273	5.07473757902213	-3.15903588523689	-2.25191501875554	-1.16164955101281	1.53099740986686	0.166057622291047	0.0417772955584383	0.372732998262413	-0.477477093791101	-0.0181380689536039	-3.76126133341315	0.310219296516005
c.1.10	5.837467518807	7.98885585619005	-2.58662392868591	4.16612536916651	-0.0697066693378738	1.15926651152312	-2.6823935056924	1.81141346089669	-1.37311231944753	-3.40741310102678	2.75957931883567	-2.03042718643839	1.14286912297159
c.1.10	-14.1395155306815	4.87995217888586	-4.13340719035083	-1.13963407949043	-6.84903104241985	2.17481251691574	0.586608284922723	-0.104739450085897	0.557625039139184	0.851195583645187	1.47585642590397	2.18982882262022	-0.252966956669351
c.1.10	-6.68339629737906	4.23801023867882	-0.251670433436999	-2.11136393107394	-0.595666100459306	1.19667366256722	1.63234813668412	-0.822807228931158	1.30987101638332	0.337634145069278	0.569536367885803	-2.36656247005317	0.32097613669968
c.1.10	18.5944755550709	8.64233221977043	2.07752147869665	3.97075951369563	2.05281207761594	-0.247368853557817	-3.41418885547869	3.04054996425701	-2.98585883309354	-1.20007893381267	0.748768745240277	-3.30821614840056	2.74678889722936
c.1.10	-23.884706508727	2.60166535371965	0.84738174012999	-0.943781240041547	0.496934151935173	2.52986516210509	-1.89129643855183	-1.229748352348	1.07778437680919	-1.36742692386986	0.136405538499329	-0.934513939324479	0.135207964082186
c.1.10	-2.97004080747801	2.17316506434871	-0.531332571127494	0.258507230747058	-1.75501637542804	0.910483053757933	0.876639060345058	0.167842846545945	0.447371189311657	0.761558234557588	-2.08691074002674	-0.877723274102692	1.22561794183438
c.1.10	-1.10880727706363	10.1594294643351	-5.28344535211947	-1.9762565630644	-2.90094051838661	-2.67540133486064	0.482538464360329	-0.523752234937535	0.442202296318546	0.212857141466579	1.07655929026438	0.0341880507445797	-2.9129335844007
c.1.10	12.2926072650911	13.2991808871261	-3.75543925422378	5.90814702358212	0.592128669826345	-0.664873096456584	-3.68643103230113	0.278146874503487	1.15955817441656	0.676377265025764	-0.433673329217211	-0.538384672620772	-0.73347781076438
c.1.10	5.42242973314862	4.67277717188161	-2.14347030405982	4.31999691987844	-0.0287159043158146	3.02363891277697	-1.29853892301297	-0.308456366076924	0.273201444372936	-2.03569818943088	1.49855675811704	-3.55873508524252	1.44668200768352
c.1.10	-9.72981524115286	-2.09083494516794	0.656047460539522	1.14468580271339	0.394178882981928	2.26000234692588	-1.67634904040524	0.396877725424496	1.82870114885342	2.27230942790952	0.00654158894407319	0.613566202582575	1.16998282837111
c.1.2	-16.6839933981941	-1.71404505940355	3.33866700375758	0.326763217796708	2.65848960960379	-2.08873546477482	-5.68599574155204	-1.60469929833712	2.98395797116989	2.23198446105782	4.36146720371556	2.08054318155377	-0.0420389038745426
c.1.2	-19.6098797941848	1.06214505953008	0.908683426777589	-0.202452880366088	-0.800925506708916	2.01518603444998	-0.23681324610851	-1.34881053989961	2.01233139719887	1.53697448090046	-0.0109738063550078	-0.651480019237988	0.670403635178761
c.1.2	-13.1935346942221	-0.599265645591117	1.6859893030736	4.13837288316051	2.5924987640956	4.05844497302608	-1.91193694704893	-2.02976560939091	-1.02667556360478	3.97066568322477	0.398024291771927	-1.49260115747575	0.223185116469705
c.1.2	-18.7791852118738	4.65287879620276	2.43400220642259	0.116043867022361	-1.12156871460906	-0.207008506254375	-1.72206492808214	-3.17977817184612	3.57510134299095	1.59219555148413	-0.17524658909835	-0.571381810497549	-1.26580486144512
c.1.2	-19.9359030510027	-4.21707244996091	0.628418023610909	-4.25017942463814	-1.71347035155524	1.95036687008101	-0.412339235437952	-2.31586374169749	1.01250012050846	-2.57866025112476	-0.742037843171625	0.98155392608851	1.04990743460378
c.1.2	-15.1481540608337	-3.02488046220753	3.65524805992646	-3.22398611395037	-4.05602185058045	-3.51443826445921	0.539496834882661	-2.51180542756258	0.642308113289553	-0.19883735452659	-1.06155291769275	-4.19324354703377	-1.45444339754276
c.1.2	-24.9241476487367	4.52221094250819	14.3205973159733	1.23211080778245	4.20710113700641	-1.64403665732761	-3.06732124785515	-1.16177905566695	1.57579708818921	2.7891494918794	3.36040518496629	1.89142625678084	-0.180603888588021
c.1.2	-13.7258629337457	-3.82869935170785	1.39866684548662	0.318195735404465	2.30870213305933	-2.42863757206783	-3.57144617776805	-1.61031172749912	1.54368395437261	1.48704838735242	2.43978314960428	0.8808706661704	2.47376137303407
c.1.2	-6.6291387112786	-2.03714084956261	1.9145817246568	-0.180570889636399	-3.61659533292105	-4.25840307598736	3.35933650449725	-1.07498827659666	-0.373119295515896	-0.375136705500943	0.591559904505852	-3.04955514445979	-0.391652274620978
c.1.2	-19.7982584343382	0.0956709528669119	10.2394279038579	-3.64404997583939	-0.997713103061815	-1.27113404829656	2.81951681225029	-3.52630505644649	1.06555023298343	-1.09568738465325	-0.447418942107885	-5.08215131019826	-1.10314094314217
c.1.2	-24.3837382593556	7.66834818957482	1.04073030267966	4.02772639381483	2.42806205815983	0.800117337079663	-0.255430644250728	0.601189321406443	0.182945627817909	0.522524957133797	0.688515989077718	-0.951662485984198	0.328582571015854
c.1.2	-27.4228387124054	-2.10367800117541	6.21100396347668	0.923974465627711	-1.80639720325726	-2.60243255651139	-4.45184868156472	-1.5496468277302	0.434879759933193	-1.36014371829841	-0.353538449743482	2.69999483584706	-2.26291838118521
c.1.2	-15.9329029855484	0.304561466909249	1.57472239617165	0.43337282546668	2.47445627804595	-3.87227096825204	-5.18805202058077	0.442443433216017	-0.129312245915969	1.65020112362431	2.55546001096315	1.11803676781887	-0.65615849044947
c.1.2	-30.6303802653553	-6.15865164459139	9.82900502586293	-0.166862950181826	0.128260460511287	0.841870011677546	-1.18399747885357	0.240735810785446	-2.35978879005323	-4.22286549787049	0.785209328451215	1.16546453871436	-1.59253862404074
c.1.2	-23.3606043926504	-1.27062609071164	2.0786614521498	-0.464100596589811	-2.55825396874465	-0.746864937527281	0.364968513778047	-2.94491664212399	2.48970322869453	0.843232953923048	0.163188489213765	-1.16494719811575	-1.61425802531827
c.1.2	-19.2281506213955	1.56122885995374	1.59254129573987	-2.61198321688227	-5.59912372629356	-4.43178437975613	0.471678070793388	-0.530105366258475	-0.258544645915969	0.462451988283928	-0.560374292516314	-0.194019519261589	-1.18514440206574
c.1.2	-11.3979002714198	5.47649975324137	-3.16009136866953	-1.11800957665293	-0.640082232972959	-3.19568552660555	-5.25865594967005	-0.123599989786783	-0.710501612002599	-0.533400842610809	0.658802794528182	-0.120420973244506	-3.06924120382183
c.1.2	-16.4759162353169	8.53131920096609	2.73580251560159	0.945014589910955	1.2263389701235	1.42585875528031	-2.73839542144315	-0.949948779113072	1.26829723599873	0.0211397725354774	0.543081658909664	-1.11313044604961	-1.38443178989498
c.1.2	-19.9947953189169	-6.96891411661404	4.61470335424504	-0.946757274775193	1.37595710768358	2.95503336163207	-1.4119697619697	-2.56382715372496	2.40722425150461	-1.19578266123874	2.35745981989911	0.729451277045709	2.09009523311851
c.1.2	-15.1972126879279	-2.65006922524365	1.72215726834866	-1.12555654142041	-3.74632350543557	-2.46669917812086	-0.0545659298413134	-0.923396783865434	0.474199149796727	-0.554427715969181	1.04448840862956	-1.21501812344843	-0.848006240722186
c.1.2	-22.0922233672153	-6.02308905697991	2.82726149486412	-3.28955557102751	-2.58088193906579	0.269510531926157	-2.49449496093909	-2.22988441234418	0.573258490018757	-2.16619555037584	1.21796775132135	1.76402843964772	1.98374860068307
c.1.2	-19.3975821154173	-4.79933801484275	-0.519308119554307	-1.79041286109395	-2.1094018110699	2.10807108672341	-0.381938597851175	-1.00780388925246	1.15985430251364	-1.84432021902809	1.69498387443214	3.36693844422383	0.637712718454328
c.1.2	-29.8189151503675	-2.48452766470484	8.79757324775428	-1.34423398336658	-1.60918598110679	-2.21487599161278	-4.08851416872226	-2.25381865334345	-1.09122822998492	-4.45464103122046	-4.59121765195623	0.0281625077935906	-1.43630121797467
c.1.2	-12.7894445586807	-4.33916035817395	-0.0667121340548331	-0.0902493345616076	3.01440880711132	-4.12116236372735	-8.0152213702923	-1.38691108686001	1.31295232460775	-1.29026417565642	-0.458670182129646	-2.48913101416856	1.11564062660149
c.1.2	-32.6307189263703	0.487269608501477	5.35795879493384	-0.892853633440565	-2.77082471719935	0.565731516295031	-0.54558670801292	-1.25898596663022	1.23908400601066	1.75161352047321	-0.621541312864546	3.37600225228541	-0.574921250946107
c.1.2	-24.9902450330217	2.12582236262421	5.74283733797938	-3.10040675600341	-2.75304368556519	-1.04628333710247	2.09475964623869	0.960129263470655	-2.99252083121695	-2.48307464765092	0.0678591884405292	-2.92163866983563	-1.38486262449109
c.1.2	-22.312267611536	0.32587325559839	-3.06067666466652	-0.0708541145534897	-1.50672953360563	-0.69803766379294	-0.855871589149459	-1.48049528693416	0.105863752926514	0.435255687761489	-2.01398847458562	0.731964465648975	0.239555407357448
c.1.2	-22.4324894885588	9.53415326513881	3.94358491129129	0.0032538502380776	0.115118452020358	-1.55606973317927	-2.40754703267049	-0.428867280914867	0.751611442493287	1.40755338217102	2.88845129657405	-0.826817061611157	-2.17455723893196
c.1.2	-20.6328116441015	-5.1459300180551	-0.685789181488214	-0.800531685410404	0.737601524367789	-1.48620876698516	-1.30532430314476	0.625939870787225	-0.743539857106536	0.654839363114329	-1.39068316558538	1.22697718030855	2.00717611574324
c.1.2	-21.5363940040391	1.09762435325084	2.46775626217745	1.36621765993185	2.2481890468056	2.1749999183334	0.331032122050996	0.00473055395946587	0.789799235646563	0.872262019049582	0.48434182848971	0.0025428536526626	3.19355419915977
c.1.2	-17.9589759665406	3.03893642124905	-1.84636892899065	1.52168753332094	-0.794488592128806	-2.36046140396708	-3.11316706119102	0.130343377551798	0.0889616197420159	0.244376398392109	-1.87149803407324	-1.25939447386149	0.591044138261471
c.1.2	-26.8823571105507	2.51319133670353	2.16435980542859	0.93862344361719	-2.73207827684682	-1.32741086658899	-1.2647434480934	-1.12945871261355	1.04677940641039	0.662349778451973	0.242142197335981	1.47879545062796	-1.16940590528003
c.1.2	-0.85442097152414	6.02520389957426	-5.84560440807756	2.05192486286358	-4.01024566109277	0.158569822308572	2.27106939407106	-1.89732668043065	3.51009760364793	2.01100563335443	4.94619251129731	3.40072275083723	-0.240156027229823
c.1.2	-0.973689073980006	5.80093365596458	-4.87640821741488	1.71666823965163	-1.82445189205715	-0.0880191337524566	1.14051180312884	-1.64664440062815	2.85509318092295	0.963665590594749	3.50748733990087	-0.136747936256076	0.105180666324804
c.1.2	-21.5193629140789	-5.01619565011478	1.02560675840434	-0.516919709828363	-1.62083655181182	0.928915513789968	-2.12203377905925	-0.172755160064341	-0.217800926299361	-2.58653472027941	0.255327043748446	2.15383984638435	0.414235074636821
c.1.2	0.328438682161666	6.40842171208805	-6.27037925972263	1.37551608411038	-3.52609004161772	-0.318544582701269	1.61063868818885	-1.33116367491128	2.73442089166616	1.91414535090887	4.35884026582788	3.04371305745167	-0.215107518927589
c.1.8	-5.85475646582344	-1.63827349265894	1.03524558976382	0.342589930287437	-1.4593487279415	2.61750334678206	1.1441323521317	0.116398427233221	-0.308752279717409	-0.403859249422035	-0.453714400853425	-1.69241077667157	0.367671782570091
c.1.8	32.4858533412722	-1.05977815384553	6.7875996118512	-3.3010566002598	-2.85233044282818	2.48231503465242	-0.485157267022172	-0.783649623352413	-0.0542644078865131	-1.67742531002664	-2.88294720603052	-0.363175431638025	-1.80814210677405
c.1.8	27.9689152544388	-4.63509434230399	1.87844170343761	2.05881128140669	1.23110403912014	-0.255796807166893	0.651964116380222	2.46286990511609	-2.19998106861885	-1.05779975626495	2.04580137995245	-0.426977610576039	-1.02843743588639
c.1.8	-0.490220495323629	-3.82083186373879	-5.98363053465965	0.591057828922748	0.745988485152982	0.642556147010361	-0.956212547519785	0.158014265432645	0.665547676417496	-0.193114488229257	0.0424887632836626	0.722210082997924	-3.1424619655201
c.1.8	-5.74160872361089	-3.28868955805503	2.35275275852563	4.34703118200864	2.21190503731173	3.46592752891987	-0.262710668440824	0.925954921896444	2.17183010668243	2.06915788530261	-1.63063227355625	-1.12896766617406	1.2183032603459
c.1.8	-32.4050267421028	-15.0677459635601	4.15491249751442	10.9026144161849	-1.55455053498893	-14.2364078946181	5.62341503692978	0.165519215203289	-2.57234086152214	-1.6251497034705	1.31733767518948	3.4520036557397	4.35392868000506
c.1.8	0.480281080336587	-8.23379806415247	-1.60776312454918	-5.10978216401071	-0.0787234388470245	5.36367946515043	0.524254010701585	1.13703112146215	0.705456132069969	0.841923782736628	0.102376595587017	-1.08280511100373	0.624167512247822
c.1.8	29.8434064197429	0.671029631881976	4.12048307826279	-1.04455203958649	-2.02156348560444	1.39577673825376	-1.42906895480522	-2.08151898532549	-0.882997872442688	-1.19591926100945	0.190221782135226	1.72344091233892	2.26518626663105
c.1.8	0.171148769823329	-1.17749388165893	0.321321341557124	0.932678510870177	0.665599980530463	2.10021733683695	1.93192704256947	-3.04527955855349	5.00563841255291	2.75238427771787	0.243092940660166	0.481325270935351	0.265197938474287
c.1.8	15.7101101041393	-5.32411866996224	2.32776543908437	-0.387418599639482	0.909238648783607	0.770732461373601	4.54727836194338	0.0785789408849261	0.14494621017108	-1.12579424123531	3.03498401050679	0.135765615077769	-2.15381593507236
c.1.8	-10.8629664569057	-6.46383389575657	4.31526401316023	-1.31069182413599	-1.23847301729662	2.6520570831601	-0.914601500226585	0.778412613975229	-0.000286567788149573	1.81139705683782	-3.22962965078615	1.47285053549484	-0.875297235710118
c.1.8	16.954040524078	-4.39320777451719	1.20655524222258	-0.169375182056881	0.434517295871406	0.0739498536928195	2.83596317732132	0.346655843839151	-0.124202213372231	-1.21874410336159	2.29115193551203	0.112041989962294	-1.94345869071124
c.1.8	14.063703174966	-3.12883066966782	2.78514081828048	0.571172447508186	0.894340818379235	0.61104942133446	3.42521215602838	0.820363121652254	-0.574472606991557	-1.42277747482467	2.42302630488555	0.330106458830481	-1.88767033707129
c.1.8	16.994479137754	-9.00363814152433	-1.98870443940431	0.503727914087559	-2.05886898188818	-1.42357713815922	2.35114698111331	0.0424272788260876	0.831644401731382	1.30460546005952	-0.763816163155472	-1.23130673953344	1.93939943250827
c.1.8	26.5663577877744	-0.382955371782391	-1.01133002959236	-2.2443087177972	-2.74804342898281	-2.29736598869568	-3.41479797160714	-0.405061559545405	-1.26736174183697	-2.94850829027608	0.124513027216896	2.06575465423967	1.14560130066478
c.1.8	36.7668215779038	-0.167361644907878	0.191166412126595	0.349702390035228	-1.93933330340848	0.964640293847351	-3.86882459866341	1.18140218741972	-1.47668785493368	-2.2716008362761	0.467961021167545	3.50382044838647	0.25630257284633
c.1.8	6.87850394923879	1.37437854157642	4.62319013723822	3.90551614997747	2.14172434411016	-0.16409032055946	3.25501387553258	0.515303551414968	0.256709353696952	0.226712558620419	-1.2362201561859	-0.486880902719114	-1.22696132182166
c.1.8	8.70944499416952	-11.1323767700974	2.52155410424056	-2.86594086342495	-0.836857138226976	0.675434608944569	1.55045117467563	1.7696356742974	-1.01447255667256	0.410920102258127	0.0709542226892026	-1.77287703727769	-2.70620856449018
c.1.8	9.10272773268224	-0.0610536304821618	0.995993113818196	3.9673527172185	-0.412774849271341	4.85138522897515	-1.44790463604297	1.97720304007628	1.09081979478074	2.76884878394542	0.0183705730152054	0.0399315230682746	-2.39932481742984
c.1.8	-6.18796038916944	-0.402802129109747	-0.102015670775354	4.70149563219987	1.26225866986742	3.27061948917045	2.83340005316953	2.01893831721119	-0.687899124335443	-0.54258315699211	-0.849963692040227	0.624723095788621	2.42838326068478
c.1.8	-12.776601717682	-9.72805794433943	2.82415607107324	1.24395119048464	-1.11428583975708	-2.75250079115148	-0.817673136555268	2.48613946080146	-2.72107274118965	0.167025133127577	2.20860319440485	-1.55641959439179	-0.382310101105941
c.1.8	-4.26461868850867	-5.01068984720088	-0.598722849905803	-1.90509855709713	-1.27983218982616	2.29889011539559	-1.67752553665248	0.88761915679599	0.193266847121229	1.25496712990387	-0.859828362336561	0.818961163011993	-3.20272718939107
c.1.8	10.0828440518124	5.5109120963269	4.65886877465149	-0.467168277304871	0.906139354829204	-1.56415592920936	2.90795264648615	1.19507209401221	-0.902100025577057	1.87045823433901	1.21187507313395	2.14038633027536	0.909976609133032
c.1.8	-5.76244774999784	-6.59790268839436	-4.27145325065955	5.20514721145464	-1.0190098907076	3.74280836705159	-3.09352377445376	1.90730941377046	0.71727668210902	1.51233913263748	-1.2686359214894	1.45390787790814	-2.57686548699988
c.1.8	30.6430588324606	6.27531802976468	0.768107606211079	5.33541611529475	-1.8867174603789	-4.06965646277124	-2.34295966395673	0.567721463423565	0.212671259567322	0.313482767047591	-4.13573129242567	-3.59461053266732	-1.15601588735583
c.1.8	25.0288515958905	5.77587222988766	9.36069444002876	-1.72526478670169	-1.49603638790031	1.71455577277542	1.12239496096444	1.19327155449833	-1.41478423394221	0.160802467845855	-2.02425336089246	0.349578511691978	-2.61335776527898
c.1.8	-1.75946713800818	2.7429266651206	-5.31802014105333	4.93624440208825	-0.868010895321773	0.718906916663222	-0.367762484254175	-3.23910595720383	4.11914608898508	1.34731758154475	-3.64601325685952	-0.125143262584384	0.747388552270911
c.1.8	-1.10430685346197	0.918783343971561	-4.64193849857761	1.37165652425318	1.25505262677897	0.228701985039978	-1.0698185741003	0.923902514567501	-0.885277272641792	-1.00377676680354	-0.662954225757622	-0.31935059775442	-0.98637360621716
c.1.8	2.8578022781044	-5.71631529706436	0.947361659790582	-0.820049391908144	-0.39770372904054	-0.432985961195514	0.307137734676689	0.167006991082913	0.681272324517287	1.35540480778015	-0.269747837306227	-0.836116748501608	-2.56618573698739
c.1.8	7.76576323148154	-6.00526195100674	0.857090238111112	-0.867080220661259	0.315661643384637	1.54325247638109	-2.38167289253224	2.54815809902208	-0.958516478140681	1.01763913237883	-0.276480551137765	-0.285624246746084	0.597993134654178
c.1.8	38.8384888269503	9.07548474942106	4.21092192695204	3.27902416937322	1.48867987797099	-1.23187923800188	-1.01804399676014	0.658644190623642	-0.882509648357594	-0.441296470473318	1.90260813951819	0.0641491577927355	-0.516612447807315
c.1.8	4.04183850540489	-4.41821389192726	1.75089677906104	-0.861995140212564	1.73852293905211	0.192672964199202	2.86761785618503	0.862657873860556	-0.532107759975761	-0.4601521550736	3.24729009359385	-1.29532306997764	-1.12614634581547
c.1.8	8.72941568927432	-6.39858884506854	-1.9242775490627	-0.0874752346014395	-0.976139787977592	-1.18002518574209	2.02960659155181	0.865073959305189	-0.532226699229279	0.0576396522060605	0.396171375190306	-2.20627518995739	0.86568102763972
c.1.8	-9.0779797100692	3.90372193870789	3.41984276771115	-1.55337378097664	-1.8523889747445	0.939238539866145	1.53211276814111	2.12032361763793	-3.30658944931049	-0.968646865704623	0.702743151940362	-0.0559789587894831	-1.0144089856509
c.1.8	40.5872235986737	2.1401672187262	8.44812563154852	4.21011571941046	0.230993944252078	-4.33647540056039	-1.27584742131927	-0.769698449320339	1.38594172989389	2.46785963354023	0.856391902155493	-0.217380174309627	-0.338942089400553
c.1.8	24.7520667591393	-0.0929552577307882	3.52457022822321	-3.13969360741879	-1.20063023544511	0.153012369509618	-2.71730892495126	-0.767599427976084	-1.19790738580036	-3.13068107441368	-1.44002899805542	-1.68467234442314	0.752033661570721
c.1.8	-13.8494226965012	6.45623480068972	1.53819145970159	5.92742270664951	-0.922328070144273	3.0786375810428	2.11728962144449	1.82381967317421	-1.50098553936782	-0.756937541688597	-0.692133159393908	1.05906512373774	0.514423940076694
c.1.8	0.965441117898139	-4.84030667583648	-4.98447125518236	1.1303547752247	-0.728064824437975	2.8773048162374	-1.31634400365809	2.18384063359099	-0.358275454107472	-0.37313154035924	-0.162874237963295	-0.170415523580612	-2.60724748176529
c.1.8	20.9689890240406	-4.5533777291688	-0.586845453930365	1.78737534788225	0.662791174230943	-0.975982641615057	-0.967844860586382	1.02263389038115	-0.624242332004267	-1.45184014551455	-0.217056738012202	-1.73206937560026	-1.34883383886294
c.1.8	42.8933581970743	4.27764825355127	0.897789790368249	-0.330761262361917	-0.889534869231407	1.18636533068434	-3.46036480129469	0.480496654575162	-1.00050625330962	-0.782844636531602	-2.21325856259396	1.16609007040641	0.188345158640003
c.1.8	16.925896012791	-2.51080743551951	-0.127206185288468	-2.13130261773258	0.652951234254614	1.76224162600517	-1.4100473842405	0.780174629448523	0.383737355939268	2.27168587274373	2.04111073826844	1.60097889295071	2.31761115349953
c.1.8	6.20886000181583	-8.38181655213568	-2.21475597272442	-0.600961994606779	-1.66548282128404	-0.892271200459955	-1.74585324656166	-0.574956896312104	1.33145049949656	1.22317811601924	-1.44868534224151	-0.695511783841559	-2.13762759277708
c.1.8	4.87107602381813	-6.61141019119666	-2.03134353628563	-0.92421006799573	-1.92469991623299	-2.39845064358825	-2.5808556882063	0.614880280186347	0.284522582255965	2.08235006514389	-0.22718582408882	-0.132863683493367	-3.18930861218492
c.1.8	-21.9567186362451	2.83476399009954	1.15754399337538	3.2988146544698	-2.42423170498367	0.588656854125778	4.9908115236489	2.43852191654352	-2.61990290928326	-1.57219373589969	-0.944139389009673	2.90816588814085	1.26004415236885
c.1.8	-19.9629070911201	1.88027507223699	0.523199959682691	4.65485350922798	-1.14868717722093	2.19165819656536	3.46654870524714	1.5870501336688	-1.13357165957448	-0.818977107422801	-0.549510508851509	0.919988747520937	0.875612732015237
c.1.8	2.36595702594258	-5.21094569881876	0.492952988831826	-1.67726877780182	-2.29193588018169	-0.152201202833479	-0.0349468616967926	-2.1751558972506	2.32232075616688	0.0701807181377228	0.397873368594626	-0.518186026893857	1.87966338652031
c.1.8	5.66800318403928	-2.86152886457265	-3.15230837404747	1.55289186359976	-1.8709436367804	-0.480034046527657	3.02086502673552	0.956549409815005	-0.673738718900583	-0.822052541660585	-0.981374494120001	-1.43438972330084	1.16584101980945
c.1.8	12.0256120872779	-5.95571197674762	1.59642796269277	0.759080410158343	-1.42991253829091	-1.29041978991735	4.10135914889916	1.19533014700007	-0.182462401507321	1.99391584997814	-0.0520505002436511	-1.10926276334437	1.48163975909825
c.1.8	17.7684214311861	-7.17317531788161	-0.572510178459075	3.54286510379035	0.0453714884800384	0.577741554984043	-1.01375691689305	-3.38481074073605	-2.46076789678372	0.401487562322125	2.45742767371116	-2.11295030777425	-0.116190307596466
c.1.8	0.905915439735169	-4.26690112200463	-6.43772991138773	-0.504149603871859	1.05548657400954	1.95813572064161	0.107279420016902	-1.79764006795005	0.904163389324752	-0.958090714304707	-0.216380174327235	-0.466291165520941	-1.70968559306093
c.1.8	-8.27619366187714	-1.64549294137962	-0.0384180827458946	5.01394531446888	-1.03762411912909	0.851670618515555	3.05714339935465	-2.11112743028479	-7.35348607036486	1.9100200215596	-0.533546889638609	-0.111165837027805	0.638908879721566
c.1.8	49.2680500491566	15.5960258080188	8.31736905800416	-0.0538861772314334	0.410607516108953	0.80418214209476	0.28400161472495	0.466879731626793	-0.4746983377546	0.858103914308805	0.258674900116867	4.06586482524561	-2.87148684138353
c.1.8	12.4381587737113	-2.76749196102433	-2.60659728455199	3.82094706787878	0.00526614171443652	-3.02182304619878	-0.485212936442876	0.601776561265285	1.16789915423313	0.986909779759865	0.478165524415774	-0.502246174369953	-0.942660880516594
c.1.8	13.1374658293023	-7.1852027312524	-1.64488560663687	2.53370209673512	-0.579375481379129	0.472293274824053	-0.527400416567898	1.14725933591254	-0.589437545795826	-2.0184464428368	1.60629029362873	-0.889926166879355	-0.0124480294822251
c.1.8	6.71097696334685	-2.09208253593229	1.25677628441078	-6.09475777495828	-2.08202594427213	1.20873583731639	0.459086930246979	0.557890543984534	-1.49007961918862	-1.1369408115236	-1.28833465509016	-1.31376074916822	0.970700952811533
c.1.8	6.27621204543787	-5.30133117971864	1.17954747435245	-0.707047293344568	-0.607237421049023	-1.56750803191306	3.30141435207846	0.853171925185279	-0.921645437459111	0.35653930854695	1.02082046081733	-2.03411158377911	0.843022655487608
c.1.8	-18.8042487223745	-11.0983900655456	-2.07226955088225	7.11509329274079	2.47759599468277	-0.584705772378037	0.489239759360416	-0.739841296350993	0.0170865867386728	-6.92626910340714	2.97057329049602	-0.868499386287059	-3.87384253356661
c.1.8	23.0999264951721	-4.73175686642943	-0.840990739733339	2.82915409974876	-0.170764241270139	1.66092544901854	1.03487312512386	1.3164353602216	-0.519698195757049	-0.612856715184201	0.602709842210871	1.05480144097639	-1.37170443233997
c.1.8	-19.3315292771042	4.07596159653939	1.80502147555815	5.29385708032282	-1.67487646337332	-0.16765689008848	1.55280083898117	2.40412258354131	-2.07500702246749	-0.407466523400551	-1.12335317817224	2.41992380060543	1.77766556754051
c.1.8	-7.04849178237173	-9.00737064563195	-0.812067428390384	6.27046095211372	1.56420642658129	-2.31933281278068	-2.60173499888324	3.29834042484944	-1.11963370059813	1.43681595252368	-1.92092609596903	-0.953992494972363	1.41939400757626
c.1.8	-6.65068632939302	-0.51230115417126	2.43769916322932	2.96959390082268	-0.0292705481350598	3.7575693427863	1.94317872743302	2.73335655438124	-1.93350512136466	0.959112084874907	-0.326856087494306	0.547764904752442	2.39754811963118
c.1.8	-4.08247335743228	-3.38066030645966	-3.0522490574389	0.890852099248467	0.890649095980759	0.578966892724676	-2.8026661450812	0.930839190565554	1.18731767540776	2.38154596338352	-0.581951739977686	-1.03249621142904	-0.338029827745818
c.1.8	9.83659331462477	2.87878251474191	-0.160465736311748	-1.03088254322429	-0.295329559327698	-4.06068568079173	1.64874727011636	-1.34035800904027	0.364619291303392	-0.118130817159104	-3.66019429294748	-2.60522641673252	1.19293644544119
c.1.8	41.0219827658197	4.09877106564633	-0.867445824500194	-0.798383252044692	-1.577634462157	-0.0253449647023328	-3.10531923268093	0.289289689049841	-0.681637154392077	-0.729500582322627	-1.23194559852376	2.52194470726696	0.153299808364025
c.1.8	-18.8884937600007	3.63332384744949	0.478722175864283	5.00272577530964	-3.35292792785717	2.47957135685483	4.89710407084742	1.98645463840695	-1.4896524113078	-0.580798368344414	-0.809388186213537	2.07138315224792	2.17012668971499
c.1.8	12.4306551810911	-1.25104164267169	0.433420985186584	-2.07398918576208	-1.76753403864579	-3.18499178963306	5.14242348628126	-0.979753885239023	1.01546433953048	1.52736008630216	-1.06518064385755	-0.00352773660251895	0.942356990718036
c.1.8	29.9583407411542	-3.02407777511932	1.96516648807606	3.42089562241121	-0.902807557778724	-3.82390617088121	0.66177408232012	-0.435515841324374	1.25121697375279	1.45859524432497	-1.11552103844394	0.940951811770601	-2.37252591931016
c.1.8	7.0302049530524	-0.0979526224157574	0.344799532129643	2.86838570551072	1.58521361240128	-1.38757308440451	3.57577141353049	-0.260198184836245	1.21221224563501	-0.12062594039255	-1.02095701729474	-0.897926915665379	0.312455419542969
c.1.8	9.80098506155782	-7.9804542521145	-2.31294324877264	-0.685929742645986	-2.13190902969008	-3.25708050283043	2.40438303416373	-1.46769594588888	0.836219227589642	-0.0201576586850285	-0.806700264986952	0.737092483685576	2.1574092816788
c.1.8	1.74790062378699	0.894485659510147	-3.61350334992441	2.54139716795145	0.610639596923583	-0.748881535136628	0.289266980356443	-1.30157617726471	1.05378932051444	-1.97350354072659	-0.515853856778165	0.641108774454607	0.98422764146385
c.1.8	-9.00560319736998	-5.97321732716413	5.57266384331501	2.22846151170263	0.306320975904157	3.71844773491059	3.7011885574333	-3.83208387272483	4.72855747364569	1.03131652231282	0.226964172840946	-1.41394969451845	-0.731818283156342
c.1.8	-9.52967873611526	-6.36857949459777	2.5186720654887	0.215032324120469	0.659856534326745	6.36128290726536	-0.83707860383485	1.45804536560759	0.662583211389103	0.981335705507303	-0.9109593308473	0.954901374463315	0.132547984794841
c.1.8	2.04791163845067	4.47294223882532	-0.733055042330615	-1.85287025987321	-3.18919168576591	0.213222621243709	0.579013128565096	0.743762504530717	-0.847771815921469	-0.568344924971591	1.20742552670766	1.58234071404329	0.83811395221173
c.1.8	-2.80265842624713	-2.07127946659751	-2.82991784111691	-0.3666821754501	1.19852399363503	2.20296754677711	1.35605576382189	0.112302403645367	0.242280965318009	-0.754524836642909	-0.206852099606247	-1.01326094361063	-1.49882207628957
c.1.8	12.9718693730441	-4.84292552482974	-0.0357475822210055	-0.702678408563131	-2.18524193023002	-2.62907727984566	3.47080559399448	1.49571826059464	-1.13413453821108	0.94595697037183	-0.523073632731141	-0.55102334328441	2.07072927123277
c.1.8	13.0590692560212	-6.94229721680424	0.0920686009704443	-1.00303018553039	-2.33160943838289	0.0527947589431572	-2.9347783103048	1.16696831664164	0.0270460143174017	2.22119914733233	-1.69514562914738	-1.91283712452496	-1.47528672307146
c.1.8	15.149039582475	-3.97493139244982	2.33812785038788	-0.580141384460588	0.531325675404746	0.0695542935579629	3.74126448570776	0.289954409764061	-0.213811865055451	-1.08255113975047	2.6493843842965	0.294457048064044	-1.95698313905774
c.1.8	23.6257366865855	3.89053492841772	3.10893542091684	-1.72023446987553	-1.44289213051881	1.78141336389658	0.0819838454101049	-1.59534408390437	0.489842850257112	-1.7896768521118	0.0790039137683238	2.15371741954509	2.58321204767864
c.1.8	20.3755129187693	-1.76763554044269	1.77948782421869	-3.69528404751874	-1.55440296772828	-0.785901215148893	-0.899557115250954	0.360604496401872	-1.99478539719524	0.335935006386442	-1.91049628377047	2.70745022383067	2.10832287690425
c.1.8	17.8451424134841	-3.91457859053791	0.223654376878553	0.742318602053937	0.0143670517231243	-0.0455485591939516	3.0150821233121	1.13928031821844	-0.413852254588669	-0.681926341022898	1.55035514232701	0.0465214113428649	-1.93896573567082
c.1.8	4.39293448264235	-6.25377202239499	-0.471901638452445	-0.227778869572315	2.56347617934501	6.20171012899167	-0.0987513278577281	3.79811931422503	-1.07986650029477	0.888033948397544	0.722105907828684	-0.285504242740062	0.228855378842737
c.1.8	27.4298467842261	-1.29793635775807	0.899261522699989	-2.83960923496699	-2.37877646971041	0.00757511045822162	-1.32104810802244	-1.99986065042841	0.400664199130608	-3.06125197933647	-0.257288408420433	1.31758246099269	1.72927829943296
c.1.8	30.1335294592064	-0.381674525383855	4.32997083390916	0.18248514300378	-1.54424210174649	0.409079135463309	-4.4649823072089	-0.779849278611184	0.184543604981488	-1.03606194738866	0.145269904103739	1.00954097052999	2.11701590051732
c.1.8	9.29876064943713	-2.05589265480284	0.515190562423385	-2.39382341097616	-1.31853763455886	1.83035945531331	-0.715340438108725	-1.13984729662063	1.04947915668642	-0.523919137210954	-1.43020373451471	0.695948036330784	0.49376490599838
c.1.8	-8.02513786591086	-1.07422263075525	1.75524338561357	-0.746963538264563	0.549920709712968	-0.268453295756074	0.670975527546013	0.463227203198785	0.639416388253874	3.22471437987358	-0.319923651353413	0.521846817688557	-0.444715138551972
c.1.8	19.6527944655963	1.83057277847564	4.30567372904796	2.04207921895926	0.375656886829436	-1.11953665956514	2.74664965341935	-2.14592528993907	2.04339183430407	0.736206739261636	0.926865059952289	-1.0194312163223	0.67577940160899
c.1.8	9.2827179879538	-0.966608090584365	-4.56263219332035	5.65106564537244	0.947909113601728	-2.25037820541743	-0.915324269428548	-7.97284159009297	-2.08852728465415	0.0606547305927135	2.34436371422374	2.42932079328648	1.15063155601821
c.1.8	9.72781434602333	-0.200892877443798	-1.04073268063395	-0.454664899880263	2.12982653247229	4.13179439073384	0.269506960056086	-0.65497135550318	-0.642279247489133	2.2812845750486	1.20002183139081	0.604046102821543	-0.17032792499613
c.1.8	-20.4773231011536	-10.531482385982	-0.244699279303685	3.1892679444656	5.70211736498848	-2.67123041823178	-4.31597728661626	-3.54277864309062	-5.43385660983447	-4.86709990362051	1.10944741120392	-0.0697558156078543	-2.40058652431848
c.1.8	8.35180508458774	-1.43126189374323	3.10686096929154	3.34420499770637	1.58795351872543	-0.14174940862999	3.23727261658675	-0.500178904845173	1.56390517241707	0.549131485489459	-0.381510366986631	-1.49449139149577	0.472554586960424
c.1.8	-3.10805032603167	-4.14742609279432	1.11856082880886	2.50085994711151	2.70110181140559	4.26330907185465	0.664952179003553	1.03291406077578	1.23467442825876	1.58448064429093	0.0776919705337401	-0.858161312338885	-1.15809939971979
c.1.8	-10.8805769318636	-8.89813672636279	1.37214164784935	1.51847711589521	2.62322886209146	2.19833786212253	-3.05141658204748	4.11584488379331	-1.49722367575442	2.10029294421357	-3.85249070773305	0.433885612588583	-0.426068017330778
c.1.8	-0.6933657660665	-3.75495930409872	-4.89856465191717	-3.18717792172849	0.211792273859001	2.23358291423363	2.19552017145322	-1.88951980663217	1.56557395024318	-0.536682521991904	-0.087597600325246	0.18219372581368	-1.83892033891971
c.1.8	6.41580548877091	-6.75563533653008	1.34662948655898	1.58105248070071	1.53834314708544	1.56866412179992	-2.80736580995334	2.0338900991182	0.13904637217964	1.05224420410876	0.655219834796285	-0.720563626691563	0.35991273047667
c.1.8	1.46624337923677	-1.161182752821	-0.784244330283468	0.0361016183652176	3.36860407275419	1.61895404575301	-0.329274630830072	-1.20227659178221	1.60700057537279	-1.34543341798443	-0.927240172446393	-1.75761062568354	0.358494528805253
c.1.8	-0.955764638647658	-6.69124475174236	-4.14145126978733	-2.35356992676208	-0.819744627793311	2.2685528985687	-1.67717021844434	0.647421993561084	0.585623929716778	0.240719168149057	-0.936796203846891	0.251511245639053	-2.03202738774333
c.1.8	26.0794776674526	6.02102717428139	3.13421384007514	4.79924339073081	-1.95993203402471	-2.55287424646905	-0.104766894226678	-0.805752359107243	2.15155124227095	1.62880029564016	-2.58329925613837	-1.34055263552263	-0.881453534259076
c.1.8	4.18055474671149	-5.62318918459108	1.48999392187852	0.803141498372482	0.219358238844907	0.703871228793412	3.18186130924845	-0.0986725626448906	0.213959842023988	-1.55876299217491	3.08035415585599	0.128811798836439	-0.934610999638422
c.1.8	-8.17430192958235	-5.22301335809771	-1.06718325070118	2.55104014761289	2.12643964373905	4.27008052932011	0.65928300238325	0.68146149114564	2.09302918890311	1.62170988795148	-0.961640580474023	-1.20634879154716	-1.62466540416073
c.1.8	13.2756389365693	-5.58751816826642	0.273538630660103	-0.0897691651702265	-2.01503537611094	-3.54010609099974	3.24279899170894	1.24166581245679	-0.900968959238646	1.96216976058741	-0.905293108666117	-0.332808048029523	0.850624868589356
c.1.8	21.8079648235824	-1.03990395430271	2.62449895635684	-2.12512825988783	-0.632998716072018	0.926221152648611	-2.85509331909938	-3.02526725303227	0.40068945966328	-4.75479876113966	-2.54771414076063	-2.00013082953382	3.73996238478146
c.1.8	6.03181861777048	-3.30133179749149	-0.501008904767382	2.84523187822824	-1.38077094025803	2.22204498197132	0.694135054158391	-0.576682257351901	2.36170009142646	0.270343242843414	-0.981215563340885	0.0169687027908365	1.65608136172342
c.1.8	27.7375585932282	-2.04110534073817	2.6592393861157	2.78769474339105	-1.54592003148343	-4.46529839786502	0.790208272658477	-0.739041932996048	1.61804533994879	2.50421574778816	-0.55903039526456	1.34246212178074	-1.42982811436036
c.1.8	4.20892899771209	0.395873930614482	-3.10021913521247	3.9386158818166	0.489756417354668	0.881832201131022	0.355531118639462	-2.24313980767616	3.08156051775884	-0.172180691340696	-0.475644961232938	-0.0494018207545013	1.24309095490545
c.1.8	13.6805857756426	-5.44910496075558	2.20343319935182	-4.44158774298946	-3.4631653405831	-1.00777822316676	-0.703488629422977	1.26138304986431	-1.47920240366571	1.62477476805163	0.059627023048328	-0.87028726737507	-2.43066099628784
c.1.8	9.34180528668595	0.167837663003748	-5.03609771339115	2.08370885861322	1.40765061325151	0.911244632391254	-0.863988591762419	0.866530945566903	-0.631416062551774	-1.86341801373294	1.07961999741114	1.47423546229214	-1.05591597487715
c.1.8	21.2038230304602	-2.48454230689473	-1.62463250709133	-3.40369060854892	-0.398936530365408	0.725168866310872	-2.67601624964726	0.836362846348438	-0.149986952257229	-0.224115336889815	1.12958589843872	0.695188731000729	-0.708411618307278
c.1.8	34.3801271875778	-2.18636093301232	-0.395177418024575	-0.579834506678922	-2.87076077007903	-0.00325384503693722	-5.73928151727848	-0.625500523695719	-0.341653657632132	-2.57985137965359	0.0145383409717592	1.64969329219385	2.48348582326462
c.1.8	32.7391691056334	0.561616164099524	3.08471195135944	-1.05520880515458	-1.69869331801069	1.90219719957853	-2.07390026517281	-0.79917096647708	0.131179991441492	-1.05749197317259	-0.599487359115144	2.752176650997	1.74436575639973
c.1.8	-0.284434344615648	-1.81022646659463	-7.73399732259545	-1.11732895462352	0.173790738194165	0.570490343272366	-0.288692658092649	1.50468300389082	-1.89822931030472	-1.68384721159886	-0.523889198351359	0.18105097227289	-2.01855603840848
c.1.8	0.350845606242365	0.51733100606435	-5.26985101568959	0.220159485439257	0.402033082848305	-0.6269477381927	-0.73446409775382	1.09417365216953	-1.55031831517138	-1.30466874473744	-0.216161975654671	-0.17453648400276	-1.37079415706806
c.1.8	0.293862683743062	2.2872158539339	-3.47616118270346	1.62423570041849	1.1066113574797	0.547009569129489	-0.245724492946539	-2.09495616113585	3.15591955692024	0.917202708744269	-0.889471386980746	1.4433692739606	-0.430587893540449
c.1.8	14.7214061115903	2.8199557395941	1.15787468458769	0.247989325544808	-2.2657178202892	-0.324020119196207	0.999223456712979	0.494899185776269	-0.540778977854392	2.51180853599181	0.383809080825627	0.247603066224683	-0.969001060025686
c.1.8	-20.3895484490763	3.49224764662355	1.099594779111	6.06619904927633	-1.21635093633985	2.77432465221756	2.98369206559141	0.758200054839815	0.342471395311619	0.43623495118876	-0.810625519332884	2.0371293856289	1.33279347526074
c.1.8	18.8082008570695	0.551381520257535	3.09341015850032	-0.0915874304339081	0.0137539300772504	-0.124701751011408	-0.564181028250135	-3.32611246841748	2.35288622566139	-1.55554441683876	0.0574004413159232	1.61092120882617	2.42070752665003
c.1.8	3.70895506548539	-5.38550061273576	-4.16538362418815	0.00887973950565324	-1.54231155487395	-0.131485476752617	-1.25167504546618	-0.842760824043007	1.64776732817655	-1.318087544307	-1.3304822463796	2.22621010415563	1.75472238570472
c.1.8	6.12515010238891	-2.12054044266691	-5.45429241717693	3.25899830103448	2.33520552337261	5.45016287058735	-0.177243732382169	-19.7346377182403	-21.0915532972347	7.85528025579893	0.00900755319837038	-0.644213551707527	-0.768667363920721
c.1.8	7.02511500086201	-4.90604679435492	-1.86196159311316	3.52992201515693	-1.26800283004947	0.61309463934944	-0.48238606450987	0.123431130639973	1.77895136567282	-0.456233645161532	-0.727218077097353	-0.737747319630426	1.58861751684333
c.1.8	-17.0041609170632	2.65709800366442	-0.544637329311807	4.24477826874977	-2.24289734490595	3.31658266861457	4.67810810906579	1.09322307904232	-1.09629436692813	-1.42473011757949	-1.70674457826469	0.315351181528256	1.54624823028713
c.1.8	-19.6293204754604	2.7867998939286	-2.06267474787668	4.6289311056983	-2.36374564503982	-0.84778512624422	1.86431429073586	3.2349382335235	-2.87716915739251	-0.704425083463106	-0.620581621521388	1.85265302462105	0.193982782866105
c.1.8	30.6842562492926	-1.83824899408967	-0.193719551476162	-0.629621152178959	-2.9782250612172	-0.323439916213673	-2.88385609369085	-1.42552537271	1.10531138794738	-1.05522288487379	1.16541087879433	2.61268999821031	0.403328451484401
c.1.8	31.3168680635224	1.67431618989378	2.71457558445966	-3.8950436090379	-4.23014762671597	-0.428513948889667	-1.58527693306153	1.04310907726745	-1.63581722098515	-0.8318218058411	-1.83991387928692	1.40867694090087	-2.42809577101609
c.1.8	-0.950711723191416	-6.7103596507961	-1.60057352629307	-3.96129663441889	-0.828210249072276	3.84396065557384	0.422737493000235	1.50805602501829	-0.121450604525897	0.207857401378735	0.0932221062554754	-1.19139901140964	-1.25705382281422
c.1.8	15.2942253905808	-1.28860569854487	-0.0150667209613646	2.4233314053651	0.395555489478032	-0.695744755438807	2.73160183577606	-0.246745250142323	1.4903028494894	1.41826338288352	-0.68399395986088	-0.287161445218528	0.593692975549627
c.1.8	9.89737050565782	-1.86346260722069	0.390126830168907	4.59096787798223	0.613571838725399	-2.92041592273971	0.656442463088866	-0.291413762238343	1.72993158011872	1.23500726838771	-0.308409844616918	-1.84923280247	-0.0100333612120681
c.1.8	29.3845050183944	6.9489683411391	2.87128478040532	5.46573075442131	-1.27980369243839	-1.61677050310035	0.524959482035458	0.897589146285193	-0.0664904249826958	1.20657873568123	-1.82331732194788	-1.34435071942438	-1.55204477068464
c.1.8	16.5019549830417	1.05722636290138	-4.2474288121957	1.12068125045304	2.39815788013065	-0.133372091751885	-1.63510005632822	-0.421077741776582	1.19423863477678	-2.12979535832822	1.98922332832265	0.241390445944464	-1.4027476836979
c.1.8	-17.6280502455495	-14.8412653083151	2.33482971689644	3.20153089937123	1.88145623194402	-0.530485293145795	-3.52668671882074	-0.462816855868981	3.01945483184932	2.07558833105454	-1.00353433260555	1.7118136260585	-0.517280647217481
c.1.8	-1.72584758869504	-1.67127014782028	-5.45733821040747	-0.933332138636612	1.03827714580448	1.13624560516335	0.871438291595391	0.959927691200272	-1.01636320838104	-1.43882715851795	-0.65719721014373	-0.0985255589018936	-2.29308685879862
c.1.8	-0.292050610038143	-0.496706119408631	-3.00231891143767	-0.661622510072637	0.368390250086781	1.50704318897777	2.00368335448709	-1.5116152719899	1.60285318094097	0.457561947428365	0.7071746853215	1.2875861100432	0.180907879215522
c.1.8	2.29256559343969	3.44851155384295	-1.8895096458775	0.249216607703802	-2.8857462855209	-0.490687938525425	-0.287031697717121	1.93304584165406	-1.69318654647053	-1.07567340323586	0.910530793525302	2.95058856323325	-1.56895238734692
c.1.8	-6.26088155970048	-6.41860203882083	-3.67788731846184	6.29620332722324	-0.760962726878108	-3.71376903811728	-3.85050246857147	4.17593414505706	-1.75506178743683	1.00360417794285	-0.448018677832952	-1.35491480502456	2.07656418013974
c.1.8	5.06904525395058	-5.6776440725009	0.756673377779902	-0.300134551157381	-0.609899286826608	-0.457572507395279	1.56758786721775	-0.490188420433558	0.845061210026595	0.0161940326530663	-1.68860533975596	0.133894479920032	2.5624930000875
c.1.8	11.072135806426	-5.5636004078141	1.01136084964094	1.28643592755671	-0.427974802567548	-1.05811454587707	2.70279004166182	0.102269199909659	0.784183723210168	0.131147263968736	2.35753412566002	-1.1912823853038	-3.53355193630009
c.1.8	-7.21911859020282	-3.80926731478493	-1.22333672494206	2.04403728675937	-2.13134020173464	-0.598446267183579	-0.131304617287845	-1.44344076181462	2.33087584242645	2.16722662057315	-2.48442354046727	1.22064445225041	-0.622414225326855
c.1.8	15.1040850427632	0.421897730118224	1.06760336116015	-2.30533469105926	1.37560650932255	-3.58341020429165	1.96631856193579	0.1985161146203	-2.50749427323666	-1.01069722070449	0.156878070120556	-1.84723670679183	1.3570472406853
c.1.8	9.56702096578283	-4.10733743471075	0.172008585938867	-1.67961298863946	-1.40968552830447	-1.8088482104832	-2.72762793714337	3.49367928182106	-1.81065857810084	2.32437281994251	-0.809830513232116	-2.50301597191524	-2.81147823681453
c.1.8	6.36138252507004	-5.94546973217424	0.467673840487313	-1.37410285083606	1.22621346741866	5.60479722339989	-1.40970479002156	3.00866390901674	0.331694818595663	2.51750902436456	-0.734677027253598	-0.649056389831802	0.903156458057261
c.1.8	9.7786822085787	-1.74290881777689	0.672977521366634	-2.28598659100531	-2.03123955297674	1.80029985337032	-0.561144987489762	-1.21642090221398	1.13771506177928	0.108183233802078	-0.383654312994734	1.37879719248646	0.42905928114428
c.1.8	-0.222476305249817	-1.69246059832877	-2.5355389946009	-1.79085014356942	-4.75780764228168	1.38960855391526	1.10996221752517	-1.24667669089605	1.04181565156374	-0.627376125299115	0.892658223600534	0.826017815052176	0.691492985467702
c.1.8	-2.14538066616841	0.790703988382326	-2.19715964386487	-1.28792943290245	-4.66699000182133	4.94511421627729	1.0689156699698	-0.302353065315413	-0.0741020130952219	-2.3706584570963	-0.296692672259141	1.06126614451193	1.38875322629032
c.1.8	-3.86275000857556	-0.12919074542616	-0.442409917726912	0.888580261568941	-1.68703456839721	2.43047905464049	-0.151133771126314	0.834130751091149	-0.744301226376743	-0.867056427198459	-0.184269811138921	-0.850160840344648	-0.422165147850065
c.1.8	14.2417584822125	-5.93531472330223	0.101680063279674	-0.340107985256172	-1.78013799464572	-2.08913579027619	3.71430998966744	0.715198422369543	-0.404535393482474	1.18839032230858	-0.577889779513139	-1.10803441652814	1.13726324064835
c.1.8	-8.38449344723761	-9.99124075275868	1.92929745637624	0.118993427699412	-0.760515658506793	-0.936482458036105	-0.267904309283826	2.0967635688369	-1.47277148707205	1.6365853276483	1.84317054226149	0.116736812072276	-0.102593803308894
c.1.8	2.3629286793723	0.655482491225139	-2.2516794728063	3.37108350988373	-0.222989112110673	-1.41697669760965	1.2732519500585	-0.157820033736023	1.25820995286135	0.756640536915137	-0.602265977876344	-1.33783656218277	0.868964308794339
c.1.8	42.7147425010403	1.98995186060509	5.17629775547194	0.735140058870866	2.06597827504417	0.210883414187103	-0.913413633039782	0.235594069844522	-0.785428141427887	-1.59842205736159	1.41684447257695	1.16841403880916	-0.740089231307915
c.1.8	16.5288461906342	-6.85698829731752	-1.9494895971626	-0.795623144385516	-2.59550120870541	-2.94671482412	3.02068098523981	0.744258978977129	-0.447913831192172	0.792449746470401	-0.473826447320135	-0.733117068844461	1.40845419110414
c.1.8	12.3561028146603	-5.22268107527081	0.726329023424053	1.70447436204914	-0.200357389452631	-0.781925522575164	2.99906288131686	0.453160041969794	0.660170102855772	-0.117965119973982	2.93200817207518	-1.43384085706583	-3.0920984933027
c.1.8	-11.2858259748479	-8.65716440627357	2.85133158079123	-1.88553401144793	-0.161714296327696	4.71997949405149	1.58186433374393	1.64123954712037	-0.797642149593186	0.804038538086647	-2.73456411774871	1.75663370723642	-1.18485655075694
c.1.8	27.2859696280016	-1.04746146531507	-1.34458555400798	-1.99361350424407	-3.54618462601998	0.299266420650802	-2.5844446595968	-4.5016781726052	0.235652082630316	-2.23765367125028	-0.752340896453857	1.46180437746558	2.1672043887713
c.1.8	-23.4361159467924	-13.6240284574287	-3.14692297866832	7.41577688233833	1.50859635919153	-0.996928375637179	-0.336214696603464	-0.10061913388505	0.558296806799253	-4.47069682849458	0.593588402870236	2.60939200289693	-1.73704803120477
c.1.8	6.74311775245209	-2.95357184983311	-5.1455781304357	2.61364247493597	-0.646980611900041	0.998377540463504	-1.23224006043373	0.880067185569257	1.6947835762839	2.03165431968575	-0.182727998771144	-0.694823407699209	1.87933862512801
c.1.8	8.98992582313483	-6.17591204007584	0.0821323468265124	-1.49876443823079	-0.747744748744502	1.81258878106712	-2.93365164910065	0.334708413983003	0.697649287336312	0.205122362906145	-1.68465996684487	-0.167287206418722	0.437527880257194
c.1.8	12.8686116746086	-1.02212422650166	-0.0392025323663006	-3.48512508415436	0.57103478585443	0.566823073350611	-0.370695995953127	1.50916587864076	-1.13919132659223	1.0869145874791	2.85602558002359	1.02687577847482	1.45534054301606
c.1.8	-22.2864085687706	4.09322232877183	0.45265049173977	4.32371679754825	-2.49712565468546	0.127446860076037	2.97439081724212	3.05316905712024	-2.95688982567456	-1.6516421697844	-0.621025738882673	2.25754868809642	1.33369838621853
c.1.8	-7.45433281103232	-8.66781421409137	-4.20541364027663	0.267737450721427	-1.73693009196358	2.1912126039823	-2.30364077865128	1.65331770768948	0.254102257125908	2.0077884648457	-1.08007328565088	1.87604598553816	-1.89406092550421
c.1.8	3.35749145472679	-4.30290146669272	-2.15381199447249	-0.161770673454162	-0.895337291852045	0.319376355742933	-3.32389033754823	3.94574460486231	-1.22274019961661	2.81118624988138	1.5832630739632	-0.458028235706621	2.05911694134864
c.1.8	17.8239951247689	-6.3095597643804	0.0644669272786693	0.137046352886073	0.0480433724238852	0.181497093805459	3.07195311093137	0.866211721625368	-0.28320399905969	-1.26115789539656	2.51876809546695	0.460811429006598	-2.05241623705379
c.1.8	16.1913214569992	-7.05723281913977	0.664132958311545	3.16457863696852	-0.247410952319051	-0.276144645239331	-0.105874746047443	0.0324914357539664	0.580215843155291	-1.15650826949789	2.16666680638218	-1.27904718847356	0.557069620662685
c.1.8	-2.08846051137083	-5.04856701893716	-0.916892089262667	-1.78203556320072	0.00574163811676037	1.46879900514866	-0.0122570654624521	-1.01932264822483	-0.771322493379757	1.10031869061905	1.13684974963459	-0.111712829236447	-1.04987680099658
c.1.9	6.88140101267339	4.43788177028268	-3.83095370154152	-3.36313089723449	0.501803475309687	-1.99727990564662	1.11596269043618	-1.04008661401744	0.955331236315052	-0.290571158689066	0.275240159754177	0.728414017014098	-0.374730951023753
c.1.9	-2.00138130366274	-3.72955141256383	-6.6078786649276	-4.37035830548436	3.86836846134735	-2.39297149491138	-1.62463172968792	0.400617894417564	0.235225768516475	-0.0183395101548099	0.192485565104264	2.18453628417674	-0.258663454414925
c.1.9	-6.87108111646668	3.1449730572254	0.0777085375598132	-0.0676730690578344	4.86863221601272	-1.44917445911141	3.042696818703	2.13836265132728	-1.07414775719189	0.895110496668652	-0.486924817710188	1.16985371821684	-1.83460411718412
c.1.9	-7.81831061092503	0.95128808119793	-4.15112482579452	-0.323630590742031	3.53621367057212	-4.63805188030179	-0.427119010793394	3.17377081035939	-2.40057975719494	-0.117160699130461	-1.14414200192373	-0.0137011294052798	-2.37964184784343
c.1.9	1.34144662638848	1.47677950714893	-0.557400762860102	-3.09912318702703	5.00878801397398	-1.43676063482386	0.566412968448111	1.70425316230591	0.0542081965317751	2.64554001915418	0.313658123507315	0.0975506619543597	1.39482896135766
c.1.9	-1.26332294614731	3.91009029384568	-0.885977316716484	-4.93557795701973	5.14502925251948	-0.393252578411715	0.0261576805456898	1.21911051905336	-0.674440987045751	2.29631693598556	0.0517648609809585	0.718390910309564	2.1322912964909
c.1.9	2.49474209122795	4.48546125729339	-2.90521359460631	0.79384889535785	5.30829097481839	0.517940432828134	-0.796544280237574	0.901351529629954	0.331472841410524	-0.446429288415994	-1.86552980561999	-0.862528850788754	-0.242530953629499
c.1.9	11.9725644182101	-0.664931170086483	-2.97223629094796	-4.59591342621956	3.29647585557828	-1.10867266097788	-1.3171122753244	-0.28673805702859	-0.0508800696161855	-1.26580678406288	-0.414010169586763	1.10478771671474	-0.404330890816535
c.1.9	18.2544061147936	13.4889950208804	-1.10895821344	3.88480242703661	3.69609422044758	0.502223444716589	-0.329144725460877	-1.5489754964524	2.77087145114227	0.943117566647081	-1.91418385913748	0.889303633750674	-1.67019689096936
c.1.9	-11.221389021646	-0.384937193861596	-1.99896347455717	-0.0876063497786673	4.76694099691757	-3.05979912721672	-0.120492511620853	-3.93134750440049	3.12628886259568	-2.17556426474246	-1.98019382012964	2.75626582645076	-1.10252457846513
c.1.9	1.90697420160485	3.23604610935096	-2.36949565140436	-5.42771019426382	3.48735965022099	-0.436147164886627	1.69609203954113	0.946270538135063	-0.477681877411138	1.50665380073366	0.996336816759862	0.308886752030911	2.55999884322192
c.1.9	1.19944635131088	1.94375230365696	0.219258896607816	-4.55215765252374	4.09917186511765	-0.761385890434202	1.61434849231439	0.736161342096133	0.0558622618402829	2.39366928101151	1.74469614104124	-0.623014892937352	1.10467766153054
c.1.9	-0.424559563183045	3.66742277081773	-1.11177263766879	-2.85108625657183	4.91916337584747	-1.46083897070421	0.30754368223078	2.20732338850247	-1.49592786905713	1.09098748627292	0.240267320144407	-0.271431036824896	1.1939256717859
c.1.9	-9.88157599627573	-1.07363411623539	4.05108677439316	-2.2565213740791	3.78952537581559	0.707137179656206	1.65814984803458	0.557779433274094	-0.26860552232841	-1.46233158444602	-1.66584382800816	2.30834156849069	-1.45247833964607
c.1.9	-10.7695775612345	-0.070396685587378	0.394714998353807	-1.38931089534814	3.82811801123783	1.17119346884697	1.47877807175806	0.634385583029579	-0.393124980405872	-1.57868851805378	-1.71056233631341	-0.915082162176385	-0.534836711142401
c.1.9	-6.74757258930033	0.438929801919067	-1.54859939787479	-4.51795751188596	0.407612706116718	-2.07015702349797	3.54368722043539	-1.42916046483816	1.06920772923926	-0.10923515349226	-0.167290000077667	-0.107526919033456	0.0679589885258585
c.1.9	1.48796312856559	2.02368273895644	-2.62544304237886	-3.20494745843426	2.01904364389475	-0.653924556405562	3.39690061500882	-1.45878667100718	1.49068932809917	-0.983617238617436	-0.0109373400713774	-1.38411780579649	0.802763452796569
c.1.9	8.59945818848118	-3.37405078104713	-0.286136686504961	-2.19359121553678	2.71180769679787	-3.40879705289348	0.715293593079106	-1.18652844332769	0.461059367992017	-1.2517464715802	-1.57184787139687	-0.536998251735892	1.07737835662096
c.1.9	6.68685548180451	7.06477686843843	-5.06740758525971	-1.81679737434461	0.654539685281328	-0.897744121753956	1.32050798727984	0.131969320358658	0.111480578693532	-0.883483263419507	-0.707367230977445	1.04876093360069	-0.250462749136747
c.1.9	-12.1439977627907	-1.66429181707052	-1.99105844179114	-8.100178099943	2.6196477812093	-3.71035655675786	0.781408075820691	0.571947476114581	-0.666605008576463	0.888822439918345	2.0808565357542	1.85583463251113	-0.241247172654148
c.1.9	-14.9955415036998	5.76812144257111	-0.725553099976439	2.60887742043898	4.72245112958051	-1.40157710570475	-0.100371117179852	-0.329924596069602	0.211285779675231	-0.947404786872888	-3.09912158167471	0.907929318559071	-1.28464794152037
c.1.9	-10.7943952648623	0.935993120480187	-2.01797434992086	1.00963974385571	5.62416736829975	-1.69548269490496	0.324393389912176	-2.34027307645115	1.50262948345288	-3.53066542898461	-0.795420824588692	0.64903478770164	-0.631182252933237
c.1.9	-1.45341302554031	4.46585599139715	0.650535929718804	-5.0931537913284	4.0703389306857	-1.3906858927942	1.60973327121648	1.97241160387976	-1.60636253326423	1.80038892680722	0.97501983865473	0.521108392437079	1.49045878224338
c.1.9	-7.72224050106761	2.55983533735452	1.06608417477694	-1.62533256779401	2.96141573589114	2.51579857275152	2.24960516172099	0.982690990616064	-0.986381428730249	-1.86677142057223	-1.74063246093016	0.358820199261815	-0.324742724656503
c.1.9	-11.7249201964083	0.298658857424046	-2.07721612640102	0.518027470364914	5.84223891310408	0.247735092628619	1.06453996067486	-2.66390435614041	1.72684561114038	-3.67753110816343	-1.75889835804807	0.442529740817706	0.719431628070985
c.1.9	41.0188035789003	14.3253576572779	12.4549971771551	0.167605298394624	5.51489554385364	2.75034796592875	1.88311628475713	-0.375849087084875	-0.494662683816151	-0.902526054140716	-0.934052523377343	2.94861660321698	-1.7418042169034
c.1.9	9.08281445482059	3.74388282375365	-6.95172723602069	0.636298445093271	-0.428817062513546	-2.00691402055486	0.665262024001791	-0.677111225005508	2.07558850711624	0.0313350152855906	1.35238613993792	2.04547351931813	-0.850070427382667
c.1.9	-1.28683090641833	3.81010876579343	-0.995050957843073	0.353386225473997	2.16680694649276	-2.37192134418355	3.17148055531271	-1.25584874385357	0.620710543404148	-0.87076258932308	-2.73581986416774	0.738193518574695	0.0557591168951301
c.1.9	3.43240999181123	-4.7970943818909	0.0282283050330077	-3.41371525412029	8.98405975273454	-4.17958913420189	-1.65364818394231	0.476792181992603	0.375267932808263	1.17782885430986	-0.0937258458169709	1.36226643720643	4.30202496495723
c.1.9	-7.79047364466711	9.73680121562276	1.74017186637021	-1.16263569088118	3.96169147294865	1.70889231946718	3.95005230763774	-0.740075880441533	-0.478169158164362	-2.00482809614104	-1.74900827322719	1.49756242508282	-0.707236094282213
c.1.9	-13.7590357026353	4.02980694812184	1.01430435025132	0.550642816014034	6.40640719230267	0.021277176526256	-0.696568561582386	-0.217623524661316	-0.722096333032952	-3.18174615327438	-2.81516661893049	-0.019691836938429	0.0677943468195663
c.1.9	2.51696801580827	1.03711051172912	-2.58606810640086	-5.48728249111761	3.47921230859565	-3.61131062348418	-0.239004950756028	1.74979535564364	-1.19146682485083	2.17981292541379	1.56726862635862	0.389069846601737	0.694100148038517
c.1.9	8.14706827665899	1.53326775836829	0.126238230729745	-4.91531237138003	4.78646392672603	0.609393892040693	1.02312000550449	2.06441021154284	-0.827375979547468	2.51569715825847	0.49534083403577	1.30234659557548	2.34325354442865
c.1.9	-2.6651390641834	3.86931643692402	-3.11524130238344	-4.15646326551655	1.4818412425256	-0.642370647965422	2.71858134369299	0.0446357547779221	0.116914630900781	-0.850725101767393	-0.628971192178777	-0.640390451523721	-0.928230622877595
c.1.9	-3.78978614670442	7.84659799648631	-0.902200191348889	2.61295699938175	1.81162029661942	-0.513516415311	1.4765371742592	-0.155784345873558	0.600001055473554	0.0627947671716747	-0.843045630096911	0.616313805715464	-0.653300224993396
c.1.9	0.778223215762621	1.1914649001782	-1.74050482752291	2.32205860775339	4.93323853873146	0.936646447017593	1.77755062290708	-1.35501874965989	2.26482975469029	-0.441295127087739	-1.98711651376774	0.070655505942735	0.787539603865019
c.1.9	-0.530005132158282	3.08268645015136	-3.78063019049159	-4.75085066937157	0.190003603700415	-0.660456846691274	2.16968619958323	0.3021769588607	0.547621067247846	0.998283755432454	0.613325766369085	2.64034779204493	-1.8775094228269
c.1.9	-9.66783505317445	-5.63694805787134	-0.411734393982255	-4.52644807135887	4.18933784562625	-0.0406928717259596	2.11066078737795	-1.34238151358164	1.00062216905332	-0.501205928201825	-1.04664040531992	3.09319978856037	-0.307842700344967
c.1.9	-1.69137381281915	-0.713720624582373	-0.58560536478197	-4.97974964165275	4.52300498348295	-2.13626836998995	0.543050099168657	-2.67497643797701	1.382943928147	-1.21260376196621	-1.99465344602267	-2.8228710043847	1.43794601324095
c.1.9	0.995710351848906	4.1738085690125	-1.59216953579089	-3.48188603922344	2.66407483292345	0.589594167442948	1.76216600857377	0.937559016398166	-0.464349677322668	-0.284010371899851	-0.895833714652499	-0.200323548459822	-0.528877245652021
c.1.9	-8.36703943665403	4.41819155030821	-0.303534836669885	-1.8160071815582	4.80519311828372	2.8276040096613	0.0517862111191469	2.06193450495955	-1.77123347512158	-1.94627526341772	-1.19853436625471	-0.974655868844517	0.912138455037682
c.1.9	-9.80872490884073	-1.74643527696091	1.75937170811481	-3.38031276351654	3.12330280761393	-2.66112200632008	-0.630273645728119	1.21881576407521	-1.11541635651	-0.516906580971068	-0.490842354484289	-2.38984631750422	-1.4516909424294
c.1.9	-3.24464679035124	3.62341639757182	-3.25878553022868	-4.18737392240051	1.37283684808744	-1.62605400738913	2.23940735594763	-0.0184680584351386	-0.487245101325998	-1.3630291254754	-0.693237900713588	-2.26412321558261	-0.349036971741915
c.1.9	-4.35897207157337	4.58733325684526	-2.12075089015706	-5.48185884025894	0.616371287328328	-2.41259536781565	1.91340849929681	-0.0974388288691985	-1.26231567685536	-1.41422860714086	-1.36284486202075	-2.22682357257344	-0.0769238816701585
c.1.9	14.3055709902649	11.2696459449928	-4.22941706300687	1.96925234096984	2.06993814490735	-0.527596458944738	0.424555430738207	-1.62783083888857	1.93998511823732	-0.0180747712836816	-1.95566427135526	1.43907746746803	-0.518440944081229
c.1.9	-1.61704771583691	1.37979280404154	-2.53409044703859	-3.40460622361852	2.16661265363278	1.43139784009694	-0.0238980596690461	-0.0907596353337142	-0.133074421120277	-0.68403388465039	-0.448389709354283	0.426661215766346	0.305705813169338
c.1.9	2.15293887636378	0.875855812740543	-5.40339093224381	-6.10448479782211	-0.138496709467157	-1.53295801567871	1.46784699074931	0.496666465197057	-0.478848889879843	-0.924863768732854	0.0907367453453535	1.39247742928235	-1.27364801349633
c.1.9	-3.83988656344891	0.0333104041571326	-1.90890643350456	-2.19234697161927	2.30383203717016	-0.0214332215867193	1.39605134750241	-1.14157834223159	1.50659227075663	1.13379257851579	-1.53044836000089	0.545832903617386	0.467479430030625
c.1.9	-3.75485718447068	2.49276193011363	-4.47463376657947	-0.550769869673961	4.31506171400823	-2.99235481126153	1.25416853019786	1.90917792070723	-0.826151595224324	0.587768444699216	-0.53251585059566	0.506541563382667	-0.923541329385479
