2.30.110	0.0670506	0.0220884	0.0212376	0.0276842	0.171308	0.0558264	0.0125986	0.0105043	0.0174417	0.0436205	0.0543211	0.0376976	0.0154128	0.00834451	0.00317419	0.04025	0.00850813	0.0374685	0.0358978	0.0106024	0.00510488	0.000719919	0.00134167	0.0547793	0.0187179	0.0161327	0.00981708	0.0104061	0.00268333	0.00245427	0.0125986	0.0118459	0.0167545	0.0175398	0.0556955	0.00323963	0.00919533	0.00147256	0.0251644	0.00939167	0.00323963	0.0106679	
2.30.110	0.0691561	0.020831	0.0222222	0.0295442	0.171591	0.0559766	0.00984807	0.00761486	0.0167673	0.0419916	0.0542193	0.036317	0.0151931	0.00798096	0.00281896	0.0440051	0.0104338	0.0381475	0.0312649	0.00842028	0.00388065	0.000622369	0.00164745	0.0571847	0.0155958	0.0150467	0.0107267	0.0119714	0.0025993	0.0021966	0.0136555	0.010324	0.0188907	0.017829	0.059601	0.00314845	0.0101776	0.00102508	0.0257002	0.00915248	0.00292879	0.0117518	
2.30.110	0.065006	0.0228905	0.0229653	0.0265934	0.151893	0.0589093	0.0179533	0.0122307	0.0149611	0.0395347	0.0620512	0.0433498	0.0161954	0.0160084	0.00220676	0.0454443	0.0100239	0.0368043	0.0368417	0.00837822	0.00497457	0.000598444	0.00194494	0.051541	0.0168686	0.0168686	0.0113704	0.0139512	0.00288001	0.00314183	0.0116697	0.010211	0.0177663	0.0176915	0.052289	0.00359066	0.00886445	0.00183273	0.0187762	0.0105476	0.00314183	0.00923848	
2.30.110	0.0675107	0.0240941	0.0238106	0.026598	0.157887	0.0597156	0.0151179	0.0123305	0.0173383	0.0441253	0.0618415	0.0386923	0.0171021	0.0129919	0.00198422	0.0451646	0.0104408	0.0346294	0.0385978	0.0101101	0.00557472	0.00056692	0.00160627	0.0501252	0.0179525	0.015921	0.0105825	0.0131337	0.00278736	0.00297633	0.0117164	0.0100156	0.0162517	0.0168186	0.049511	0.00349601	0.0078424	0.00165352	0.0195587	0.00982662	0.00321255	0.00878726	
2.30.110	0.0670279	0.0224183	0.0216397	0.0274795	0.170133	0.0617721	0.0101548	0.0103819	0.0161568	0.0422736	0.053499	0.0395808	0.0147293	0.00794861	0.00392564	0.0421439	0.00970055	0.0351361	0.0326704	0.0127502	0.0043474	0.000551536	0.00155728	0.0541154	0.0158648	0.0167083	0.0105441	0.0110307	0.00295234	0.00308211	0.0130098	0.0114849	0.0176816	0.0180709	0.0564189	0.00324433	0.00869481	0.00145995	0.0246245	0.00937612	0.00304967	0.010609	
2.30.110	0.0752242	0.0235017	0.023596	0.0352997	0.163756	0.0456819	0.00896649	0.00490798	0.0107598	0.0410571	0.0543653	0.0420953	0.0175555	0.00755073	0.0017933	0.0323738	0.0123643	0.0385087	0.0372817	0.00622935	0.00528551	0.000660689	0.00103823	0.0549316	0.0174611	0.0181218	0.0104766	0.0131194	0.00132138	0.00405852	0.0108542	0.0124587	0.0168004	0.0149127	0.0612553	0.0035866	0.00896649	0.00122699	0.0308636	0.0115149	0.00311468	0.0151015	
2.30.110	0.0669301	0.0252528	0.023405	0.026382	0.151465	0.0616435	0.0161166	0.012883	0.0179644	0.0426012	0.0578453	0.0413694	0.0165272	0.0134476	0.00256634	0.0432172	0.00954678	0.0358261	0.0413694	0.0119591	0.00523533	0.000410614	0.00179644	0.047118	0.0163219	0.0171945	0.010522	0.0151927	0.00431145	0.00307961	0.0121645	0.0112919	0.0151414	0.0167839	0.0503516	0.0034389	0.00841759	0.00169378	0.0194015	0.00970076	0.0036442	0.00846892	
2.30.110	0.067075	0.0230612	0.0208856	0.0276132	0.166817	0.057469	0.0109114	0.00863541	0.014794	0.0473608	0.0546574	0.040399	0.011882	0.00766476	0.00207517	0.0428423	0.00692841	0.0345751	0.036985	0.0114135	0.00388259	0.000401647	0.00107106	0.0570004	0.0181745	0.0184423	0.0105767	0.0127858	0.0031797	0.00140576	0.0133882	0.0127188	0.0170365	0.0171035	0.0565653	0.00328012	0.00984035	0.00164006	0.0240653	0.00973993	0.00324664	0.0104093	
2.30.110	0.0685092	0.0220677	0.021571	0.0287022	0.17161	0.0569786	0.0109629	0.00798269	0.0158944	0.0443128	0.0549209	0.0410133	0.0120272	0.00691833	0.00191584	0.043142	0.00773434	0.0362591	0.034024	0.0102533	0.00418648	0.00024835	0.00138367	0.0565529	0.0175974	0.0168169	0.0097921	0.0112822	0.00269637	0.00159654	0.01334	0.0109274	0.0185553	0.0180231	0.0559852	0.00340595	0.0102533	0.00166749	0.0255446	0.00929539	0.00294472	0.0111048	
2.30.110	0.068517	0.0249477	0.0226311	0.0267742	0.156235	0.0647303	0.0139885	0.013053	0.0170179	0.0437475	0.0570678	0.0413418	0.0138549	0.0115383	0.00262841	0.0440593	0.00690515	0.0389807	0.0364859	0.0130975	0.00543502	0.000400944	0.00133648	0.0526574	0.0163942	0.0179534	0.00931082	0.0134539	0.00320756	0.00262841	0.0123847	0.0111373	0.0151913	0.0152359	0.0516327	0.00298481	0.00966722	0.00191562	0.0175525	0.0102018	0.0033412	0.00837528	
2.30.110	0.0656503	0.02458	0.020587	0.0284692	0.154999	0.0590127	0.0135345	0.00897117	0.0191869	0.0471375	0.0523232	0.0393072	0.0162829	0.00814146	0.00528936	0.0394628	0.00689691	0.031788	0.0393072	0.013742	0.00461523	0.000518565	0.00155569	0.0542419	0.0191869	0.0189276	0.00777847	0.0148309	0.00388923	0.00254097	0.012653	0.0133271	0.0145717	0.0163866	0.0557976	0.00342253	0.0106824	0.00140012	0.0229206	0.0112529	0.00368181	0.0111491	
2.30.110	0.0693493	0.0228646	0.0238719	0.0269944	0.16388	0.0569601	0.015411	0.00982071	0.014857	0.041247	0.0721696	0.0288074	0.0161664	0.0107272	0.00302176	0.0418513	0.00961926	0.0397865	0.0395346	0.00825947	0.00574134	0.000402901	0.00166197	0.0557514	0.0149073	0.0129432	0.0104754	0.0137994	0.00317284	0.00282031	0.0145044	0.00982071	0.0170226	0.0139504	0.0503626	0.00362611	0.0118856	0.00171233	0.0180802	0.010828	0.00332393	0.00800766	
2.30.110	0.0690927	0.0220281	0.0229015	0.0283358	0.169481	0.0558467	0.0109656	0.00946143	0.0170306	0.0430374	0.0569141	0.0400291	0.0125667	0.00897623	0.00232897	0.0453663	0.00805434	0.0408054	0.0354197	0.0086851	0.00509461	0.000436681	0.00184377	0.0547792	0.0172246	0.0160602	0.00989811	0.0109656	0.00262009	0.00252305	0.0123726	0.00931587	0.0181465	0.0166424	0.0554585	0.00363901	0.00936439	0.001213	0.0230956	0.00926735	0.00237749	0.0103348	
2.30.110	0.0661669	0.0257799	0.0233132	0.0281016	0.14399	0.0624426	0.0121403	0.0085127	0.0172189	0.0557195	0.0517533	0.0419347	0.0142684	0.00996372	0.00488513	0.0440629	0.00928658	0.0368077	0.0339057	0.0126723	0.00541717	0.000677146	0.00116082	0.0501088	0.0170254	0.0196856	0.010786	0.013688	0.00270859	0.00275695	0.0139782	0.0115599	0.0173156	0.0165901	0.0521403	0.00324063	0.00981862	0.00154776	0.0220556	0.0106409	0.00391778	0.0102539	
2.30.110	0.0663883	0.0246894	0.0214422	0.0268027	0.151384	0.0614917	0.0138653	0.0122674	0.0141745	0.0470079	0.0569043	0.0394825	0.0167517	0.00664914	0.00355652	0.0381939	0.00886552	0.0386063	0.0419051	0.0143807	0.00499974	0.000360806	0.00144322	0.0513376	0.0194835	0.0171125	0.0090717	0.0133498	0.00371115	0.00252564	0.0123705	0.0131952	0.0154116	0.0159786	0.0545333	0.00335034	0.0102572	0.00154631	0.0203598	0.0118551	0.00345343	0.00948405	
2.30.110	0.07027	0.0256099	0.0245316	0.0301029	0.154423	0.0542751	0.0123107	0.00826706	0.0163544	0.0492429	0.0522083	0.0407512	0.0158602	0.0106483	0.0036393	0.0457833	0.00997439	0.0341466	0.0332929	0.0104686	0.0053017	0.000539156	0.00112324	0.0507256	0.0168936	0.0190951	0.00903087	0.0109628	0.00247113	0.00323494	0.0142876	0.0138833	0.0166689	0.0168486	0.0546794	0.00399874	0.00916566	0.00148268	0.0230489	0.0104686	0.0028755	0.0110527	
2.30.110	0.0700694	0.0219139	0.0234252	0.0272721	0.161778	0.0601772	0.00954867	0.00652607	0.0170365	0.0445834	0.0580477	0.0344164	0.0133269	0.00872433	0.0014426	0.0481555	0.00810607	0.0459573	0.031119	0.0121591	0.00570172	0.000618259	0.000893041	0.0569485	0.01264	0.0136704	0.0107852	0.01264	0.00178608	0.00219826	0.0129147	0.0107852	0.0184104	0.0199217	0.0596277	0.0030913	0.00996084	0.00103043	0.0211582	0.00899911	0.00274782	0.00968606	
2.30.110	0.0687194	0.0246906	0.0238273	0.027223	0.155568	0.0631367	0.0134676	0.0102446	0.0180144	0.043741	0.0588777	0.0402878	0.0155971	0.0100719	0.00345324	0.0416691	0.00943885	0.0388489	0.0390791	0.0134676	0.00552518	0.000460432	0.00155396	0.0483453	0.0166331	0.0157698	0.00817266	0.0123741	0.00276259	0.0014964	0.0114532	0.0104748	0.0184173	0.0172086	0.0542734	0.00270504	0.00984173	0.00109353	0.019741	0.0100144	0.00305036	0.00920863	
2.30.110	0.0689098	0.0217238	0.0208649	0.0280388	0.166161	0.065828	0.0131858	0.00969991	0.0131353	0.0409215	0.0598666	0.0352127	0.0130848	0.00803274	0.00237446	0.03981	0.00661817	0.040871	0.0384965	0.00924523	0.00444579	0.000454683	0.00141457	0.0573406	0.0165202	0.0159644	0.010003	0.0121754	0.0032333	0.00237446	0.0126301	0.0114176	0.0150551	0.0163686	0.0576943	0.00318278	0.00969991	0.00121249	0.0231383	0.0102051	0.00308174	0.0103062	
2.30.110	0.07173	0.0255684	0.0209711	0.0302286	0.159834	0.0593866	0.0114617	0.00686441	0.0191448	0.0512627	0.0500031	0.0336293	0.0153032	0.00812394	0.00409346	0.0415014	0.00654953	0.0352667	0.0369041	0.0112098	0.00491215	0.000566786	0.0010706	0.0588828	0.0170666	0.0180112	0.00787203	0.0151143	0.00428239	0.00188929	0.013225	0.0116506	0.013225	0.0137288	0.0576863	0.00270798	0.00894263	0.00125953	0.0235531	0.00963537	0.00415643	0.0115247	
2.30.110	0.0667746	0.0253886	0.0237694	0.0275907	0.142681	0.0602979	0.00777202	0.0118523	0.0226036	0.0549223	0.055829	0.0407383	0.0156088	0.00751295	0.00291451	0.0431995	0.0108808	0.0431347	0.0362694	0.0147021	0.00563472	0.000323834	0.00213731	0.0502591	0.0148316	0.0165155	0.0101036	0.0148316	0.00492228	0.00265544	0.0136658	0.0112047	0.0167746	0.0159326	0.0501295	0.00284974	0.00919689	0.0015544	0.0196891	0.00926166	0.00356218	0.00952073	
2.30.110	0.0688904	0.0254954	0.0230515	0.028996	0.156209	0.0593131	0.0112285	0.0102378	0.019683	0.0468956	0.0537649	0.0409511	0.0161823	0.0112946	0.00568032	0.0410832	0.00951123	0.0323646	0.0365918	0.0141347	0.00482166	0.000528402	0.00165125	0.0507266	0.0179657	0.0173052	0.00825627	0.0119551	0.00343461	0.00396301	0.0123514	0.0126156	0.0151255	0.0138705	0.0533686	0.00389696	0.00832232	0.0015852	0.0243725	0.00904888	0.00284016	0.0104359	
2.30.110	0.0630622	0.0231846	0.0228137	0.0268478	0.152277	0.0579152	0.0125661	0.00927386	0.0168321	0.0454883	0.0560605	0.0419642	0.0191505	0.00816099	0.00477604	0.0447464	0.0123342	0.0378373	0.0352407	0.00987666	0.00565705	0.000602801	0.00129834	0.0516554	0.0170639	0.0168321	0.0121488	0.0151164	0.00449782	0.00333859	0.0127979	0.0110823	0.0191969	0.0157656	0.0525364	0.00403413	0.00969118	0.00166929	0.0206807	0.010294	0.00357043	0.0100621	
2.30.110	0.0657051	0.0221498	0.0218663	0.0279973	0.165007	0.058688	0.0130418	0.00847007	0.0156998	0.0436262	0.0550377	0.0389127	0.0153099	0.00783216	0.00269341	0.0411808	0.0093915	0.0364674	0.0360067	0.00953326	0.00432363	0.000460715	0.00148846	0.0546479	0.0167984	0.0174717	0.0119786	0.0134671	0.00308325	0.0022327	0.0149555	0.0120849	0.0174717	0.0170819	0.0550377	0.00361484	0.010561	0.00173654	0.0223978	0.0104547	0.00336676	0.0106673	
2.30.110	0.0688078	0.0246053	0.0212847	0.0285792	0.160915	0.0602069	0.0089276	0.00958084	0.0185629	0.0473054	0.0493195	0.0394121	0.0105607	0.00794774	0.00370169	0.0392488	0.00745781	0.0392488	0.0388133	0.0170386	0.00430049	0.000108873	0.00125204	0.0545999	0.0152967	0.0174741	0.0095264	0.0135003	0.00424605	0.00228634	0.0106696	0.0122482	0.0161677	0.0176375	0.0591726	0.00348394	0.00854654	0.00146979	0.0227545	0.0095264	0.00348394	0.010724	
2.30.110	0.070564	0.0213542	0.0242085	0.0276442	0.173318	0.0552355	0.0117871	0.00792854	0.0128442	0.038427	0.0590412	0.0398541	0.0144299	0.0111528	0.00211428	0.0445055	0.0108885	0.0411227	0.0334056	0.00845711	0.00512712	0.000898568	0.00163856	0.0543369	0.0156456	0.0137957	0.00961996	0.00977853	0.00216713	0.00163856	0.0108357	0.00808711	0.0206671	0.0203499	0.0578255	0.00264285	0.0095671	0.00068714	0.0248956	0.00866853	0.00248428	0.01036	
2.30.110	0.0657782	0.025258	0.022141	0.0265477	0.154826	0.0650258	0.0138113	0.009727	0.0147248	0.0404665	0.0611028	0.0394454	0.0171969	0.0144561	0.00311694	0.0405202	0.0091896	0.0341251	0.0411113	0.0112855	0.00537403	0.000591144	0.00128977	0.0515907	0.0208512	0.0175193	0.00967326	0.0127365	0.0033319	0.0027945	0.0109093	0.0119841	0.0162296	0.0161221	0.0534716	0.00295572	0.00897463	0.00155847	0.0183255	0.0107481	0.00370808	0.00940456	
2.30.110	0.0674869	0.0232671	0.0220896	0.0294798	0.15816	0.0587973	0.0106387	0.0097048	0.0161205	0.0451131	0.0586754	0.045844	0.0136436	0.00994843	0.00304544	0.0409307	0.0102327	0.0319162	0.0350428	0.00986722	0.00438543	0.00048727	0.00125878	0.0529094	0.0186381	0.0186787	0.00958298	0.0134405	0.00341089	0.00198969	0.0114508	0.0103139	0.0179072	0.0148211	0.0560361	0.00300483	0.00917692	0.00154302	0.0254599	0.0103545	0.00337028	0.0117757	
2.30.110	0.0695936	0.024057	0.0204485	0.0284818	0.172309	0.061861	0.00945098	0.00829109	0.0145631	0.0445915	0.0533551	0.0410259	0.0108686	0.00644385	0.00171836	0.041885	0.00811925	0.0349686	0.0375032	0.0137469	0.00506916	0.000515508	0.0016754	0.0540854	0.0156371	0.0187731	0.00773262	0.0115989	0.00270642	0.00150357	0.0112553	0.0142194	0.0160667	0.016797	0.058725	0.00305009	0.00841997	0.00133173	0.0245296	0.00936507	0.00313601	0.010525	
2.30.110	0.059987	0.0264799	0.0255491	0.0244322	0.132865	0.0571482	0.0161485	0.0120532	0.0205231	0.0500279	0.0629188	0.0461188	0.0208954	0.0168931	0.00465376	0.0431404	0.0142405	0.035834	0.0389985	0.0146593	0.0054449	0.000837677	0.00172189	0.0430473	0.0168466	0.0181497	0.0122859	0.0143801	0.00372301	0.004328	0.012984	0.0128444	0.0180566	0.0155436	0.0449088	0.00344378	0.00898176	0.00218727	0.0149851	0.00981943	0.00423492	0.0076787	
2.30.110	0.065799	0.0246811	0.0228145	0.0263404	0.153116	0.0553251	0.0117702	0.0113035	0.0165405	0.0517474	0.0558955	0.044229	0.0181997	0.0100591	0.0025407	0.0502437	0.0112517	0.0331847	0.0358809	0.0122369	0.00554807	0.000311107	0.00150368	0.0512807	0.018096	0.018096	0.010785	0.0135331	0.00419994	0.00368143	0.0125998	0.0111998	0.0149331	0.0162294	0.0500363	0.00290366	0.00777766	0.00186664	0.0204812	0.00948875	0.00352587	0.00876283	
2.30.110	0.0663383	0.0240225	0.0236205	0.0269876	0.144889	0.0601065	0.0143733	0.00974972	0.0151271	0.0445271	0.0612624	0.0411097	0.0178912	0.0153784	0.00271384	0.0477937	0.0102523	0.0355815	0.0416625	0.00924716	0.00507589	0.000603076	0.00135692	0.0492009	0.0167354	0.015881	0.0112574	0.0147754	0.00246256	0.00301538	0.0121118	0.0125641	0.0167856	0.0168861	0.0522666	0.00311589	0.00904614	0.00196	0.0199518	0.0105036	0.00296512	0.00884511	
2.30.110	0.0682094	0.0220196	0.0226274	0.0287985	0.161431	0.0617111	0.0115942	0.00958392	0.0141655	0.0431043	0.0500701	0.0411875	0.0147733	0.00991117	0.00486209	0.0439925	0.00911641	0.041655	0.0327723	0.00981767	0.00476858	0.000654511	0.00135577	0.0531557	0.0143525	0.0140252	0.0116877	0.0111267	0.00420757	0.0029453	0.0130902	0.0111267	0.0181861	0.0181393	0.058532	0.00327256	0.00869565	0.00191678	0.0238429	0.00878915	0.00345956	0.0112669	
2.30.110	0.0607542	0.0245261	0.0217208	0.0252074	0.13818	0.0649221	0.0169519	0.014868	0.0173125	0.044163	0.0604336	0.0414379	0.0208392	0.0157897	0.0024446	0.0444836	0.0102994	0.0353865	0.0385926	0.0121028	0.00488919	0.000841582	0.00176332	0.0482507	0.0181541	0.0175129	0.0108604	0.0155092	0.00496934	0.00356671	0.0126237	0.0124634	0.0149882	0.0151886	0.049974	0.00348655	0.0087765	0.00216407	0.0197571	0.0107001	0.00436821	0.0087765	
2.30.110	0.0658988	0.0249336	0.0227397	0.0263258	0.147197	0.0607518	0.0173396	0.0124457	0.0160317	0.0436654	0.0567439	0.0422731	0.0161583	0.015188	0.00244695	0.0414294	0.00793149	0.0357339	0.0400371	0.0105472	0.00523141	0.000885964	0.00156098	0.0513859	0.0189427	0.0169177	0.0102941	0.0134582	0.00350167	0.00333291	0.0123613	0.0119394	0.0160739	0.017213	0.0544235	0.0033751	0.0089862	0.00172974	0.0186896	0.0112644	0.00383918	0.00877526	
2.30.110	0.066492	0.0253505	0.0252797	0.0275457	0.149554	0.0638012	0.014658	0.010126	0.0212434	0.0508427	0.0612519	0.0373885	0.0160742	0.00885144	0.00198272	0.0437615	0.0109758	0.0388755	0.0366804	0.0104093	0.00658547	0.000708115	0.00219516	0.0452485	0.0150828	0.0152953	0.00941793	0.0126753	0.0043195	0.00325733	0.0140207	0.0130293	0.018411	0.0149412	0.0481518	0.00396544	0.0105509	0.00191191	0.0167115	0.0104093	0.00339895	0.00856819	
2.30.110	0.0719288	0.024478	0.0229073	0.0315466	0.159042	0.0608679	0.0119118	0.00883566	0.0155769	0.0475816	0.0526212	0.0388769	0.0149879	0.0094247	0.00301067	0.0415603	0.00759212	0.0358008	0.0337064	0.00949015	0.0050396	0.000589044	0.00143988	0.0539302	0.0170823	0.0170823	0.00837751	0.0125008	0.00425421	0.00202893	0.0121736	0.0102101	0.0160351	0.0164932	0.0572681	0.00287977	0.010341	0.00104719	0.0233654	0.010341	0.00366516	0.0121081	
2.30.110	0.0705176	0.0242873	0.0256939	0.0312734	0.148818	0.0593586	0.0125188	0.00843961	0.0168792	0.0427607	0.0535915	0.0381189	0.0185671	0.0127063	0.00323518	0.0421512	0.0121905	0.0386815	0.0338522	0.011581	0.0052982	0.000609527	0.00121905	0.0494655	0.0158008	0.0166448	0.0120968	0.0118155	0.00215679	0.00300075	0.012847	0.0106433	0.0206302	0.0169261	0.0534977	0.00361028	0.0091898	0.00159415	0.0239591	0.00942423	0.00309452	0.0112528	
2.30.110	0.0649699	0.0258091	0.0241998	0.0270013	0.145199	0.0611552	0.0119211	0.0136496	0.0209811	0.046075	0.0557907	0.0411873	0.0157358	0.0106694	0.00411277	0.0400548	0.00959647	0.0366573	0.0375514	0.0116231	0.0043512	0.000536449	0.00154974	0.0486976	0.0174644	0.0176432	0.0114442	0.015259	0.00375514	0.00262264	0.0146629	0.0115634	0.0184181	0.0176432	0.0536449	0.00303988	0.00959647	0.0022054	0.01812	0.0111462	0.00357632	0.00911963	
2.30.110	0.0649404	0.0243397	0.0243397	0.0281201	0.145313	0.0553081	0.0117556	0.00792336	0.017245	0.046349	0.0592439	0.0482651	0.0178146	0.00952874	0.00481616	0.048783	0.0110823	0.0322631	0.034697	0.0105645	0.0046608	0.000569653	0.00139824	0.0531849	0.0158985	0.0185396	0.0105645	0.014086	0.00378042	0.00321077	0.0138788	0.0120145	0.0193682	0.0165199	0.0501295	0.00429829	0.00978767	0.00176075	0.0193164	0.0103055	0.00383221	0.010202	
2.30.110	0.0643874	0.023989	0.0246341	0.0268113	0.145466	0.0590251	0.0153207	0.0114905	0.0166915	0.0395517	0.0646696	0.0436238	0.0183849	0.0171753	0.00233843	0.046446	0.0136677	0.0400758	0.0352377	0.00943434	0.00544289	0.000766036	0.00165303	0.0478168	0.0151595	0.0169334	0.0106036	0.0128613	0.00338669	0.00334637	0.0121759	0.0103616	0.0183849	0.0171753	0.0494698	0.0031851	0.00975688	0.00165303	0.018909	0.00963593	0.00366891	0.00923275	
2.30.110	0.0632298	0.0251655	0.0222569	0.0252076	0.144248	0.0586351	0.0174093	0.0136576	0.017873	0.0451461	0.0591831	0.0405092	0.0185052	0.0157231	0.00370948	0.0472116	0.00969523	0.0378536	0.0415209	0.0127303	0.00484762	0.000632298	0.0019812	0.0466636	0.0171563	0.0174093	0.0111706	0.0144164	0.0045947	0.00349871	0.0123509	0.0125195	0.0148379	0.0161868	0.0478017	0.00257134	0.00851494	0.00219197	0.0184209	0.0107912	0.00387809	0.00809341	
2.30.110	0.0657292	0.0248791	0.0251336	0.0265971	0.145839	0.0628659	0.0135531	0.013044	0.019916	0.0488038	0.059748	0.0384958	0.0174981	0.0118987	0.00636294	0.0409137	0.0120896	0.0384322	0.0347417	0.0111351	0.00591754	0.000572665	0.00197251	0.0456859	0.0143802	0.0148257	0.0111351	0.0144439	0.00572665	0.00337236	0.0155892	0.0111351	0.0174345	0.0160982	0.0503309	0.00299058	0.0101807	0.00184525	0.0178162	0.0092899	0.00292695	0.0086536	
2.30.110	0.0667538	0.024591	0.0212024	0.0279795	0.158873	0.0619131	0.0127311	0.00939103	0.0167974	0.0490367	0.0499564	0.04468	0.0123923	0.00813244	0.00547004	0.0393068	0.00740633	0.0363055	0.0381934	0.0124891	0.00513118	0.000532481	0.00150063	0.0542163	0.0195566	0.0196534	0.00963307	0.0123923	0.00319489	0.00217833	0.0127311	0.0122471	0.014377	0.014377	0.0541679	0.00314648	0.00822926	0.00169426	0.0236228	0.00943944	0.00367896	0.010698	
2.30.110	0.0742377	0.0288462	0.0238219	0.0302322	0.151247	0.0630631	0.0142931	0.0116944	0.0199238	0.0535343	0.04851	0.0375087	0.0136868	0.0113479	0.00355163	0.0380284	0.00753638	0.0323112	0.0391545	0.0142931	0.00511088	0.000693001	0.00164588	0.0494629	0.0114345	0.0170651	0.00935551	0.0168053	0.00528413	0.00155925	0.0103084	0.0113479	0.0148129	0.0168053	0.0542273	0.00303188	0.00892238	0.00112613	0.0216563	0.0103084	0.00259875	0.00961538	
2.30.110	0.0653958	0.0254766	0.0211707	0.0259251	0.151873	0.0614936	0.0149809	0.0130523	0.0172236	0.0475891	0.0580848	0.0387082	0.0163714	0.0152052	0.0028706	0.043059	0.00798385	0.0357031	0.04427	0.0130523	0.00556179	0.000448531	0.00183898	0.0482619	0.0184346	0.0182104	0.0100471	0.0148464	0.0043956	0.00305001	0.0111236	0.0124243	0.0130074	0.0139942	0.0496524	0.00313972	0.00789415	0.00188383	0.0194214	0.00982283	0.00448531	0.00856694	
2.30.29	0.0696813	0.0240503	0.0199929	0.0312831	0.16994	0.0537457	0.012525	0.00858521	0.0123486	0.050982	0.0509232	0.0444549	0.0126426	0.00905563	0.00182289	0.0383982	0.00829119	0.0265201	0.0410443	0.0105845	0.00299894	0.000646831	0.00199929	0.05845	0.0192873	0.0187581	0.00823239	0.0118194	0.00252852	0.0021757	0.00946725	0.0107021	0.0154063	0.0142891	0.0583324	0.0021757	0.00834999	0.00141127	0.0295778	0.00952605	0.00335176	0.0136422	
2.30.29	0.0764837	0.0234846	0.0225325	0.0329261	0.169549	0.0533164	0.0127737	0.00880673	0.0120597	0.0488734	0.0587909	0.04086	0.00991749	0.00967947	0.00142812	0.0332434	0.00626785	0.0343542	0.0384798	0.00848937	0.00476039	0.00023802	0.00166614	0.0599016	0.0185655	0.0191209	0.00912409	0.0110282	0.0019835	0.00206284	0.0119803	0.00967947	0.0145192	0.0154713	0.0543478	0.00253888	0.00952079	0.00214218	0.0257061	0.00848937	0.00253888	0.0122977	
2.30.29	0.0772684	0.0272206	0.0200573	0.0316141	0.171729	0.0423114	0.0127985	0.0112703	0.0168099	0.0526266	0.052149	0.0404011	0.0117479	0.00735435	0.00372493	0.0354346	0.00582617	0.0212034	0.043744	0.013085	0.00382044	0.000477555	0.00105062	0.0583572	0.0227316	0.0209169	0.0078319	0.0148997	0.00391595	0.00248329	0.0113658	0.0145177	0.00945559	0.0101242	0.056638	0.00315186	0.00735435	0.00191022	0.026361	0.00983763	0.00334288	0.0110793	
2.30.29	0.0655975	0.0227153	0.0233304	0.0262302	0.157206	0.0508348	0.01529	0.0109842	0.0126977	0.0443322	0.0614675	0.0447715	0.0153339	0.0116872	0.00237258	0.0420914	0.0130053	0.0365554	0.0417838	0.00891916	0.0056239	0.000659051	0.00188928	0.0536028	0.019464	0.0168278	0.0134446	0.0140598	0.00254833	0.00276801	0.0115554	0.00966608	0.0163445	0.0150703	0.0522847	0.00342707	0.00891916	0.0026362	0.0196837	0.0100176	0.00329525	0.00900703	
2.30.29	0.0632846	0.0271639	0.0243741	0.0297335	0.126569	0.0473534	0.0173996	0.00991117	0.0189413	0.0544013	0.0527127	0.0596872	0.0196755	0.00851626	0.00315689	0.0419206	0.0113795	0.0285588	0.0377358	0.0154908	0.00418471	0.00036708	0.00168857	0.0487483	0.019235	0.020116	0.0122605	0.0151237	0.00396447	0.00352397	0.0132149	0.0142427	0.0193084	0.0127744	0.0486748	0.00403788	0.00976433	0.00242273	0.0204831	0.0127744	0.00433155	0.0107922	
2.30.29	0.0690297	0.0258139	0.0209979	0.0278687	0.162268	0.0594619	0.0163103	0.0116869	0.0148334	0.0550954	0.0524626	0.0439864	0.0128427	0.00847621	0.00333911	0.0377577	0.0079625	0.0307584	0.0431516	0.0104668	0.00488024	0.000449496	0.00173377	0.0551596	0.0194568	0.0193925	0.00783407	0.0116227	0.00359597	0.00237591	0.0107879	0.012329	0.0130996	0.0131638	0.0540037	0.00218327	0.00725615	0.00154113	0.0217684	0.0093752	0.00340333	0.0100173	
2.30.29	0.0701349	0.0245344	0.0250482	0.0283879	0.156647	0.0466281	0.0140013	0.00956969	0.0166346	0.0492614	0.0535003	0.0490687	0.017341	0.0101477	0.00436737	0.0465639	0.0140013	0.032113	0.0320488	0.0123314	0.00404624	0.000449583	0.00301863	0.051702	0.0162492	0.0155427	0.0106615	0.0132306	0.00353243	0.00449583	0.0140655	0.0120103	0.017341	0.0168915	0.0499037	0.0029544	0.00809249	0.00160565	0.0210662	0.00802826	0.00327553	0.00950546	
2.30.29	0.0646343	0.0264294	0.0213267	0.0273453	0.146408	0.0602512	0.0115792	0.00974748	0.0150464	0.0561952	0.054756	0.0480178	0.0144577	0.0077849	0.00242052	0.0410833	0.00942038	0.0262332	0.0489991	0.0146539	0.00562606	0.000850451	0.00157006	0.0536439	0.0214575	0.0219809	0.00902787	0.015439	0.00333639	0.00228968	0.0111213	0.0128222	0.0137381	0.0115138	0.049915	0.00340181	0.00968206	0.00124297	0.0198875	0.0113175	0.00366348	0.00968206	
2.30.29	0.0637212	0.0287971	0.0224658	0.0253251	0.133025	0.0511948	0.0136156	0.011301	0.0232147	0.0567772	0.0533052	0.0524883	0.0136156	0.00803322	0.00333583	0.0425488	0.00919055	0.0320648	0.0473143	0.0207638	0.00571856	0.00108925	0.00163388	0.0468378	0.0213765	0.0236912	0.0117775	0.0166791	0.00456124	0.0037443	0.0132752	0.0155218	0.0132752	0.0106883	0.0447273	0.00360814	0.00816938	0.00231466	0.0164068	0.0106202	0.00408469	0.0081013	
2.30.29	0.0666804	0.0229578	0.0267955	0.026864	0.146793	0.0516036	0.0165159	0.010074	0.0132264	0.0473547	0.0555784	0.0479715	0.0198739	0.0181606	0.00164474	0.0509868	0.0147341	0.0353618	0.0354304	0.00740132	0.00472862	0.000685307	0.00191886	0.0500274	0.017818	0.0163103	0.0126096	0.011239	0.00219298	0.00328947	0.0129523	0.00938871	0.0183662	0.0174753	0.0482456	0.00301535	0.00973136	0.00198739	0.0209704	0.00966283	0.00280976	0.00856634	
2.30.29	0.0655982	0.0250896	0.0208967	0.0280652	0.152972	0.0550484	0.0133901	0.00892676	0.0147427	0.051126	0.0547102	0.048218	0.0142017	0.0104146	0.00270508	0.0392913	0.00825049	0.0292149	0.042064	0.0135254	0.00513965	0.00067627	0.00162305	0.0547778	0.020491	0.0224522	0.00987354	0.0133225	0.0025022	0.00216406	0.0118347	0.0131873	0.0152837	0.0145398	0.052749	0.00317847	0.00906201	0.00148779	0.0223169	0.0108879	0.00338135	0.0106174	
2.30.29	0.0624533	0.0274944	0.0204653	0.0263125	0.140707	0.0595919	0.0151157	0.0144315	0.0187858	0.0583478	0.0528738	0.047151	0.0116322	0.00970391	0.0014307	0.0397487	0.00609604	0.0269968	0.0449117	0.0172307	0.00398109	0.000373227	0.00174173	0.049577	0.0233267	0.0235133	0.0107614	0.0176661	0.00373227	0.00230157	0.0131874	0.0151779	0.0134984	0.0116322	0.0491416	0.00255039	0.0101393	0.00223936	0.0185992	0.0118189	0.00422991	0.00933068	
2.30.29	0.0691824	0.0239132	0.0210104	0.0297187	0.156127	0.0617873	0.013408	0.0108508	0.0145829	0.0514894	0.0576405	0.0409842	0.0137535	0.00857005	0.00152049	0.0442325	0.00718778	0.0319303	0.0398092	0.0100905	0.00532172	0.000345566	0.00172783	0.0563964	0.0191444	0.0183841	0.0088465	0.0137535	0.00234985	0.00165872	0.0115419	0.0088465	0.0135462	0.01403	0.0532863	0.00276453	0.0102288	0.0010367	0.0233603	0.0107126	0.00373212	0.0111964	
2.30.29	0.0652907	0.0253488	0.0225581	0.0259302	0.154709	0.0520349	0.0158721	0.011686	0.015407	0.0524419	0.0591279	0.049593	0.0151163	0.0108721	0.00273256	0.0402907	0.00918605	0.0297093	0.0418605	0.0131977	0.005	0.000755814	0.00186047	0.0500581	0.0188372	0.0204651	0.00965116	0.0142442	0.00197674	0.0025	0.0113372	0.0121512	0.0165116	0.0157558	0.0501163	0.00343023	0.00912791	0.00180233	0.0193605	0.0102907	0.00313953	0.00866279	
2.30.29	0.0762288	0.0248436	0.0228776	0.0299374	0.159339	0.048168	0.0134048	0.00893655	0.0133155	0.0511171	0.0565684	0.0401251	0.0158177	0.00714924	0.00160858	0.0456658	0.00732797	0.0331546	0.0431635	0.0075067	0.00536193	0.000357462	0.00125112	0.0570152	0.0190349	0.0150134	0.00840036	0.0133155	0.00294906	0.00142985	0.0132261	0.0122431	0.0150134	0.0142985	0.057462	0.00339589	0.0103664	0.00187668	0.0193923	0.0103664	0.0028597	0.00911528	
2.30.29	0.0674842	0.0272152	0.0209652	0.0289557	0.151345	0.0575949	0.011788	0.0106804	0.0144778	0.0587025	0.0517405	0.0481013	0.0126582	0.0085443	0.00205696	0.0355222	0.00719937	0.0264241	0.0457278	0.0138449	0.0039557	0.000316456	0.00158228	0.0545095	0.0219937	0.0223892	0.00973101	0.0163766	0.0034019	0.0022943	0.0110759	0.0128165	0.0130538	0.0117089	0.0523734	0.0028481	0.0090981	0.00166139	0.0212816	0.0120253	0.00371835	0.0107595	
2.30.29	0.0754491	0.0234731	0.0216367	0.0293812	0.173413	0.0558882	0.0143713	0.00598802	0.0128543	0.0507784	0.0547705	0.0416766	0.0110978	0.00870259	0.00231537	0.0411976	0.00742515	0.0324152	0.04	0.0104591	0.00582834	0.000479042	0.00199601	0.0581238	0.0182834	0.0160479	0.00846307	0.0120559	0.00199601	0.00191617	0.00830339	0.00838323	0.0128543	0.017485	0.055489	0.00279441	0.00846307	0.0011976	0.0245908	0.00926148	0.00263473	0.0100599	
2.30.29	0.0715845	0.0250546	0.024007	0.0288084	0.152772	0.0536883	0.0113488	0.0106504	0.0146661	0.0498472	0.0556089	0.0470537	0.0128328	0.00820602	0.00139677	0.0453077	0.0116979	0.0312527	0.0391969	0.0111742	0.00541248	0.000523789	0.00148407	0.0549105	0.0205151	0.0175469	0.0134439	0.0148407	0.00200786	0.00244435	0.0125709	0.0103885	0.0159756	0.0143169	0.0523789	0.00314273	0.00838062	0.00157137	0.0194675	0.010825	0.00279354	0.00890441	
2.30.29	0.0647019	0.0250257	0.0215483	0.028218	0.155341	0.0592863	0.0145365	0.009463	0.0163607	0.0525026	0.0544978	0.0491962	0.0164747	0.00769582	0.00171018	0.0407593	0.00855091	0.0302132	0.037852	0.0116292	0.00501653	0.000684073	0.00193821	0.0498803	0.0201801	0.0206932	0.00969103	0.0114582	0.00199521	0.00108311	0.00957702	0.0116862	0.0178999	0.0181849	0.0523886	0.00324934	0.00855091	0.00114012	0.0233155	0.0106601	0.00393342	0.0112302	
2.30.29	0.0759662	0.0242559	0.0231008	0.0309196	0.159574	0.0637939	0.0132386	0.00852954	0.0125278	0.0458463	0.0523323	0.0422923	0.0132386	0.0101288	0.00124389	0.0408707	0.0116393	0.0349178	0.0374056	0.0068414	0.00586406	8.88494e-05	0.00159929	0.0565082	0.0199911	0.0154598	0.011817	0.0124389	0.00346513	0.00133274	0.0106619	0.00888494	0.0148378	0.0148378	0.0545535	0.00248778	0.00835184	0.00159929	0.0219458	0.0108396	0.00302088	0.0107508	
2.30.29	0.0811312	0.0272205	0.025011	0.0328767	0.160937	0.0499337	0.0124613	0.0115776	0.0141405	0.0509943	0.0524083	0.0440124	0.0115776	0.00512594	0.00291648	0.0409191	0.00592134	0.0305789	0.0410075	0.00804242	0.00512594	8.83783e-05	0.00150243	0.0579761	0.0205921	0.0197084	0.0101635	0.0113124	0.00335837	0.00185594	0.0108705	0.00963323	0.0151127	0.012373	0.0539991	0.00220946	0.00980999	0.000883783	0.0218294	0.00883783	0.00309324	0.0108705	
2.30.29	0.0687522	0.0222008	0.0189101	0.0280362	0.183398	0.0505441	0.0111004	0.0100035	0.0132064	0.0505441	0.0516848	0.0434363	0.0125921	0.00838013	0.00188663	0.0410232	0.00601088	0.0339593	0.0383907	0.0108371	0.00465075	0.000482625	0.00153563	0.0588364	0.0188663	0.0184714	0.00873113	0.0115391	0.00206213	0.00184275	0.00938926	0.00938926	0.01404	0.0159266	0.0569937	0.00223763	0.00680063	0.00136013	0.027729	0.00881888	0.00337838	0.0120218	
2.30.29	0.0644003	0.0264667	0.0211965	0.0279145	0.144437	0.0586668	0.0123357	0.0120461	0.0166213	0.05386	0.0525859	0.0487056	0.015463	0.00857126	0.00254821	0.0391498	0.0104824	0.0287832	0.0421034	0.0126832	0.0041698	0.000868709	0.00144785	0.0535125	0.0207332	0.0213123	0.00862918	0.0151735	0.00382232	0.00202699	0.012799	0.0132623	0.0140731	0.0136677	0.0536862	0.00306944	0.00897666	0.00243239	0.0213123	0.012104	0.00388023	0.0100191	
2.30.29	0.0741726	0.0231983	0.0304361	0.0276523	0.156449	0.0447263	0.0115063	0.00513455	0.0149706	0.0371172	0.054253	0.0475719	0.0200433	0.012125	0.00259821	0.0595732	0.0196721	0.0400247	0.0303743	0.0097742	0.00581503	0.000433034	0.00136097	0.0491803	0.0115682	0.0137334	0.0129292	0.0123105	0.00204145	0.00395917	0.0134859	0.00897	0.0218373	0.0207238	0.0486236	0.00420662	0.0079802	0.00173214	0.020167	0.00736158	0.00197959	0.00822765	
2.30.29	0.0691775	0.0236249	0.0180283	0.0288087	0.183403	0.0479839	0.0115602	0.0104133	0.0136245	0.0550484	0.0494059	0.0402771	0.0110097	0.00555071	0.00197257	0.0397725	0.00449562	0.0301849	0.0411487	0.0131657	0.00481673	0.0008716	0.00192669	0.0587183	0.0196798	0.0200927	0.00848663	0.0125694	0.00279829	0.00169733	0.00949585	0.0126611	0.0126611	0.0140373	0.0572962	0.00270655	0.00633057	0.00128446	0.0288545	0.008716	0.00334878	0.0122941	
2.30.29	0.0689886	0.0233088	0.0201608	0.0292699	0.16363	0.0598794	0.0134628	0.00790355	0.0145345	0.0480911	0.0509042	0.0399866	0.0139987	0.00991293	0.00107167	0.0411253	0.00582719	0.035633	0.0395177	0.0090422	0.00468855	0.000334896	0.00174146	0.058205	0.0178835	0.016209	0.00931011	0.0145345	0.00308104	0.00107167	0.0106497	0.0100469	0.0133958	0.0178165	0.0595445	0.00261219	0.0103148	0.00140656	0.0238446	0.0119223	0.00361688	0.0115204	
2.30.29	0.0777457	0.0248303	0.0227843	0.0309681	0.166186	0.0525435	0.0106017	0.00641681	0.00929973	0.0471496	0.0561704	0.0408258	0.0120896	0.00762578	0.00111597	0.0422208	0.0101367	0.0294801	0.0418488	0.0067888	0.00548684	0.000557984	0.00176695	0.0581233	0.0175765	0.0189714	0.0101367	0.0133916	0.00204594	0.00167395	0.0116247	0.0111597	0.0142286	0.0148796	0.0583093	0.00325491	0.0102297	0.00111597	0.0245513	0.0114387	0.00260392	0.0100437	
2.30.29	0.0680311	0.0255837	0.0198184	0.0278899	0.160565	0.0530412	0.0134044	0.00886423	0.0145575	0.054987	0.0536898	0.0459066	0.0116748	0.00908043	0.001081	0.0340876	0.00735082	0.0283943	0.0492217	0.0148458	0.00482848	0.000720669	0.00187374	0.056068	0.0224128	0.0211877	0.00857596	0.0136927	0.00259441	0.00194581	0.0105218	0.015062	0.0124676	0.011819	0.052753	0.00288268	0.00879216	0.00187374	0.02371	0.0103776	0.00389161	0.00987316	
2.30.29	0.0692234	0.0239232	0.0221197	0.0299703	0.163378	0.0577127	0.014216	0.00880543	0.0137386	0.0480586	0.0527795	0.0443454	0.011829	0.00737322	0.00206875	0.0406853	0.00678973	0.0325164	0.0384575	0.00997242	0.0050923	0.000689582	0.00169743	0.0545831	0.01777	0.0173456	0.0101846	0.0113516	0.00238701	0.00148525	0.0120942	0.0109272	0.0170804	0.0172926	0.0551135	0.00350095	0.0102907	0.0015383	0.0258328	0.0104498	0.00360704	0.0117229	
2.30.29	0.0675899	0.0251848	0.0220277	0.0304226	0.150463	0.0573294	0.0130588	0.0104757	0.0158571	0.0553204	0.0551051	0.0455622	0.0126283	0.00889718	0.000932769	0.0435531	0.00588362	0.0274091	0.0381	0.0119825	0.0047356	0.000287006	0.00287006	0.0550334	0.0185836	0.0199469	0.0101887	0.0154266	0.00279831	0.00243955	0.0125565	0.0100452	0.0152831	0.0142785	0.0520198	0.00287006	0.010404	0.00157853	0.0237497	0.0116955	0.00430509	0.0111215	
2.30.29	0.0690777	0.0259514	0.0203526	0.0280699	0.153741	0.0596202	0.0138458	0.00832261	0.0130135	0.0481955	0.0537944	0.0454717	0.0170235	0.01203	0.00143754	0.0369221	0.00665809	0.030491	0.0460014	0.0127866	0.00484225	0.000302641	0.00143754	0.0566694	0.0211848	0.0219414	0.00847394	0.0127109	0.00249678	0.00166452	0.0114247	0.0121813	0.0136188	0.0142998	0.0547023	0.00211848	0.00960884	0.00166452	0.0217145	0.0105168	0.00355603	0.0100628	
2.30.29	0.0684615	0.0232867	0.021958	0.0279021	0.15951	0.0520979	0.0151748	0.00839161	0.0123776	0.0522378	0.0548951	0.048042	0.0137063	0.0100699	0.0027972	0.0458042	0.00881119	0.0345455	0.0381119	0.00916084	0.00454545	0.000769231	0.00223776	0.0565734	0.0196503	0.0181818	0.00979021	0.0121678	0.00251748	0.00146853	0.0120979	0.00916084	0.0161538	0.0148252	0.053007	0.00300699	0.00895105	0.00160839	0.0226573	0.0102797	0.00293706	0.0100699	
2.30.29	0.0711238	0.023866	0.0227596	0.0303461	0.156551	0.0625099	0.012091	0.00821875	0.0147779	0.0472578	0.0516833	0.044808	0.0140667	0.00964122	0.00126442	0.0385649	0.0130394	0.0352458	0.0373005	0.00892998	0.00576893	0.000395132	0.00205469	0.053975	0.018018	0.015015	0.0113008	0.0124071	0.00347716	0.00237079	0.012012	0.0098783	0.0181761	0.0140667	0.056741	0.00260787	0.0083768	0.00221274	0.0212581	0.0114588	0.00308203	0.0113008	
2.30.29	0.0882571	0.0257108	0.0289246	0.0346106	0.171941	0.0454883	0.0168109	0.00420272	0.0140915	0.0399258	0.0574784	0.0405439	0.0171817	0.0065513	0.00271941	0.0349815	0.0111248	0.0313968	0.0378245	0.00704574	0.0053152	0.000618047	0.00197775	0.0580964	0.0134734	0.0142151	0.0116193	0.0122373	0.00160692	0.00185414	0.0119901	0.00716934	0.0154512	0.0138443	0.0543881	0.0025958	0.00889988	0.000988875	0.0243511	0.00852905	0.00383189	0.010136	
2.30.29	0.073118	0.0246611	0.0187482	0.0284828	0.178036	0.060499	0.01197	0.00829247	0.0122584	0.0486011	0.051197	0.0410297	0.0106721	0.00648976	0.00137006	0.0350447	0.00540813	0.0335304	0.0460052	0.0137006	0.00562446	0.000360542	0.00137006	0.0597779	0.0214883	0.019253	0.00757139	0.0116816	0.00216325	0.00137006	0.00951832	0.0106721	0.0105278	0.0128353	0.0579031	0.00187482	0.00749928	0.00144217	0.0247332	0.00944621	0.00295645	0.0108163	
2.30.29	0.0684837	0.0262175	0.0228971	0.0282236	0.153154	0.0531959	0.0138351	0.0121057	0.0142501	0.051674	0.0578307	0.0488379	0.0150802	0.00982291	0.00207526	0.0409519	0.00920033	0.0300221	0.0404676	0.0125899	0.00504981	0.000415053	0.00235196	0.0515357	0.0201992	0.0199917	0.00920033	0.0131433	0.00228279	0.00221361	0.0114139	0.0123824	0.0150111	0.0148035	0.0518124	0.00318207	0.00906198	0.00166021	0.0194383	0.0109297	0.00325125	0.00975374	
2.30.29	0.0655704	0.0251503	0.0223174	0.0274995	0.144821	0.0544462	0.0133352	0.0082913	0.0158226	0.0571409	0.0540316	0.0496787	0.0171354	0.00974228	0.00297105	0.0413183	0.0104332	0.0339252	0.0418711	0.0129897	0.00545844	0.00110551	0.00186554	0.0511988	0.015408	0.01983	0.0115387	0.0154771	0.00331652	0.00207283	0.0115387	0.0122297	0.0154771	0.0143025	0.0504387	0.0035238	0.00939681	0.00138188	0.0210737	0.0112624	0.00386927	0.00974228	
2.30.29	0.066881	0.0245999	0.0227829	0.0276749	0.14746	0.0543015	0.0139772	0.00887553	0.0144664	0.0544413	0.0579356	0.0496191	0.0162835	0.00866587	0.0025159	0.0412328	0.00908519	0.0353624	0.0411629	0.0135579	0.00510168	0.000978405	0.00160738	0.0540219	0.0172619	0.0187994	0.0111818	0.0150255	0.00230624	0.00167727	0.0109721	0.00957439	0.0155147	0.0150954	0.0516458	0.00342442	0.00943462	0.00125795	0.0199175	0.0106227	0.00398351	0.00971417	
2.30.29	0.065492	0.0258144	0.0232193	0.02759	0.141091	0.0530629	0.0138633	0.00880967	0.0138633	0.0592775	0.0542239	0.0514239	0.0158437	0.00956088	0.0025951	0.0430923	0.0103804	0.0334631	0.0407703	0.0117462	0.00546336	0.000956088	0.00184388	0.0511507	0.0167998	0.0198047	0.012156	0.0159803	0.00273168	0.00307314	0.0119511	0.0127023	0.0151608	0.0143413	0.0502629	0.00396094	0.0094243	0.00198047	0.0196681	0.0114731	0.00457557	0.00935601	
2.30.29	0.0643391	0.0239928	0.0201449	0.0282368	0.155727	0.0559642	0.0138072	0.00775238	0.0167497	0.0494568	0.0559077	0.0489475	0.013411	0.0113173	0.00186736	0.0364418	0.00843142	0.0305568	0.0411951	0.0125057	0.00379131	0.000961974	0.00152784	0.0550023	0.0212766	0.0217293	0.00990267	0.0137506	0.00350837	0.00215029	0.0121096	0.0126754	0.0144296	0.0131847	0.0535876	0.00271616	0.00950656	0.00135808	0.0233703	0.0113739	0.00401766	0.0113173	
2.30.29	0.0636943	0.0245968	0.0233772	0.0266974	0.138772	0.0553598	0.0190405	0.0089443	0.013552	0.0522429	0.0551565	0.0510232	0.0159913	0.0125356	0.00230384	0.0457379	0.0113837	0.036116	0.0390297	0.0121968	0.00406559	0.000813118	0.00223608	0.0487193	0.0178886	0.018634	0.0120613	0.0153137	0.00250711	0.00230384	0.0136197	0.0111804	0.0161268	0.0162624	0.051362	0.00338799	0.0099607	0.00196504	0.0197859	0.0111126	0.00399783	0.0089443	
2.30.29	0.067946	0.0231428	0.0237193	0.0296492	0.136551	0.048674	0.0122715	0.00955362	0.0172953	0.0484269	0.0574041	0.0472739	0.0137539	0.00963597	0.00156482	0.0516389	0.0113655	0.0337671	0.0379674	0.0120244	0.00395322	0.000494153	0.000988305	0.0559216	0.0199308	0.0182836	0.0102125	0.0146599	0.00304727	0.00189425	0.0138363	0.0123538	0.0180366	0.0150717	0.056004	0.00312963	0.0103772	0.0023884	0.0205897	0.0110361	0.00321199	0.0109537	
2.30.29	0.0725422	0.0229876	0.0221922	0.0280783	0.160993	0.0615654	0.0179765	0.00811327	0.0128062	0.0469297	0.0567929	0.046532	0.0121699	0.0087496	0.000636335	0.0405663	0.0087496	0.0394528	0.0357143	0.00819281	0.00389755	0.000556793	0.00087496	0.0536907	0.0204423	0.0167833	0.00994273	0.0128062	0.00167038	0.00198855	0.0128858	0.00994273	0.0138403	0.0169424	0.0544862	0.00214763	0.0087496	0.00182946	0.0226694	0.00954502	0.00286351	0.0097041	
2.30.29	0.0726789	0.0226159	0.0240162	0.0273771	0.162092	0.0505531	0.00973253	0.00854222	0.0136535	0.0464921	0.0609859	0.0372497	0.0101526	0.0112729	0.00182047	0.0425711	0.0132334	0.0414508	0.0425711	0.00959249	0.00490127	0.0007702	0.00147038	0.0566447	0.0182047	0.0149139	0.011483	0.0135135	0.00238062	0.00217056	0.0134435	0.0102927	0.0147038	0.0165243	0.0534939	0.0030808	0.00987257	0.00182047	0.0206554	0.00952248	0.00329086	0.00819213	
2.30.29	0.0695396	0.0243747	0.0217461	0.0285168	0.153895	0.0567946	0.0134618	0.00852318	0.0166481	0.0503425	0.0552015	0.0459614	0.0113111	0.00947905	0.00167277	0.0394297	0.00772662	0.0301896	0.0399873	0.0125856	0.00438107	0.000159312	0.00167277	0.0521746	0.0203123	0.0191174	0.00995699	0.0152939	0.00310658	0.00175243	0.0140991	0.0133025	0.0129043	0.0166481	0.0555202	0.00390314	0.00979767	0.00223036	0.0221443	0.0109925	0.00334555	0.00979767	
2.30.29	0.066772	0.022001	0.0186688	0.0264012	0.182972	0.0583988	0.0153366	0.0100393	0.0120899	0.0474624	0.0560065	0.0387047	0.0105092	0.00978298	0.000854409	0.0337064	0.00551094	0.0318694	0.0434894	0.00897129	0.00440021	0.000256323	0.00162338	0.0613038	0.0203776	0.0188824	0.00918489	0.0127307	0.0018797	0.00111073	0.0101247	0.0114064	0.0131152	0.0154648	0.0584843	0.00311859	0.00858681	0.00179426	0.0226846	0.0106374	0.00324675	0.0100393	
2.30.29	0.0669109	0.0226429	0.0218796	0.02824	0.166031	0.0484913	0.0138401	0.0124154	0.0159263	0.0497125	0.0531725	0.0460998	0.0104819	0.010838	0.00198443	0.0418257	0.00717448	0.0319544	0.0372971	0.0123136	0.00361268	0.000457945	0.00239149	0.0567343	0.0184196	0.0167913	0.0100748	0.0124154	0.00284944	0.00173002	0.0122119	0.0102274	0.0162316	0.0180634	0.0539358	0.00300209	0.0094642	0.00167913	0.0271205	0.00824302	0.00310385	0.0120083	
2.30.29	0.0626277	0.0259647	0.0228393	0.0260849	0.137517	0.0503666	0.0138839	0.0108186	0.0159274	0.0589013	0.0551148	0.0543335	0.0165885	0.0101575	0.00276476	0.0450174	0.0116	0.031975	0.0427936	0.0133429	0.00462796	0.00108186	0.00192331	0.0496454	0.0200745	0.0215771	0.0112994	0.0126818	0.00414713	0.00324558	0.0142445	0.0141844	0.0159274	0.0126217	0.0461594	0.00366631	0.00901551	0.00210362	0.0194134	0.0108186	0.00402693	0.0088953	
2.30.29	0.0734588	0.0248012	0.0214944	0.028423	0.165814	0.0608613	0.0176364	0.00913314	0.0165341	0.0442485	0.0556649	0.0435399	0.0122825	0.00889694	0.00181088	0.0377923	0.00803086	0.0333045	0.0423589	0.0111015	0.00472404	0.000629872	0.00196835	0.0551138	0.0191324	0.0188174	0.0102354	0.0145658	0.00409417	0.00125974	0.00936934	0.00779466	0.01244	0.0150382	0.0504685	0.00228328	0.00913314	0.00133848	0.0213369	0.00999921	0.00401543	0.00905441	
2.30.29	0.070192	0.0272767	0.0206576	0.0264766	0.14693	0.0621181	0.0149113	0.0106925	0.0162205	0.055208	0.0526622	0.0457521	0.0109107	0.00858307	0.00240035	0.040224	0.00727379	0.033023	0.0489526	0.0144748	0.00472796	0.000509165	0.00138202	0.0547716	0.0193483	0.0215304	0.00858307	0.014693	0.00356415	0.00196392	0.0112016	0.0140384	0.0118563	0.0128019	0.0493163	0.00305499	0.00887402	0.00181845	0.0193483	0.0096014	0.00400058	0.0080739	
2.30.29	0.0722527	0.0237034	0.0194197	0.0306717	0.173692	0.0570025	0.014679	0.0109664	0.0140507	0.0507768	0.0498629	0.0409527	0.0118803	0.0085104	0.00302719	0.0354695	0.00725383	0.029358	0.0410669	0.0108522	0.00474069	0.000456934	0.00154215	0.0595728	0.0179347	0.0176491	0.00805346	0.011252	0.00331277	0.00188485	0.00976696	0.0107379	0.0125086	0.0134224	0.0574594	0.00199909	0.00679689	0.00148504	0.0291867	0.00862463	0.00336989	0.0127942	
2.30.29	0.0688845	0.0219737	0.0210232	0.0287951	0.170422	0.0551859	0.0143696	0.00637406	0.0143137	0.0478054	0.0552418	0.0363992	0.0117417	0.00805144	0.00162147	0.0402572	0.00715684	0.0353928	0.0402013	0.00838692	0.00374616	0.000503215	0.00123008	0.0591557	0.0200727	0.0161588	0.0103998	0.0152083	0.00201286	0.00150964	0.0144814	0.0109589	0.0148728	0.0154319	0.0576461	0.00240425	0.0113503	0.00128599	0.0214705	0.0124126	0.00346659	0.0106234	
2.30.29	0.0703413	0.0246771	0.0219096	0.028444	0.159748	0.0608087	0.0113776	0.00876384	0.014837	0.0512761	0.0563499	0.0458948	0.0139914	0.00968635	0.00115314	0.0422048	0.00830258	0.0292897	0.0435886	0.0127614	0.00568881	0.000153752	0.00199877	0.053813	0.0176046	0.0193727	0.00976322	0.0146064	0.00276753	0.00199877	0.00991697	0.0095326	0.0129151	0.0134533	0.0518911	0.00261378	0.00937884	0.00130689	0.022909	0.0103014	0.00330566	0.00930197	
2.30.29	0.0642795	0.0244874	0.0202137	0.0254692	0.154721	0.06324	0.0176725	0.00924054	0.016633	0.0524401	0.0534219	0.0455097	0.0142073	0.00906728	0.00190586	0.0407739	0.00802772	0.0343055	0.0421022	0.0130523	0.00554433	0.000635287	0.00231014	0.0524401	0.0197517	0.0209067	0.0094138	0.0149004	0.00282992	0.00138608	0.011955	0.0123015	0.0134565	0.0150159	0.0500144	0.00288767	0.00918279	0.00150159	0.0197517	0.0107421	0.00358071	0.00872076	
2.30.29	0.0706512	0.0254237	0.0245317	0.0296164	0.144692	0.0544157	0.01124	0.00945584	0.0139161	0.0485281	0.0537913	0.0488849	0.0128457	0.00758252	0.00160571	0.0457627	0.0131133	0.0343443	0.0378234	0.0103479	0.00419269	0.000535236	0.000981267	0.0553078	0.0192685	0.0182872	0.0141838	0.0148082	0.00249777	0.00223015	0.0148974	0.0134701	0.0170384	0.0125781	0.0534344	0.00383586	0.00900981	0.0014273	0.0190901	0.0123104	0.00276539	0.00927743	
2.30.29	0.0692422	0.0247683	0.0233663	0.027728	0.144014	0.0495366	0.0156554	0.00911286	0.0161228	0.0515616	0.0548329	0.0483683	0.0192383	0.0135525	0.00225874	0.0433056	0.00996962	0.0320897	0.0415141	0.0118389	0.0044396	0.000700989	0.00147987	0.0517174	0.0194719	0.0178363	0.0123841	0.0151881	0.00303762	0.00218086	0.0119947	0.0119947	0.013864	0.0165901	0.0508607	0.00311551	0.00911286	0.00280396	0.0200171	0.0100475	0.00475115	0.00833398	
2.30.29	0.0826887	0.023939	0.0240435	0.0336609	0.176667	0.0450554	0.0124399	0.00543592	0.00951286	0.0448463	0.0575998	0.0363788	0.0144261	0.00731758	0.00114991	0.0445327	0.00846749	0.0333473	0.0379469	0.0048087	0.0059586	0.000313611	0.00219527	0.0637675	0.0186076	0.0166214	0.00919925	0.0106628	0.00146352	0.00219527	0.0100355	0.00993101	0.0143216	0.0122308	0.0532093	0.00292703	0.00972193	0.00156805	0.0269705	0.00940832	0.00324064	0.0111854	
2.30.29	0.0723462	0.0252705	0.0224814	0.0270453	0.155088	0.0527383	0.0139452	0.00862069	0.0138607	0.0492732	0.0586545	0.0470757	0.0148749	0.00997295	0.0025355	0.0443712	0.00929682	0.0336376	0.043526	0.0113252	0.00515551	0.0010142	0.00278905	0.0532454	0.0191007	0.0190162	0.010311	0.0132691	0.00219743	0.00185936	0.0112407	0.0109026	0.0132691	0.015382	0.051048	0.00278905	0.00819811	0.0020284	0.020453	0.00988844	0.00321163	0.00769101	
2.30.29	0.0796865	0.0256602	0.0216478	0.0315387	0.176262	0.0497341	0.0126901	0.00979752	0.0143697	0.0506672	0.0530932	0.0438556	0.0139965	0.00634506	0.00121303	0.0357376	0.00821125	0.0295792	0.0428291	0.00942428	0.00447887	0.000279929	0.000933097	0.0577587	0.0182887	0.0168891	0.00690492	0.0125035	0.00298591	0.00167957	0.010544	0.0111039	0.0122236	0.01297	0.0553326	0.00214612	0.00793132	0.00158626	0.0249137	0.00858449	0.00335915	0.0102641	
2.30.29	0.0721633	0.0253503	0.0227586	0.028023	0.153317	0.0513485	0.0151454	0.00915202	0.0149024	0.0507006	0.0524824	0.0493237	0.0150644	0.0106099	0.00251073	0.0454361	0.0105289	0.0319106	0.0409816	0.0114198	0.00477849	0.000728922	0.00129586	0.0528063	0.018304	0.0195999	0.0104479	0.0128776	0.00291569	0.00291569	0.0123107	0.0128776	0.0136875	0.0144165	0.0519964	0.0028347	0.00753219	0.00129586	0.0221106	0.00850409	0.00356362	0.00907103	
2.30.29	0.074383	0.0239149	0.0222128	0.0286809	0.165532	0.053617	0.0138723	0.00910638	0.0134468	0.044	0.0542979	0.0410213	0.0114043	0.0116596	0.00119149	0.0411915	0.00961702	0.0337872	0.0458723	0.00978723	0.00561702	0.000595745	0.00238298	0.0557447	0.0171064	0.0171064	0.00851064	0.0124255	0.00204255	0.00255319	0.0125957	0.0111489	0.0125957	0.0151489	0.0560851	0.00297872	0.00919149	0.00229787	0.0235745	0.00978723	0.00212766	0.00978723	
2.30.29	0.0679214	0.0231837	0.023762	0.0272316	0.158185	0.0503102	0.013721	0.0109873	0.0164021	0.0506256	0.0594049	0.0451057	0.0137735	0.0086216	0.0034171	0.0484176	0.0114604	0.0374303	0.0336978	0.0101461	0.00436337	0.000525707	0.00173483	0.0516244	0.0158238	0.0160866	0.0120387	0.0138261	0.00389023	0.00320681	0.0119336	0.0103564	0.0159815	0.0184523	0.0504153	0.00283882	0.00972558	0.00252339	0.0202397	0.00767532	0.00378509	0.0091473	
2.30.29	0.0644663	0.0266395	0.0216948	0.0268867	0.140058	0.0519192	0.0150195	0.0101366	0.0174918	0.061005	0.0524136	0.0504358	0.0158848	0.00951851	0.00346128	0.0398665	0.00982755	0.0317696	0.0440695	0.0168737	0.00469745	0.000865319	0.00117436	0.0519192	0.0186662	0.0218802	0.0108783	0.0156994	0.00327585	0.00160702	0.0103838	0.0116818	0.0146486	0.0147722	0.0500649	0.002905	0.00908585	0.00185426	0.0192224	0.0120527	0.00389394	0.00933309	
2.30.29	0.0692801	0.0243274	0.0205593	0.0286243	0.166193	0.0589674	0.0110399	0.00925497	0.0133536	0.0496463	0.0539433	0.0447544	0.0116348	0.00687512	0.00237985	0.0391353	0.00720566	0.0314008	0.0448866	0.0128248	0.00515634	0.000793284	0.00125603	0.0579758	0.0189727	0.0210881	0.00938719	0.0153368	0.00264428	0.00145435	0.0100483	0.00925497	0.0127586	0.0114365	0.0545382	0.0028426	0.00905665	0.00112382	0.0237985	0.0107093	0.00343756	0.0106432	
2.30.29	0.0613535	0.0215835	0.0205383	0.0250327	0.153436	0.0515809	0.0145284	0.0110792	0.0136399	0.0474001	0.0593677	0.0493337	0.0141625	0.0089365	0.000679383	0.0442122	0.00846616	0.0356938	0.0408153	0.0109224	0.0040763	0.000365822	0.00209041	0.0561275	0.0217925	0.0185524	0.0124902	0.0145284	0.00214267	0.00203815	0.014058	0.0123334	0.0169846	0.014267	0.0540371	0.00324014	0.0101385	0.00214267	0.0222106	0.0108179	0.00313562	0.00966815	
2.30.29	0.063133	0.0241042	0.021143	0.026947	0.144862	0.0557299	0.0133847	0.0090613	0.0171158	0.053894	0.0557299	0.0484454	0.0143915	0.0122002	0.00248741	0.037252	0.0108972	0.0316849	0.0422268	0.0135623	0.00473793	0.00118448	0.00177672	0.0540124	0.0193663	0.0213207	0.0101866	0.0143915	0.00361267	0.00272431	0.0130885	0.0134439	0.0142138	0.014273	0.0524726	0.00331655	0.00888362	0.00159905	0.0226829	0.0106603	0.00361267	0.0101866	
2.30.29	0.0730621	0.0258672	0.0214133	0.0308351	0.1606	0.0549036	0.0109636	0.00805139	0.0159315	0.0490792	0.0541328	0.0388865	0.0155889	0.012848	0.00179872	0.0382013	0.00599572	0.0304069	0.0428266	0.0111349	0.00505353	0.000428266	0.00197002	0.056788	0.0178158	0.0188437	0.00950749	0.0163597	0.00394004	0.00197002	0.0113919	0.0116488	0.0119058	0.0138758	0.0533619	0.00222698	0.00959315	0.00197002	0.0233833	0.0100214	0.00445396	0.0109636	
2.30.29	0.0694891	0.0260807	0.0238478	0.028135	0.152912	0.0498392	0.0145588	0.00902108	0.0129511	0.0543944	0.0558235	0.047249	0.0152733	0.0105395	0.00232226	0.0401036	0.0107181	0.0324223	0.0422472	0.0107181	0.00473383	0.000803859	0.00125045	0.0520722	0.0198285	0.0219721	0.0135763	0.0159879	0.00196499	0.00241158	0.0108074	0.0124151	0.0139335	0.0128617	0.049214	0.00348339	0.00741336	0.00142908	0.0215255	0.0101822	0.00410861	0.00937835	
2.30.29	0.0601983	0.0254367	0.0239023	0.02644	0.129839	0.0581917	0.0146955	0.0106232	0.019889	0.0495161	0.0501062	0.0478636	0.0224268	0.00991501	0.00318697	0.0512276	0.0142823	0.0335812	0.0365911	0.0141643	0.00519358	0.000885269	0.00188857	0.0440864	0.0189448	0.019594	0.0146364	0.0152856	0.00454438	0.00324599	0.0137512	0.0136331	0.0190038	0.0155217	0.0471553	0.00407224	0.00997403	0.00318697	0.0192398	0.0112724	0.00383617	0.00897073	
2.30.29	0.0679208	0.0224738	0.0211975	0.0276344	0.161256	0.0589312	0.0132623	0.00893402	0.0142056	0.0494423	0.0564342	0.039565	0.0135398	0.0100438	0.00271905	0.0411187	0.00793519	0.0344598	0.0388991	0.00782421	0.00399534	0.000166472	0.0018312	0.0582654	0.0190333	0.0172576	0.0118195	0.0159814	0.0029965	0.00216414	0.0135952	0.00998835	0.0137062	0.0138172	0.0555463	0.00305199	0.0100993	0.00155374	0.0219744	0.011875	0.00382887	0.0096554	
2.30.30	0.0631448	0.0241803	0.0214863	0.0281884	0.14817	0.0593994	0.0137328	0.0132072	0.0141271	0.0434326	0.0500033	0.0488863	0.0171496	0.0152441	0.00289112	0.038176	0.0100532	0.0315395	0.0365333	0.0114331	0.00328537	0.000459951	0.0017741	0.0530258	0.0195808	0.0222091	0.0122216	0.01347	0.00249688	0.00315395	0.0114331	0.0142585	0.0163611	0.0176753	0.0536172	0.00348249	0.00900191	0.00203693	0.0216834	0.0121559	0.00400815	0.0116302	
2.30.30	0.0671088	0.0231535	0.0199578	0.0289418	0.172988	0.0549292	0.0121797	0.00633102	0.0130841	0.0502864	0.0529394	0.0457039	0.015315	0.00693398	0.00114561	0.03877	0.00958698	0.0295448	0.0375641	0.00964727	0.00476334	0.000361773	0.00108532	0.0561954	0.0217667	0.0218872	0.0103708	0.0115164	0.00198975	0.0012662	0.0092855	0.0119988	0.0150136	0.0164004	0.0558336	0.00301477	0.00801929	0.00114561	0.02653	0.010612	0.00313536	0.0116973	
2.30.30	0.0606265	0.0273458	0.0296747	0.0257682	0.123958	0.0606265	0.0169033	0.0116445	0.019082	0.0465029	0.0500338	0.0413192	0.0299752	0.0115694	0.00743746	0.0636316	0.0164526	0.0338066	0.0385396	0.0111186	0.0066862	0.00135227	0.00187815	0.0380137	0.0133724	0.0169784	0.0159267	0.0144242	0.00338066	0.0066862	0.0171287	0.011945	0.0205094	0.0128465	0.0406431	0.00473293	0.00991661	0.00255428	0.012546	0.0117948	0.00420705	0.00646082	
2.30.30	0.0764979	0.0300214	0.0270067	0.0275091	0.147469	0.0635599	0.0134405	0.0115563	0.0222334	0.0482351	0.053134	0.0384374	0.0160784	0.0116819	0.00288908	0.046979	0.0103002	0.0339153	0.0386886	0.0140686	0.00979776	0.000502449	0.00263786	0.0448436	0.0165808	0.0168321	0.0110539	0.0149479	0.00364276	0.00263786	0.0129381	0.0110539	0.0130637	0.0133149	0.0467278	0.00238663	0.00829042	0.00238663	0.0131893	0.00992338	0.0040196	0.00552694	
2.30.30	0.0735157	0.0247125	0.0233136	0.0335717	0.156357	0.0592167	0.00909232	0.00660553	0.0185732	0.0392446	0.0468604	0.0429748	0.014843	0.00948088	0.00202052	0.0386229	0.00683867	0.0328722	0.0381567	0.00979173	0.00497358	0.000388561	0.00101026	0.0571184	0.0161641	0.0174852	0.0100249	0.0112683	0.00248679	0.00326391	0.0138328	0.0135219	0.017019	0.0167858	0.0594498	0.00365247	0.0104911	0.00186509	0.0261113	0.0107243	0.0031862	0.0125117	
2.30.30	0.0660848	0.0229288	0.0255611	0.0270158	0.150388	0.0485592	0.0142699	0.00741203	0.0117068	0.0421862	0.0662926	0.047243	0.0198116	0.00997506	0.00221668	0.0516071	0.0157246	0.032696	0.0393461	0.00768911	0.0069964	0.000623441	0.00166251	0.0517456	0.0192574	0.0171793	0.00983652	0.0119147	0.00242449	0.00374065	0.0140621	0.01046	0.0197423	0.0144777	0.0497368	0.00464117	0.00865891	0.0014547	0.0207121	0.00942089	0.00277085	0.00976725	
2.30.30	0.0581171	0.0254664	0.0246622	0.0260026	0.134409	0.0539352	0.0194081	0.00777397	0.0158696	0.0473944	0.0540425	0.0479305	0.0209093	0.0105619	0.00332404	0.0516299	0.0140468	0.0305597	0.0387626	0.0135642	0.00525413	0.000857817	0.00107227	0.0455179	0.018872	0.0224105	0.0136178	0.0147437	0.00251984	0.00380656	0.0137787	0.0146365	0.0198906	0.0161913	0.047448	0.00487883	0.0106155	0.00187647	0.0186039	0.0116341	0.00386018	0.00954321	
2.30.30	0.0647588	0.0217654	0.0255945	0.0278114	0.146648	0.054212	0.00940481	0.010614	0.0137042	0.0448744	0.0589144	0.04474	0.0148462	0.00920328	0.00228403	0.0561602	0.0139729	0.0375521	0.0317076	0.00920328	0.00537418	0.000201532	0.000940481	0.0508532	0.0139057	0.014779	0.0116217	0.0126293	0.00282144	0.0023512	0.0155851	0.011756	0.0241838	0.0188096	0.0545479	0.00517265	0.010614	0.00174661	0.0208921	0.0107484	0.00261991	0.00987505	
2.30.30	0.0651976	0.0208827	0.0244036	0.028228	0.149092	0.0515996	0.00959145	0.0100164	0.0128695	0.0431615	0.0617374	0.0453469	0.0142658	0.0100164	0.00242822	0.0562739	0.0113519	0.0379409	0.0331451	0.00813452	0.00376373	0.000303527	0.00133552	0.0536029	0.0144479	0.0143872	0.0130517	0.0142051	0.00248892	0.00194257	0.0132945	0.010927	0.0233716	0.0184544	0.0565167	0.0045529	0.0104413	0.00169975	0.0216111	0.0104413	0.00279245	0.0106841	
2.30.30	0.0653668	0.0220929	0.0257399	0.0263712	0.143078	0.0509188	0.0119231	0.0103801	0.0153598	0.0331744	0.0634731	0.0432038	0.024758	0.0173236	0.00301585	0.0550568	0.0148688	0.0369617	0.0406789	0.00974891	0.00476925	0.000701361	0.00203395	0.0510591	0.0161313	0.0155001	0.0143779	0.011362	0.00245476	0.0025249	0.0122738	0.0105204	0.019568	0.0186562	0.0509188	0.00294571	0.0093281	0.0017534	0.0183055	0.00981905	0.00266517	0.00883714	
2.30.30	0.0616649	0.0233164	0.0259888	0.0281267	0.132015	0.0497728	0.0152325	0.0124265	0.0151657	0.0354757	0.0642704	0.0464324	0.0232496	0.01717	0.00340727	0.0522448	0.0177044	0.0277926	0.0362106	0.0103554	0.00380812	0.000467664	0.00160342	0.049372	0.0167691	0.0177712	0.0169695	0.0134955	0.00260556	0.00467664	0.0162346	0.0137627	0.0200428	0.0159674	0.0499733	0.00387493	0.0100882	0.00260556	0.0177044	0.0111571	0.00300641	0.0100214	
2.30.30	0.0675197	0.0288106	0.025672	0.0249477	0.13182	0.0540802	0.0137615	0.0222115	0.0239015	0.0581845	0.0510221	0.0518268	0.0152905	0.0110253	0.00458716	0.047803	0.01352	0.0367777	0.0416868	0.0124738	0.00490906	0.000724288	0.00233382	0.0467568	0.0179462	0.0201191	0.0103815	0.0112667	0.00346049	0.00418477	0.0116691	0.0123129	0.0171415	0.0130372	0.040882	0.0044262	0.00764526	0.00169	0.0151296	0.00788669	0.0030581	0.00611621	
2.30.30	0.074583	0.0247021	0.0228753	0.0341541	0.157903	0.058618	0.00889595	0.00667196	0.017633	0.0400318	0.0471009	0.0420969	0.0150119	0.00865766	0.00190627	0.0381255	0.00691025	0.0324067	0.0389992	0.00976966	0.00476569	0.000317712	0.000953137	0.0578237	0.0162033	0.0175536	0.00937252	0.0109611	0.00222399	0.00333598	0.0138205	0.0138205	0.0161239	0.0161239	0.0604448	0.00365369	0.0106434	0.00182685	0.0262907	0.0108817	0.00301827	0.0127879	
2.30.30	0.0766682	0.0207446	0.0181417	0.0359678	0.193406	0.0560025	0.0138034	0.0123048	0.0106484	0.0363622	0.0433822	0.034548	0.00796656	0.00552138	0.00228743	0.0293422	0.00694116	0.0312352	0.031393	0.0112005	0.00473261	0.000394384	0.00252406	0.064048	0.0125414	0.0146711	0.00962297	0.0118315	0.00307619	0.00118315	0.0100174	0.0123048	0.0148288	0.0150655	0.0657044	0.00228743	0.00804543	0.00220855	0.0381764	0.00907083	0.00362833	0.0161697	
2.30.30	0.0627875	0.0242338	0.0213828	0.0286399	0.149679	0.0619452	0.0159399	0.0158751	0.020346	0.0484028	0.0471068	0.0450334	0.0123761	0.0084883	0.00440614	0.0388777	0.00660921	0.0307782	0.0363507	0.0182077	0.00414696	0.000777555	0.00200868	0.0524201	0.0147087	0.0161991	0.0107562	0.0128944	0.00434135	0.00213828	0.0124409	0.016523	0.0181429	0.0171062	0.0530033	0.00414696	0.00971943	0.00246226	0.0246874	0.00894188	0.00395257	0.0110154	
2.30.30	0.087785	0.0260586	0.0252443	0.0345277	0.153094	0.0550489	0.0131922	0.0117264	0.0130293	0.0441368	0.0600977	0.0338762	0.0135179	0.00798046	0.00179153	0.0416938	0.00781759	0.0281759	0.0387622	0.00798046	0.00570033	0.000325733	0.0034202	0.0558632	0.0154723	0.0149837	0.00830619	0.0127036	0.00179153	0.0029316	0.0159609	0.0131922	0.0172638	0.0138436	0.0563518	0.00439739	0.0112378	0.00130293	0.0138436	0.0131922	0.00374593	0.00863192	
2.30.30	0.0784696	0.0211174	0.020494	0.0321047	0.181719	0.0580535	0.00911712	0.00568846	0.00896127	0.0351438	0.0525208	0.0394296	0.0151952	0.0163641	0.00202603	0.0398192	0.0105198	0.035923	0.0392737	0.00607808	0.00514299	0.000233772	0.00210395	0.0603133	0.0188576	0.0162861	0.006156	0.0101301	0.00124679	0.00218187	0.00888335	0.00716902	0.0125458	0.0145718	0.0624172	0.0025715	0.00779241	0.00109094	0.0278968	0.00997429	0.00202603	0.0123899	
2.30.30	0.0840317	0.0244518	0.0255998	0.033406	0.177821	0.05384	0.00838021	0.00734703	0.0114797	0.0326025	0.0593502	0.0446562	0.0207783	0.0118241	0.00195156	0.0452302	0.0153828	0.0367352	0.0353576	0.00746183	0.00551027	0.000344392	0.00172196	0.05384	0.0189416	0.0154976	0.0103318	0.00803582	0.00149237	0.000918379	0.0088394	0.00734703	0.0137757	0.0130869	0.0506256	0.00229595	0.00803582	0.00103318	0.0198599	0.00826541	0.00218115	0.0103318	
2.30.30	0.064661	0.020848	0.0252101	0.0284175	0.150234	0.0531144	0.00942973	0.00827507	0.0121239	0.0452242	0.0639554	0.042979	0.0145615	0.00923728	0.00230932	0.0563859	0.0127654	0.0363077	0.0311758	0.0072487	0.00513182	0.000384887	0.00102636	0.0527936	0.0153313	0.0146257	0.0120598	0.0112259	0.00198858	0.00224517	0.0173199	0.0114825	0.0230932	0.0194368	0.0547822	0.00500353	0.0114183	0.00160369	0.0207197	0.0100071	0.0029508	0.0109051	
2.30.30	0.0784767	0.0224076	0.0211013	0.0322548	0.180868	0.0507436	0.0119574	0.0108521	0.0104502	0.0384847	0.0565715	0.0383842	0.0145699	0.0120579	0.00120579	0.0355707	0.00803859	0.0272307	0.0386857	0.00522508	0.00502412	0.000200965	0.00200965	0.0648111	0.0245177	0.017283	0.0079381	0.0108521	0.00180868	0.00180868	0.0109526	0.00924437	0.014369	0.0128617	0.0569735	0.0028135	0.00803859	0.00140675	0.028135	0.00924437	0.00190916	0.0126608	
2.30.30	0.0625803	0.0209136	0.0218453	0.026375	0.160466	0.0508545	0.0140709	0.0101516	0.0118222	0.0400283	0.0628052	0.0476741	0.0161591	0.0134284	0.0022809	0.044558	0.0114688	0.0318363	0.03945	0.00780648	0.00369442	0.00041763	0.00160627	0.0572796	0.0194359	0.0191146	0.0116294	0.0124647	0.00221665	0.00295554	0.0114045	0.0103123	0.0174441	0.0177975	0.0547417	0.0039193	0.00857749	0.00221665	0.0223593	0.0100231	0.00292341	0.0108905	
2.30.30	0.0675772	0.0211664	0.0255033	0.0299696	0.15658	0.0529484	0.00983882	0.00906208	0.0144993	0.0424623	0.0593566	0.0421386	0.0172179	0.00996828	0.00181242	0.0482232	0.0154703	0.0354068	0.0319115	0.00945045	0.00446631	0.000582562	0.00122985	0.0521069	0.0140462	0.0153408	0.0121043	0.0108745	0.00220079	0.00252444	0.0139168	0.0097741	0.0223315	0.0192245	0.0537252	0.00459577	0.0103567	0.000906208	0.0247265	0.00938572	0.00258916	0.012428	
2.30.30	0.0736192	0.0220203	0.0231105	0.0322674	0.166206	0.0550872	0.00770349	0.00755814	0.012936	0.0441134	0.055814	0.0421512	0.0135901	0.00545058	0.00123547	0.0459302	0.00872093	0.0350291	0.0302326	0.0096657	0.00450581	0.000290698	0.00130814	0.0574128	0.0132994	0.0171512	0.00893895	0.0116279	0.00167151	0.00225291	0.0132267	0.00988372	0.018968	0.0172238	0.0611192	0.0037064	0.0104651	0.00145349	0.0271802	0.0106831	0.00276163	0.0124273	
2.30.30	0.0712002	0.0230311	0.0233944	0.031023	0.157585	0.0566696	0.00748329	0.00755594	0.0127143	0.0442459	0.0543447	0.0446091	0.0143854	0.0076286	0.00152572	0.0472246	0.0111886	0.0390148	0.031023	0.011116	0.00464981	0.000145307	0.00116245	0.0554345	0.014676	0.018018	0.0106074	0.0123511	0.00196164	0.00232491	0.0113339	0.0111886	0.019907	0.0171462	0.057832	0.0032694	0.00922697	0.00130776	0.0248474	0.0109706	0.00297879	0.0116972	
2.30.30	0.0615396	0.027406	0.0244317	0.0261313	0.1223	0.0506338	0.0163586	0.0186956	0.0188372	0.0519085	0.0536789	0.0485093	0.0194037	0.00934778	0.00417817	0.0473054	0.0116139	0.0344876	0.0397281	0.0139509	0.00446144	0.000778982	0.00276184	0.0474471	0.0220239	0.0223072	0.0105517	0.0143049	0.00417817	0.00347001	0.0162878	0.0160753	0.018129	0.012747	0.0475179	0.00375328	0.0102684	0.00247858	0.0157213	0.0125345	0.00368246	0.00807308	
2.30.30	0.0709995	0.0206256	0.0233454	0.0295784	0.159055	0.050544	0.0132026	0.0112194	0.0110494	0.0328649	0.0609134	0.0423277	0.0156958	0.017849	0.0012466	0.0464075	0.0113894	0.0387013	0.0390979	0.00594968	0.00458976	0.000509973	0.0018699	0.0584202	0.0187557	0.0148459	0.0124093	0.00940617	0.0024932	0.00226655	0.0105394	0.00940617	0.0183024	0.0166591	0.0572303	0.00368314	0.00889619	0.00158658	0.0239687	0.00855621	0.00254986	0.0109927	
2.30.30	0.0669397	0.0242353	0.0255725	0.028581	0.13998	0.0506435	0.0108641	0.010112	0.0145412	0.0362694	0.0635969	0.0459636	0.026826	0.0137891	0.00384423	0.0506435	0.0183854	0.0251546	0.0406151	0.0102791	0.00442922	0.000584991	0.00116998	0.053067	0.017299	0.0178004	0.0146248	0.0119505	0.00267424	0.00350994	0.0120341	0.0128698	0.0169647	0.0151262	0.0520642	0.00367709	0.00961056	0.00200568	0.0180511	0.010697	0.00317566	0.0097777	
2.30.30	0.0701546	0.0209869	0.0247325	0.0287158	0.157372	0.0537455	0.0129608	0.00856124	0.0107015	0.0350773	0.0623662	0.045541	0.0162307	0.019679	0.00208086	0.043698	0.0150416	0.0434007	0.0375743	0.006956	0.00469679	0.000891795	0.00214031	0.0566587	0.0156361	0.0151011	0.0149822	0.00992866	0.0019025	0.00196195	0.00879905	0.00778835	0.0188466	0.0161712	0.0533294	0.00267539	0.00844233	0.00142687	0.0219382	0.00725327	0.00297265	0.0108799	
2.30.30	0.0637981	0.0230382	0.0255901	0.0265117	0.141561	0.0511094	0.0107039	0.00836464	0.0135394	0.0387042	0.0630184	0.0494081	0.025661	0.0148862	0.00297725	0.0548664	0.018785	0.0307649	0.0403346	0.010633	0.00425321	0.000354434	0.0016304	0.0492663	0.017509	0.0165166	0.0157369	0.0111292	0.00205572	0.00368611	0.012547	0.0122634	0.0196356	0.0151698	0.0491954	0.00432409	0.00900262	0.00170128	0.018147	0.0101368	0.0026937	0.00878996	
2.30.30	0.0721481	0.0207524	0.0227549	0.0291869	0.168811	0.0540049	0.012682	0.00946602	0.0102549	0.0342233	0.0600121	0.0405947	0.0171723	0.0163835	0.000788835	0.04375	0.0112257	0.0396238	0.0387743	0.00558252	0.00497573	0.000424757	0.00194175	0.0587379	0.0184466	0.013835	0.012318	0.0103762	0.00169903	0.00224515	0.0103155	0.00879854	0.0162015	0.0162621	0.0554005	0.00345874	0.00910194	0.00157767	0.0237257	0.00934466	0.0023665	0.0102549	
2.30.30	0.0660165	0.0220282	0.024688	0.0276887	0.14465	0.051081	0.0125486	0.013026	0.0124122	0.0340312	0.0612426	0.0429653	0.0197777	0.0168451	0.00211416	0.0577644	0.0124804	0.0329401	0.0375094	0.00791107	0.00559231	0.000204597	0.00190957	0.0537407	0.0190275	0.0153447	0.0131624	0.0113892	0.00279615	0.00306895	0.0132988	0.0107754	0.0174589	0.0201187	0.0540817	0.00456932	0.00934324	0.00197777	0.0199141	0.00954784	0.00300075	0.00995703	
2.30.30	0.0654616	0.0249944	0.0241018	0.0273748	0.141263	0.0546009	0.012274	0.00781076	0.0151752	0.0372685	0.059213	0.0485755	0.0267053	0.0129435	0.00357063	0.0561631	0.0161422	0.0293833	0.0426244	0.0119765	0.00476084	0.00081827	0.00148776	0.0503608	0.0178532	0.0197129	0.0131667	0.0110838	0.0025292	0.00349624	0.0120509	0.0142081	0.0155471	0.0133155	0.048873	0.00357063	0.00810831	0.0018597	0.0175556	0.00996801	0.00297553	0.00907536	
2.30.30	0.067382	0.0243806	0.0237494	0.0307717	0.149992	0.0572037	0.01365	0.00733786	0.0160959	0.0423702	0.058624	0.0354269	0.0172795	0.0141234	0.00260376	0.0451318	0.0101783	0.0287991	0.0336121	0.0134133	0.00441849	0.00047341	0.00189364	0.0542055	0.0161748	0.0210668	0.0115985	0.0134922	0.00228815	0.00299826	0.012861	0.0129399	0.0169639	0.0148335	0.0542055	0.00426069	0.0123087	0.00173584	0.0229604	0.0111251	0.00339277	0.0116774	
2.30.42	0.0739718	0.0260374	0.0231852	0.0301776	0.152268	0.0529028	0.00736038	0.00910847	0.0218051	0.0499586	0.0492226	0.0373539	0.0177569	0.00883246	0.00312816	0.0496826	0.00901647	0.0302696	0.038826	0.0101205	0.00441623	0.00018401	0.00128807	0.0537308	0.019045	0.019689	0.0115006	0.0155488	0.00331217	0.00441623	0.0141687	0.0130647	0.0145368	0.0136167	0.0528107	0.00395621	0.00809642	0.00156408	0.019505	0.0111326	0.0038642	0.0095685	
2.30.42	0.073628	0.0272596	0.0248143	0.0316972	0.147256	0.0530701	0.0108676	0.00978084	0.0231842	0.0526173	0.0580511	0.0445571	0.0174787	0.00914689	0.00199239	0.0431987	0.0105959	0.0278935	0.0401195	0.00959971	0.0044376	0.000996196	0.00117732	0.0533418	0.0176598	0.0168448	0.0102337	0.0133128	0.00389422	0.00253577	0.0119544	0.0102337	0.0165731	0.0098714	0.0520739	0.00335084	0.0081507	0.00144901	0.018656	0.0113204	0.0044376	0.0106865	
2.30.42	0.0767023	0.0297394	0.0243426	0.0310024	0.158457	0.0530486	0.0111379	0.00769319	0.0187163	0.053393	0.0493742	0.039729	0.0233092	0.0087266	0.00218165	0.0412217	0.0087266	0.028017	0.0446664	0.00884143	0.00585601	0.000344471	0.00149271	0.0522448	0.018257	0.0212424	0.00803766	0.0137788	0.00287059	0.00229647	0.0114824	0.0107934	0.0128603	0.0109083	0.0517855	0.00332989	0.00826731	0.00229647	0.0199793	0.0102193	0.00355954	0.00907108	
2.30.42	0.0711786	0.0272918	0.0268919	0.0307908	0.142557	0.0436869	0.0049985	0.010097	0.0227932	0.0537839	0.0590823	0.0380886	0.0218934	0.0112966	0.00429871	0.0530841	0.0111966	0.0315905	0.0329901	0.00979706	0.00659802	0.00039988	0.00119964	0.053284	0.0168949	0.0186944	0.0109967	0.0138958	0.00429871	0.00409877	0.0147956	0.013196	0.0169949	0.00869739	0.0491852	0.00419874	0.010097	0.00139958	0.0191942	0.0106968	0.00439868	0.00939718	
2.30.42	0.0652157	0.0274914	0.0236732	0.0297824	0.143414	0.05063	0.0107675	0.0131348	0.0268041	0.0643757	0.047499	0.0342879	0.022604	0.00855288	0.00389462	0.0456663	0.00954563	0.0281023	0.0354334	0.0122184	0.004811	0.00114548	0.00122184	0.0521573	0.0179458	0.0191676	0.0103093	0.015273	0.00374189	0.00381825	0.0145857	0.0142039	0.0147384	0.011302	0.0501718	0.00420008	0.00962199	0.00221459	0.0202367	0.010462	0.00496373	0.0106147	
2.30.42	0.0612605	0.0290877	0.0267372	0.0298222	0.121566	0.054062	0.00998972	0.0125606	0.0261496	0.0559718	0.0536213	0.0448803	0.0293815	0.0112384	0.00374614	0.0464228	0.0149111	0.0249743	0.034964	0.0143235	0.00448068	0.000954899	0.00161598	0.0449537	0.017482	0.0204202	0.0141766	0.016674	0.00550903	0.00455414	0.0149111	0.0135155	0.0191714	0.0102101	0.0443661	0.00359924	0.0104304	0.00198325	0.0171882	0.0125606	0.00565594	0.00991626	
2.30.42	0.0750568	0.0278964	0.0251704	0.0310768	0.146206	0.0499773	0.0079055	0.00908678	0.0221717	0.0496138	0.0554294	0.0470695	0.0205361	0.00908678	0.00218083	0.0455248	0.0106315	0.0305316	0.0367106	0.0104498	0.00672422	0.000545207	0.00118128	0.0520672	0.0174466	0.0209905	0.0117219	0.0149023	0.00290777	0.00290777	0.0107224	0.0107224	0.0156293	0.00935938	0.0488869	0.00272603	0.00954112	0.00163562	0.0214448	0.012358	0.00381645	0.00945025	
2.30.42	0.0634653	0.0262167	0.0247242	0.0286178	0.142764	0.0544452	0.012719	0.0134328	0.0201817	0.0464633	0.0542505	0.0449708	0.0229721	0.0104478	0.00266061	0.0453602	0.0122648	0.0329007	0.035756	0.0101233	0.00558079	0.000778715	0.00110318	0.0482154	0.0188838	0.019403	0.0134328	0.013303	0.00382868	0.00356911	0.0140818	0.0140169	0.0170668	0.0135626	0.0467878	0.0036989	0.00908501	0.00201168	0.0209604	0.0109669	0.00480208	0.0101233	
2.30.42	0.0690068	0.0274232	0.0275229	0.0310132	0.143897	0.0454727	0.0100718	0.00987236	0.0265257	0.0541484	0.0529517	0.0422816	0.0213402	0.0102712	0.00388911	0.0514559	0.0119665	0.0309134	0.0329079	0.00917431	0.00518548	0.000598325	0.00139609	0.0512565	0.0156562	0.0192461	0.0144595	0.0145592	0.00418827	0.00309134	0.0140606	0.0112684	0.0161548	0.0107698	0.0443757	0.00428799	0.00887515	0.00139609	0.020343	0.011069	0.00538492	0.0102712	
2.30.42	0.0662327	0.0250549	0.0258875	0.0255847	0.143744	0.0523806	0.0132465	0.0102945	0.0236167	0.0519264	0.0548785	0.0415563	0.0221028	0.0146847	0.00340625	0.0492771	0.0127167	0.0405723	0.0378472	0.0123382	0.00582848	0.00105972	0.0014382	0.0467035	0.017107	0.0161986	0.0146847	0.0130195	0.00325486	0.00363334	0.0152146	0.0112028	0.0159715	0.0145333	0.0431459	0.00355764	0.00893195	0.00151389	0.0160472	0.00893195	0.00325486	0.00741806	
2.30.42	0.0759537	0.0277021	0.0259991	0.0309946	0.147025	0.0483651	0.00806085	0.00658492	0.025772	0.0510899	0.0516576	0.0414396	0.025772	0.00806085	0.00533606	0.049614	0.0143052	0.0295186	0.0378065	0.0120345	0.00703906	0.000908265	0.00113533	0.0510899	0.0173706	0.0179382	0.00953678	0.0129428	0.00283833	0.00374659	0.0116939	0.0111262	0.0141916	0.0110127	0.0480245	0.00295186	0.00885559	0.00147593	0.0202089	0.0107856	0.0030654	0.00896912	
2.30.42	0.0658728	0.0299324	0.027143	0.0290741	0.117477	0.0524622	0.00772449	0.00965562	0.0285377	0.0578264	0.0547152	0.0521403	0.0226371	0.0083682	0.00493509	0.0461324	0.0136251	0.0285377	0.0362622	0.0178092	0.00590065	0.000750992	0.0013947	0.0478489	0.0160927	0.0257483	0.0129814	0.0174874	0.00386225	0.00504238	0.0141616	0.0134106	0.0167364	0.0108357	0.04109	0.00375496	0.0102993	0.00225298	0.0148053	0.0107285	0.00461324	0.00933376	
2.30.42	0.0731657	0.0287327	0.0264751	0.0304772	0.142945	0.0531555	0.00728579	0.00923551	0.023294	0.0565418	0.0556183	0.0482299	0.0189841	0.00964597	0.00256542	0.0476142	0.00913289	0.0310929	0.0357106	0.0133402	0.006157	0.000820934	0.00215495	0.0487429	0.0175475	0.021139	0.0124166	0.0154951	0.00461775	0.00256542	0.0112878	0.0105695	0.015803	0.0118009	0.0443304	0.00318112	0.00831195	0.0012314	0.0153925	0.0104669	0.00389944	0.00882504	
2.30.42	0.0698895	0.026151	0.0244015	0.03186	0.148066	0.0438306	0.00810313	0.00985267	0.0212707	0.0577348	0.0528545	0.043186	0.0189687	0.00626151	0.00368324	0.0450276	0.00911602	0.0274401	0.0390424	0.0106814	0.00414365	0.000368324	0.000460405	0.0532228	0.0186004	0.0197974	0.0111418	0.0133517	0.00405157	0.003407	0.014733	0.0131676	0.017035	0.011418	0.0520258	0.00497238	0.00957643	0.00174954	0.0221915	0.0107735	0.00497238	0.011418	
2.30.42	0.0604266	0.0294428	0.0256306	0.0264417	0.123449	0.0472058	0.0113553	0.0101387	0.0344716	0.0610755	0.0497202	0.0476113	0.0291994	0.0115176	0.0051099	0.0477735	0.0141131	0.0278206	0.0356882	0.0178441	0.00665099	0.000973315	0.00267662	0.0434747	0.0165464	0.0243329	0.0147619	0.015573	0.00454214	0.00405548	0.013302	0.0137075	0.0171952	0.0120853	0.0381215	0.00381215	0.00940871	0.00162219	0.0167897	0.00940871	0.0068132	0.00811096	
2.30.42	0.0703379	0.0259568	0.0265676	0.0319625	0.130395	0.0443811	0.00712541	0.0096702	0.0314536	0.0494707	0.0520155	0.0455008	0.0236156	0.00804153	0.00264658	0.0480456	0.0155741	0.0276873	0.0324715	0.0127239	0.00519137	0.000610749	0.000916124	0.0530334	0.0178135	0.0197476	0.0138436	0.0140472	0.00325733	0.00315554	0.0145562	0.0138436	0.0210708	0.012215	0.0495725	0.00458062	0.0101792	0.00193404	0.0193404	0.0109935	0.00325733	0.0111971	
2.30.42	0.0707249	0.0272305	0.0274164	0.0267658	0.137732	0.0547398	0.0111524	0.01171	0.0240706	0.0496283	0.0628253	0.045632	0.0188662	0.0105019	0.00306691	0.0490706	0.0122677	0.0355948	0.0380112	0.0122677	0.00622677	0.000836431	0.00223048	0.048513	0.0195167	0.0185874	0.0110595	0.0118959	0.00334572	0.00325279	0.0141264	0.0104089	0.0175651	0.0137546	0.042658	0.00325279	0.00817844	0.00111524	0.014684	0.00864312	0.00343866	0.00743494	
2.30.42	0.0745501	0.0266957	0.0260036	0.0313427	0.152165	0.0491398	0.00682223	0.00840419	0.0176982	0.0493376	0.0608068	0.0409334	0.0187858	0.00563575	0.00276844	0.0475578	0.0121614	0.0313427	0.0358908	0.0080087	0.00573463	0.00069211	0.00138422	0.0537868	0.0175005	0.0185881	0.0113704	0.0128535	0.00187858	0.00425153	0.0126557	0.0110738	0.0169073	0.0118647	0.0516116	0.00415266	0.010085	0.00177971	0.0204667	0.0111726	0.00484477	0.00929405	
2.30.42	0.0670732	0.0278402	0.0233472	0.0299262	0.13543	0.0576861	0.0100289	0.010751	0.0218228	0.0531932	0.0501444	0.0464538	0.0210205	0.0069801	0.00320924	0.0410783	0.00866496	0.0283216	0.0406772	0.0151637	0.00537548	0.000882542	0.00176508	0.0521502	0.018052	0.0229461	0.0113928	0.0156451	0.00433248	0.00240693	0.0122754	0.0126765	0.0161264	0.0131579	0.0477375	0.00393132	0.00986842	0.00240693	0.0216624	0.0109917	0.00457317	0.0108312	
2.30.42	0.0665866	0.0249231	0.0235718	0.0268749	0.143232	0.050822	0.00930861	0.0106599	0.017341	0.0507469	0.058329	0.0454921	0.0192178	0.0120862	0.00217701	0.0504467	0.0136626	0.0340065	0.0401621	0.0107349	0.00630583	0.000675625	0.00195181	0.052924	0.019443	0.0176413	0.0126117	0.0126117	0.00375347	0.00405375	0.0143383	0.0131372	0.0153892	0.0116358	0.0460926	0.00345319	0.00900833	0.00165153	0.0199685	0.00938368	0.00465431	0.00893326	
2.30.42	0.0679518	0.024686	0.0255583	0.0295708	0.143318	0.0507676	0.00968248	0.0085485	0.0237264	0.0461445	0.0547802	0.0415213	0.0250349	0.0094208	0.00331472	0.0416957	0.0131717	0.0357641	0.0358514	0.0102059	0.00505932	0.000523378	0.00157013	0.0519016	0.0157013	0.0168353	0.0138695	0.0169225	0.0047104	0.00401256	0.0143057	0.0100314	0.0176204	0.0134334	0.0509421	0.00357641	0.0112526	0.00174459	0.0198883	0.0113398	0.00392533	0.0101186	
2.30.42	0.0732605	0.0269077	0.028169	0.0314274	0.14568	0.0433046	0.00966996	0.00683204	0.0266975	0.0522388	0.0489804	0.0450914	0.0259617	0.00662182	0.00241749	0.0482447	0.0160816	0.0315325	0.0325836	0.00851377	0.00557074	0.000945974	0.00105108	0.051503	0.0143998	0.0171326	0.0125079	0.0138743	0.00420433	0.00357368	0.0169224	0.0119823	0.0187093	0.0129283	0.045617	0.00409922	0.00966996	0.00199706	0.020391	0.00956485	0.00367879	0.00945974	
2.30.42	0.0741467	0.0261867	0.0247156	0.0278541	0.147999	0.0532562	0.00990585	0.00902315	0.0206944	0.0553158	0.0584543	0.0387407	0.0226559	0.00725775	0.00156924	0.0461946	0.00980777	0.0351118	0.0439388	0.0116712	0.00549235	0.000392311	0.00186348	0.0518831	0.0160847	0.0156924	0.0130443	0.0145155	0.00500196	0.00245194	0.0114751	0.00892507	0.0153982	0.0124559	0.0477638	0.00294233	0.00872891	0.000882699	0.0177521	0.0106905	0.00392311	0.00814045	
2.30.42	0.0749049	0.028577	0.0220423	0.0318931	0.145811	0.0434995	0.00751	0.0114113	0.0219448	0.0583244	0.0516922	0.0400858	0.0206769	0.00438896	0.00263338	0.0423291	0.00653467	0.0235053	0.0470106	0.0121916	0.00468156	0.00039013	0.00136545	0.0563737	0.0220423	0.0226275	0.00809519	0.0140447	0.00438896	0.00282844	0.0124842	0.0139471	0.0136545	0.0100458	0.0536428	0.00370623	0.00731493	0.00185312	0.0234078	0.0108261	0.00419389	0.0111187	
2.30.42	0.0702214	0.0270008	0.0244755	0.0291375	0.147145	0.0540987	0.0106838	0.00747863	0.0198135	0.0541958	0.0491453	0.0385587	0.02331	0.00932401	0.00165113	0.0506993	0.0101981	0.0345765	0.0397242	0.00990676	0.00660451	0.000874126	0.00165113	0.0533217	0.0182595	0.0208819	0.0123349	0.0154429	0.003108	0.00203963	0.0120435	0.00942113	0.0148601	0.0109751	0.0476884	0.00301088	0.00951826	0.0011655	0.0191336	0.0118493	0.00437063	0.010101	
2.30.42	0.0655991	0.0274752	0.0233295	0.0298325	0.137295	0.0510486	0.00682816	0.011299	0.0259307	0.0586896	0.0530808	0.0410502	0.0215412	0.00926679	0.00227605	0.0467404	0.0105674	0.0294261	0.035035	0.0143879	0.00577142	0.00113803	0.00154446	0.0495854	0.0179646	0.0198342	0.0127622	0.0175581	0.00560884	0.00276378	0.0133312	0.0134937	0.0161762	0.0108113	0.0477158	0.00365794	0.0101609	0.00154446	0.0190213	0.013006	0.00544627	0.0104048	
2.30.42	0.0751547	0.0241379	0.0205128	0.0312113	0.164721	0.0555261	0.00954907	0.00972591	0.017153	0.0504863	0.0494253	0.0316534	0.0134394	0.00530504	0.00159151	0.0442971	0.00627763	0.0333333	0.0419098	0.00795756	0.00486295	0.000530504	0.00106101	0.0601238	0.0185676	0.0162688	0.010168	0.0130858	0.00433245	0.00132626	0.0114058	0.0113174	0.0132626	0.0137931	0.0607427	0.00362511	0.010168	0.00150309	0.0229001	0.0120248	0.00486295	0.0106985	
2.30.42	0.0693231	0.0282023	0.0249272	0.0299309	0.141285	0.0473071	0.0101892	0.0095524	0.0263828	0.0566776	0.0516739	0.0394833	0.0222889	0.00691412	0.00363901	0.0447598	0.0117358	0.0283843	0.0386645	0.0123726	0.00554949	0.000818777	0.00127365	0.0511281	0.0164665	0.0189229	0.0100983	0.018468	0.00382096	0.00336608	0.0144651	0.0141012	0.0169214	0.0117358	0.047853	0.00372999	0.010917	0.00209243	0.018468	0.0124636	0.00463974	0.00900655	
2.30.42	0.0674847	0.0271183	0.0266738	0.0294301	0.130524	0.0496132	0.00889126	0.00906909	0.0263181	0.0555704	0.0493465	0.0443674	0.0278296	0.00924691	0.00417889	0.050858	0.0161821	0.031564	0.0334311	0.011203	0.00577932	0.000889126	0.00133369	0.0495243	0.0181382	0.0191162	0.016271	0.0149373	0.00435672	0.00453454	0.0136036	0.0114697	0.0152041	0.011203	0.0470348	0.00337868	0.00960256	0.00186716	0.0176936	0.0108473	0.00453454	0.00978039	
2.30.42	0.0680228	0.025752	0.0237322	0.0271947	0.148958	0.0562649	0.0100988	0.010171	0.0266176	0.0544615	0.0504941	0.044002	0.0189714	0.00807906	0.00425593	0.0426315	0.0111087	0.0326769	0.0336868	0.0159417	0.00533795	0.000216403	0.00158696	0.0500613	0.0163745	0.0192599	0.0118301	0.0140662	0.00403953	0.00346245	0.0137055	0.012335	0.0163745	0.0129121	0.0480415	0.00367886	0.00995456	0.00216403	0.0194042	0.010171	0.0041838	0.00771839	
2.30.42	0.0787886	0.0273276	0.0254348	0.0309949	0.158405	0.0487401	0.00899089	0.00887259	0.0211759	0.0556016	0.0511061	0.0429433	0.019638	0.00674317	0.00307583	0.0474388	0.0114752	0.0347806	0.0417603	0.0123033	0.00591506	0.000473205	0.00118301	0.0529989	0.0140778	0.0151426	0.0101739	0.0120667	0.00473205	0.00307583	0.0118301	0.0095824	0.0139595	0.00910919	0.0466107	0.00236602	0.00768958	0.00177452	0.0210576	0.00792618	0.00390394	0.00875429	
2.30.42	0.0690249	0.0265083	0.024787	0.0296067	0.148206	0.050865	0.0101558	0.00671314	0.0268526	0.0458731	0.0472502	0.0484551	0.0200534	0.00886479	0.00421723	0.0453567	0.0131681	0.0338239	0.0370083	0.0131681	0.00490576	0.00103279	0.00103279	0.0519838	0.0160943	0.0210862	0.0138566	0.014373	0.00370083	0.00284018	0.0129099	0.0116189	0.0163525	0.0122214	0.0481109	0.00335657	0.00765987	0.00111886	0.0226353	0.00886479	0.00395903	0.0103279	
2.30.42	0.0695218	0.0265028	0.0232379	0.0280392	0.146918	0.0538698	0.00883426	0.00960246	0.0333205	0.0519493	0.0494527	0.0451316	0.015652	0.00835414	0.00297676	0.0463799	0.0102746	0.0355291	0.0366814	0.0174765	0.0058575	0.00115229	0.00153639	0.0525254	0.0169003	0.0205493	0.0111389	0.0126752	0.00422508	0.00211254	0.0114269	0.0110428	0.0149798	0.0122911	0.0462838	0.00364893	0.00835414	0.00153639	0.019493	0.00931438	0.00403303	0.00921836	
2.30.42	0.067042	0.027631	0.0247726	0.0279775	0.135297	0.0477263	0.010654	0.0121265	0.0264184	0.0581204	0.0531832	0.0446081	0.0200087	0.00892161	0.00311823	0.0454742	0.0113469	0.0304028	0.0386314	0.0133391	0.00459073	0.000259853	0.0019922	0.0504114	0.016544	0.0185362	0.0132525	0.0181897	0.00554353	0.00372456	0.0154179	0.0135123	0.0161109	0.0119532	0.0469467	0.00381117	0.0098744	0.0019922	0.0164573	0.0111737	0.00476397	0.00814205	
2.30.42	0.0743366	0.0276484	0.0261292	0.0308892	0.145736	0.0473972	0.0067855	0.00749443	0.0243063	0.060158	0.053575	0.044764	0.0219769	0.0093174	0.00283573	0.0470934	0.0123557	0.0296739	0.0363581	0.0097225	0.00577274	0.000607656	0.00202552	0.0505368	0.0156978	0.019445	0.00941868	0.0130646	0.00405104	0.00364594	0.014685	0.0129633	0.0160016	0.00962123	0.0474985	0.00364594	0.00962123	0.000810209	0.0198501	0.00921612	0.00415232	0.00911485	
2.30.42	0.0760932	0.0268564	0.0280041	0.0299552	0.144267	0.0432687	0.00987031	0.0123953	0.0222656	0.0470561	0.0565821	0.041088	0.0176747	0.00642718	0.00229542	0.0537128	0.0118214	0.0348904	0.0400551	0.00964077	0.00642718	0.000459084	0.00149202	0.0518765	0.0181338	0.0157236	0.0123953	0.0133134	0.00309882	0.00126248	0.0126248	0.00918168	0.0191668	0.0131987	0.050614	0.00298405	0.00860783	0.00229542	0.0198554	0.011018	0.00332836	0.0087226	
2.30.42	0.0676773	0.0265076	0.0247681	0.0279158	0.145626	0.0506958	0.00960901	0.0106859	0.0202949	0.0627899	0.0530981	0.0366965	0.0216203	0.00960901	0.00306494	0.045063	0.0109344	0.0336315	0.0417495	0.0101889	0.00629556	0.000414182	0.00223658	0.049619	0.0149105	0.0178098	0.0128396	0.0159874	0.004556	0.00306494	0.0129225	0.0109344	0.0149105	0.0130053	0.0497018	0.00372763	0.0100232	0.00165673	0.0191352	0.010603	0.00538436	0.00803512	
2.30.42	0.0674547	0.0288838	0.0249733	0.0293281	0.140864	0.0549236	0.00959829	0.0112869	0.0240846	0.0627444	0.052524	0.0424813	0.0185745	0.00773196	0.00248845	0.0425702	0.0092428	0.0270174	0.0426591	0.0128866	0.00533239	0.000622112	0.00124422	0.0486136	0.0151084	0.0208852	0.0132421	0.0161749	0.005599	0.00275507	0.0135087	0.013331	0.0152862	0.00986491	0.0494134	0.0046214	0.00799858	0.00151084	0.0173303	0.0112869	0.00497689	0.00897618	
2.30.42	0.066319	0.0267767	0.0235853	0.0288783	0.147817	0.0481825	0.00856231	0.00996342	0.021795	0.0495057	0.0531642	0.044524	0.0229626	0.0121429	0.0035806	0.0471705	0.0113645	0.0279443	0.0395423	0.0122986	0.00568226	0.00124543	0.00101191	0.0514517	0.0191484	0.0217171	0.0131548	0.0144002	0.00420332	0.00365844	0.011598	0.0115202	0.0149451	0.0115202	0.0474819	0.00311357	0.0075504	0.00186814	0.022729	0.00996342	0.00552658	0.0104305	
2.30.42	0.0613053	0.0270353	0.0258929	0.0268068	0.130607	0.047445	0.00822481	0.0110426	0.028863	0.0602391	0.0492727	0.0482065	0.0268068	0.0110426	0.00502627	0.0481304	0.0129465	0.029853	0.0386109	0.0140126	0.0053309	0.00106618	0.0020562	0.0439418	0.0143173	0.0204097	0.0150788	0.0188104	0.00456934	0.00472165	0.0135557	0.0125657	0.0189628	0.0124134	0.0437895	0.00510243	0.00883406	0.00190389	0.0168304	0.0105856	0.00517859	0.00860559	
2.30.42	0.0637262	0.0268833	0.023888	0.0263591	0.140707	0.054815	0.0104089	0.00973491	0.0250112	0.0638011	0.0541411	0.0411862	0.0224652	0.00980979	0.00322001	0.0430583	0.00891119	0.0313015	0.042609	0.0113075	0.00644002	0.000748839	0.0018721	0.0481504	0.0162498	0.0220159	0.012281	0.015501	0.0041935	0.00299536	0.0122061	0.0127303	0.0156507	0.01288	0.0472518	0.00404373	0.00980979	0.00179721	0.017448	0.00988468	0.00404373	0.00846188	
2.30.42	0.0665499	0.0258717	0.0260309	0.0313644	0.14114	0.0474447	0.00875657	0.00819933	0.0243592	0.0462506	0.0520618	0.0475243	0.0301704	0.00788091	0.00318421	0.0436236	0.0148066	0.031444	0.0315236	0.0102691	0.00509473	0.000557236	0.00199013	0.0523006	0.0178316	0.018946	0.0141697	0.014727	0.00390065	0.0046171	0.0130552	0.0116224	0.0191848	0.011702	0.0466486	0.00429868	0.00891578	0.00214934	0.0227671	0.0111447	0.00453749	0.0113835	
2.30.42	0.0697135	0.0249084	0.023188	0.0312664	0.158651	0.0463759	0.00972399	0.00927519	0.026928	0.0520607	0.0515371	0.0374748	0.0182512	0.00733039	0.0027676	0.0459271	0.00890119	0.0279004	0.0354552	0.00830279	0.00501159	0.000747999	0.000972399	0.0566983	0.0174284	0.0174284	0.011594	0.015708	0.00463759	0.0023188	0.0142868	0.00964919	0.0142868	0.0141372	0.0523599	0.0030668	0.00972399	0.0017204	0.0244596	0.0112948	0.00448799	0.0120428	
2.30.42	0.0695628	0.0277881	0.0254724	0.0309374	0.14385	0.0495554	0.00731753	0.00907744	0.0278807	0.0552056	0.0486291	0.0406632	0.0218599	0.00666914	0.00407558	0.0484439	0.011671	0.0268618	0.0346425	0.0135235	0.00444609	0.000741015	0.00120415	0.05113	0.0156539	0.0185254	0.0125046	0.0174139	0.00416821	0.00296406	0.0149129	0.0135235	0.018618	0.0128751	0.048166	0.00361245	0.00991108	0.0013894	0.0198222	0.0096332	0.00490923	0.010189	
2.30.42	0.0661096	0.0295265	0.0251625	0.0291551	0.132498	0.0488394	0.00854225	0.0104921	0.0277623	0.0607242	0.0483751	0.045961	0.0236769	0.0084494	0.00352832	0.0505107	0.0139276	0.025441	0.0363974	0.0129991	0.00575673	0.000557103	0.00176416	0.0480966	0.0169916	0.0216342	0.0137419	0.0169916	0.00519963	0.00334262	0.0130919	0.0135562	0.0151346	0.0102136	0.0467038	0.00417827	0.00947075	0.00120706	0.0176416	0.0113278	0.00603528	0.00928505	
2.30.42	0.0604742	0.0272803	0.0232636	0.0267225	0.136513	0.0592469	0.0155091	0.012887	0.0285077	0.0558996	0.0469177	0.0410042	0.017629	0.0126639	0.00379358	0.0451883	0.010265	0.0303487	0.0368759	0.0167364	0.00490934	0.000334728	0.00223152	0.0455788	0.0169596	0.0199721	0.0128312	0.0160669	0.00546722	0.00396095	0.0142259	0.0147838	0.0164017	0.0140586	0.0451883	0.0037378	0.0109344	0.0023431	0.0165132	0.0119386	0.0051325	0.00870293	
2.30.42	0.072921	0.0258485	0.0231233	0.0310513	0.157486	0.0559088	0.00817574	0.0137088	0.021389	0.0533487	0.0512016	0.0398877	0.0164341	0.0112313	0.00256008	0.0423652	0.00916674	0.0368321	0.0317119	0.0114791	0.00512016	0.000578082	0.0014865	0.0520274	0.0177554	0.0155256	0.00949707	0.0117268	0.00478983	0.00214716	0.0110661	0.00957965	0.0144521	0.0139566	0.0528532	0.00256008	0.00743249	0.00123875	0.024775	0.00867124	0.00520274	0.0117268	
2.30.42	0.0773598	0.0282706	0.02555	0.0338301	0.152827	0.0532292	0.00721552	0.0118287	0.0249586	0.0583156	0.046132	0.0367873	0.0199905	0.00496806	0.00153773	0.0464869	0.010291	0.0266146	0.0379702	0.00875325	0.00603265	0.000709723	0.00082801	0.0514549	0.0183345	0.0169151	0.0113556	0.012775	0.00307547	0.00319375	0.0125384	0.010291	0.0162053	0.0106458	0.0505086	0.00319375	0.00863497	0.00165602	0.0215283	0.011119	0.00496806	0.011119	
2.30.42	0.0685213	0.0229195	0.0244211	0.0309018	0.154272	0.0501857	0.0114597	0.00893069	0.0197582	0.045997	0.0548487	0.0376986	0.0158065	0.00829843	0.00142259	0.0450486	0.00869359	0.0346163	0.0344582	0.00719197	0.00458389	0.000395163	0.000869359	0.0599067	0.0189678	0.0165178	0.0151743	0.014542	0.00237098	0.00213388	0.0161227	0.00932585	0.0163598	0.0152533	0.0544535	0.00371453	0.0108275	0.00213388	0.0228404	0.0110646	0.00450486	0.0124872	
2.30.42	0.0669031	0.0262188	0.0231588	0.0286529	0.152723	0.0511858	0.00876278	0.00966688	0.0208638	0.0558453	0.0530635	0.0431184	0.0212115	0.00799777	0.00347729	0.0433966	0.0106405	0.0302525	0.042423	0.0108492	0.00570276	0.000973642	0.00215592	0.0518117	0.0185687	0.0193338	0.0120314	0.0139787	0.00347729	0.00264274	0.0104319	0.0118923	0.0155783	0.0121705	0.0509771	0.00396411	0.00785868	0.00146046	0.0200292	0.0107101	0.00403366	0.00980597	
2.30.42	0.0647752	0.0258967	0.0230862	0.0287741	0.147618	0.0522618	0.0123126	0.0129149	0.0227516	0.0552061	0.0471092	0.0455701	0.022417	0.00802998	0.00421574	0.0436965	0.0130487	0.0292425	0.0353988	0.0121788	0.0048849	0.0012045	0.00173983	0.0513249	0.0181344	0.0199411	0.0113758	0.0133833	0.00408191	0.00267666	0.0107736	0.0113758	0.0173314	0.0121119	0.0508565	0.00361349	0.00796306	0.00113758	0.0242238	0.00976981	0.00468415	0.0109074	
2.30.42	0.0682152	0.0251834	0.0233904	0.0296659	0.149226	0.0512632	0.00896496	0.0140179	0.0207009	0.0550937	0.0488183	0.0347188	0.0193154	0.0110024	0.00179299	0.0420538	0.00855746	0.0303993	0.0404238	0.00920945	0.00488998	0.000162999	0.00130399	0.0563162	0.0198044	0.0176854	0.0120619	0.0136104	0.00277099	0.00285249	0.0153219	0.0114914	0.0158109	0.0137734	0.0549307	0.00407498	0.0102689	0.00211899	0.0215974	0.0118174	0.00472698	0.0105949	
2.30.42	0.0613542	0.0233319	0.023764	0.0278378	0.145114	0.04617	0.0141349	0.00895006	0.0220357	0.0435158	0.0530214	0.0406765	0.0276526	0.0128387	0.00259243	0.0466638	0.0140115	0.0346892	0.0342571	0.00932041	0.00444417	0.00111104	0.00172829	0.0538856	0.0196284	0.0189494	0.0146287	0.0158015	0.00333313	0.00320968	0.0141967	0.0116042	0.019505	0.012777	0.0506759	0.0037652	0.00956731	0.00166656	0.021295	0.0110487	0.00419727	0.0110487	
2.30.42	0.0652157	0.0253659	0.0256725	0.0280481	0.144072	0.0466702	0.0107288	0.011112	0.0241398	0.052801	0.0515748	0.0389302	0.0231435	0.00911947	0.00329527	0.0484328	0.0131045	0.0341022	0.0350985	0.00842976	0.00475132	0.000766342	0.00160932	0.0516515	0.0196184	0.0184688	0.0164764	0.0155567	0.00390835	0.00298873	0.0151736	0.0106522	0.0163997	0.0134876	0.047973	0.00406161	0.0101924	0.00229903	0.0191586	0.011112	0.00498122	0.00965591	
