2.30.110	-5.73057568385244	-0.310499016574373	-1.05580768719941
2.30.110	-5.12196588984112	0.973315373838486	-1.18727977195459
2.30.110	-4.23007344210541	-1.2120979980083	-0.79037049865193
2.30.110	-2.47683561700522	-1.67040540718055	-0.983590845421283
2.30.110	-5.58073016833336	-0.0592111587221036	-1.22110307163649
2.30.110	0.687286064139962	3.24251227670644	-0.0971665755117843
2.30.110	-1.79190670119442	-1.587002577841	-0.566338364222967
2.30.110	-5.17754909344448	0.813748898698952	-0.970185740343462
2.30.110	-5.12778493025784	0.845859941888501	-1.18858825567651
2.30.110	-2.86236112485789	-1.46577540033132	-1.22761672418724
2.30.110	-2.37613148339116	0.749199937524185	0.422359222055898
2.30.110	-2.15333721219913	-1.50734698093471	-0.755248912046286
2.30.110	-2.82061936876956	-0.379646405043803	-0.618648741356586
2.30.110	-2.93942708833179	-0.150971120754414	-0.736531605137311
2.30.110	-2.06010990617319	-0.478995327794924	0.33289002148209
2.30.110	-3.9283931724229	0.426402167888024	-2.19604097146198
2.30.110	0.238708796518744	-0.324874611033068	0.588159502194272
2.30.110	-1.20145774125917	-1.35539436077328	-0.559491064010163
2.30.110	-2.27341913387901	0.292471450383063	0.205166923359575
2.30.110	-1.15980605782224	1.06093430725591	-0.614417656901135
2.30.110	-0.426054998701585	-1.26898993854013	0.167454376949396
2.30.110	-0.482786778998777	0.0216122577315379	-0.301400298167745
2.30.110	-2.88755331846186	-0.499508883180705	0.479048710527461
2.30.110	-5.01690821267487	0.453638885598329	-0.60782880908252
2.30.110	-1.81159347286877	0.693597573659696	-0.0410159513308682
2.30.110	-2.19300612640726	-0.594061385966838	-0.635105929744463
2.30.110	-1.48944010203641	-0.906708381342766	0.0935238806388558
2.30.110	-4.33773971611828	0.915125562894856	-1.05059247745359
2.30.110	-3.87078599182312	-0.22897019298323	-0.957001905222629
2.30.110	-2.00420902319749	-2.69605261987375	-0.0468959518122823
2.30.110	-1.59771008014308	-1.19677651114578	-0.145241893235118
2.30.110	-2.03763941930296	-0.972266681120849	-0.337648346500909
2.30.110	-3.21463263093243	0.30142660877193	-0.456973209560771
2.30.110	-3.43152744745124	-1.43847682249216	0.447923382182906
2.30.110	-3.43579123092846	-1.18166596326999	-0.739576871595399
2.30.110	0.342923318747414	-2.00519620993974	-0.0274036537710327
2.30.110	-1.1918708429935	1.13513044140209	-0.938933504475491
2.30.110	-3.87254796526809	0.30952235026029	-2.09155432682972
2.30.110	-0.659863822465804	-0.170914420336434	0.199213546797566
2.30.110	-2.08056519318647	0.217007148994481	-0.283266565295022
2.30.110	-3.85406466991928	-1.67591033496927	-0.97629171556585
2.30.110	-2.95445576986837	-2.04625249517895	-0.141524727260811
2.30.110	-0.184558443114558	-1.76060829667555	0.0298689473791463
2.30.110	-2.82133275400134	-0.147575589365847	-0.212537393638558
2.30.110	1.51193855052524	-0.223646392642911	-1.31041720712654
2.30.110	-2.77579439475842	-1.94319062078838	-0.306191757757558
2.30.29	-1.81186921127645	2.18093419604074	-0.102424353167204
2.30.29	0.237659047623692	1.65957330346474	-0.972220976369845
2.30.29	2.40811521452968	2.4751245206693	-0.47861809102521
2.30.29	-3.21380905562076	-1.45591562131772	-0.166830041878457
2.30.29	0.304029916481619	1.2746886022952	0.766117950890035
2.30.29	-0.252618856893141	-0.521210233444072	-0.0832486468948483
2.30.29	-0.437640913730398	-0.640035900316627	-0.883678590578266
2.30.29	-0.303634831809988	-0.760581316548771	0.959893831620828
2.30.29	0.523280839126848	-2.01142701575069	0.897675641993359
2.30.29	0.480952584231893	-0.990791372979398	0.179379380188357
2.30.29	-0.13333982268145	0.246846989884713	1.18564153219515
2.30.29	-0.0739365208743985	0.141557149016817	1.37767514675993
2.30.29	-0.272866373550018	0.394006814036188	0.377236606274429
2.30.29	-0.697948352077469	-1.28936495912048	0.361499474489478
2.30.29	2.03847679660493	0.362470455639008	-0.491522383218057
2.30.29	1.238138197418	1.21331954059719	0.91481975405252
2.30.29	0.883940665425169	-0.441682627007457	-0.390301407838366
2.30.29	2.10659978654424	-0.183190855920308	0.158058874788748
2.30.29	-1.58194080037448	-0.00952035569875681	0.402837956919559
2.30.29	1.54838755028878	0.442381383056551	-0.586200793483239
2.30.29	1.23130378953464	1.16874116866782	-2.67652751955766
2.30.29	-3.49932779490946	0.273718690125547	-0.152569924709962
2.30.29	-1.21882085352385	0.428426580699347	0.621903715073185
2.30.29	-0.724845280566395	-1.64862335848363	-2.30998654015295
2.30.29	-3.55733491403547	0.299792976413059	-0.218679796278889
2.30.29	-0.489402625436801	1.10288768193088	0.870506484488341
2.30.29	1.70875996169508	0.933778248166496	-0.620652480770901
2.30.29	0.35604484676863	-0.0673512240908441	1.17997082835584
2.30.29	-2.75817606868598	0.716323336545509	-0.646795463625585
2.30.29	-0.213733487129896	0.891633251941897	0.329740669899876
2.30.29	0.94691010040379	0.377945121689431	0.890356230806346
2.30.29	0.262773928879657	-0.207857260456342	0.726182306237906
2.30.29	0.504386566411064	0.205865327815567	0.207242649891534
2.30.29	3.59742296904824	0.809807457601064	-3.4060951096723
2.30.29	0.232557304003318	-0.164165473569537	0.355079722262584
2.30.29	0.0536271331237268	-0.578305887416167	-0.13640906105042
2.30.29	0.000615480876829111	-0.857094183163221	0.989167245781912
2.30.29	0.239148158183896	-0.682935409263378	0.746016514657876
2.30.29	-0.0930493119313335	-0.671972428417459	0.662364052108405
2.30.29	-1.44804809455061	0.903467645980932	1.20658566846436
2.30.29	0.365760908903002	-0.567608432943176	1.33634679347795
2.30.29	1.55198745881303	1.88120642513893	1.30872966408913
2.30.29	1.79877399851328	0.722309357271163	0.464176749338973
2.30.29	0.383863630690661	-0.843547004270345	0.0373624014488558
2.30.29	1.36289966890697	1.04686113548677	0.996342060111611
2.30.29	-3.09370569709867	0.0781024613417516	0.519649972746672
2.30.29	-2.49146736507838	0.797719506340925	0.142634874025822
2.30.29	-0.59078233027869	-1.0749678810384	0.992974093258513
2.30.29	1.24226078082513	-0.634833627631914	-0.113172835484942
2.30.29	1.13398487682094	-0.985927873714814	0.36240870382167
2.30.29	-2.07333764144331	0.954798416616396	-0.59630840279271
2.30.29	-1.47608996116161	1.42530014765194	0.494246698985288
2.30.29	0.939950942735075	-0.676222301362961	0.330283794167575
2.30.29	-0.741883850950745	-1.6469100421025	1.27508696008026
2.30.29	2.33375200045679	1.21813557372825	0.414392638645343
2.30.29	1.45568224264449	-0.169757512541021	0.580476851275809
2.30.29	2.075987595048	1.16282444342996	-1.66648803027747
2.30.29	2.03852183430654	-1.8078222620594	0.241746131874548
2.30.29	2.29499091585177	1.14656739642121	-1.18443817151583
2.30.29	1.6877419142404	-0.359815533507238	0.000696542424762803
2.30.29	1.34113666916517	-0.610091365007643	0.186827089620228
2.30.29	-1.6227296755467	-0.655124308886849	-0.462903230571059
2.30.29	-0.454153038457746	-0.53090473438473	0.806423014243167
2.30.29	-0.484059127674547	0.0759520886684243	0.509064179110027
2.30.29	-1.30184330530925	0.0405570822029323	2.41656120492025
2.30.29	-1.02418377680266	-0.275072568951615	1.56237191466153
2.30.29	1.16852016314415	0.837626332120023	-0.0348722058751249
2.30.29	2.37786207006689	0.0377455579440097	0.632319676643171
2.30.29	-0.902931553731371	-0.805715246786694	1.33678112090215
2.30.29	-1.31254553884419	0.694919646630654	0.539713413615076
2.30.30	-0.0664965808133668	1.7636560183591	1.74567116520888
2.30.30	-1.03620098713605	1.3078325935018	0.892203230143632
2.30.30	1.51742965032007	-3.1709732508714	0.251628386246219
2.30.30	5.69085754337462	-4.31172433548086	-1.37580739911409
2.30.30	-0.193278008258758	2.65269279222967	-0.651005533433452
2.30.30	0.0557592810467183	-1.28107237147123	0.624682954111988
2.30.30	-1.52597471878945	-0.353994540370028	1.34955974485518
2.30.30	0.0570349967192338	0.574480853543266	1.14208987670473
2.30.30	-0.61214591036954	1.38932893908073	1.07753826429624
2.30.30	0.814625950811855	-1.24913953869237	1.09797743515328
2.30.30	0.27597686674645	0.873301540306187	1.28112336797361
2.30.30	2.78191149692429	-3.38909671353963	-0.306784265784216
2.30.30	-0.0594257990133616	2.95141519743259	-0.726598652209202
2.30.30	-0.835844542415379	3.52384409493934	0.203517623880763
2.30.30	-0.511763628410956	0.766537424487386	1.63065588866557
2.30.30	6.47501762182452	0.687656913631813	-1.79823002512344
2.30.30	0.0527652052902127	0.877015586705662	-0.536134040037301
2.30.30	3.75852597009928	-0.552655301147922	-2.35981475247253
2.30.30	-0.44541554134343	1.01520619049648	1.11052080705567
2.30.30	2.34573352511406	2.10129170531625	-0.0671257870169156
2.30.30	-5.17227415184272	0.352371010188619	0.0379796580018122
2.30.30	-0.906050781992845	1.29047139412368	0.315563519977664
2.30.30	-0.371079711799581	2.40573047496708	-0.394308170157135
2.30.30	-0.0524306525970497	1.74649189507301	0.0492737686821735
2.30.30	0.769444127288443	-0.989817386845939	1.30855789379647
2.30.30	-1.84973483959714	0.365054262748038	-0.271072694654574
2.30.30	1.95011751870473	0.502265421230899	0.837497075565762
2.30.30	-1.32203069029354	-0.850929718484466	-0.320300899398649
2.30.30	1.14625390852832	-0.588514309703232	1.29846519770415
2.30.30	-1.21621216911166	-0.133660109933201	-0.211612386766839
2.30.30	0.10466314503615	-0.0993206243811973	0.942753142250467
2.30.30	1.25642842069195	-0.960441656573104	0.829223491200577
2.30.30	0.547253151428286	1.78884349749978	0.701781858692951
2.30.42	2.47942257858464	1.3249074989431	-0.215637947387618
2.30.42	1.86609655767619	0.705102940198175	-1.18946788655875
2.30.42	3.9490395416742	-0.103636084471677	-1.19007667794839
2.30.42	2.64344693678431	0.244491296805882	-0.613947944168682
2.30.42	0.630920918090106	0.745724877351228	0.30044444151941
2.30.42	0.355066162832569	0.46185136795643	0.0738757561357357
2.30.42	1.53501968053897	-0.0998242808375475	-1.48597598538119
2.30.42	-0.581662266607998	0.0368167951075733	0.312058224979851
2.30.42	2.68034123677135	0.750084669968838	-0.424390006279202
2.30.42	1.77180481352611	-2.62411957528793	0.452223421019226
2.30.42	3.67242852102815	-0.942696721754526	-1.09253457586046
2.30.42	3.64642985013801	-0.386937402698865	0.433242438478127
2.30.42	3.16162157377176	-1.2409344480538	-1.34402101832658
2.30.42	2.13335908570974	2.81580964072519	0.223945494056945
2.30.42	1.65404155400093	-2.20138883667684	0.949445106876804
2.30.42	2.64397472353257	1.8138407499629	0.0799305081911094
2.30.42	3.20074593939275	-2.79867076268158	-0.684945888045242
2.30.42	2.3581833587412	0.545021006991089	-0.947063789888875
2.30.42	0.584211104346529	0.532856312187581	0.322028753982233
2.30.42	0.880563272429687	-1.37879197016361	0.894406688830764
2.30.42	1.66628750756863	0.64881433988788	0.720014145175726
2.30.42	3.00902012961559	0.4570176649153	-0.990686523821975
2.30.42	3.29179704040576	-1.44371570764944	-0.278392137898097
2.30.42	2.19347006104065	1.84859172567055	-0.527808146656784
2.30.42	2.39762269382509	-0.63420499554521	0.229751037976744
2.30.42	0.852751811120568	0.27587953774273	0.605592673436314
2.30.42	1.50102436560735	1.82868313170043	0.334015789959422
2.30.42	1.96888369832072	0.288040370823745	-0.0954015375251826
2.30.42	1.87004514561276	-0.182832541590627	-0.0258794739398539
2.30.42	0.945156764125492	-0.854828363126345	0.198622111273198
2.30.42	4.42548936643099	-1.06492357555315	-1.33626458999792
2.30.42	1.65991890626591	0.223312235874803	0.129471864768707
2.30.42	2.86905585938552	-1.26973807730508	0.740990566429482
2.30.42	2.35712096602801	-0.174186891954155	0.505523755717079
2.30.42	2.81492216737333	-0.460722569758492	-1.23541648243387
2.30.42	3.87430523033138	-0.536651706187014	-0.908388091726603
2.30.42	1.54774408666685	-1.29904302014653	0.353972184718369
2.30.42	2.19337523052562	-0.127308553797492	-0.0558086174660336
2.30.42	0.74972483276547	-0.00326958703875239	0.463716383235075
2.30.42	1.21102568777147	-1.23035837440622	1.06394219309788
2.30.42	1.14223120080165	-1.66913273275855	0.90997575182492
2.30.42	0.384216191036965	1.10209059670204	0.0119472500265134
2.30.42	0.0569822140392716	1.83495903351927	-0.172190568849385
2.30.42	2.23824935887986	1.25766116185137	-0.295450525378956
2.30.42	2.34528257804254	-0.135670886878868	0.211823795647878
2.30.42	-1.21262278998091	-0.819070439713293	0.656151715100773
2.30.42	0.892215534581569	0.522104152119126	-0.720639894474671
2.30.42	3.5166551178827	1.27037344598167	-1.48589830250957
2.30.42	0.652021787262346	2.65914774972562	0.729372544188102
2.30.42	-0.123219062244823	-0.888152373582259	0.0845777775785631
2.30.42	-0.457432092854665	0.0161763047040935	0.455826212429517
2.30.42	1.14579136973531	1.61189130631464	0.779747623655528
2.30.42	-0.833476909876953	0.574816367135985	1.58455084184715
2.30.42	0.925176157314838	0.380513336576166	0.733225559046843
