2.30.110	-17.7244677253774	0.769941371427926	-0.295220098937162	-1.68108451535477	1.46196462420031
2.30.110	-13.2326145252173	1.48922156350634	1.4703943998698	-2.743792499392	1.22927559157418
2.30.110	-14.2653313997076	-0.421496814507139	1.86685202747485	2.30481332421437	-0.44524149665325
2.30.110	-6.98726400577224	-0.326330351492411	0.894898843745411	0.984674389495559	-0.168928052552465
2.30.110	-18.0788032209186	-0.000768854020954945	-0.0212082200980356	-2.3982734917386	0.219245154295596
2.30.110	6.01562801380288	1.10922740255862	1.40182865136382	-0.751382198317294	0.821236184410389
2.30.110	-5.49063311794677	-0.798270563314886	-0.359822499306342	1.02252771433942	-1.29611680493616
2.30.110	-16.2621001344286	2.76615185742729	-1.35572181176757	-1.90646339621049	-0.541800656950062
2.30.110	-13.9868525106102	3.19308563686911	0.138284771698956	-2.18484006648778	-1.07368773763257
2.30.110	-8.39607106225489	0.209246754960208	-0.904786271029154	0.429870895107407	-1.3871047910205
2.30.110	-5.1979802439848	-0.104006627518787	-2.05378598762561	-1.37716890727769	-0.251549388222023
2.30.110	-5.31446433183454	-0.0149401099884722	1.21394385493909	-0.104710256884174	-1.29018595804897
2.30.110	-5.38893279544519	1.54798443892267	1.0131310535594	-0.861090175762262	-0.174014893362899
2.30.110	-7.01818572354871	-0.576688949587235	-0.76596728412612	-1.53182103613329	0.663147150591541
2.30.110	-5.10983529832536	0.308575517896523	-1.20015757833142	-0.391831300704409	-1.02282626700638
2.30.110	-8.5174013746267	0.0163143759072926	0.644427952855833	-1.7580247854223	0.289762303116515
2.30.110	1.91156414054891	1.22442393189988	0.996280499778535	-1.29807063537301	0.478579917783521
2.30.110	-1.98896953543756	0.722299536277809	-0.148291893365598	-0.43641603966102	0.0262842206760494
2.30.110	-4.34889061302734	1.77766273414539	-0.0239274933374217	-0.643490697258229	-0.395991871436765
2.30.110	-0.273779331682875	0.495758600361047	-1.68540234043164	-1.55444524350253	0.194246011740636
2.30.110	-0.491980598901264	-0.610085960467338	-0.997568111431497	-0.711426348675844	-1.18934664679889
2.30.110	-0.0204616413300467	-0.850107468714188	-0.378773766441724	-0.863292567982595	-0.31438549730317
2.30.110	-8.44413281198516	-2.00154641887949	0.427257726692537	-1.71956433058632	-0.186104291292652
2.30.110	-15.386506343897	0.856724744630396	0.30838762409167	-1.5834463780567	-0.599955257854444
2.30.110	-3.18436808507625	0.872636140365999	-1.74021128069659	-1.73929879285572	-1.65151645680397
2.30.110	-2.99685897495206	1.74124926840515	2.11560031571133	-0.505513797969489	2.20760960183925
2.30.110	-3.96640889592737	-0.0894737186146067	0.0131986110990695	0.601628031108657	0.0744459922668142
2.30.110	-10.7179195161629	1.13704545415301	-0.335246209015683	-1.20983363650166	0.193182586674014
2.30.110	-8.27092027522558	2.60363212121807	-1.30583873069364	-0.937642466773129	0.623974036549755
2.30.110	-9.64075548346356	-4.38613365038271	0.221167273956218	1.27702528677031	0.116678956569847
2.30.110	-4.96838091551781	-0.959587344480391	-0.114871861771727	0.0525628232802511	-1.22156537595619
2.30.110	-5.70240024815588	-0.362856760624488	1.27998566871156	0.86585488754664	-0.139059752344481
2.30.110	-7.31385082798982	-0.491604393783643	0.418969305704649	-1.63713383216796	-0.12741345888693
2.30.110	-13.5329271450872	-3.01446931937391	-0.938151658449518	2.36024525525873	-0.363114846506207
2.30.110	-10.9580921835785	-0.922380927568852	-0.305030762245079	1.75127144998539	0.644036574655822
2.30.110	0.844221519158182	-0.820554738569334	0.103157106944377	0.20695054954893	-0.408849687318963
2.30.110	0.404921850157473	0.945725619838337	-0.45446816302383	-0.910941794125239	0.221517955839886
2.30.110	-7.56082851614694	-0.387773515613641	1.89312115622824	-1.25347828432361	0.680869149300629
2.30.110	-2.44354172773043	-0.913425309275272	-0.542130363411913	-0.185898756244474	-1.09270138809837
2.30.110	-5.58100674110776	-1.44845570441363	0.338284501340709	-1.48574565271062	-0.250494146025483
2.30.110	-12.2924448715936	-1.85227865924405	2.13182749256436	1.3026089615219	0.584634333242304
2.30.110	-11.5400394003927	-2.50837935305645	-0.928759573108328	2.16805344906794	-1.10775521986545
2.30.110	-1.46375601749126	-2.1905689303259	-0.130377438132746	-0.525766148155968	-1.16529868746467
2.30.110	-6.38828030073596	0.355485270898111	-1.77916561592169	-1.08517020564019	0.126738850075617
2.30.110	4.57187394646115	0.143760777260763	-1.09287984843213	-0.0803548060258518	-0.110295642313993
2.30.110	-9.11159069946999	-1.09180930333591	-1.75724667173455	1.75162450668004	-1.23810582529942
2.30.29	-1.03888078333424	2.31789066290354	-0.638015592350714	0.472699590859887	1.0583507352864
2.30.29	4.18694105304217	2.36194887753225	0.312997377974974	0.386804162494703	-0.648950424457086
2.30.29	6.18642108194101	0.786098115535192	-1.47808730929641	-0.0274380784976358	-0.375021386370882
2.30.29	-9.4606807547237	-0.276550916628088	1.61116861926082	2.04190119318571	-0.0296048621855448
2.30.29	0.763842968453514	-0.994432180323693	-0.597691622538704	0.235451682013528	-0.980054602816977
2.30.29	0.26073134685012	0.930674667945944	-1.32177609344516	0.677080587166845	-0.196843234283886
2.30.29	-0.795149282058054	-1.19552463623143	0.752423445866548	0.377486342815717	-0.59723221737313
2.30.29	-0.163832940889134	0.310041960537722	-1.56962695940851	0.489616800460813	1.10977389502723
2.30.29	-0.705370623676329	-1.95762161484182	-2.64369373420994	0.821322047912817	0.618051143477994
2.30.29	0.658903900277861	-0.358207133981639	2.54820268491044	1.57014468055431	0.229509132366761
2.30.29	0.642846725966564	0.860459875115597	-0.754293486346912	0.472944085091263	0.673675758724799
2.30.29	-1.59028220530425	0.4572755777668	-2.95076612026962	1.59576478737826	-1.37410264933329
2.30.29	1.6925971870139	1.85789784409093	-0.41391522333621	0.262093522483	-0.131562930023124
2.30.29	-2.44049442353625	0.207100356322979	-0.403081026450473	1.32907538342576	0.639701887926008
2.30.29	5.54461872276346	1.30045082972033	0.205147786163903	0.0410131523812539	-0.581901692234822
2.30.29	3.35875477322433	1.06682771838824	-1.481470512795	0.577677333050257	-0.601038106030627
2.30.29	4.41062118692614	1.92047948739909	0.175698024652396	0.379122121143695	0.424426451613878
2.30.29	4.92783898540915	0.726274286520778	0.576335019307896	0.411928995923102	-0.0308634126635583
2.30.29	-2.38146626840239	1.56796608162677	-0.648309813554868	0.399156607429583	1.44243309924813
2.30.29	5.5626494814731	1.54304907519905	0.737701648748735	0.348145765270157	-0.793069657767539
2.30.29	5.59272761106579	1.65151339310399	-0.408187112162674	-0.341840715529902	-0.696376964683466
2.30.29	-7.04572050824135	3.13234089903768	-1.04813169078597	0.0294801883926948	1.00767703517151
2.30.29	-2.91931162716594	-0.118716082952338	-1.73875964355434	0.747119850522884	0.46798864670427
2.30.29	-0.940710995362826	-1.1920501022578	4.28412340596448	-0.938750818347531	-0.0356138638440226
2.30.29	-6.53873481997921	2.71121536142249	-2.87523637373018	0.279793813785014	2.27067696100297
2.30.29	1.26910751922218	2.30405513402393	-0.455831176260926	0.261821119790057	-0.367641225424147
2.30.29	6.21008603884407	1.78684094086711	0.716240865101888	0.169339562188711	0.391486604731859
2.30.29	1.96183717977919	1.38254602476429	-1.58701088822144	1.27189103654426	0.606910290700583
2.30.29	-3.82003140740475	2.15132281922605	-0.337373723314309	-0.231670707415049	0.892382386110281
2.30.29	1.59811162779838	1.46155534242689	-0.900668614271531	1.01313192353094	-0.77390750676117
2.30.29	3.06575213072614	1.59090976151133	-0.625279590496302	0.879910061903709	-0.264763568623288
2.30.29	1.65566916666427	1.24600672827994	0.235903439714896	0.841157817879291	0.819326847822119
2.30.29	3.40249473347121	0.831594747389164	0.744597655019723	0.51228444317242	-0.496505493884121
2.30.29	9.28302929566349	0.893289100024089	0.926942919156651	-0.0262807964577766	0.484662627938925
2.30.29	3.17729966601247	2.66329790477778	-1.1978967539204	0.437886215914554	0.205503820769609
2.30.29	1.06156020160754	0.9377500205589	-0.317512516508675	1.19651452512237	-0.317982935518361
2.30.29	0.553311430560011	-0.347490464242619	-0.638577502906784	0.407942474921125	1.64997136826453
2.30.29	1.24955147394064	0.427548346561814	-0.41971641570897	0.419218861091766	1.51814562467338
2.30.29	0.0620764756066003	-0.499915154314557	-0.370484745316511	0.778778378763557	0.939935260966211
2.30.29	-2.81494354680467	0.741510082274629	-1.4881554990297	0.613299333968156	1.65369285338397
2.30.29	0.0842987231050093	-0.0136378712247251	0.292755606630415	1.55479075433855	0.476348012210269
2.30.29	3.77986598885766	0.645147564608283	0.23544191968184	-0.00781161240446797	-0.513092086743189
2.30.29	4.31710064758632	1.77453339097758	0.596423538516971	0.608635336286698	0.135747428785961
2.30.29	1.71336272937576	0.753127188101413	0.976620684211362	0.358587686581808	0.43268664716284
2.30.29	3.44727063305991	1.26435419294844	-0.545259561935145	0.333917463891627	-1.30359172725562
2.30.29	-7.84833738888936	4.13759746987008	-0.9549381021705	1.50455221013711	-0.739346620729545
2.30.29	-4.75272078525497	2.11425582194473	-0.60649544292468	0.838800934941877	-0.391014267941595
2.30.29	-2.76239340824588	-1.41465918973926	-0.960476335906227	1.10949512117445	1.09424977543465
2.30.29	3.68339850742295	1.10264891429502	-0.87217456852579	0.964514177578832	0.230285261723278
2.30.29	2.05151277913459	0.70589468851859	-1.80430634546427	0.750352832263253	-0.345742791787894
2.30.29	-1.51022528343461	2.05836365670109	-1.39426955376966	0.082671768759747	0.27991182213773
2.30.29	-2.02667108423153	2.42543525730942	-0.188616004275175	-0.36682144623742	0.177753478954324
2.30.29	3.43673157886847	1.44773824409633	-0.361662488296872	0.636402991142197	-0.608885003073126
2.30.29	-2.3586524503966	1.05815254874785	-1.40374938540489	1.47824433338986	0.483169475327399
2.30.29	5.08569805034763	0.570144709020624	0.693483686378085	-0.193048333459356	-0.103078574561603
2.30.29	2.5599500669851	-0.297011697512843	-0.113192108117559	1.1773729187475	-0.102413169576007
2.30.29	7.72683394432573	1.81274028609568	0.978297478838714	0.289728749433973	-0.0296356321612992
2.30.29	4.29599155968167	0.531805043859997	-0.0219349080076085	1.52884937201885	0.957906473349808
2.30.29	6.61703644711621	1.57341457863195	-0.385840750777316	0.0257869398058462	-0.323861693822322
2.30.29	3.83332294769728	0.21246739048405	-0.0296704558278079	0.401189348407043	0.591511722643836
2.30.29	4.71101720310228	1.33097112175065	0.603688313979571	1.28615766550356	-0.147776044959948
2.30.29	-4.65392637203006	-0.767246825860852	0.224829447821817	0.155847167964091	-0.979446601439924
2.30.29	-1.51810857521487	-0.27704614458864	-1.83623109370287	0.497424962302678	1.03989625914028
2.30.29	1.01963536538138	1.58100793360162	-1.25449374726727	0.0328356550428617	1.26289859058129
2.30.29	-4.48553450666454	1.69614818452605	0.187705329496963	1.53667303830899	-0.923589111142772
2.30.29	-2.52210548120578	-0.439566252994496	-1.05775641882923	0.885686311449029	1.92006366104967
2.30.29	4.55567102987099	0.892687007903893	-0.871127531818226	0.651195991365838	-0.465033077855907
2.30.29	5.01505200624865	0.32408719879295	0.0542276039275205	0.640884128184324	0.797511385051885
2.30.29	-4.04885515456466	-2.73193635707429	0.0215773734610158	0.687674247885743	-0.204656515037907
2.30.29	-2.75539059014523	1.35499732573089	-0.185027312835811	0.107227538729545	-1.38790219193785
2.30.30	-0.467082898475688	0.0954230125651079	0.176916927774329	1.05621047839499	-0.597049590555618
2.30.30	-0.301085710324775	2.49065559817805	0.00734271676805868	-0.414946787912508	0.771830784129284
2.30.30	-0.0198288280000294	-5.03051638539235	1.65772242931006	0.0435352606790278	0.710731833591143
2.30.30	8.49863880955505	-0.428130570568606	-0.148601404548067	0.929623822038325	-0.605484241040878
2.30.30	3.16734129189419	1.02187695224454	0.394377232139248	-1.09910254664465	-0.454063014997378
2.30.30	0.838720166984506	-0.324198280792286	2.39808505913761	0.130653725630928	0.511800224590612
2.30.30	-5.80126074539613	-2.14633768236996	0.98241594304845	-0.0102141370682619	0.967568721784534
2.30.30	0.463564648269626	0.307004389600739	2.24310459388042	-1.4250900285904	-1.3266300061186
2.30.30	-1.13927071747466	0.866780648265519	2.15567646855383	-1.02386528897843	-1.01755274959779
2.30.30	0.976686862571056	-0.882835517278786	2.57367013715644	0.91237209044865	0.310986707994737
2.30.30	-0.970499815068171	-2.14390103406462	2.84667189058483	0.844890229883854	-1.17451947824411
2.30.30	2.61911472082856	-1.89516872862814	-0.221158772383011	1.00183343963536	-0.502123049292278
2.30.30	3.64186897843486	1.2256198518135	0.415350265210544	-1.13031199810735	-0.548251506234946
2.30.30	3.9065331068102	2.72694197050511	-0.564021959117252	0.074049799991958	-0.401646893002392
2.30.30	-1.15538449122947	-0.520168009882184	-2.03879466867398	0.0715729597583334	-0.604123719317078
2.30.30	11.0985894405107	0.758576732961593	0.539640631790985	0.574268292783907	-0.686840896134689
2.30.30	4.48399780907507	2.46097012360152	1.79475667583515	0.530421714508399	0.194065850541024
2.30.30	8.96989895752722	1.11601064045054	1.67530252853126	0.23177885512649	0.292200465320938
2.30.30	-0.203545451635889	0.73125887465496	2.64059637220834	-1.56156063286944	-0.570292712989275
2.30.30	7.42651447498479	2.15516100918464	0.921506610185755	0.677948965828595	-0.345212044669962
2.30.30	-18.7813417747442	0.946580468054224	2.88594684851867	1.43240411008612	-0.678347884294229
2.30.30	0.124417859563171	0.519903967599213	2.62464741024677	-1.41188152300406	0.572276190096028
2.30.30	2.82171458171865	2.04747837699772	1.07868966476533	-1.33975042149328	-0.312007909201736
2.30.30	2.64136344979094	1.58536833885765	1.16096078569858	-1.12095859848778	-0.51736906943877
2.30.30	-0.442566591098524	-1.81129899541056	-0.913219081165182	1.49151607803655	-0.811191958522498
2.30.30	-2.20743482772539	1.44883880053948	2.92833369369587	1.28846662534619	0.0114004177480193
2.30.30	3.56777221525112	-1.31952173596739	1.99151604916262	0.0856914192987128	-0.0166675649248605
2.30.30	-1.26995386462014	0.602329962661764	3.29700058013575	1.62923123635899	1.74918559638313
2.30.30	1.08973859807543	-1.29987267374355	3.06884526750703	0.239185448507842	-0.338316120451162
2.30.30	-0.436015520572901	1.75792395948396	2.94334071766184	1.27757382844378	-0.0162743151772165
2.30.30	0.395221982043838	-0.00320167203457846	2.5626348421092	0.853134361187478	-1.4265579353502
2.30.30	1.82013516539231	-1.5168845184267	1.60792208737343	0.409763940122871	0.810410173227903
2.30.30	2.79765260051417	0.279597369316018	0.698290822441337	0.0275487286439054	-0.326152380173389
2.30.42	5.28839137932517	-0.404095345769216	-0.0345693468738601	-0.763637310513418	-1.07192627744728
2.30.42	5.13407370565805	-0.406192186479762	-0.367620115128031	-0.2072146142514	0.781977906121014
2.30.42	8.16299278155088	0.271837617347841	-0.0350024442465982	0.208152950449789	-0.386405383205157
2.30.42	5.8951001935999	-1.21230670283938	0.19446694953407	-1.06023938276551	-0.602470573928922
2.30.42	1.54332437513543	-2.12197089906616	-1.30805650632896	-0.694490457658378	0.685619419536852
2.30.42	-0.0161673452625498	-3.69708058339373	-0.726816516055394	-0.397172978897631	0.161212833655685
2.30.42	5.08522490818983	-0.268471804069137	-0.00349250391192586	-0.314231206005232	0.131581909546839
2.30.42	-1.28488554443001	-1.85562250938426	0.0693143637734728	-0.142051667815183	0.136515862408615
2.30.42	5.75802137002266	-1.27013606629145	-0.00984395727914253	-0.800001340367047	-0.130530602758714
2.30.42	1.8573087987161	-2.07796545609452	0.77605075856112	0.149965731608975	0.866858541508912
2.30.42	7.64659434826126	-1.13641936446829	0.323066878882883	-0.780452066884992	0.722588313807746
2.30.42	6.04616342210239	-2.09327342655608	-0.564364164575593	-0.517954335703345	-0.151270837556721
2.30.42	6.40997514282274	-0.646544497015237	-0.563090613511793	0.0685854529167297	0.340423868216557
2.30.42	5.04878919342815	-0.56017971749364	-0.481699228050121	-1.47791565584498	-0.6556074982397
2.30.42	1.4446738215149	-3.83950118868053	-1.38192231561158	-0.147908877960877	0.737435443753428
2.30.42	5.93539059366037	-1.19383085536449	0.51427122819757	-1.18197159113692	-0.125577586427198
2.30.42	5.14178114894615	-0.994503402908113	0.260494275675742	0.299770553643158	0.394842096823919
2.30.42	6.11999931530125	-0.409273999981333	0.678406781154258	-0.571511947000251	0.204612632735375
2.30.42	2.43163092084523	-0.906051867312026	-1.38432026451492	-0.106772175381649	0.288003123062955
2.30.42	1.72841722408388	-1.20600395570564	0.449119478555797	0.436066576729686	0.0579563481815529
2.30.42	3.94548247132807	-1.46025255866289	0.492696759022546	-0.762661113073319	-0.546509219385827
2.30.42	6.4876033430659	-1.41686629892879	0.755307288721542	-0.959721247005972	0.392867970223926
2.30.42	6.31190946296512	-0.262190964218604	-0.176617967554919	-0.123295602833645	-0.358145314462087
2.30.42	5.97155542519075	0.0615765007442814	-1.35705560970874	-0.472235659472966	-0.490424927353713
2.30.42	5.88806131508144	-0.180744345884185	-0.00471748992354636	0.0499349522510989	0.873526297090879
2.30.42	2.43894888019734	-1.77331141200403	-1.5239174950628	-0.481685887588242	0.79019722060912
2.30.42	5.26955787407067	1.09942962766642	-0.843391182415878	-0.657738226516126	-0.250384045258848
2.30.42	4.35076013307174	-1.4504539869664	-0.71331705153516	-0.693155622200408	0.0121629760274636
2.30.42	3.79964093368287	-2.54732727742316	0.34118302339868	-0.729978604085847	0.420366545251544
2.30.42	1.09914673151833	-1.58174717504919	-0.903316777834196	-0.964375745386922	-1.42989961525501
2.30.42	8.53265972175049	-0.373779318803827	-0.143538032326963	-0.377130236786532	-0.287152323812786
2.30.42	4.11887645559533	-1.32096678698771	-0.203487320235119	-1.1009166018557	1.30112100496998
2.30.42	5.56272441523815	-1.00046560538444	-1.16078533106314	-0.503762061552216	0.975207803010745
2.30.42	3.55938001849336	-1.63030137366644	-0.910424000263274	-0.223953497186866	-1.56046663655391
2.30.42	6.34627975535354	-0.824913269228389	0.000864329867733904	-0.636898985461065	0.172513656985615
2.30.42	7.93556215308055	0.151205953639049	0.429458335135198	-0.0469711536071589	-0.446844629139887
2.30.42	3.22754563424856	-1.1113457599947	-0.459502942811102	-0.0327033912961771	-0.690166913378308
2.30.42	4.27445531389781	-1.16345272713902	-1.31023837523648	-0.536079598193311	-0.361589833726069
2.30.42	2.1180377965292	-1.97163502207286	-0.663901961417119	-0.176851683304639	1.55604805243711
2.30.42	0.704777340930039	-3.80882253984656	-0.578545608634102	-0.559237793761137	0.518039898360025
2.30.42	1.52470679455659	-1.53190515935555	-0.921605352919043	-0.124733920025198	0.15510739623146
2.30.42	2.17036217550433	-2.11146279827413	0.767093988892851	-0.774927018932135	-0.18446011611752
2.30.42	2.1188840905967	-0.516620158013208	-0.879853981650599	-1.34521189337458	0.19869368358046
2.30.42	4.84829651489247	-1.40480101717837	-0.67867483960718	-1.37470370149277	0.12387250181037
2.30.42	4.40569551868897	-1.92739943285505	-0.905839219701925	-0.679741141770871	-0.193760716955471
2.30.42	-5.42054268044168	-3.12821838476523	-2.3256766710814	0.249599767196087	-2.34373477034436
2.30.42	4.00120560918454	-0.0306228229754336	-0.87792505324855	-0.410491455577613	-0.0282362351726045
2.30.42	8.25619594657457	-0.201936964202978	-0.158525994383917	-0.600861751981966	0.130156086259372
2.30.42	3.19515021795912	0.689736220412974	0.616382547134803	-0.798297982928094	-0.622689650155348
2.30.42	0.621507822705715	-1.05951785501652	-0.591457850178102	-0.0881569993007424	1.27691780200207
2.30.42	-0.403542095190152	-1.83228049927	-0.942764209140626	-0.493223377499415	2.0159816103793
2.30.42	3.33765738176157	0.0818031054584529	-0.0576456709472038	-0.253846263186715	-1.38883194338736
2.30.42	-2.33565662380367	-2.2085627878905	1.0472749990027	0.0379577422388371	1.60677945031617
2.30.42	1.64331871144784	-1.80252462569366	0.240853289710592	-0.392087414663526	-0.114024209166959
