2.30.110	2049	675	649	846	5235	1706	385	321	533	1333	1660	1152	471	255	97	1230	260	1145	1097	324	156	22	41	1674	572	493	300	318	82	75	385	362	512	536	1702	99	281	45	769	287	99	326	
2.30.110	1889	569	607	807	4687	1529	269	208	458	1147	1481	992	415	218	77	1202	285	1042	854	230	106	17	45	1562	426	411	293	327	71	60	373	282	516	487	1628	86	278	28	702	250	80	321	
2.30.110	1738	612	614	711	4061	1575	480	327	400	1057	1659	1159	433	428	59	1215	268	984	985	224	133	16	52	1378	451	451	304	373	77	84	312	273	475	473	1398	96	237	49	502	282	84	247	
2.30.110	1429	510	504	563	3342	1264	320	261	367	934	1309	819	362	275	42	956	221	733	817	214	118	12	34	1061	380	337	224	278	59	63	248	212	344	356	1048	74	166	35	414	208	68	186	
2.30.110	2066	691	667	847	5244	1904	313	320	498	1303	1649	1220	454	245	121	1299	299	1083	1007	393	134	17	48	1668	489	515	325	340	91	95	401	354	545	557	1739	100	268	45	759	289	94	327	
2.30.110	797	249	250	374	1735	484	95	52	114	435	576	446	186	80	19	343	131	408	395	66	56	7	11	582	185	192	111	139	14	43	115	132	178	158	649	38	95	13	327	122	33	160	
2.30.110	1304	492	456	514	2951	1201	314	251	350	830	1127	806	322	262	50	842	186	698	806	233	102	8	35	918	318	335	205	296	84	60	237	220	295	327	981	67	164	33	378	189	71	165	
2.30.110	2004	689	624	825	4984	1717	326	258	442	1415	1633	1207	355	229	62	1280	207	1033	1105	341	116	12	32	1703	543	551	316	382	95	42	400	380	509	511	1690	98	294	49	719	291	97	311	
2.30.110	1931	622	608	809	4837	1606	309	225	448	1249	1548	1156	339	195	54	1216	218	1022	959	289	118	7	39	1594	496	474	276	318	76	45	376	308	523	508	1578	96	289	47	720	262	83	313	
2.30.110	1538	560	508	601	3507	1453	314	293	382	982	1281	928	311	259	59	989	155	875	819	294	122	9	30	1182	368	403	209	302	72	59	278	250	341	342	1159	67	217	43	394	229	75	188	
2.30.110	1266	474	397	549	2989	1138	261	173	370	909	1009	758	314	157	102	761	133	613	758	265	89	10	30	1046	370	365	150	286	75	49	244	257	281	316	1076	66	206	27	442	217	71	215	
2.30.110	1377	454	474	536	3254	1131	306	195	295	819	1433	572	321	213	60	831	191	790	785	164	114	8	33	1107	296	257	208	274	63	56	288	195	338	277	1000	72	236	34	359	215	66	159	
2.30.110	1424	454	472	584	3493	1151	226	195	351	887	1173	825	259	185	48	935	166	841	730	179	105	9	38	1129	355	331	204	226	54	52	255	192	374	343	1143	75	193	25	476	191	49	213	
2.30.110	1368	533	482	581	2977	1291	251	176	356	1152	1070	867	295	206	101	911	192	761	701	262	112	14	24	1036	352	407	223	283	56	57	289	239	358	343	1078	67	203	32	456	220	81	212	
2.30.110	1288	479	416	520	2937	1193	269	238	275	912	1104	766	325	129	69	741	172	749	813	279	97	7	28	996	378	332	176	259	72	49	240	256	299	310	1058	65	199	30	395	230	67	184	
2.30.110	1564	570	546	670	3437	1208	274	184	364	1096	1162	907	353	237	81	1019	222	760	741	233	118	12	25	1129	376	425	201	244	55	72	318	309	371	375	1217	89	204	33	513	233	64	246	
2.30.110	1020	319	341	397	2355	876	139	95	248	649	845	501	194	127	21	701	118	669	453	177	83	9	13	829	184	199	157	184	26	32	188	157	268	290	868	45	145	15	308	131	40	141	
2.30.110	1194	429	414	473	2703	1097	234	178	313	760	1023	700	271	175	60	724	164	675	679	234	96	8	27	840	289	274	142	215	48	26	199	182	320	299	943	47	171	19	343	174	53	160	
2.30.110	1364	430	413	555	3289	1303	261	192	260	810	1185	697	259	159	47	788	131	809	762	183	88	9	28	1135	327	316	198	241	64	47	250	226	298	324	1142	63	192	24	458	202	61	204	
2.30.110	1139	406	333	480	2538	943	182	109	304	814	794	534	243	129	65	659	104	560	586	178	78	9	17	935	271	286	125	240	68	30	210	185	210	218	916	43	142	20	374	153	66	183	
2.30.110	1031	392	367	426	2203	931	120	183	349	848	862	629	241	116	45	667	168	666	560	227	87	5	33	776	229	255	156	229	76	41	211	173	259	246	774	44	142	24	304	143	55	147	
2.30.110	1043	386	349	439	2365	898	170	155	298	710	814	620	245	171	86	622	144	490	554	214	73	8	25	768	272	262	125	181	52	60	187	191	229	210	808	59	126	24	369	137	43	158	
2.30.110	1360	500	492	579	3284	1249	271	200	363	981	1209	905	413	176	103	965	266	816	760	213	122	13	28	1114	368	363	262	326	97	72	276	239	414	340	1133	87	209	36	446	222	77	217	
2.30.110	1854	625	617	790	4656	1656	368	239	443	1231	1553	1098	432	221	76	1162	265	1029	1016	269	122	13	42	1542	474	493	338	380	87	63	422	341	493	482	1553	102	298	49	632	295	95	301	
2.30.110	1264	452	391	525	2956	1106	164	176	341	869	906	724	194	146	68	721	137	721	713	313	79	2	23	1003	281	321	175	248	78	42	196	225	297	324	1087	64	157	27	418	175	64	197	
2.30.110	1335	404	458	523	3279	1045	223	150	243	727	1117	754	273	211	40	842	206	778	632	160	97	17	31	1028	296	261	182	185	41	31	205	153	391	385	1094	50	181	13	471	164	47	196	
2.30.110	1224	470	412	494	2881	1210	257	181	274	753	1137	734	320	269	58	754	171	635	765	210	100	11	24	960	388	326	180	237	62	52	203	223	302	300	995	55	167	29	341	200	69	175	
2.30.110	1662	573	544	726	3895	1448	262	239	397	1111	1445	1129	336	245	75	1008	252	786	863	243	108	12	31	1303	459	460	236	331	84	49	282	254	441	365	1380	74	226	38	627	255	83	290	
2.30.110	1620	560	476	663	4011	1440	220	193	339	1038	1242	955	253	150	40	975	189	814	873	320	118	12	39	1259	364	437	180	270	63	35	262	331	374	391	1367	71	196	31	571	218	73	245	
2.30.110	1289	569	549	525	2855	1228	347	259	441	1075	1352	991	449	363	100	927	306	770	838	315	117	18	37	925	362	390	264	309	80	93	279	276	388	334	965	74	193	47	322	211	91	165	
2.30.110	1269	476	440	508	2953	1067	227	218	319	998	1078	853	351	194	49	969	217	640	692	236	107	6	29	989	349	349	208	261	81	71	243	216	288	313	965	56	150	36	395	183	68	169	
2.30.110	1320	478	470	537	2883	1196	286	194	301	886	1219	818	356	306	54	951	204	708	829	184	101	12	27	979	333	316	224	294	49	60	241	250	334	336	1040	62	180	39	397	209	59	176	
2.30.110	1459	471	484	616	3453	1320	248	205	303	922	1071	881	316	212	104	941	195	891	701	210	102	14	29	1137	307	300	250	238	90	63	280	238	389	388	1252	70	186	41	510	188	74	241	
2.30.110	1516	612	542	629	3448	1620	423	371	432	1102	1508	1034	520	394	61	1110	257	883	963	302	122	21	44	1204	453	437	271	387	124	89	315	311	374	379	1247	87	219	54	493	267	109	219	
2.30.110	1562	591	539	624	3489	1440	411	295	380	1035	1345	1002	383	360	58	982	188	847	949	250	124	21	37	1218	449	401	244	319	83	79	293	283	381	408	1290	80	213	41	443	267	91	208	
2.30.110	939	358	357	389	2112	901	207	143	300	718	865	528	227	125	28	618	155	549	518	147	93	10	31	639	213	216	133	179	61	46	198	184	260	211	680	56	149	27	236	147	48	121	
2.30.110	1099	374	350	482	2430	930	182	135	238	727	804	594	229	144	46	635	116	547	515	145	77	9	22	824	261	261	128	191	65	31	186	156	245	252	875	44	158	16	357	158	56	185	
2.30.110	1504	518	548	667	3174	1266	267	180	360	912	1143	813	396	271	69	899	260	825	722	247	113	13	26	1055	337	355	258	252	46	64	274	227	440	361	1141	77	196	34	511	201	66	240	
2.30.110	1090	433	406	453	2436	1026	200	229	352	773	936	691	264	179	69	672	161	615	630	195	73	9	26	817	293	296	192	256	63	44	246	194	309	296	900	51	161	37	304	187	60	153	
2.30.110	1254	470	470	543	2806	1068	227	153	333	895	1144	932	344	184	93	942	214	623	670	204	90	11	27	1027	307	358	204	272	73	62	268	232	374	319	968	83	189	34	373	199	74	197	
2.30.110	1597	595	611	665	3608	1464	380	285	414	981	1604	1082	456	426	58	1152	339	994	874	234	135	19	41	1186	376	420	263	319	84	83	302	257	456	426	1227	79	242	41	469	239	91	229	
2.30.110	1500	597	528	598	3422	1391	413	324	424	1071	1404	961	439	373	88	1120	230	898	985	302	115	15	47	1107	407	413	265	342	109	83	293	297	352	384	1134	61	202	52	437	256	92	192	
2.30.110	1033	391	395	418	2292	988	213	205	313	767	939	605	275	187	100	643	190	604	546	175	93	9	31	718	226	233	175	227	90	53	245	175	274	253	791	47	160	29	280	146	46	136	
2.30.110	1379	508	438	578	3282	1279	263	194	347	1013	1032	923	256	168	113	812	153	750	789	258	106	11	31	1120	404	406	199	256	66	45	263	253	297	297	1119	65	170	35	488	195	76	221	
2.30.110	857	333	275	349	1746	728	165	135	230	618	560	433	158	131	41	439	87	373	452	165	59	8	19	571	132	197	108	194	61	18	119	131	171	194	626	35	103	13	250	119	30	111	
2.30.110	1458	568	472	578	3386	1371	334	291	384	1061	1295	863	365	339	64	960	178	796	987	291	124	10	41	1076	411	406	224	331	98	68	248	277	290	312	1107	70	176	42	433	219	100	191	
2.30.29	1185	409	340	532	2890	914	213	146	210	867	866	756	215	154	31	653	141	451	698	180	51	11	34	994	328	319	140	201	43	37	161	182	262	243	992	37	142	24	503	162	57	232	
2.30.29	964	296	284	415	2137	672	161	111	152	616	741	515	125	122	18	419	79	433	485	107	60	3	21	755	234	241	115	139	25	26	151	122	183	195	685	32	120	27	324	107	32	155	
2.30.29	809	285	210	331	1798	443	134	118	176	551	546	423	123	77	39	371	61	222	458	137	40	5	11	611	238	219	82	156	41	26	119	152	99	106	593	33	77	20	276	103	35	116	
2.30.29	1493	517	531	597	3578	1157	348	250	289	1009	1399	1019	349	266	54	958	296	832	951	203	128	15	43	1220	443	383	306	320	58	63	263	220	372	343	1190	78	203	60	448	228	75	205	
2.30.29	862	370	332	405	1724	645	237	135	258	741	718	813	268	116	43	571	155	389	514	211	57	5	23	664	262	274	167	206	54	48	180	194	263	174	663	55	133	33	279	174	59	147	
2.30.29	1075	402	327	434	2527	926	254	182	231	858	817	685	200	132	52	588	124	479	672	163	76	7	27	859	303	302	122	181	56	37	168	192	204	205	841	34	113	24	339	146	53	156	
2.30.29	1092	382	390	442	2439	726	218	149	259	767	833	764	270	158	68	725	218	500	499	192	63	7	47	805	253	242	166	206	55	70	219	187	270	263	777	46	126	25	328	125	51	148	
2.30.29	988	404	326	418	2238	921	177	149	230	859	837	734	221	119	37	628	144	401	749	224	86	13	24	820	328	336	138	236	51	35	170	196	210	176	763	52	148	19	304	173	56	148	
2.30.29	936	423	330	372	1954	752	200	166	341	834	783	771	200	118	49	625	135	471	695	305	84	16	24	688	314	348	173	245	67	55	195	228	195	157	657	53	120	34	241	156	60	119	
2.30.29	973	335	391	392	2142	753	241	147	193	691	811	700	290	265	24	744	215	516	517	108	69	10	28	730	260	238	184	164	32	48	189	137	268	255	704	44	142	29	306	141	41	125	
2.30.29	970	371	309	415	2262	814	198	132	218	756	809	713	210	154	40	581	122	432	622	200	76	10	24	810	303	332	146	197	37	32	175	195	226	215	780	47	134	22	330	161	50	157	
2.30.29	1004	442	329	423	2262	958	243	232	302	938	850	758	187	156	23	639	98	434	722	277	64	6	28	797	375	378	173	284	60	37	212	244	217	187	790	41	163	36	299	190	68	150	
2.30.29	1001	346	304	430	2259	894	194	157	211	745	834	593	199	124	22	640	104	462	576	146	77	5	25	816	277	266	128	199	34	24	167	128	196	203	771	40	148	15	338	155	54	162	
2.30.29	1123	436	388	446	2661	895	273	201	265	902	1017	853	260	187	47	693	158	511	720	227	86	13	32	861	324	352	166	245	34	43	195	209	284	271	862	59	157	31	333	177	54	149	
2.30.29	853	278	256	335	1783	539	150	100	149	572	633	449	177	80	18	511	82	371	483	84	60	4	14	638	213	168	94	149	33	16	148	137	168	160	643	38	116	21	217	116	32	102	
2.30.29	853	344	265	366	1913	728	149	135	183	742	654	608	160	108	26	449	91	334	578	175	50	4	20	689	278	283	123	207	43	29	140	162	165	148	662	36	115	21	269	152	47	136	
2.30.29	945	294	271	368	2172	700	180	75	161	636	686	522	139	109	29	516	93	406	501	131	73	6	25	728	229	201	106	151	25	24	104	105	161	219	695	35	106	15	308	116	33	126	
2.30.29	820	287	275	330	1750	615	130	122	168	571	637	539	147	94	16	519	134	358	449	128	62	6	17	629	235	201	154	170	23	28	144	119	183	164	600	36	96	18	223	124	32	102	
2.30.29	1135	439	378	495	2725	1040	255	166	287	921	956	863	289	135	30	715	150	530	664	204	88	12	34	875	354	363	170	201	35	19	168	205	314	319	919	57	150	20	409	187	69	197	
2.30.29	855	273	260	348	1796	718	149	96	141	516	589	476	149	114	14	460	131	393	421	77	66	1	18	636	225	174	133	140	39	15	120	100	167	167	614	28	94	18	247	122	34	121	
2.30.29	918	308	283	372	1821	565	141	131	160	577	593	498	131	58	33	463	67	346	464	91	58	1	17	656	233	223	115	128	38	21	123	109	171	140	611	25	111	10	247	100	35	123	
2.30.29	1567	506	431	639	4180	1152	253	228	301	1152	1178	990	287	191	43	935	137	774	875	247	106	11	35	1341	430	421	199	263	47	42	214	214	320	363	1299	51	155	31	632	201	77	274	
2.30.29	1112	457	366	482	2494	1013	213	208	287	930	908	841	267	148	44	676	181	497	727	219	72	15	25	924	358	368	149	262	66	35	221	229	243	236	927	53	155	42	368	209	67	173	
2.30.29	1199	375	492	447	2529	723	186	83	242	600	877	769	324	196	42	963	318	647	491	158	94	7	22	795	187	222	209	199	33	64	218	145	353	335	786	68	129	28	326	119	32	133	
2.30.29	1508	515	393	628	3998	1046	252	227	297	1200	1077	878	240	121	43	867	98	658	897	287	105	19	42	1280	429	438	185	274	61	37	207	276	276	306	1249	59	138	28	629	190	73	268	
2.30.29	1030	348	301	437	2443	894	201	118	217	718	760	597	209	148	16	614	87	532	590	135	70	5	26	869	267	242	139	217	46	16	159	150	200	266	889	39	154	21	356	178	54	172	
2.30.29	836	267	245	333	1787	565	114	69	100	507	604	439	130	82	12	454	109	317	450	73	59	6	19	625	189	204	109	144	22	18	125	120	153	160	627	35	110	12	264	123	28	108	
2.30.29	944	355	275	387	2228	736	186	123	202	763	745	637	162	126	15	473	102	394	683	206	67	10	26	778	311	294	119	190	36	27	146	209	173	164	732	40	122	26	329	144	54	137	
2.30.29	1305	451	417	565	3080	1088	268	166	259	906	995	836	223	139	39	767	128	613	725	188	96	13	32	1029	335	327	192	214	45	28	228	206	322	326	1039	66	194	29	487	197	68	221	
2.30.29	942	351	307	424	2097	799	182	146	221	771	768	635	176	124	13	607	82	382	531	167	66	4	40	767	259	278	142	215	39	34	175	140	213	199	725	40	145	22	331	163	60	155	
2.30.29	913	343	269	371	2032	788	183	110	172	637	711	601	225	159	19	488	88	403	608	169	64	4	19	749	280	290	112	168	33	22	151	161	180	189	723	28	127	22	287	139	47	133	
2.30.29	979	333	314	399	2281	745	217	120	177	747	785	687	196	144	40	655	126	494	545	131	65	11	32	809	281	260	140	174	36	21	173	131	231	212	758	43	128	23	324	147	42	144	
2.30.29	900	302	288	384	1981	791	153	104	187	598	654	567	178	122	16	488	165	446	472	113	73	5	26	683	228	190	143	157	44	30	152	125	230	178	718	33	106	28	269	145	39	143	
2.30.29	714	208	234	280	1391	368	136	34	114	323	465	328	139	53	22	283	90	254	306	57	43	5	16	470	109	115	94	99	13	15	97	58	125	112	440	21	72	8	197	69	31	82	
2.30.29	1014	342	260	395	2469	839	166	115	170	674	710	569	148	90	19	486	75	465	638	190	78	5	19	829	298	267	105	162	30	19	132	148	146	178	803	26	104	20	343	131	41	150	
2.30.29	990	379	331	408	2214	769	200	175	206	747	836	706	218	142	30	592	133	434	585	182	73	6	34	745	292	289	133	190	33	32	165	179	217	214	749	46	131	24	281	158	47	141	
2.30.29	949	364	323	398	2096	788	193	120	229	827	782	719	248	141	43	598	151	491	606	188	79	16	27	741	223	287	167	224	48	30	167	177	224	207	730	51	136	20	305	163	56	141	
2.30.29	957	352	326	396	2110	777	200	127	207	779	829	710	233	124	36	590	130	506	589	194	73	14	23	773	247	269	160	215	33	24	157	137	222	216	739	49	135	18	285	152	57	139	
2.30.29	959	378	340	404	2066	777	203	129	203	868	794	753	232	140	38	631	152	490	597	172	80	14	27	749	246	290	178	234	40	45	175	186	222	210	736	58	138	29	288	168	67	137	
2.30.29	1137	424	356	499	2752	989	244	137	296	874	988	865	237	200	33	644	149	540	728	221	67	17	27	972	376	384	175	243	62	38	214	224	255	233	947	48	168	24	413	201	71	200	
2.30.29	940	363	345	394	2048	817	281	132	200	771	814	753	236	185	34	675	168	533	576	180	60	12	33	719	264	275	178	226	37	34	201	165	238	240	758	50	147	29	292	164	59	132	
2.30.29	825	281	288	360	1658	591	149	116	210	588	697	574	167	117	19	627	138	410	461	146	48	6	12	679	242	222	124	178	37	23	168	150	219	183	680	38	126	29	250	134	39	133	
2.30.29	912	289	279	353	2024	774	226	102	161	590	714	585	153	110	8	510	110	496	449	103	49	7	11	675	257	211	125	161	21	25	162	125	174	213	685	27	110	23	285	120	36	122	
2.30.29	1038	323	343	391	2315	722	139	122	195	664	871	532	145	161	26	608	189	592	608	137	70	11	21	809	260	213	164	193	34	31	192	147	210	236	764	44	141	26	295	136	47	117	
2.30.29	873	306	273	358	1932	713	169	107	209	632	693	577	142	119	21	495	97	379	502	158	55	2	21	655	255	240	125	192	39	22	177	167	162	209	697	49	123	28	278	138	42	123	
2.30.29	1563	515	437	618	4283	1367	359	235	283	1111	1311	906	246	229	20	789	129	746	1018	210	103	6	38	1435	477	442	215	298	44	26	237	267	307	362	1369	73	201	42	531	249	76	235	
2.30.29	1315	445	430	555	3263	953	272	244	313	977	1045	906	206	213	39	822	141	628	733	242	71	9	47	1115	362	330	198	244	56	34	240	201	319	355	1060	59	186	33	533	162	61	236	
2.30.29	1042	432	380	434	2288	838	231	180	265	980	917	904	276	169	46	749	193	532	712	222	77	18	32	826	334	359	188	211	69	54	237	236	265	210	768	61	150	35	323	180	67	148	
2.30.29	933	315	273	361	2106	773	224	116	210	562	707	553	156	113	23	480	102	423	538	141	60	8	25	700	243	239	130	185	52	16	119	99	158	191	641	29	116	17	271	127	51	115	
2.30.29	965	375	284	364	2020	854	205	147	223	759	724	629	150	118	33	553	100	454	673	199	65	7	19	753	266	296	118	202	49	27	154	193	163	176	678	42	122	25	266	132	55	111	
2.30.29	1265	415	340	537	3041	998	257	192	246	889	873	717	208	149	53	621	127	514	719	190	83	8	27	1043	314	309	141	197	58	33	171	188	219	235	1006	35	119	26	511	151	59	224	
2.30.29	1232	393	376	515	3048	987	257	114	256	855	988	651	210	144	29	720	128	633	719	150	67	9	22	1058	359	289	186	272	36	27	259	196	266	276	1031	43	203	23	384	222	62	190	
2.30.29	915	321	285	370	2078	791	148	114	193	667	733	597	182	126	15	549	108	381	567	166	74	2	26	700	229	252	127	190	36	26	129	124	168	175	675	34	122	17	298	134	43	121	
2.30.29	1113	424	350	441	2679	1095	306	160	288	908	925	788	246	157	33	706	139	594	729	226	96	11	40	908	342	362	163	258	49	24	207	213	233	260	866	50	159	26	342	186	62	151	
2.30.29	792	285	275	332	1622	610	126	106	156	544	603	548	144	85	18	513	147	385	424	116	47	6	11	620	216	205	159	166	28	25	167	151	191	141	599	43	101	16	214	138	31	104	
2.30.29	889	318	300	356	1849	636	201	117	207	662	704	621	247	174	29	556	128	412	533	152	57	9	19	664	250	229	159	195	39	28	154	154	178	213	653	40	117	36	257	129	61	107	
2.30.29	791	229	230	322	1690	431	119	52	91	429	551	348	138	70	11	426	81	319	363	46	57	3	21	610	178	159	88	102	14	21	96	95	137	117	509	28	93	15	258	90	31	107	
2.30.29	856	299	266	320	1835	624	165	102	164	583	694	557	176	118	30	525	110	398	515	134	61	12	33	630	226	225	122	157	26	22	133	129	157	182	604	33	97	24	242	117	38	91	
2.30.29	854	275	232	338	1889	533	136	105	154	543	569	470	150	68	13	383	88	317	459	101	48	3	10	619	196	181	74	134	32	18	113	119	131	139	593	23	85	17	267	92	36	110	
2.30.29	891	313	281	346	1893	634	187	113	184	626	648	609	186	131	31	561	130	394	506	141	59	9	16	652	226	242	129	159	36	36	152	159	169	178	642	35	93	16	273	105	44	112	
2.30.29	874	281	261	337	1945	630	163	107	158	517	638	482	134	137	14	484	113	397	539	115	66	7	28	655	201	201	100	146	24	30	148	131	148	178	659	35	108	27	277	115	25	115	
2.30.29	1292	441	452	518	3009	957	261	209	312	963	1130	858	262	164	65	921	218	712	641	193	83	10	33	982	301	306	229	263	74	61	227	197	304	351	959	54	185	48	385	146	72	174	
2.30.29	1043	431	351	435	2266	840	243	164	283	987	848	816	257	154	56	645	159	514	713	273	76	14	19	840	302	354	176	254	53	26	168	189	237	239	810	47	147	30	311	195	63	151	
2.30.29	1048	368	311	433	2514	892	167	140	202	751	816	677	176	104	36	592	109	475	679	194	78	12	19	877	287	319	142	232	40	22	152	140	193	173	825	43	137	17	360	162	52	161	
2.30.29	1174	413	393	479	2936	987	278	212	261	907	1136	944	271	171	13	846	162	683	781	209	78	7	40	1074	417	355	239	278	41	39	269	236	325	273	1034	62	194	41	425	207	60	185	
2.30.29	1066	407	357	455	2446	941	226	153	289	910	941	818	243	206	42	629	184	535	713	229	80	20	30	912	327	360	172	243	61	46	221	227	240	241	886	56	150	27	383	180	61	172	
2.30.29	853	302	250	360	1875	641	128	94	186	573	632	454	182	150	21	446	70	355	500	130	59	5	23	663	208	220	111	191	46	23	133	136	139	162	623	26	112	23	273	117	52	128	
2.30.29	778	292	267	315	1712	558	163	101	145	609	625	529	171	118	26	449	120	363	473	120	53	9	14	583	222	246	152	179	22	27	121	139	156	144	551	39	83	16	241	114	46	105	
2.30.29	1020	431	405	448	2200	986	249	180	337	839	849	811	380	168	54	868	242	569	620	240	88	15	32	747	321	332	248	259	77	55	233	231	322	263	799	69	169	54	326	191	65	152	
2.30.29	1224	405	382	498	2906	1062	239	161	256	891	1017	713	244	181	49	741	143	621	701	141	72	3	33	1050	343	311	213	288	54	39	245	180	247	249	1001	55	182	28	396	214	69	174	
2.30.30	961	368	327	429	2255	904	209	201	215	661	761	744	261	232	44	581	153	480	556	174	50	7	27	807	298	338	186	205	38	48	174	217	249	269	816	53	137	31	330	185	61	177	
2.30.30	1113	384	331	480	2869	911	202	105	217	834	878	758	254	115	19	643	159	490	623	160	79	6	18	932	361	363	172	191	33	21	154	199	249	272	926	50	133	19	440	176	52	194	
2.30.30	807	364	395	343	1650	807	225	155	254	619	666	550	399	154	99	847	219	450	513	148	89	18	25	506	178	226	212	192	45	89	228	159	273	171	541	63	132	34	167	157	56	86	
2.30.30	609	239	215	219	1174	506	107	92	177	384	423	306	128	93	23	374	82	270	308	112	78	4	21	357	132	134	88	119	29	21	103	88	104	106	372	19	66	19	105	79	32	44	
2.30.30	946	318	300	432	2012	762	117	85	239	505	603	553	191	122	26	497	88	423	491	126	64	5	13	735	208	225	129	145	32	42	178	174	219	216	765	47	135	24	336	138	41	161	
2.30.30	954	331	369	390	2171	701	206	107	169	609	957	682	286	144	32	745	227	472	568	111	101	9	24	747	278	248	142	172	35	54	203	151	285	209	718	67	125	21	299	136	40	141	
2.30.30	1084	475	460	485	2507	1006	362	145	296	884	1008	894	390	197	62	963	262	570	723	253	98	16	20	849	352	418	254	275	47	71	257	273	371	302	885	91	198	35	347	217	72	178	
2.30.30	964	324	381	414	2183	807	140	158	204	668	877	666	221	137	34	836	208	559	472	137	80	3	14	757	207	220	173	188	42	35	232	175	360	280	812	77	158	26	311	160	39	147	
2.30.30	1074	344	402	465	2456	850	158	165	212	711	1017	747	235	165	40	927	187	625	546	134	62	5	22	883	238	237	215	234	41	32	219	180	385	304	931	75	172	28	356	172	46	176	
2.30.30	932	315	367	376	2040	726	170	148	219	473	905	616	353	247	43	785	212	527	580	139	68	10	29	728	230	221	205	162	35	36	175	150	279	266	726	42	133	25	261	140	38	126	
2.30.30	923	349	389	421	1976	745	228	186	227	531	962	695	348	257	51	782	265	416	542	155	57	7	24	739	251	266	254	202	39	70	243	206	300	239	748	58	151	39	265	167	45	150	
2.30.30	839	358	319	310	1638	672	171	276	297	723	634	644	190	137	57	594	168	457	518	155	61	9	29	581	223	250	129	140	43	52	145	153	213	162	508	55	95	21	188	98	38	76	
2.30.30	939	311	288	430	1988	738	112	84	222	504	593	530	189	109	24	480	87	408	491	123	60	4	12	728	204	221	118	138	28	42	174	174	203	203	761	46	134	23	331	137	38	161	
2.30.30	972	263	230	456	2452	710	175	156	135	461	550	438	101	70	29	372	88	396	398	142	60	5	32	812	159	186	122	150	39	15	127	156	188	191	833	29	102	28	484	115	46	205	
2.30.30	969	374	330	442	2310	956	246	245	314	747	727	695	191	131	68	600	102	475	561	281	64	12	31	809	227	250	166	199	67	33	192	255	280	264	818	64	150	38	381	138	61	170	
2.30.30	539	160	155	212	940	338	81	72	80	271	369	208	83	49	11	256	48	173	238	49	35	2	21	343	95	92	51	78	11	18	98	81	106	85	346	27	69	8	85	81	23	53	
2.30.30	1007	271	263	412	2332	745	117	73	115	451	674	506	195	210	26	511	135	461	504	78	66	3	27	774	242	209	79	130	16	28	114	92	161	187	801	33	100	14	358	128	26	159	
2.30.30	732	213	223	291	1549	469	73	64	100	284	517	389	181	103	17	394	134	320	308	65	48	3	15	469	165	135	90	70	13	8	77	64	120	114	441	20	70	9	173	72	19	90	
2.30.30	1008	325	393	443	2342	828	147	129	189	705	997	670	227	144	36	879	199	566	486	113	80	6	16	823	239	228	188	175	31	35	270	179	360	303	854	78	178	25	323	156	46	170	
2.30.30	781	223	210	321	1800	505	119	108	104	383	563	382	145	120	12	354	80	271	385	52	50	2	20	645	244	172	79	108	18	18	109	92	143	128	567	28	80	14	280	92	19	126	
2.30.30	1948	651	680	821	4995	1583	438	316	368	1246	1955	1484	503	418	71	1387	357	991	1228	243	115	13	50	1783	605	595	362	388	69	92	355	321	543	554	1704	122	267	69	696	312	91	339	
2.30.30	1044	327	394	463	2419	818	152	140	224	656	917	651	266	154	28	745	239	547	493	146	69	9	19	805	217	237	187	168	34	39	215	151	345	297	830	71	160	14	382	145	40	192	
2.30.30	1013	303	318	444	2287	758	106	104	178	607	768	580	187	75	17	632	120	482	416	133	62	4	18	790	183	236	123	160	23	31	182	136	261	237	841	51	144	20	374	147	38	171	
2.30.30	980	317	322	427	2169	780	103	104	175	609	748	614	198	105	21	650	154	537	427	153	64	2	16	763	202	248	146	170	27	32	156	154	274	236	796	45	127	18	342	151	41	161	
2.30.30	869	387	345	369	1727	715	231	264	266	733	758	685	274	132	59	668	164	487	561	197	63	11	39	670	311	315	149	202	59	49	230	227	256	180	671	53	145	35	222	177	52	114	
2.30.30	1253	364	412	522	2807	892	233	198	195	580	1075	747	277	315	22	819	201	683	690	105	81	9	33	1031	331	262	219	166	44	40	186	166	323	294	1010	65	157	28	423	151	45	194	
2.30.30	801	290	306	342	1675	606	130	121	174	434	761	550	321	165	46	606	220	301	486	123	53	7	14	635	207	213	175	143	32	42	144	154	203	181	623	44	115	24	216	128	38	117	
2.30.30	1180	353	416	483	2647	904	218	144	180	590	1049	766	273	331	35	735	253	730	632	117	79	15	36	953	263	254	252	167	32	33	148	131	317	272	897	45	142	24	369	122	50	183	
2.30.30	900	325	361	374	1997	721	151	118	191	546	889	697	362	210	42	774	265	434	569	150	60	5	23	695	247	233	222	157	29	52	177	173	277	214	694	61	127	24	256	143	38	124	
2.30.30	1189	342	375	481	2782	890	209	156	169	564	989	669	283	270	13	721	185	653	639	92	82	7	32	968	304	228	203	171	28	37	170	145	267	268	913	57	150	26	391	154	39	169	
2.30.30	968	323	362	406	2121	749	184	191	182	499	898	630	290	247	31	847	183	483	550	116	82	3	28	788	279	225	193	167	41	45	195	158	256	295	793	67	137	29	292	140	44	146	
2.30.30	880	336	324	368	1899	734	165	105	204	501	796	653	359	174	48	755	217	395	573	161	64	11	20	677	240	265	177	149	34	47	162	191	209	179	657	48	109	25	236	134	40	122	
2.30.30	854	309	301	390	1901	725	173	93	204	537	743	449	219	179	33	572	129	365	426	170	56	6	24	687	205	267	147	171	29	38	163	164	215	188	687	54	156	22	291	141	43	148	
2.30.42	804	283	252	328	1655	575	80	99	237	543	535	406	193	96	34	540	98	329	422	110	48	2	14	584	207	214	125	169	36	48	154	142	158	148	574	43	88	17	212	121	42	104	
2.30.42	813	301	274	350	1626	586	120	108	256	581	641	492	193	101	22	477	117	308	443	106	49	11	13	589	195	186	113	147	43	28	132	113	183	109	575	37	90	16	206	125	49	118	
2.30.42	668	259	212	270	1380	462	97	67	163	465	430	346	203	76	19	359	76	244	389	77	51	3	13	455	159	185	70	120	25	20	100	94	112	95	451	29	72	20	174	89	31	79	
2.30.42	712	273	269	308	1426	437	50	101	228	538	591	381	219	113	43	531	112	316	330	98	66	4	12	533	169	187	110	139	43	41	148	132	170	87	492	42	101	14	192	107	44	94	
2.30.42	854	360	310	390	1878	663	141	172	351	843	622	449	296	112	51	598	125	368	464	160	63	15	16	683	235	251	135	200	49	50	191	186	193	148	657	55	126	29	265	137	65	139	
2.30.42	834	396	364	406	1655	736	136	171	356	762	730	611	400	153	51	632	203	340	476	195	61	13	22	612	238	278	193	227	75	62	203	184	261	139	604	49	142	27	234	171	77	135	
2.30.42	826	307	277	342	1609	550	87	100	244	546	610	518	226	100	24	501	117	336	404	115	74	6	13	573	192	231	129	164	32	32	118	118	172	103	538	30	105	18	236	136	42	104	
2.30.42	978	404	381	441	2200	839	196	207	311	716	836	693	354	161	41	699	189	507	551	156	86	12	17	743	291	299	207	205	59	55	217	216	263	209	721	57	140	31	323	169	74	156	
2.30.42	692	275	276	311	1443	456	101	99	266	543	531	424	214	103	39	516	120	310	330	92	52	6	14	514	157	193	145	146	42	31	141	113	162	108	445	43	89	14	204	111	54	103	
2.30.42	875	331	342	338	1899	692	175	136	312	686	725	549	292	194	45	651	168	536	500	163	77	14	19	617	226	214	194	172	43	48	201	148	211	192	570	47	118	20	212	118	43	98	
2.30.42	669	244	229	273	1295	426	71	58	227	450	455	365	227	71	47	437	126	260	333	106	62	8	10	450	153	158	84	114	25	33	103	98	125	97	423	26	78	13	178	95	27	79	
2.30.42	614	279	253	271	1095	489	72	90	266	539	510	486	211	78	46	430	127	266	338	166	55	7	13	446	150	240	121	163	36	47	132	125	156	101	383	35	96	21	138	100	43	87	
2.30.42	713	280	258	297	1393	518	71	90	227	551	542	470	185	94	25	464	89	303	348	130	60	8	21	475	171	206	121	151	45	25	110	103	154	115	432	31	81	12	150	102	38	86	
2.30.42	759	284	265	346	1608	476	88	107	231	627	574	469	206	68	40	489	99	298	424	116	45	4	5	578	202	215	121	145	44	37	160	143	185	124	565	54	104	19	241	117	54	124	
2.30.42	745	363	316	326	1522	582	140	125	425	753	613	587	360	142	63	589	174	343	440	220	82	12	33	536	204	300	182	192	56	50	164	169	212	149	470	47	116	20	207	116	84	100	
2.30.42	691	255	261	314	1281	436	70	95	309	486	511	447	232	79	26	472	153	272	319	125	51	6	9	521	175	194	136	138	32	31	143	136	207	120	487	45	100	19	190	108	32	110	
2.30.42	761	293	295	288	1482	589	120	126	259	534	676	491	203	113	33	528	132	383	409	132	67	9	24	522	210	200	119	128	36	35	152	112	189	148	459	35	88	12	158	93	37	80	
2.30.42	754	270	263	317	1539	497	69	85	179	499	615	414	190	57	28	481	123	317	363	81	58	7	14	544	177	188	115	130	19	43	128	112	171	120	522	42	102	18	207	113	49	94	
2.30.42	836	347	291	373	1688	719	125	134	272	663	625	579	262	87	40	512	108	353	507	189	67	11	22	650	225	286	142	195	54	30	153	158	201	164	595	49	123	30	270	137	57	135	
2.30.42	887	332	314	358	1908	677	124	142	231	676	777	606	256	161	29	672	182	453	535	143	84	9	26	705	259	235	168	168	50	54	191	175	205	155	614	46	120	22	266	125	62	119	
2.30.42	779	283	293	339	1643	582	111	98	272	529	628	476	287	108	38	478	151	410	411	117	58	6	18	595	180	193	159	194	54	46	164	115	202	154	584	41	129	20	228	130	45	116	
2.30.42	697	256	268	299	1386	412	92	65	254	497	466	429	247	63	23	459	153	300	310	81	53	9	10	490	137	163	119	132	40	34	161	114	178	123	434	39	92	19	194	91	35	90	
2.30.42	756	267	252	284	1509	543	101	92	211	564	596	395	231	74	16	471	100	358	448	119	56	4	19	529	164	160	133	148	51	25	117	91	157	127	487	30	89	9	181	109	40	83	
2.30.42	768	293	226	327	1495	446	77	117	225	598	530	411	212	45	27	434	67	241	482	125	48	4	14	578	226	232	83	144	45	29	128	143	140	103	550	38	75	19	240	111	43	114	
2.30.42	723	278	252	300	1515	557	110	77	204	558	506	397	240	96	17	522	105	356	409	102	68	9	17	549	188	215	127	159	32	21	124	97	153	113	491	31	98	12	197	122	45	104	
2.30.42	807	338	287	367	1689	628	84	139	319	722	653	505	265	114	28	575	130	362	431	177	71	14	19	610	221	244	157	216	69	34	164	166	199	133	587	45	125	19	234	160	67	128	
2.30.42	850	273	232	353	1863	628	108	110	194	571	559	358	152	60	18	501	71	377	474	90	55	6	12	680	210	184	115	148	49	15	129	128	150	156	687	41	115	17	259	136	55	121	
2.30.42	762	310	274	329	1553	520	112	105	290	623	568	434	245	76	40	492	129	312	425	136	61	9	14	562	181	208	111	203	42	37	159	155	186	129	526	41	120	23	203	137	51	99	
2.30.42	759	305	300	331	1468	558	100	102	296	625	555	499	313	104	47	572	182	355	376	126	65	10	15	557	204	215	183	168	49	51	153	129	171	126	529	38	108	21	199	122	51	110	
2.30.42	943	357	329	377	2065	780	140	141	369	755	700	610	263	112	59	591	154	453	467	221	74	3	22	694	227	267	164	195	56	48	190	171	227	179	666	51	138	30	269	141	58	107	
2.30.42	666	231	215	262	1339	412	76	75	179	470	432	363	166	57	26	401	97	294	353	104	50	4	10	448	119	128	86	102	40	26	100	81	118	77	394	20	65	15	178	67	33	74	
2.30.42	802	308	288	344	1722	591	118	78	312	533	549	563	233	103	49	527	153	393	430	153	57	12	12	604	187	245	161	167	43	33	150	135	190	142	559	39	89	13	263	103	46	120	
2.30.42	724	276	242	292	1530	561	92	100	347	541	515	470	163	87	31	483	107	370	382	182	61	12	16	547	176	214	116	132	44	22	119	115	156	128	482	38	87	16	203	97	42	96	
2.30.42	774	319	286	323	1562	551	123	140	305	671	614	515	231	103	36	525	131	351	446	154	53	3	23	582	191	214	153	210	64	43	178	156	186	138	542	44	114	23	190	129	55	94	
2.30.42	734	273	258	305	1439	468	67	74	240	594	529	442	217	92	28	465	122	293	359	96	57	6	20	499	155	192	93	129	40	36	145	128	158	95	469	36	95	8	196	91	41	90	
2.30.42	663	234	244	261	1257	377	86	108	194	410	493	358	154	56	20	468	103	304	349	84	56	4	13	452	158	137	108	116	27	11	110	80	167	115	441	26	75	20	173	96	29	76	
2.30.42	817	320	299	337	1758	612	116	129	245	758	641	443	261	116	37	544	132	406	504	123	76	5	27	599	180	215	155	193	55	37	156	132	180	157	600	45	121	20	231	128	65	97	
2.30.42	759	325	281	330	1585	618	108	127	271	706	591	478	209	87	28	479	104	304	480	145	60	7	14	547	170	235	149	182	63	31	152	150	172	111	556	52	90	17	195	127	56	101	
2.30.42	852	344	303	371	1899	619	110	128	280	636	683	572	295	156	46	606	146	359	508	158	73	16	13	661	246	279	169	185	54	47	149	148	192	148	610	40	97	24	292	128	71	134	
2.30.42	805	355	340	352	1715	623	108	145	379	791	647	633	352	145	66	632	170	392	507	184	70	14	27	577	188	268	198	247	60	62	178	165	249	163	575	67	116	25	221	139	68	113	
2.30.42	851	359	319	352	1879	732	139	130	334	852	723	550	300	131	43	575	119	418	569	151	86	10	25	643	217	294	164	207	56	40	163	170	209	172	631	54	131	24	233	132	54	113	
2.30.42	836	325	327	394	1773	596	110	103	306	581	654	597	379	99	40	548	186	395	396	129	64	7	25	657	224	238	178	185	49	58	164	146	241	147	586	54	112	27	286	140	57	143	
2.30.42	932	333	310	418	2121	620	130	124	360	696	689	501	244	98	37	614	119	373	474	111	67	10	13	758	233	233	155	210	62	31	191	129	191	189	700	41	130	23	327	151	60	161	
2.30.42	751	300	275	334	1553	535	79	98	301	596	525	439	236	72	44	523	126	290	374	146	48	8	13	552	169	200	135	188	45	32	161	146	201	139	520	39	107	15	214	104	53	110	
2.30.42	712	318	271	314	1427	526	92	113	299	654	521	495	255	91	38	544	150	274	392	140	62	6	19	518	183	233	148	183	56	36	141	146	163	110	503	45	102	13	190	122	65	100	
2.30.42	1084	489	417	479	2447	1062	278	231	511	1002	841	735	316	227	68	810	184	544	661	300	88	6	40	817	304	358	230	288	98	71	255	265	294	252	810	67	196	42	296	214	92	156	
2.30.42	883	313	280	376	1907	677	99	166	259	646	620	483	199	136	31	513	111	446	384	139	62	7	18	630	215	188	115	142	58	26	134	116	175	169	640	31	90	15	300	105	63	142	
2.30.42	654	239	216	286	1292	450	61	100	211	493	390	311	169	42	13	393	87	225	321	74	51	6	7	435	155	143	96	108	26	27	106	87	137	90	427	27	73	14	182	94	42	94	
2.30.42	867	290	309	391	1952	635	145	113	250	582	694	477	200	105	18	570	110	438	436	91	58	5	11	758	240	209	192	184	30	27	204	118	207	193	689	47	137	27	289	140	57	158	
2.30.42	962	377	333	412	2196	736	126	139	300	803	763	620	305	115	50	624	153	435	610	156	82	14	31	745	267	278	173	201	50	38	150	171	224	175	733	57	113	21	288	154	58	141	
2.30.42	968	387	345	430	2206	781	184	193	340	825	704	681	335	120	63	653	195	437	529	182	73	18	26	767	271	298	170	200	61	40	161	170	259	181	760	54	119	17	362	146	70	163	
2.30.42	837	309	287	364	1831	629	110	172	254	676	599	426	237	135	22	516	105	373	496	113	60	2	16	691	243	217	148	167	34	35	188	141	194	169	674	50	126	26	265	145	58	130	
2.30.42	994	378	385	451	2351	748	229	145	357	705	859	659	448	208	42	756	227	562	555	151	72	18	28	873	318	307	237	256	54	52	230	188	316	207	821	61	155	27	345	179	68	179	
2.30.42	851	331	335	366	1880	609	140	145	315	689	673	508	302	119	43	632	171	445	458	110	62	10	21	674	256	241	215	203	51	39	198	139	214	176	626	53	133	30	250	145	65	126	
