2.30.110	0.663133	0.550311	0.781466	0.648694	0.44027	0.722845	0.601255	0.472622	0.89444	0.856003	0.56777	0.803319	0.842124	0.708182	0.461686	0.642269	0.706079	0.647969	0.746325	0.231269	0.570975	0.427439	0.635566	0.657629	0.412209	0.576332	0.396696	0.471617	0.322532	
2.30.110	0.662914	0.552797	0.780167	0.643104	0.423596	0.724159	0.599646	0.476828	0.891979	0.849586	0.557078	0.80327	0.843726	0.706155	0.44796	0.620392	0.702918	0.652417	0.744127	0.217917	0.561148	0.405657	0.642035	0.653269	0.383506	0.576985	0.376896	0.472889	0.323031	
2.30.110	0.658412	0.540926	0.779211	0.643102	0.437172	0.717147	0.587344	0.454068	0.897605	0.854536	0.557052	0.804711	0.839526	0.701366	0.467237	0.637604	0.698395	0.643801	0.737222	0.242495	0.573075	0.410434	0.62656	0.641583	0.405194	0.557526	0.375905	0.439186	0.29042	
2.30.110	0.657752	0.534122	0.778642	0.640256	0.430493	0.711274	0.579491	0.441046	0.895495	0.853778	0.55938	0.794789	0.834175	0.690195	0.450424	0.633956	0.687669	0.626798	0.726978	0.233763	0.562747	0.395538	0.613035	0.630548	0.387425	0.540456	0.349317	0.434485	0.267949	
2.30.110	0.663961	0.550078	0.782082	0.647027	0.432232	0.723661	0.599596	0.472589	0.895301	0.854394	0.56312	0.805735	0.843148	0.706524	0.469806	0.631583	0.705055	0.650976	0.744685	0.22092	0.567354	0.422726	0.639349	0.655643	0.398335	0.577788	0.372356	0.474555	0.320755	
2.30.110	0.649522	0.537077	0.76357	0.626047	0.391236	0.708951	0.583945	0.460459	0.869926	0.83798	0.555393	0.777181	0.822664	0.691358	0.40042	0.605509	0.677286	0.620542	0.724231	0.199105	0.526856	0.384984	0.621594	0.630464	0.334273	0.5615	0.340827	0.463775	0.305133	
2.30.110	0.655437	0.530136	0.77587	0.642035	0.423113	0.709858	0.577813	0.434013	0.892081	0.854033	0.566677	0.79787	0.829581	0.699997	0.464601	0.628889	0.689295	0.628527	0.727212	0.203584	0.559173	0.408559	0.605556	0.629811	0.373093	0.541391	0.353093	0.42484	0.266207	
2.30.110	0.663469	0.549672	0.780757	0.646207	0.415851	0.725991	0.601129	0.469995	0.892917	0.851207	0.557328	0.808463	0.843758	0.709345	0.454442	0.610456	0.711182	0.658931	0.747445	0.131713	0.552878	0.41006	0.642913	0.660608	0.36548	0.579207	0.381646	0.470778	0.313328	
2.30.110	0.663567	0.551427	0.781124	0.643861	0.420419	0.72382	0.602054	0.473399	0.892169	0.851606	0.554618	0.803278	0.843433	0.703731	0.459118	0.618896	0.705597	0.649208	0.746667	0.13252	0.556741	0.422877	0.640209	0.659319	0.37321	0.577741	0.387033	0.475981	0.318751	
2.30.110	0.660513	0.537437	0.779546	0.644095	0.427211	0.714626	0.582208	0.440156	0.8952	0.853302	0.553395	0.796039	0.83448	0.699916	0.443637	0.628471	0.691777	0.634346	0.730774	0.232817	0.55854	0.403399	0.612574	0.632478	0.370037	0.540181	0.372061	0.429259	0.259558	
2.30.110	0.65093	0.53567	0.772403	0.634894	0.413221	0.714409	0.588931	0.456325	0.88777	0.8477	0.551532	0.795817	0.838925	0.697284	0.43499	0.622967	0.699172	0.639105	0.737089	0.203565	0.5488	0.411905	0.631118	0.651642	0.378144	0.564344	0.360669	0.461286	0.29683	
2.30.110	0.656845	0.533228	0.776324	0.64179	0.428368	0.710876	0.584515	0.430516	0.891678	0.852249	0.566935	0.793693	0.832797	0.700676	0.439559	0.631529	0.69185	0.626788	0.732802	0.195323	0.555471	0.414838	0.601648	0.637833	0.387184	0.543342	0.393974	0.424474	0.217579	
2.30.110	0.656472	0.538838	0.776582	0.639213	0.425417	0.714313	0.58502	0.453793	0.892038	0.851097	0.562841	0.791136	0.8369	0.698862	0.445495	0.633463	0.688415	0.633934	0.732077	0.275533	0.55569	0.399037	0.624138	0.634028	0.392769	0.558257	0.347651	0.444177	0.284767	
2.30.110	0.657852	0.538569	0.776166	0.639409	0.424434	0.715669	0.589288	0.453536	0.890741	0.849656	0.553944	0.795382	0.835239	0.695923	0.448209	0.62475	0.695719	0.636033	0.735804	0.216981	0.553335	0.412415	0.625586	0.643962	0.377791	0.56431	0.360599	0.454719	0.295785	
2.30.110	0.652847	0.531161	0.772694	0.645967	0.415228	0.712821	0.58541	0.443248	0.886669	0.855512	0.585151	0.794138	0.831458	0.707578	0.445512	0.627378	0.701991	0.634375	0.731775	0.229934	0.54942	0.413941	0.619751	0.642657	0.350425	0.55768	0.381119	0.443248	0.273307	
2.30.110	0.666948	0.549917	0.780854	0.640353	0.426655	0.721162	0.594474	0.46548	0.890921	0.845868	0.542965	0.794629	0.83655	0.691733	0.44637	0.622647	0.692412	0.639223	0.737247	0.22297	0.556223	0.397137	0.629985	0.639877	0.365897	0.569895	0.368092	0.460912	0.311668	
2.30.110	0.648079	0.522367	0.769407	0.633233	0.406923	0.709105	0.569745	0.432437	0.88345	0.846251	0.549635	0.792016	0.831434	0.69897	0.44008	0.612881	0.685596	0.632367	0.721425	0.200919	0.548667	0.379033	0.618813	0.626387	0.349673	0.539438	0.344778	0.428025	0.252209	
2.30.110	0.654938	0.529574	0.775007	0.64199	0.419691	0.70799	0.575418	0.436762	0.888478	0.855743	0.567162	0.787392	0.829823	0.69696	0.450997	0.628536	0.684841	0.616886	0.720424	0.188858	0.550832	0.38959	0.608477	0.626622	0.374472	0.540938	0.353342	0.426571	0.273163	
2.30.110	0.65211	0.535315	0.773443	0.63876	0.409591	0.713698	0.585112	0.450813	0.889027	0.851859	0.557088	0.79694	0.836843	0.700051	0.42492	0.62198	0.697912	0.640229	0.735164	0.186086	0.545897	0.41668	0.61823	0.639565	0.365654	0.556734	0.382031	0.441199	0.288052	
2.30.110	0.654951	0.536564	0.773038	0.631166	0.40434	0.713703	0.580656	0.453078	0.88484	0.843652	0.533998	0.790903	0.833615	0.68973	0.430566	0.611611	0.686156	0.630922	0.726796	0.180664	0.537997	0.375107	0.623744	0.632193	0.364001	0.553867	0.330726	0.447722	0.295499	
2.30.110	0.6501	0.525666	0.77079	0.641498	0.419739	0.706393	0.570162	0.433706	0.883302	0.85667	0.579282	0.784436	0.829095	0.701441	0.443143	0.63523	0.686142	0.619991	0.716362	0.245893	0.555042	0.376997	0.607951	0.619648	0.374713	0.536898	0.332286	0.422451	0.26827	
2.30.110	0.651429	0.529825	0.772575	0.630762	0.406747	0.706417	0.577284	0.441224	0.889024	0.848272	0.5447	0.784992	0.829625	0.684124	0.443919	0.618023	0.678287	0.61966	0.725329	0.216299	0.532743	0.386711	0.605947	0.627087	0.375817	0.544198	0.333265	0.439566	0.283602	
2.30.110	0.651295	0.533811	0.77368	0.639976	0.427841	0.714613	0.58581	0.451719	0.890475	0.852859	0.562141	0.800654	0.837386	0.70479	0.441934	0.631976	0.701622	0.645349	0.736255	0.163247	0.568403	0.417511	0.625493	0.642111	0.399511	0.55845	0.384645	0.449772	0.282491	
2.30.110	0.660098	0.548013	0.778755	0.645099	0.425529	0.723087	0.599016	0.468942	0.893165	0.852283	0.560508	0.803923	0.842987	0.710208	0.460951	0.624638	0.707648	0.655714	0.74623	0.196916	0.560864	0.42914	0.642348	0.655574	0.394507	0.58016	0.387484	0.466737	0.294279	
2.30.110	0.65422	0.535557	0.77211	0.644662	0.39782	0.714718	0.582036	0.45204	0.884651	0.852213	0.587959	0.792802	0.832993	0.714398	0.424819	0.605774	0.697021	0.639136	0.728933	0.166336	0.537167	0.40485	0.626826	0.634208	0.332672	0.557884	0.334399	0.44761	0.290734	
2.30.110	0.656678	0.534324	0.776067	0.638534	0.425276	0.713006	0.583004	0.450842	0.891258	0.84764	0.550315	0.792886	0.832925	0.693929	0.439261	0.627475	0.690785	0.626263	0.729004	0.251263	0.557684	0.375	0.625484	0.635254	0.370678	0.554915	0.368433	0.455478	0.300922	
2.30.110	0.651845	0.528472	0.773881	0.637576	0.418435	0.711186	0.575719	0.440395	0.892385	0.849913	0.548878	0.795125	0.834578	0.694974	0.455033	0.621586	0.690651	0.629877	0.725621	0.211652	0.559555	0.3988	0.619366	0.630191	0.36887	0.543858	0.355553	0.427346	0.277508	
2.30.110	0.660824	0.549056	0.779801	0.639216	0.41864	0.719849	0.597742	0.472758	0.892432	0.849497	0.543975	0.798483	0.8432	0.692589	0.454235	0.623109	0.69798	0.637885	0.741285	0.199817	0.553952	0.413554	0.633342	0.650227	0.36922	0.574364	0.376801	0.473329	0.317209	
2.30.110	0.660396	0.544257	0.778289	0.644474	0.430143	0.718764	0.591055	0.461093	0.89105	0.850767	0.562946	0.796295	0.839023	0.706383	0.440336	0.630437	0.696789	0.640051	0.738011	0.208121	0.559548	0.40572	0.629804	0.641959	0.384009	0.561521	0.389788	0.45362	0.306838	
2.30.110	0.653414	0.525757	0.776087	0.64697	0.432442	0.708925	0.574388	0.428976	0.895344	0.859	0.57694	0.795878	0.831773	0.702731	0.45634	0.645028	0.693185	0.625859	0.724968	0.251389	0.564738	0.410377	0.604229	0.628761	0.392124	0.535393	0.368763	0.419345	0.242548	
2.30.110	0.652243	0.528629	0.774845	0.635101	0.420943	0.710294	0.575928	0.435613	0.89281	0.850904	0.546584	0.799237	0.835146	0.694978	0.454739	0.6291	0.687994	0.631759	0.728252	0.203387	0.55769	0.379763	0.6123	0.632693	0.379763	0.539558	0.361556	0.428323	0.273021	
2.30.110	0.65437	0.532488	0.775197	0.64049	0.419086	0.711544	0.580372	0.438343	0.892128	0.853519	0.557282	0.797736	0.832277	0.699101	0.452416	0.622425	0.693742	0.634478	0.730361	0.176098	0.553314	0.398827	0.605358	0.637309	0.373183	0.545452	0.371092	0.422615	0.275912	
2.30.110	0.656029	0.541103	0.775502	0.640064	0.41972	0.716183	0.58747	0.462279	0.890008	0.851695	0.557991	0.799916	0.836505	0.702635	0.434496	0.624507	0.695525	0.640987	0.734986	0.247981	0.557767	0.404595	0.626114	0.639599	0.375146	0.562873	0.359003	0.459087	0.308546	
2.30.110	0.651584	0.532296	0.775823	0.642955	0.432432	0.712602	0.587547	0.445413	0.896345	0.857448	0.566129	0.801997	0.837747	0.705045	0.471026	0.642335	0.70213	0.638368	0.739361	0.228964	0.570534	0.431549	0.617883	0.650432	0.399387	0.555164	0.390394	0.445037	0.272175	
2.30.110	0.65934	0.537408	0.778175	0.643778	0.434875	0.718173	0.587287	0.445965	0.895451	0.850122	0.552293	0.801853	0.83528	0.697878	0.449484	0.639053	0.699733	0.643291	0.733535	0.207434	0.564825	0.411918	0.622735	0.642915	0.398949	0.558431	0.384428	0.435782	0.261743	
2.30.110	0.648401	0.521949	0.77168	0.631867	0.429139	0.701049	0.568503	0.420281	0.8884	0.851358	0.550257	0.780448	0.828147	0.684628	0.438356	0.638506	0.674371	0.60901	0.718715	0.230878	0.562927	0.398397	0.592243	0.613928	0.381147	0.523506	0.372921	0.40547	0.217392	
2.30.110	0.6553	0.539337	0.773846	0.627341	0.409419	0.711577	0.582276	0.456057	0.887634	0.841502	0.529598	0.784072	0.833497	0.680011	0.41708	0.6164	0.678667	0.621831	0.726432	0.181475	0.543913	0.381327	0.619555	0.62648	0.364303	0.550674	0.354359	0.449228	0.290805	
2.30.110	0.665263	0.551074	0.778207	0.646283	0.426203	0.718352	0.592248	0.464698	0.889195	0.850146	0.573944	0.792435	0.833108	0.704617	0.450991	0.62634	0.693147	0.634633	0.731912	0.244886	0.553942	0.402747	0.621565	0.63946	0.381245	0.561447	0.358734	0.45581	0.305934	
2.30.110	0.651436	0.526822	0.772005	0.635397	0.403966	0.712164	0.575711	0.433726	0.888846	0.846449	0.543652	0.795961	0.8328	0.694679	0.441729	0.613063	0.693455	0.632722	0.724102	0.1892	0.543496	0.380501	0.611445	0.632222	0.359451	0.553237	0.33512	0.41576	0.257959	
2.30.110	0.654042	0.535458	0.775136	0.632916	0.41312	0.714405	0.583119	0.449542	0.889999	0.849099	0.544913	0.796403	0.837689	0.69089	0.442845	0.621565	0.690184	0.636371	0.730944	0.203839	0.559404	0.384386	0.623584	0.636371	0.368145	0.559639	0.356152	0.439046	0.280171	
2.30.110	0.659206	0.539841	0.77931	0.647728	0.438273	0.713624	0.586059	0.451556	0.8971	0.857883	0.577167	0.794889	0.835315	0.702378	0.459798	0.646564	0.692359	0.628875	0.732643	0.244494	0.569507	0.416063	0.615676	0.637346	0.389551	0.55124	0.388013	0.438273	0.285144	
2.30.110	0.653972	0.531209	0.776146	0.647049	0.430414	0.710512	0.58177	0.437134	0.896313	0.859926	0.584516	0.799581	0.832826	0.707827	0.473495	0.642382	0.698267	0.633848	0.731586	0.244574	0.561828	0.41675	0.610448	0.63942	0.372839	0.546607	0.369019	0.428047	0.256751	
2.30.110	0.649306	0.522264	0.772115	0.633497	0.423654	0.7049	0.567761	0.425569	0.889138	0.851161	0.55361	0.79052	0.830517	0.690523	0.437355	0.639022	0.681281	0.620732	0.720207	0.271214	0.561697	0.361076	0.602466	0.621325	0.375731	0.529013	0.33117	0.419691	0.250012	
2.30.110	0.654937	0.537449	0.775435	0.640084	0.42277	0.714833	0.586115	0.456457	0.89017	0.851163	0.556331	0.795653	0.836782	0.700467	0.439672	0.631091	0.691746	0.636592	0.734433	0.253101	0.560542	0.404482	0.627499	0.640214	0.38111	0.564659	0.356495	0.453357	0.29541	
2.30.110	0.654408	0.525833	0.771198	0.626811	0.400879	0.703141	0.566568	0.423552	0.883296	0.842532	0.534155	0.778663	0.823515	0.677543	0.407825	0.599927	0.671424	0.605692	0.713099	0.186659	0.527106	0.361333	0.590457	0.610212	0.331129	0.520551	0.326525	0.415157	0.248879	
2.30.110	0.654444	0.53212	0.77621	0.645776	0.432509	0.709894	0.581192	0.439787	0.894801	0.85891	0.580708	0.797365	0.831622	0.703961	0.456692	0.644504	0.69592	0.629831	0.729789	0.214557	0.567422	0.42609	0.607104	0.635728	0.39088	0.54458	0.378246	0.429607	0.275695	
2.30.29	0.652011	0.540927	0.773384	0.62839	0.394135	0.71246	0.588515	0.469635	0.888559	0.843385	0.535075	0.786091	0.838574	0.687903	0.429952	0.606276	0.681285	0.624435	0.735675	0.220984	0.532974	0.377534	0.631156	0.640652	0.33171	0.566837	0.333524	0.47707	0.319943	
2.30.29	0.65319	0.53647	0.770711	0.623373	0.395204	0.708342	0.575207	0.449219	0.881266	0.840437	0.527713	0.782332	0.831491	0.677826	0.386411	0.600556	0.672798	0.616427	0.722672	0.14317	0.532759	0.375354	0.61086	0.61798	0.346204	0.54146	0.321216	0.440854	0.278923	
2.30.29	0.649401	0.525492	0.767298	0.613629	0.365985	0.70616	0.57036	0.431081	0.880582	0.828818	0.503364	0.783708	0.827635	0.673921	0.384582	0.568514	0.675598	0.620279	0.723537	0.145689	0.493439	0.350429	0.611966	0.627274	0.294929	0.535546	0.301638	0.431081	0.27118	
2.30.29	0.655473	0.534496	0.775449	0.646489	0.437314	0.715015	0.584913	0.445403	0.891525	0.85416	0.578477	0.800043	0.836125	0.710627	0.438203	0.641937	0.699767	0.640139	0.733895	0.272373	0.569134	0.410075	0.623831	0.640886	0.405623	0.556063	0.384146	0.437314	0.265681	
2.30.29	0.645493	0.527087	0.767287	0.627164	0.390891	0.706879	0.579051	0.43853	0.883063	0.84632	0.544303	0.78655	0.830367	0.691047	0.43239	0.599915	0.687991	0.625137	0.728325	0.157236	0.52578	0.398696	0.610721	0.635904	0.351663	0.547956	0.357824	0.439708	0.248628	
2.30.29	0.649802	0.526488	0.77269	0.630163	0.408126	0.706467	0.568944	0.438173	0.89022	0.84847	0.538902	0.788241	0.83228	0.684054	0.43422	0.619473	0.680085	0.622223	0.724461	0.215341	0.541286	0.368173	0.612747	0.619881	0.353358	0.541621	0.335477	0.42762	0.271721	
2.30.29	0.65462	0.529673	0.774149	0.63031	0.414683	0.709685	0.569689	0.434959	0.889564	0.844515	0.528288	0.79434	0.82969	0.687741	0.436692	0.616798	0.67773	0.626078	0.719499	0.19099	0.548003	0.35733	0.609828	0.619492	0.365485	0.528487	0.341767	0.421072	0.26464	
2.30.29	0.645098	0.522857	0.768542	0.634387	0.417418	0.705675	0.573619	0.433323	0.886906	0.850506	0.554525	0.788726	0.830612	0.700465	0.431561	0.631842	0.6883	0.62494	0.724133	0.207649	0.554954	0.380543	0.612518	0.632076	0.369132	0.542716	0.354555	0.429764	0.259419	
2.30.29	0.646	0.514679	0.766927	0.641623	0.419657	0.704768	0.564934	0.416109	0.883332	0.853319	0.577563	0.794627	0.824845	0.711968	0.426987	0.62731	0.691696	0.626541	0.717922	0.215978	0.552597	0.381947	0.604302	0.62353	0.392065	0.535872	0.338261	0.414648	0.222935	
2.30.29	0.648678	0.520957	0.772125	0.629026	0.408314	0.704111	0.571796	0.421757	0.890316	0.847135	0.53061	0.786798	0.829679	0.68062	0.434005	0.620457	0.680406	0.61252	0.722267	0.156254	0.545041	0.36797	0.600017	0.627992	0.358496	0.533348	0.355589	0.418944	0.236161	
2.30.29	0.643713	0.523952	0.767814	0.627947	0.409169	0.707719	0.574578	0.439844	0.885267	0.845926	0.546618	0.791627	0.834006	0.694465	0.431783	0.621124	0.684987	0.631106	0.728083	0.200051	0.553275	0.391908	0.619052	0.630618	0.37276	0.551772	0.349727	0.432981	0.268553	
2.30.29	0.643768	0.520524	0.768273	0.631052	0.395368	0.708189	0.574934	0.431691	0.885879	0.84843	0.549532	0.799785	0.834566	0.698163	0.431691	0.603869	0.696473	0.634735	0.730736	0.198116	0.541491	0.379158	0.618171	0.642302	0.334855	0.548659	0.346345	0.43932	0.243772	
2.30.29	0.646343	0.529139	0.770698	0.6247	0.408417	0.704288	0.577577	0.444322	0.888653	0.845945	0.539974	0.782934	0.833483	0.680506	0.437072	0.62195	0.67775	0.611972	0.727632	0.191661	0.545178	0.373048	0.608212	0.631531	0.364127	0.547995	0.347954	0.443245	0.26557	
2.30.29	0.648957	0.522842	0.772674	0.633001	0.418338	0.707258	0.573985	0.42929	0.891914	0.848955	0.545893	0.794868	0.832474	0.691187	0.449091	0.624192	0.68829	0.625878	0.729769	0.219754	0.554788	0.377549	0.611219	0.631612	0.371039	0.543367	0.347882	0.42986	0.242738	
2.30.29	0.649957	0.522536	0.767942	0.622373	0.392496	0.705225	0.565322	0.416326	0.881335	0.837929	0.515302	0.787407	0.824011	0.681958	0.385401	0.594664	0.679103	0.618047	0.71627	0.0986855	0.530708	0.374975	0.59899	0.617677	0.341943	0.525946	0.343917	0.403203	0.223213	
2.30.29	0.644285	0.522037	0.766895	0.625206	0.381668	0.70568	0.571336	0.434929	0.88369	0.842351	0.524179	0.786802	0.829584	0.688482	0.423951	0.592131	0.684433	0.625431	0.723909	0.097118	0.522037	0.375569	0.614287	0.630376	0.334525	0.545212	0.311732	0.437473	0.264824	
2.30.29	0.649611	0.524514	0.770879	0.623985	0.412984	0.702718	0.569699	0.429865	0.886576	0.844713	0.535366	0.777832	0.827864	0.673465	0.420282	0.620548	0.670869	0.601031	0.716613	0.158998	0.547109	0.363325	0.602641	0.617227	0.361834	0.532115	0.363325	0.420282	0.256487	
2.30.29	0.647481	0.519463	0.767912	0.624508	0.398797	0.705737	0.56161	0.414947	0.881972	0.836872	0.532058	0.788573	0.826759	0.685004	0.423243	0.605777	0.676151	0.620836	0.716	0.160416	0.537748	0.344703	0.599695	0.615539	0.363531	0.518648	0.295076	0.395619	0.214683	
2.30.29	0.648414	0.531129	0.773084	0.628582	0.41977	0.708537	0.581449	0.452545	0.892829	0.847249	0.540128	0.786849	0.837343	0.682364	0.452112	0.629242	0.682951	0.620718	0.733475	0.231742	0.557244	0.39236	0.622693	0.635783	0.379168	0.558882	0.351789	0.453405	0.291058	
2.30.29	0.650685	0.526483	0.769713	0.623184	0.400531	0.704639	0.566396	0.431973	0.881908	0.839016	0.517551	0.78042	0.827009	0.680588	0.415873	0.600284	0.668162	0.609542	0.71075	0.0623271	0.538747	0.346202	0.599829	0.614323	0.353546	0.526483	0.319694	0.416751	0.2599	
2.30.29	0.663006	0.536354	0.774519	0.622826	0.393446	0.711139	0.568003	0.436603	0.88146	0.830077	0.499386	0.780515	0.824089	0.669151	0.396908	0.589405	0.664552	0.608801	0.712434	0.0995082	0.534142	0.338544	0.608583	0.611807	0.313913	0.523037	0.327063	0.413422	0.275761	
2.30.29	0.654258	0.540179	0.77712	0.636845	0.420545	0.714574	0.589027	0.469562	0.894893	0.851044	0.544878	0.796394	0.839776	0.694235	0.45713	0.629548	0.69075	0.635561	0.739411	0.231788	0.561203	0.398829	0.634722	0.644009	0.374305	0.569236	0.342287	0.474577	0.328701	
2.30.29	0.648679	0.529683	0.770605	0.63367	0.40518	0.711281	0.582549	0.442178	0.888254	0.848664	0.552184	0.792524	0.834556	0.697047	0.447894	0.619039	0.693184	0.63693	0.731715	0.205521	0.543577	0.398887	0.622413	0.64143	0.362901	0.555923	0.36038	0.440184	0.260943	
2.30.29	0.66482	0.531657	0.777466	0.64333	0.419791	0.711849	0.570896	0.426545	0.884764	0.848387	0.555782	0.791524	0.825331	0.695857	0.413983	0.616588	0.68443	0.621367	0.719528	0.200529	0.540169	0.376003	0.611377	0.613454	0.374834	0.53068	0.335303	0.416206	0.260894	
2.30.29	0.654518	0.541418	0.775877	0.636091	0.43	0.71591	0.589742	0.470052	0.89332	0.847301	0.549801	0.796559	0.839034	0.696696	0.435359	0.638565	0.69061	0.638816	0.738929	0.242841	0.567209	0.388577	0.634209	0.642265	0.404306	0.570485	0.35072	0.472817	0.328677	
2.30.29	0.645171	0.528384	0.768352	0.625851	0.401788	0.70796	0.581042	0.447685	0.887345	0.844405	0.539886	0.790353	0.832911	0.689019	0.444619	0.608933	0.686389	0.629456	0.730786	0.0602162	0.544124	0.390915	0.61702	0.63573	0.351235	0.558292	0.357127	0.453511	0.272392	
2.30.29	0.651516	0.525321	0.767452	0.619817	0.401611	0.707177	0.574113	0.424093	0.879465	0.829842	0.505419	0.783875	0.824604	0.676426	0.389083	0.599287	0.679526	0.620669	0.723344	0.216767	0.525321	0.368605	0.601993	0.629721	0.371618	0.534084	0.333471	0.424093	0.250639	
2.30.29	0.643427	0.520981	0.765922	0.632254	0.405912	0.704835	0.574528	0.430633	0.882693	0.849892	0.559371	0.786302	0.82997	0.700062	0.410015	0.618117	0.689262	0.624339	0.727871	0.192034	0.533937	0.395196	0.614252	0.632128	0.370053	0.547243	0.366168	0.426748	0.266086	
2.30.29	0.656816	0.54179	0.776005	0.633502	0.423599	0.714955	0.593956	0.461793	0.88967	0.843529	0.538087	0.790457	0.836178	0.687832	0.449828	0.626285	0.68927	0.627734	0.736617	0.25606	0.555697	0.402546	0.622903	0.649899	0.385565	0.566191	0.365547	0.470219	0.301415	
2.30.29	0.646417	0.530221	0.76971	0.618414	0.4126	0.706731	0.581372	0.442415	0.887203	0.840152	0.525781	0.785706	0.834692	0.671634	0.418697	0.619015	0.680114	0.619314	0.73062	0.182179	0.55055	0.381689	0.610124	0.636029	0.377077	0.548733	0.373451	0.442415	0.266729	
2.30.29	0.644947	0.520758	0.767233	0.628721	0.393927	0.706133	0.569995	0.430924	0.883526	0.845274	0.538285	0.789508	0.829607	0.69074	0.435404	0.599849	0.686529	0.627041	0.722585	0.182954	0.527801	0.369939	0.612555	0.627182	0.342412	0.54058	0.336853	0.427578	0.254302	
2.30.29	0.644852	0.522498	0.76951	0.625083	0.409119	0.704572	0.572291	0.434006	0.88869	0.846936	0.529612	0.78824	0.83161	0.681822	0.435201	0.620245	0.680443	0.62067	0.724038	0.191613	0.553231	0.367971	0.608631	0.624814	0.364036	0.539839	0.346237	0.435201	0.256776	
2.30.29	0.647156	0.527244	0.768071	0.627705	0.412174	0.705431	0.569585	0.440147	0.880962	0.845366	0.545287	0.783444	0.830978	0.691285	0.423259	0.621895	0.677699	0.616772	0.71407	0.233726	0.549322	0.361123	0.607979	0.618184	0.376264	0.537239	0.333107	0.420997	0.269635	
2.30.29	0.663664	0.530506	0.771942	0.617453	0.392763	0.702489	0.563494	0.415764	0.874629	0.828374	0.49709	0.765252	0.811513	0.653723	0.386787	0.583969	0.647464	0.585101	0.702865	0.103367	0.508754	0.331791	0.572911	0.599658	0.339747	0.510427	0.286456	0.403684	0.254797	
2.30.29	0.647211	0.523966	0.768486	0.632626	0.405998	0.70473	0.569507	0.439509	0.885189	0.846298	0.550648	0.78671	0.830049	0.697256	0.401639	0.620938	0.679735	0.622747	0.722564	0.17046	0.535359	0.37584	0.616283	0.621739	0.364314	0.542266	0.34269	0.437751	0.285406	
2.30.29	0.650119	0.52556	0.771682	0.628945	0.413914	0.706404	0.571012	0.433108	0.887515	0.844951	0.54153	0.788494	0.830581	0.686287	0.42266	0.619336	0.676977	0.621857	0.72346	0.230637	0.550327	0.35782	0.609279	0.620929	0.368758	0.542767	0.322385	0.429335	0.242307	
2.30.29	0.644162	0.521289	0.767922	0.63282	0.41886	0.703209	0.574107	0.431363	0.885914	0.851254	0.558095	0.783995	0.830727	0.693001	0.419565	0.636322	0.685231	0.615743	0.726402	0.223257	0.556944	0.400842	0.60476	0.627641	0.3825	0.543164	0.356378	0.434965	0.256289	
2.30.29	0.645414	0.521907	0.768678	0.633064	0.410756	0.703738	0.570998	0.431	0.88561	0.851033	0.561348	0.784085	0.830427	0.694223	0.434061	0.629235	0.683542	0.617138	0.724496	0.216729	0.550655	0.385403	0.606153	0.62089	0.346281	0.539549	0.354144	0.429111	0.252093	
2.30.29	0.646819	0.522995	0.76916	0.631784	0.418476	0.706049	0.576555	0.42921	0.886315	0.847473	0.555325	0.786964	0.828791	0.690009	0.431084	0.631722	0.687637	0.621099	0.730356	0.191399	0.554729	0.402879	0.604051	0.631661	0.376094	0.544935	0.373739	0.428577	0.241519	
2.30.29	0.644711	0.530045	0.769247	0.631304	0.402441	0.710005	0.582606	0.45232	0.888641	0.84978	0.554879	0.797033	0.83626	0.698391	0.447519	0.615889	0.695865	0.637766	0.733186	0.187402	0.546444	0.388401	0.621499	0.643095	0.368239	0.560312	0.352004	0.456864	0.287197	
2.30.29	0.642813	0.51881	0.767606	0.632131	0.404664	0.703954	0.573518	0.424354	0.885618	0.85191	0.566074	0.789686	0.830294	0.697363	0.4393	0.62271	0.687034	0.622776	0.729209	0.229001	0.540642	0.39331	0.605282	0.633898	0.359515	0.539438	0.353823	0.43185	0.229001	
2.30.29	0.641615	0.521831	0.763405	0.624962	0.37259	0.706647	0.569327	0.434012	0.877102	0.84478	0.547813	0.792011	0.829954	0.696957	0.391566	0.58733	0.692528	0.631392	0.72262	0.172433	0.508335	0.371258	0.616777	0.631035	0.312481	0.544834	0.333291	0.429953	0.245687	
2.30.29	0.644607	0.518239	0.767517	0.62296	0.372568	0.70194	0.565121	0.4249	0.884182	0.846995	0.549257	0.788626	0.829729	0.683858	0.424179	0.584648	0.679067	0.616809	0.722812	0.122405	0.519477	0.367215	0.603238	0.627127	0.30873	0.533962	0.316413	0.424179	0.250163	
2.30.29	0.651497	0.522792	0.768675	0.641844	0.405777	0.708084	0.572296	0.41768	0.882286	0.846636	0.586765	0.790789	0.825626	0.710707	0.397771	0.611115	0.689544	0.627753	0.72249	0.19237	0.532706	0.40142	0.6013	0.626191	0.356994	0.529662	0.374428	0.413889	0.231053	
2.30.29	0.642713	0.519309	0.765048	0.621066	0.385682	0.704952	0.572923	0.425476	0.881848	0.842101	0.523392	0.792938	0.830696	0.689974	0.401961	0.58434	0.687741	0.630273	0.729045	0.142062	0.520529	0.364293	0.611221	0.635369	0.339844	0.543276	0.347054	0.435556	0.239034	
2.30.29	0.651359	0.53471	0.775125	0.636484	0.415684	0.716112	0.587882	0.454499	0.894984	0.849677	0.541544	0.803449	0.841297	0.698943	0.453077	0.617615	0.701786	0.646842	0.742414	0.235676	0.550789	0.413405	0.632516	0.647225	0.3839	0.568124	0.363464	0.452356	0.293334	
2.30.29	0.652148	0.535884	0.774293	0.632852	0.411362	0.713449	0.588566	0.46359	0.891685	0.847789	0.540049	0.79492	0.836826	0.688045	0.436903	0.619969	0.69215	0.632071	0.739637	0.203297	0.548735	0.404465	0.633288	0.644711	0.366043	0.573059	0.35391	0.471768	0.314842	
2.30.29	0.64541	0.521031	0.769067	0.635885	0.416117	0.705958	0.575086	0.429146	0.887938	0.854202	0.576336	0.793413	0.830506	0.701461	0.43029	0.63105	0.691257	0.628835	0.728259	0.219974	0.557173	0.400749	0.611075	0.633952	0.369123	0.546732	0.373638	0.431418	0.242981	
2.30.29	0.648014	0.521013	0.769673	0.627361	0.401775	0.701097	0.567448	0.420372	0.884348	0.847687	0.541234	0.784269	0.828522	0.685102	0.408127	0.613656	0.675551	0.604738	0.718779	0.203624	0.542584	0.373142	0.595241	0.617676	0.34595	0.529175	0.34595	0.417269	0.233379	
2.30.29	0.648124	0.517209	0.768512	0.636733	0.396399	0.704064	0.566849	0.413643	0.882467	0.851348	0.565613	0.790425	0.826641	0.701049	0.420419	0.607983	0.686343	0.622922	0.72087	0.182292	0.523017	0.395441	0.598062	0.624349	0.351299	0.527187	0.346382	0.414422	0.224854	
2.30.29	0.653524	0.539887	0.774247	0.630797	0.410344	0.710298	0.584257	0.465036	0.89023	0.848303	0.543175	0.787186	0.835008	0.685678	0.43683	0.622978	0.681487	0.622978	0.732648	0.220231	0.542248	0.383451	0.623643	0.632768	0.354363	0.564668	0.340897	0.465036	0.318854	
2.30.29	0.649661	0.533794	0.770781	0.632145	0.3927	0.714113	0.584869	0.448861	0.887208	0.846312	0.556368	0.800258	0.83665	0.70054	0.422314	0.599411	0.694898	0.642589	0.733183	0.166298	0.540328	0.382634	0.622621	0.643189	0.325318	0.558751	0.354073	0.454906	0.247012	
2.30.29	0.645958	0.521524	0.769684	0.626677	0.40856	0.700696	0.570822	0.423484	0.886159	0.847645	0.557977	0.781095	0.828814	0.686655	0.436243	0.617012	0.67178	0.606337	0.722822	0.141875	0.543493	0.387379	0.59176	0.624043	0.371958	0.529471	0.353254	0.414356	0.259558	
2.30.29	0.64366	0.519765	0.769927	0.634156	0.426407	0.705256	0.57312	0.428683	0.889865	0.853848	0.557893	0.794683	0.834287	0.697057	0.445908	0.637281	0.692438	0.62803	0.728987	0.263756	0.568558	0.398728	0.609625	0.631279	0.387675	0.542508	0.369537	0.428683	0.241755	
2.30.29	0.646993	0.521191	0.76564	0.626187	0.374587	0.707957	0.565234	0.417621	0.877286	0.838472	0.543922	0.790039	0.82627	0.695884	0.41502	0.577257	0.681433	0.626187	0.71694	0.0621993	0.517618	0.333236	0.605807	0.62347	0.335398	0.527184	0.273199	0.405761	0.206622	
2.30.29	0.645623	0.518519	0.767509	0.62736	0.392952	0.703827	0.570153	0.413046	0.88404	0.84462	0.545913	0.78872	0.826898	0.690886	0.430078	0.60486	0.686506	0.619932	0.725752	0.141981	0.530515	0.392952	0.595977	0.631025	0.351898	0.533066	0.369601	0.404475	0.219212	
2.30.29	0.655022	0.530658	0.769632	0.6151	0.404742	0.703772	0.573684	0.430038	0.881411	0.827588	0.502995	0.771158	0.819895	0.658551	0.396547	0.600106	0.660578	0.598762	0.716117	0.147821	0.527475	0.361125	0.593177	0.617672	0.338811	0.528062	0.361125	0.425684	0.254653	
2.30.29	0.645995	0.513556	0.767549	0.627721	0.415799	0.700169	0.561794	0.402359	0.883371	0.846142	0.542018	0.785436	0.823439	0.682573	0.403321	0.62749	0.682324	0.612232	0.7158	0.221113	0.54805	0.385358	0.58556	0.618072	0.375461	0.515475	0.362828	0.396358	0.221113	
2.30.29	0.652399	0.526677	0.770217	0.621342	0.373098	0.70171	0.565527	0.425747	0.88249	0.840913	0.529046	0.775249	0.825265	0.678406	0.382768	0.574443	0.660276	0.600724	0.71526	0.0626613	0.500937	0.360609	0.591186	0.610519	0.313307	0.521745	0.307472	0.418103	0.256126	
2.30.29	0.64787	0.51885	0.768724	0.626814	0.394075	0.703462	0.562406	0.419332	0.884188	0.844523	0.551959	0.787013	0.825894	0.687155	0.419332	0.601999	0.67615	0.617904	0.719735	0.122968	0.532341	0.367507	0.603783	0.611934	0.345215	0.527142	0.317867	0.423921	0.234091	
2.30.29	0.647398	0.519525	0.766925	0.629927	0.412634	0.702302	0.568923	0.424109	0.880259	0.844992	0.545652	0.781792	0.823711	0.686687	0.3887	0.623333	0.68207	0.615764	0.72002	0.247367	0.539328	0.390959	0.603568	0.620739	0.352525	0.530676	0.359137	0.424109	0.247367	
2.30.29	0.654161	0.531839	0.775598	0.635963	0.412087	0.710818	0.577814	0.43936	0.893329	0.851236	0.546966	0.794101	0.834763	0.691209	0.451986	0.619591	0.687688	0.628933	0.72747	0.11793	0.551116	0.395091	0.612465	0.626651	0.361413	0.545023	0.353789	0.427373	0.258993	
2.30.29	0.647249	0.52381	0.769698	0.639035	0.405117	0.706918	0.575473	0.43299	0.886882	0.854433	0.576766	0.789945	0.829215	0.70211	0.45131	0.614379	0.690298	0.623549	0.728329	0.154425	0.543672	0.39776	0.60755	0.631157	0.361091	0.547209	0.354301	0.425284	0.25377	
2.30.29	0.647249	0.527286	0.769551	0.632498	0.408115	0.706089	0.577292	0.441726	0.886667	0.84966	0.552164	0.786311	0.831453	0.694855	0.4246	0.62058	0.68532	0.622672	0.726058	0.208195	0.543482	0.385729	0.614424	0.631419	0.349497	0.550035	0.356923	0.44226	0.275932	
2.30.29	0.640263	0.520704	0.767576	0.633852	0.407897	0.710968	0.58176	0.440745	0.888705	0.85043	0.554077	0.803595	0.837747	0.706195	0.454904	0.620866	0.705038	0.646656	0.741765	0.175382	0.558119	0.416179	0.629468	0.651563	0.361862	0.564313	0.383186	0.448121	0.256778	
2.30.29	0.642806	0.523862	0.767302	0.63452	0.417139	0.70831	0.577948	0.440934	0.886448	0.85212	0.562706	0.795834	0.833648	0.703895	0.422211	0.63116	0.698096	0.638001	0.73064	0.237232	0.561021	0.390542	0.619043	0.638444	0.38502	0.55233	0.361036	0.447133	0.268284	
2.30.29	0.647893	0.526365	0.767889	0.622306	0.400197	0.704747	0.57237	0.434384	0.882374	0.839312	0.51995	0.78095	0.82621	0.680986	0.406093	0.609104	0.676714	0.615172	0.722897	0.196394	0.535311	0.370326	0.608315	0.625873	0.347862	0.53904	0.344137	0.433689	0.253241	
2.30.29	0.64442	0.515231	0.766057	0.624995	0.38884	0.701904	0.563196	0.417453	0.880543	0.843996	0.535206	0.785039	0.824455	0.68604	0.416604	0.599602	0.677722	0.61682	0.719922	0.0983434	0.521256	0.363475	0.60059	0.62039	0.336688	0.532911	0.318261	0.412237	0.253618	
2.30.29	0.644602	0.523017	0.768841	0.635615	0.420729	0.707886	0.580157	0.430816	0.886732	0.851607	0.562623	0.796226	0.832628	0.699613	0.44615	0.627621	0.697127	0.633698	0.733493	0.25656	0.562141	0.40857	0.606922	0.640927	0.389096	0.551478	0.392665	0.425624	0.23745	
2.30.29	0.649495	0.530448	0.772133	0.630304	0.400559	0.712759	0.584972	0.440982	0.889977	0.845195	0.537506	0.798817	0.836027	0.693026	0.431169	0.603498	0.691923	0.637778	0.737941	0.177548	0.544606	0.394051	0.615552	0.648771	0.349586	0.558981	0.365153	0.446645	0.251404	
2.30.30	0.641183	0.5245	0.766666	0.624352	0.384277	0.709397	0.577984	0.44821	0.885363	0.8442	0.530522	0.79653	0.835674	0.688997	0.44165	0.601968	0.694156	0.638909	0.736315	0	0.535799	0.400047	0.624921	0.643348	0.345036	0.560373	0.349713	0.450132	0.291262	
2.30.30	0.645786	0.530956	0.770543	0.624808	0.399291	0.71031	0.582004	0.453334	0.889494	0.843938	0.529695	0.792948	0.838602	0.68416	0.44403	0.609266	0.686504	0.631943	0.735402	0.0595917	0.543103	0.396774	0.626295	0.638531	0.360196	0.560722	0.360196	0.448342	0.295229	
2.30.30	0.646803	0.513495	0.770871	0.632452	0.429948	0.698492	0.563856	0.392632	0.889056	0.850875	0.556337	0.780968	0.8239	0.682057	0.443406	0.644183	0.675385	0.602989	0.716163	0.218467	0.561519	0.389547	0.572366	0.618601	0.403099	0.509308	0.356984	0.367002	0.141498	
2.30.30	0.649044	0.502268	0.767291	0.61929	0.432497	0.690126	0.537451	0.354486	0.882629	0.834672	0.507614	0.772432	0.808524	0.661937	0.385819	0.639466	0.65095	0.584671	0.691134	0.238854	0.559326	0.354486	0.543624	0.581653	0.39429	0.467836	0.333706	0.295948	0.102305	
2.30.30	0.653635	0.539456	0.768698	0.624617	0.392666	0.71348	0.58489	0.452092	0.88121	0.833575	0.523049	0.784137	0.829409	0.685974	0.402774	0.593001	0.685062	0.632735	0.726942	0.0615942	0.529476	0.390498	0.61507	0.636118	0.33627	0.551168	0.3577	0.441626	0.28952	
2.30.30	0.64658	0.520707	0.769988	0.630664	0.427933	0.705266	0.570131	0.432344	0.887268	0.846144	0.537316	0.788232	0.830445	0.686422	0.438281	0.633158	0.683985	0.621325	0.721158	0.241879	0.564644	0.386542	0.612281	0.624301	0.397278	0.536761	0.347997	0.429216	0.261346	
2.30.30	0.645769	0.52489	0.769813	0.636408	0.416205	0.710952	0.582737	0.440142	0.890627	0.849688	0.551241	0.799193	0.83481	0.69851	0.431149	0.623898	0.701502	0.637527	0.734514	0.245244	0.556693	0.407614	0.621191	0.646104	0.372862	0.560219	0.371808	0.448272	0.254183	
2.30.30	0.644759	0.523785	0.768429	0.627997	0.398378	0.708603	0.577717	0.434197	0.885592	0.84391	0.542543	0.793437	0.833499	0.690219	0.431211	0.602515	0.693605	0.631217	0.732057	0.155682	0.541011	0.401854	0.614876	0.638894	0.354289	0.548414	0.366624	0.432418	0.255836	
2.30.30	0.645644	0.528425	0.769469	0.628564	0.387002	0.711144	0.580118	0.44517	0.887527	0.845128	0.533443	0.794568	0.837276	0.695886	0.444683	0.594438	0.693021	0.63968	0.734754	0.0596135	0.537689	0.399436	0.624916	0.641036	0.323478	0.553397	0.35495	0.444192	0.269665	
2.30.30	0.643384	0.516673	0.767639	0.634536	0.407794	0.703322	0.562766	0.421908	0.886752	0.852612	0.55972	0.790072	0.828596	0.698273	0.436984	0.618741	0.684991	0.623882	0.716009	0.18111	0.552372	0.384862	0.605636	0.618166	0.364901	0.522913	0.338961	0.403665	0.241481	
2.30.30	0.642784	0.523968	0.767281	0.626605	0.389066	0.708761	0.570995	0.434887	0.885301	0.84725	0.546298	0.798748	0.833755	0.695237	0.440446	0.599612	0.686905	0.643148	0.7265	0.190451	0.536029	0.38508	0.614697	0.630296	0.340802	0.53936	0.350443	0.415689	0.250531	
2.30.30	0.648616	0.508284	0.770881	0.634878	0.407808	0.696327	0.54962	0.384663	0.888465	0.851622	0.550508	0.786181	0.819633	0.68711	0.429669	0.624932	0.674543	0.603263	0.706332	0.184144	0.541001	0.378718	0.568951	0.596588	0.3499	0.492082	0.344638	0.344638	0.184144	
2.30.30	0.653813	0.540423	0.768469	0.624701	0.386985	0.713129	0.584892	0.453248	0.88059	0.834083	0.524633	0.78227	0.828762	0.687093	0.397863	0.589179	0.683557	0.631721	0.726629	0.0617517	0.522889	0.382232	0.613331	0.634568	0.328638	0.550386	0.352012	0.442755	0.29026	
2.30.30	0.646621	0.543236	0.766282	0.614881	0.406669	0.709511	0.593452	0.472562	0.880811	0.832194	0.531198	0.7837	0.831939	0.679045	0.395083	0.618775	0.675796	0.626465	0.73708	0.212684	0.544775	0.358603	0.616595	0.644291	0.384119	0.57171	0.364618	0.479595	0.324944	
2.30.30	0.640885	0.526107	0.767211	0.626677	0.404246	0.706055	0.580626	0.443921	0.886913	0.848889	0.552729	0.793652	0.832566	0.691971	0.448828	0.619386	0.689392	0.63295	0.734438	0.20703	0.553015	0.394077	0.60471	0.643376	0.371605	0.55026	0.37615	0.440837	0.287696	
2.30.30	0.647445	0.514159	0.759796	0.597705	0.391044	0.695079	0.545067	0.382552	0.869836	0.819428	0.469713	0.770258	0.814172	0.654472	0.389405	0.599015	0.650752	0.599571	0.695962	0.171834	0.533649	0.326182	0.572166	0.59006	0.340965	0.49025	0.338185	0.332371	0.154349	
2.30.30	0.650518	0.533776	0.770267	0.626732	0.405394	0.70445	0.575318	0.449743	0.883999	0.844071	0.540189	0.777204	0.829948	0.680261	0.400704	0.619532	0.676183	0.6108	0.719748	0.19471	0.53735	0.388319	0.606184	0.619776	0.348424	0.541576	0.350145	0.439789	0.28872	
2.30.30	0.653457	0.525137	0.770458	0.621552	0.388961	0.691675	0.545525	0.417284	0.882019	0.846164	0.542948	0.760216	0.815603	0.66385	0.414183	0.596124	0.634365	0.575812	0.689235	0.148883	0.516161	0.326211	0.575076	0.572074	0.331499	0.475095	0.297767	0.383267	0.24413	
2.30.30	0.644684	0.527208	0.769283	0.62434	0.400843	0.710255	0.578884	0.444686	0.887294	0.841734	0.524034	0.794072	0.836875	0.686013	0.438393	0.610116	0.690314	0.634885	0.733901	0.168295	0.547283	0.385242	0.625348	0.640844	0.355536	0.555244	0.351174	0.443668	0.271179	
2.30.30	0.645219	0.524583	0.766082	0.605999	0.389762	0.704136	0.567068	0.440065	0.881877	0.82475	0.464393	0.782691	0.829001	0.663265	0.393421	0.596287	0.667692	0.613509	0.722957	0.0629683	0.537451	0.353548	0.614143	0.619855	0.351675	0.535721	0.320349	0.437894	0.284841	
2.30.30	0.65657	0.544337	0.778582	0.644315	0.420708	0.722251	0.596195	0.47274	0.896895	0.854232	0.562395	0.810016	0.846253	0.711276	0.459559	0.621175	0.708717	0.65605	0.745843	0.201531	0.563415	0.405831	0.647086	0.656248	0.384116	0.579427	0.381219	0.474859	0.325003	
2.30.30	0.648928	0.532918	0.770558	0.630368	0.397957	0.708943	0.581597	0.456781	0.887259	0.847171	0.555517	0.785244	0.833308	0.685099	0.425759	0.61718	0.682767	0.621128	0.7284	0.21568	0.534402	0.381421	0.625935	0.633828	0.326457	0.558214	0.342952	0.459438	0.298057	
2.30.30	0.651919	0.537267	0.770763	0.62107	0.391417	0.711192	0.586146	0.453516	0.883991	0.835998	0.515604	0.785642	0.833994	0.678469	0.397426	0.594491	0.682787	0.622811	0.731137	0.122139	0.523817	0.369127	0.62084	0.637996	0.33732	0.558457	0.360729	0.454027	0.287052	
2.30.30	0.649578	0.532581	0.768632	0.628321	0.388405	0.709549	0.578907	0.447187	0.882308	0.841988	0.548675	0.786409	0.832815	0.695674	0.414744	0.592889	0.685253	0.627836	0.726076	0.121852	0.526854	0.362764	0.61984	0.630167	0.33262	0.549357	0.347304	0.441006	0.279343	
2.30.30	0.644262	0.516308	0.766718	0.633116	0.413518	0.707886	0.570084	0.41428	0.882268	0.847172	0.554952	0.795845	0.827364	0.697362	0.438059	0.625889	0.693293	0.633671	0.72584	0.20936	0.558662	0.404659	0.606709	0.634589	0.379258	0.530037	0.3746	0.396675	0.216957	
2.30.30	0.65292	0.536649	0.772203	0.636696	0.413255	0.71262	0.58028	0.452067	0.887577	0.850428	0.552471	0.793849	0.833539	0.698238	0.423659	0.62583	0.689575	0.633207	0.727145	0.178276	0.554091	0.392201	0.617502	0.628003	0.383853	0.554091	0.364234	0.43457	0.285678	
2.30.30	0.643223	0.518441	0.766306	0.6244	0.38343	0.703404	0.562922	0.423678	0.882964	0.844662	0.53407	0.789911	0.827449	0.687707	0.42216	0.599452	0.677694	0.625104	0.715254	0.0975662	0.528929	0.370721	0.604995	0.617377	0.327604	0.523474	0.336069	0.405353	0.24623	
2.30.30	0.652478	0.532457	0.772681	0.642317	0.419896	0.708109	0.570525	0.449158	0.887018	0.855854	0.571322	0.786657	0.831429	0.703544	0.452374	0.637776	0.677719	0.622073	0.715938	0.248945	0.559431	0.369533	0.612859	0.612648	0.383649	0.541887	0.329757	0.430985	0.283867	
2.30.30	0.641929	0.516265	0.76737	0.632183	0.390983	0.702224	0.564177	0.42057	0.885668	0.853282	0.55485	0.792195	0.829434	0.696842	0.43703	0.609047	0.684359	0.62874	0.720783	0.14019	0.535563	0.392919	0.602135	0.622314	0.327619	0.522104	0.344173	0.40864	0.235885	
2.30.30	0.651897	0.533196	0.772533	0.635114	0.414618	0.709171	0.578845	0.443252	0.886924	0.850724	0.559004	0.78899	0.832289	0.694772	0.434159	0.627474	0.685015	0.626021	0.727365	0.167944	0.550791	0.396588	0.60802	0.62669	0.389316	0.545367	0.345858	0.433593	0.258551	
2.30.30	0.644297	0.522397	0.768095	0.625539	0.411758	0.707859	0.570774	0.433861	0.887752	0.84381	0.53782	0.794955	0.832501	0.687063	0.438468	0.617695	0.685931	0.633212	0.724231	0.180784	0.560105	0.384168	0.616979	0.627729	0.368107	0.54269	0.351497	0.421828	0.255985	
2.30.30	0.643068	0.51784	0.767729	0.63128	0.399879	0.70108	0.559402	0.421591	0.886043	0.853016	0.551199	0.789471	0.827505	0.693233	0.429096	0.621229	0.679439	0.623105	0.714182	0.17048	0.53677	0.381688	0.596824	0.611844	0.354208	0.513956	0.347834	0.39615	0.248215	
2.30.30	0.645218	0.528302	0.767452	0.619128	0.395287	0.707532	0.580855	0.442909	0.884291	0.834842	0.527849	0.785693	0.831482	0.67637	0.417644	0.606786	0.682048	0.623944	0.733345	0.184056	0.528979	0.400233	0.61455	0.635388	0.353073	0.554048	0.376043	0.435478	0.269477	
2.30.42	0.647626	0.521314	0.765952	0.617631	0.375456	0.70585	0.563176	0.41859	0.878753	0.838557	0.516253	0.78874	0.8273	0.677938	0.409588	0.584744	0.676974	0.624657	0.717066	0.0988123	0.521859	0.368257	0.607002	0.620942	0.322312	0.530407	0.329511	0.399584	0.24357	
2.30.42	0.65207	0.528118	0.771092	0.62018	0.387841	0.701874	0.564226	0.430649	0.885466	0.840842	0.510605	0.774072	0.825212	0.665207	0.402425	0.59844	0.659776	0.603806	0.713683	0.161456	0.520906	0.370433	0.595693	0.605562	0.320374	0.52863	0.278535	0.413154	0.249839	
2.30.42	0.651068	0.51818	0.768735	0.616792	0.390293	0.697682	0.557821	0.405325	0.879181	0.836067	0.507711	0.770336	0.818223	0.658845	0.420242	0.597233	0.658246	0.5903	0.70602	0.165733	0.522188	0.3479	0.569894	0.600092	0.30822	0.509977	0.320571	0.381748	0.229847	
2.30.42	0.648731	0.521297	0.767993	0.614048	0.401778	0.701893	0.565237	0.414056	0.882557	0.833395	0.499075	0.780397	0.823492	0.658997	0.402867	0.6063	0.668628	0.607562	0.715342	0.162914	0.532365	0.355696	0.591122	0.613195	0.355696	0.514264	0.333105	0.39956	0.225937	
2.30.42	0.646533	0.52648	0.76992	0.619149	0.401683	0.705596	0.575033	0.435886	0.88778	0.838368	0.512052	0.785161	0.831118	0.671634	0.434617	0.614117	0.676625	0.620403	0.728243	0.158045	0.546388	0.390828	0.608513	0.625979	0.335773	0.542148	0.350207	0.424467	0.25495	
2.30.42	0.648293	0.528226	0.770353	0.624371	0.402156	0.706056	0.576022	0.431864	0.886166	0.8439	0.53367	0.785866	0.830569	0.678851	0.451481	0.612952	0.677438	0.620298	0.725438	0.182801	0.543458	0.373479	0.601154	0.629021	0.352279	0.536073	0.350666	0.42445	0.231996	
2.30.42	0.654529	0.52688	0.770784	0.620984	0.410052	0.702582	0.572404	0.42004	0.88375	0.836889	0.504611	0.776425	0.822612	0.664051	0.411952	0.611196	0.669143	0.603765	0.71905	0.231498	0.534206	0.393212	0.58499	0.620239	0.354864	0.533719	0.339465	0.408111	0.244413	
2.30.42	0.648502	0.528435	0.771167	0.6287	0.412384	0.707595	0.579361	0.43864	0.887907	0.84505	0.537555	0.78952	0.832043	0.688678	0.456099	0.619106	0.687807	0.62651	0.73097	0.190614	0.551406	0.403741	0.607215	0.634438	0.366052	0.545162	0.372207	0.431142	0.264119	
2.30.42	0.647222	0.521604	0.768642	0.612952	0.389678	0.698921	0.567298	0.421824	0.885356	0.835867	0.501846	0.771418	0.823958	0.657627	0.438528	0.601987	0.662569	0.600167	0.716996	0.146176	0.530208	0.343696	0.589516	0.612845	0.317568	0.528335	0.339471	0.412642	0.239691	
2.30.42	0.645025	0.511604	0.769013	0.634113	0.413562	0.698164	0.555524	0.403515	0.886475	0.854342	0.561593	0.788085	0.823427	0.693688	0.449431	0.629501	0.677299	0.612127	0.711572	0.243472	0.554893	0.360992	0.5811	0.610209	0.36242	0.506812	0.338096	0.382579	0.231746	
2.30.42	0.649155	0.51748	0.767585	0.61921	0.405129	0.694243	0.556417	0.403984	0.879164	0.84003	0.51748	0.767429	0.81871	0.665045	0.409573	0.618312	0.658286	0.587405	0.702831	0.165184	0.533782	0.360653	0.571069	0.599361	0.34458	0.50679	0.330368	0.380485	0.236465	
2.30.42	0.642797	0.511489	0.763647	0.620467	0.395148	0.698023	0.554122	0.408525	0.879222	0.838711	0.52517	0.781498	0.821173	0.678215	0.418345	0.603791	0.671033	0.608312	0.706991	0.200481	0.531581	0.362261	0.585182	0.607261	0.349336	0.510137	0.32697	0.383648	0.240795	
2.30.42	0.649983	0.519175	0.769184	0.616916	0.410067	0.697505	0.549356	0.406977	0.883221	0.838227	0.519785	0.778242	0.822455	0.664859	0.442165	0.619087	0.656173	0.594491	0.698194	0.246784	0.551526	0.318636	0.583707	0.595423	0.348903	0.499829	0.289615	0.370027	0.21852	
2.30.42	0.646297	0.526737	0.766692	0.616285	0.360864	0.70528	0.574535	0.434794	0.879644	0.836204	0.516	0.781977	0.828984	0.675727	0.41008	0.563681	0.67488	0.615611	0.727549	0.0624185	0.496125	0.368699	0.608885	0.626956	0.293394	0.54176	0.325166	0.431865	0.249674	
2.30.42	0.641799	0.511709	0.767396	0.624976	0.428816	0.697788	0.564016	0.407878	0.887112	0.845199	0.542444	0.783791	0.826756	0.680622	0.45696	0.641302	0.675605	0.608983	0.720123	0.260226	0.56739	0.382744	0.585308	0.617545	0.395701	0.522627	0.358856	0.407878	0.203499	
2.30.42	0.645506	0.523244	0.764007	0.615651	0.382452	0.704904	0.564356	0.428371	0.876818	0.835202	0.515723	0.780266	0.826901	0.675072	0.397437	0.589553	0.675506	0.617308	0.714597	0.189142	0.530191	0.357632	0.606183	0.618734	0.328443	0.528571	0.325951	0.409295	0.25219	
2.30.42	0.648856	0.510095	0.769471	0.62683	0.415456	0.697248	0.5446	0.395591	0.884907	0.84578	0.529369	0.783823	0.819895	0.679715	0.41456	0.629927	0.661871	0.602425	0.695835	0.124795	0.546283	0.334298	0.582783	0.58986	0.381157	0.486757	0.296693	0.371527	0.20728	
2.30.42	0.652215	0.524812	0.76922	0.618036	0.399118	0.703829	0.571681	0.41477	0.879585	0.834308	0.495304	0.775002	0.82246	0.666879	0.430574	0.600249	0.671228	0.603566	0.720469	0.177235	0.535603	0.350674	0.587944	0.61752	0.344667	0.528736	0.35447	0.403562	0.218402	
2.30.42	0.647618	0.525827	0.767711	0.626142	0.409631	0.706204	0.577177	0.436039	0.88064	0.841821	0.538418	0.78416	0.828633	0.682252	0.422683	0.615313	0.685962	0.617452	0.722496	0.184568	0.549986	0.393272	0.607061	0.632357	0.367738	0.542641	0.374517	0.428553	0.265896	
2.30.42	0.644375	0.516802	0.767907	0.630777	0.420542	0.702706	0.567861	0.420542	0.884502	0.847906	0.549516	0.786208	0.82647	0.690757	0.436557	0.635653	0.684928	0.620205	0.723897	0.22531	0.559393	0.39429	0.597535	0.625402	0.371932	0.528684	0.368027	0.412096	0.248875	
2.30.42	0.64469	0.521035	0.76571	0.625171	0.394989	0.704277	0.570908	0.425679	0.879294	0.841057	0.548443	0.784065	0.82777	0.687986	0.418524	0.60336	0.677848	0.619325	0.722217	0.160161	0.538421	0.38473	0.601669	0.625416	0.336205	0.536673	0.359816	0.416006	0.242066	
2.30.42	0.65002	0.521588	0.767048	0.616285	0.392345	0.700658	0.562837	0.4125	0.878659	0.835089	0.512963	0.777034	0.822355	0.673458	0.426452	0.597222	0.666042	0.603157	0.713592	0.190156	0.537495	0.348104	0.584668	0.61219	0.348104	0.516576	0.316927	0.400718	0.241331	
2.30.42	0.647314	0.511633	0.767311	0.627576	0.396638	0.696208	0.554769	0.401054	0.881429	0.846266	0.541406	0.777359	0.820355	0.680446	0.42211	0.611601	0.666485	0.597262	0.70651	0.145678	0.52945	0.36753	0.580512	0.60288	0.319187	0.506403	0.340444	0.385835	0.217045	
2.30.42	0.650169	0.525976	0.766102	0.619223	0.381765	0.706753	0.56903	0.430816	0.877836	0.833205	0.520264	0.781806	0.823764	0.682008	0.392006	0.574545	0.674185	0.621281	0.717874	0.125869	0.512257	0.35699	0.612219	0.622436	0.330274	0.533159	0.325365	0.42678	0.251737	
2.30.42	0.644744	0.515781	0.766053	0.621815	0.411557	0.698377	0.562724	0.420602	0.88049	0.840711	0.534677	0.776025	0.824476	0.675071	0.408657	0.62947	0.670093	0.602181	0.715251	0.279353	0.541479	0.357094	0.596709	0.612324	0.360505	0.532458	0.323861	0.41344	0.231808	
2.30.42	0.644281	0.523764	0.767025	0.620917	0.412583	0.703697	0.574334	0.430833	0.883627	0.841524	0.533561	0.782091	0.829949	0.677696	0.418305	0.629579	0.679834	0.614749	0.724103	0.25117	0.553041	0.377896	0.603636	0.629286	0.367298	0.543353	0.359967	0.422177	0.240074	
2.30.42	0.647113	0.526615	0.766374	0.620948	0.386176	0.707298	0.577475	0.431034	0.877133	0.837676	0.526361	0.78205	0.828162	0.682517	0.435342	0.594335	0.681756	0.621829	0.727535	0.0985715	0.536674	0.401723	0.603824	0.632016	0.328708	0.544481	0.357906	0.419263	0.236786	
2.30.42	0.648148	0.521629	0.767178	0.621623	0.399617	0.703774	0.571733	0.414236	0.879892	0.838737	0.524314	0.783239	0.824254	0.675663	0.428358	0.60481	0.68073	0.617681	0.721749	0.161169	0.537574	0.388359	0.58533	0.627271	0.348215	0.528451	0.369774	0.400669	0.215691	
2.30.42	0.647287	0.52052	0.767901	0.622903	0.404468	0.702828	0.564136	0.422282	0.882381	0.84024	0.519433	0.784007	0.825571	0.680001	0.411113	0.612008	0.672637	0.61152	0.714576	0.215008	0.550535	0.352549	0.598251	0.614599	0.347113	0.526526	0.326166	0.412924	0.236632	
2.30.42	0.647566	0.519614	0.769821	0.627491	0.403193	0.703422	0.572048	0.409931	0.888282	0.844971	0.541075	0.791683	0.829027	0.680301	0.431392	0.608055	0.686127	0.619503	0.723947	0.14091	0.530898	0.404927	0.587308	0.632096	0.368131	0.527579	0.358469	0.403193	0.209941	
2.30.42	0.649642	0.516038	0.768043	0.624568	0.38659	0.689952	0.549876	0.399843	0.880674	0.845057	0.542504	0.758175	0.815286	0.669017	0.419764	0.603602	0.650388	0.574417	0.698681	0.101743	0.511343	0.358512	0.557382	0.58023	0.311845	0.494754	0.308596	0.376038	0.213243	
2.30.42	0.647425	0.522296	0.767797	0.628339	0.393872	0.703401	0.564628	0.428647	0.881058	0.844731	0.539022	0.782475	0.825217	0.689617	0.422534	0.601404	0.676045	0.616426	0.71468	0.18586	0.535963	0.347851	0.595892	0.6146	0.344126	0.528307	0.315186	0.420938	0.263174	
2.30.42	0.641144	0.511111	0.764957	0.625273	0.4049	0.694619	0.556274	0.41164	0.88132	0.848775	0.551893	0.776748	0.821765	0.679892	0.408813	0.629819	0.67208	0.600928	0.713443	0.237467	0.535213	0.39317	0.584996	0.608104	0.348337	0.512633	0.340507	0.402878	0.237467	
2.30.42	0.645283	0.515948	0.766671	0.623653	0.391108	0.703788	0.564146	0.406446	0.88028	0.842108	0.532952	0.791531	0.825524	0.684732	0.425037	0.591925	0.68356	0.622825	0.721073	0.143647	0.538256	0.38653	0.589662	0.622157	0.345516	0.527797	0.343637	0.38653	0.196108	
2.30.42	0.650588	0.521262	0.769192	0.616529	0.403526	0.698396	0.559957	0.410816	0.883635	0.838399	0.511534	0.773899	0.821851	0.665486	0.404604	0.606011	0.657445	0.596494	0.709142	0.16318	0.544051	0.363287	0.584091	0.600571	0.346683	0.5102	0.331285	0.390743	0.218383	
2.30.42	0.651331	0.515136	0.766878	0.623027	0.398176	0.699539	0.558793	0.401852	0.877382	0.836098	0.516189	0.770052	0.814251	0.670174	0.415251	0.607232	0.667764	0.598337	0.702428	0.148892	0.526736	0.358131	0.586882	0.603369	0.350081	0.515136	0.323467	0.383288	0.203269	
2.30.42	0.646551	0.517845	0.768478	0.627966	0.417203	0.701311	0.570496	0.407742	0.883006	0.844839	0.543297	0.780563	0.825806	0.680416	0.436227	0.626194	0.679352	0.612057	0.722351	0.17305	0.551593	0.413027	0.584599	0.622622	0.385133	0.525648	0.365581	0.396126	0.204769	
2.30.42	0.647522	0.520386	0.768921	0.622548	0.395234	0.70241	0.563952	0.414809	0.884123	0.842134	0.521463	0.778545	0.825273	0.677399	0.412132	0.610299	0.66751	0.610299	0.716606	0.124335	0.535098	0.367218	0.589461	0.61691	0.350865	0.517355	0.326251	0.394134	0.215065	
2.30.42	0.646441	0.523191	0.769435	0.624629	0.40968	0.704378	0.572929	0.433594	0.885456	0.842199	0.522236	0.780652	0.828809	0.683916	0.451866	0.620539	0.678714	0.615751	0.724852	0.203533	0.554648	0.38844	0.604375	0.626051	0.349264	0.542535	0.345797	0.421697	0.273228	
2.30.42	0.642598	0.515428	0.767743	0.626801	0.414567	0.701395	0.567292	0.416122	0.886238	0.847065	0.545487	0.786382	0.828155	0.686998	0.444242	0.629356	0.679096	0.616794	0.723489	0.2436	0.556129	0.394372	0.597951	0.625886	0.369424	0.530906	0.359729	0.405484	0.231868	
2.30.42	0.643194	0.51456	0.768562	0.626025	0.42137	0.701285	0.565228	0.415422	0.886863	0.847132	0.542605	0.788033	0.828268	0.683736	0.445154	0.63603	0.679671	0.617078	0.721921	0.210324	0.564528	0.394687	0.597138	0.625114	0.379857	0.525524	0.344868	0.408208	0.217956	
2.30.42	0.648293	0.530543	0.768753	0.621987	0.405942	0.706646	0.578353	0.441002	0.88395	0.838631	0.527107	0.783132	0.829398	0.674607	0.405942	0.61455	0.680187	0.617634	0.725191	0.23418	0.548022	0.384292	0.604696	0.631912	0.343515	0.5427	0.363316	0.431926	0.274287	
2.30.42	0.649901	0.532963	0.771298	0.616378	0.398174	0.709131	0.58233	0.449082	0.886261	0.83339	0.494173	0.785507	0.834518	0.668107	0.434287	0.600055	0.677766	0.619594	0.730603	0.142065	0.544776	0.376267	0.615555	0.634522	0.329924	0.55503	0.352108	0.452293	0.27677	
2.30.42	0.648178	0.524094	0.767788	0.616809	0.382966	0.704873	0.565955	0.424524	0.880709	0.838002	0.509207	0.781905	0.828697	0.671875	0.418652	0.589227	0.669975	0.615939	0.716383	0.124963	0.526221	0.35442	0.600739	0.615842	0.343138	0.527006	0.312406	0.410493	0.237888	
2.30.42	0.645543	0.517806	0.767661	0.617832	0.403019	0.701376	0.565989	0.415421	0.883913	0.836601	0.513714	0.779692	0.826207	0.669921	0.398831	0.613496	0.672058	0.609459	0.721067	0.207263	0.537261	0.38242	0.589811	0.616601	0.365493	0.530325	0.338557	0.403019	0.215842	
2.30.42	0.647601	0.526323	0.771628	0.633628	0.41818	0.707989	0.580667	0.431051	0.889854	0.851779	0.549775	0.793989	0.834927	0.695621	0.445958	0.629335	0.694886	0.628535	0.733993	0.165891	0.558731	0.416265	0.605426	0.643837	0.375678	0.546475	0.383614	0.42249	0.236366	
2.30.42	0.650793	0.52902	0.771799	0.622958	0.399275	0.701531	0.571199	0.442571	0.886819	0.843309	0.532499	0.772988	0.826631	0.669709	0.442571	0.616369	0.664893	0.59589	0.718843	0.143525	0.53672	0.376283	0.601938	0.612651	0.319567	0.535188	0.319567	0.435434	0.283409	
2.30.42	0.651143	0.525538	0.768449	0.609387	0.387633	0.697974	0.563727	0.422872	0.880288	0.831361	0.498716	0.763594	0.820786	0.648255	0.398411	0.598695	0.64971	0.584405	0.708878	0.193096	0.513829	0.361394	0.584234	0.603289	0.321827	0.525861	0.291161	0.402151	0.238181	
2.30.42	0.646165	0.529205	0.767103	0.618694	0.382639	0.71109	0.580338	0.449234	0.88041	0.834487	0.515015	0.789752	0.832679	0.679214	0.424293	0.589039	0.685594	0.630477	0.730494	0.0614304	0.531658	0.386115	0.623503	0.641896	0.317591	0.561132	0.335375	0.446975	0.28875	
2.30.42	0.648314	0.526123	0.770516	0.6299	0.423805	0.705124	0.571206	0.432871	0.887578	0.847658	0.544721	0.78471	0.829722	0.684163	0.42312	0.637134	0.678068	0.623758	0.722998	0.236537	0.557573	0.399582	0.602838	0.620733	0.379413	0.532445	0.360488	0.41445	0.257185	
2.30.42	0.647177	0.527741	0.771316	0.626684	0.415041	0.705854	0.578111	0.443679	0.889764	0.844204	0.535277	0.785303	0.831501	0.680921	0.452739	0.629046	0.680434	0.617114	0.730568	0.235596	0.554764	0.399767	0.60822	0.632201	0.386503	0.5454	0.343751	0.441531	0.286732	
2.30.42	0.645062	0.523622	0.766095	0.620556	0.387793	0.707626	0.57766	0.432679	0.881145	0.838073	0.527662	0.788678	0.828869	0.677513	0.430623	0.600507	0.688256	0.628881	0.727979	0.195006	0.529045	0.386662	0.615866	0.642233	0.320473	0.550302	0.350677	0.43794	0.240342	
2.30.42	0.642679	0.525853	0.767552	0.628799	0.411064	0.710327	0.578746	0.446659	0.886216	0.844741	0.556169	0.7982	0.835615	0.698498	0.434351	0.622663	0.693226	0.64085	0.731946	0.248608	0.562982	0.401114	0.620727	0.63949	0.375827	0.556703	0.366644	0.442749	0.286611	
2.30.42	0.646198	0.520949	0.768259	0.624351	0.400793	0.707257	0.574965	0.427336	0.884372	0.838083	0.526537	0.791886	0.83016	0.68056	0.442606	0.605959	0.684299	0.625092	0.727169	0.193831	0.538935	0.408859	0.609377	0.631703	0.359705	0.544076	0.355102	0.420101	0.249936	
