c.1.8.1	151.68	228.16	138.67	141.97	35.96	121.51	56.433	46.139	87.693	29.92	-7.5434	25.513	24.895	43.689	-27.018	12.885	41.154	25.635	21.917	20.09	-12.781	-11.281	-9.4222	-8.7088	8.5421	-5.2603	24.008	-23.964	27.682	-59.626	3.5027	6501.0	2233.0	2356.0	2393.0	19588.0	6302.0	2196.0	1234.0	1382.0	4835.0	6856.0	5546.0	1859.0	1652.0	347.0	5319.0	1271.0	4562.0	4502.0	1031.0	430.0	58.0	219.0	5767.0	2217.0	1904.0	1321.0	1181.0	288.0	370.0	1267.0	1221.0	1964.0	2175.0	5803.0	325.0	788.0	250.0	2379.0	811.0	319.0	967.0
c.1.8.1	149.1	4.7457	74.752	129.75	30.62	118.81	43.966	31.743	91.613	27.842	-6.0119	14.985	42.281	-6.4386	-11.428	14.382	-4.2755	-36.284	19.189	3.0284	16.905	1.7055	10.702	-5.9375	6.5733	1.9142	-10.646	-21.301	-1.3962	-17.438	9.4674	5953.0	2270.0	2202.0	2312.0	17287.0	6588.0	1965.0	1394.0	1495.0	4692.0	6303.0	5167.0	1596.0	1652.0	338.0	4592.0	1141.0	3965.0	4150.0	1177.0	382.0	47.0	202.0	5274.0	2039.0	1939.0	1303.0	1352.0	358.0	339.0	1211.0	1257.0	1745.0	1949.0	5380.0	356.0	817.0	298.0	2098.0	878.0	342.0	882.0
c.1.8.1	107.7	18.814	6.8497	120.49	10.928	97.133	19.019	-13.297	102.63	-27.948	12.14	16.489	-32.794	25.742	-10.425	-27.323	-8.7795	-14.117	27.744	-9.3525	32.792	4.5916	-2.3155	-17.211	12.005	-37.158	8.0017	28.05	5.4947	-11.255	12.072	1699.0	687.0	665.0	743.0	3931.0	1493.0	469.0	332.0	545.0	1165.0	1502.0	1242.0	482.0	421.0	123.0	1162.0	301.0	902.0	906.0	379.0	129.0	22.0	47.0	1416.0	487.0	517.0	403.0	399.0	107.0	101.0	368.0	374.0	495.0	481.0	1353.0	98.0	259.0	100.0	578.0	281.0	109.0	266.0
c.1.8.1	141.5	30.284	74.139	130.71	25.864	120.49	45.188	43.623	94.225	39.407	-6.2041	30.772	49.554	-5.0257	3.326	24.201	-12.278	-32.232	27.948	-0.54698	9.3632	-18.463	12.649	-8.042	-0.19199	4.0472	-9.4001	-12.911	21.691	-21.169	9.7361	5127.0	1855.0	1869.0	1954.0	14846.0	5375.0	1595.0	1141.0	1278.0	3823.0	5512.0	4243.0	1465.0	1459.0	272.0	3931.0	1087.0	3472.0	3535.0	952.0	336.0	50.0	172.0	4444.0	1625.0	1558.0	1092.0	1045.0	254.0	313.0	966.0	1002.0	1442.0	1802.0	4529.0	269.0	637.0	204.0	1859.0	622.0	280.0	770.0
c.1.8.1	141.5	29.571	74.685	131.55	26.529	120.94	45.667	44.113	94.533	40.111	-7.4615	31.17	50.811	-5.6789	3.6321	24.702	-12.242	-31.689	29.036	-0.66608	7.1314	-18.69	12.767	-7.946	2.8666	2.7549	-10.185	-11.427	22.907	-21.099	10.159	5222.0	1885.0	1886.0	2016.0	15300.0	5374.0	1682.0	1200.0	1240.0	4034.0	5681.0	4312.0	1424.0	1460.0	280.0	3954.0	1033.0	3397.0	3515.0	953.0	337.0	48.0	171.0	4648.0	1690.0	1601.0	1119.0	1102.0	294.0	304.0	1073.0	1057.0	1497.0	1813.0	4698.0	289.0	646.0	239.0	1910.0	658.0	277.0	813.0
c.1.8.1	141.04	29.408	75.116	131.72	25.746	120.61	45.381	42.831	94.071	40.736	-5.6733	28.654	48.827	-4.8756	5.8509	23.172	-13.607	-28.634	29.377	2.3816	8.3724	-19.605	12.822	-7.9865	1.9773	3.8569	-9.3946	-17.229	22.741	-21.948	10.754	5016.0	1785.0	1770.0	1917.0	14491.0	4988.0	1680.0	1141.0	1120.0	3835.0	5160.0	3928.0	1374.0	1230.0	268.0	3632.0	908.0	3299.0	3337.0	778.0	284.0	34.0	170.0	4376.0	1581.0	1501.0	998.0	994.0	274.0	271.0	915.0	897.0	1354.0	1690.0	4373.0	254.0	615.0	211.0	1801.0	601.0	273.0	757.0
c.1.8.1	139.98	75.672	66.051	132.29	30.955	126.06	61.107	28.627	99.522	-10.2	-0.99401	0.9585	63.09	9.2606	-24.973	1.3257	26.578	-39.796	33.522	-12.208	13.581	16.658	8.3027	-9.1334	7.9646	13.539	13.12	-40.073	21.828	-10.404	14.969	5249.0	2033.0	2013.0	2055.0	15493.0	5524.0	2059.0	1276.0	1597.0	4098.0	5932.0	4508.0	1699.0	1386.0	307.0	4242.0	1071.0	3450.0	3779.0	1028.0	378.0	54.0	222.0	4734.0	1852.0	1699.0	1210.0	1253.0	302.0	334.0	1160.0	1143.0	1683.0	1771.0	4802.0	315.0	776.0	269.0	1906.0	824.0	316.0	815.0
c.1.8.1	138.66	56.181	88.155	125.24	15.23	118.58	43.425	38.131	86.426	32.629	-11.95	16.509	36.377	4.2742	-2.546	15.54	-10.293	-17.053	35.606	1.5019	9.8727	-9.2025	18.546	-9.5506	4.8272	-3.0041	8.9369	-29.529	28.858	-22.041	16.04	4346.0	1518.0	1433.0	1717.0	12203.0	4243.0	1021.0	871.0	1017.0	3098.0	4135.0	3356.0	1008.0	955.0	209.0	2812.0	723.0	2420.0	2955.0	722.0	240.0	28.0	133.0	3725.0	1371.0	1297.0	686.0	741.0	201.0	218.0	705.0	771.0	1103.0	1272.0	3776.0	237.0	486.0	171.0	1663.0	518.0	190.0	701.0
c.1.8.1	140.8	24.58	99.064	126.42	15.994	114.35	57.331	49.815	87.696	42.505	-10.743	32.746	48.873	6.6732	-22.574	28.0	2.7584	-46.456	28.145	-0.18242	11.063	10.846	15.203	-11.831	8.0616	10.941	-6.8754	-31.621	13.416	-9.6608	12.156	4666.0	1510.0	1529.0	1868.0	13072.0	4119.0	1153.0	745.0	971.0	3131.0	4226.0	3294.0	907.0	1037.0	146.0	3153.0	613.0	2685.0	2624.0	603.0	261.0	29.0	126.0	4053.0	1386.0	1253.0	866.0	788.0	201.0	184.0	714.0	721.0	1193.0	1443.0	3948.0	221.0	532.0	152.0	1833.0	539.0	216.0	787.0
c.1.8.1	151.68	58.951	51.233	122.75	22.036	112.59	26.558	7.8735	82.331	-8.8627	-15.057	-13.915	22.35	-12.193	4.2038	-3.8943	24.786	22.287	24.59	-28.792	-12.115	-11.306	3.5104	-3.7974	21.246	5.147	8.7542	-36.609	19.877	-7.7412	10.614	6431.0	2306.0	2107.0	2620.0	18968.0	6245.0	1685.0	1381.0	1399.0	5038.0	6420.0	5235.0	1772.0	1329.0	306.0	4634.0	1028.0	3449.0	4332.0	1125.0	346.0	46.0	170.0	5963.0	2327.0	2112.0	1187.0	1279.0	329.0	291.0	1151.0	1382.0	1784.0	2024.0	5930.0	345.0	817.0	264.0	2704.0	978.0	338.0	1163.0
c.1.8.1	151.47	179.3	121.64	139.99	33.399	120.34	50.593	46.066	86.05	32.01	-5.9912	25.593	30.004	39.508	-20.922	15.81	38.123	0.2736	16.533	-1.5831	-16.259	-5.8765	5.6028	-11.508	5.561	3.2543	22.572	-12.015	31.293	-67.575	-4.8822	5816.0	1859.0	1945.0	2217.0	16879.0	5096.0	1729.0	971.0	1044.0	4018.0	5572.0	4512.0	1365.0	1167.0	214.0	4127.0	943.0	3530.0	3472.0	728.0	340.0	34.0	162.0	5070.0	1833.0	1569.0	1037.0	909.0	253.0	235.0	950.0	886.0	1584.0	1766.0	4980.0	238.0	637.0	187.0	2246.0	608.0	265.0	931.0
c.1.8.1	156.95	-5.856	49.662	121.34	25.388	103.91	6.1975	12.555	78.862	10.684	-18.191	6.7629	14.794	7.3712	-6.7096	-6.0008	0.75201	-26.921	16.444	-2.7682	19.29	8.4174	1.5031	-4.2529	7.4652	-2.2708	-7.8691	-9.595	-2.402	-6.4368	7.5691	7192.0	2487.0	2336.0	2844.0	21509.0	7457.0	2034.0	1438.0	1664.0	5542.0	6894.0	6063.0	1619.0	1319.0	222.0	4988.0	1015.0	4435.0	4520.0	1368.0	389.0	57.0	192.0	6577.0	2412.0	2261.0	1273.0	1226.0	339.0	221.0	1201.0	1303.0	2073.0	2358.0	6606.0	301.0	888.0	250.0	2973.0	888.0	370.0	1252.0
c.1.8.1	135.18	37.196	95.449	128.26	19.56	119.71	60.598	57.262	93.728	50.03	-5.1127	36.289	67.137	10.718	-17.142	34.499	-9.6819	-43.761	34.083	-1.8215	14.578	1.4101	16.408	-0.36984	23.743	4.4187	-10.505	-28.888	20.137	-9.5427	11.559	4212.0	1530.0	1545.0	1637.0	11682.0	4254.0	1308.0	925.0	861.0	2914.0	4375.0	3578.0	1102.0	1021.0	166.0	3217.0	920.0	2809.0	2918.0	823.0	248.0	31.0	117.0	3647.0	1407.0	1264.0	941.0	782.0	199.0	216.0	787.0	848.0	1264.0	1454.0	3681.0	210.0	535.0	169.0	1493.0	549.0	231.0	669.0
c.1.8.1	135.18	52.088	80.213	127.29	15.766	119.55	72.151	46.988	89.068	37.151	-10.621	14.999	64.331	11.449	-15.91	23.697	5.947	-36.918	32.013	-11.28	-2.9604	10.352	20.495	-6.4405	6.3371	7.1569	-2.3925	-28.944	13.795	-9.5527	17.283	4584.0	1678.0	1698.0	1802.0	13175.0	4652.0	1603.0	1074.0	1201.0	3584.0	5109.0	3861.0	1311.0	1114.0	312.0	3623.0	958.0	3068.0	3186.0	873.0	280.0	45.0	151.0	4244.0	1607.0	1397.0	1070.0	1028.0	260.0	270.0	918.0	916.0	1393.0	1642.0	4175.0	252.0	651.0	219.0	1687.0	692.0	267.0	735.0
c.1.8.1	158.63	11.852	19.491	126.78	41.838	115.06	28.347	2.9991	88.096	-8.4507	-7.2881	-16.411	26.735	-4.666	-5.0237	-6.4057	10.335	-9.9037	15.529	-3.8036	10.583	7.0072	4.5328	9.8748	-5.3592	7.1359	-4.6092	-35.144	-14.487	-18.623	8.6466	6870.0	2626.0	2497.0	2739.0	18923.0	6853.0	2170.0	1626.0	1799.0	5684.0	6717.0	6080.0	2025.0	1519.0	307.0	5163.0	1389.0	4083.0	4554.0	1352.0	452.0	64.0	186.0	5980.0	2357.0	2355.0	1426.0	1376.0	357.0	340.0	1160.0	1312.0	2049.0	2144.0	5952.0	372.0	808.0	252.0	2550.0	956.0	377.0	1116.0
c.1.8.1	141.62	32.253	81.308	132.0	25.675	120.1	49.719	47.06	93.56	43.919	-4.1782	29.525	55.878	-1.619	0.54732	27.07	-11.623	-29.585	27.296	1.4501	4.1879	-17.651	11.83	-9.0637	5.1817	4.1609	-6.8575	-16.713	21.689	-21.357	9.9983	5536.0	2077.0	1974.0	2179.0	16245.0	6039.0	1924.0	1347.0	1503.0	4652.0	5859.0	4873.0	1526.0	1501.0	268.0	4205.0	1091.0	3515.0	3926.0	1069.0	329.0	49.0	193.0	5020.0	1916.0	1850.0	1240.0	1282.0	332.0	376.0	1158.0	1236.0	1617.0	1794.0	5124.0	345.0	702.0	294.0	2097.0	784.0	334.0	901.0
c.1.8.1	134.29	71.184	88.345	122.24	15.293	116.89	65.665	38.854	93.364	12.591	-9.1908	14.313	50.795	1.6202	-6.5449	14.759	2.3469	-25.451	38.488	-7.6374	-6.3088	-7.027	16.564	-7.3888	-1.0993	4.3536	9.6324	-28.205	27.281	-14.694	16.146	4570.0	1596.0	1568.0	1780.0	13633.0	4579.0	1500.0	1010.0	1119.0	3285.0	4760.0	3560.0	1011.0	975.0	248.0	3441.0	710.0	2819.0	3108.0	732.0	270.0	50.0	143.0	4259.0	1569.0	1293.0	929.0	892.0	270.0	207.0	867.0	856.0	1239.0	1531.0	4238.0	258.0	633.0	231.0	1735.0	654.0	257.0	724.0
c.1.8.1	139.98	69.84	65.343	131.04	28.67	124.84	61.16	29.143	97.137	-9.5049	0.80237	2.4257	62.397	8.9392	-25.847	2.1553	27.435	-42.448	32.946	-13.778	14.738	17.457	9.1945	-8.9012	10.066	12.08	9.4934	-37.935	20.529	-12.531	15.86	4838.0	1769.0	1786.0	1901.0	13839.0	4698.0	1528.0	971.0	1414.0	3646.0	5091.0	3843.0	1467.0	1212.0	278.0	3683.0	956.0	3105.0	3261.0	856.0	329.0	35.0	172.0	4184.0	1546.0	1374.0	1018.0	1087.0	271.0	258.0	937.0	921.0	1414.0	1513.0	4280.0	260.0	635.0	224.0	1739.0	700.0	250.0	764.0
c.1.8.1	141.04	48.937	103.62	135.01	29.628	124.69	47.705	36.368	95.777	39.224	-3.4611	24.218	29.48	14.114	-7.9704	11.686	-3.8523	-26.601	34.037	-12.627	25.466	-10.171	18.044	4.2167	27.523	-9.3292	0.50689	-21.649	21.43	-6.5844	10.414	5207.0	2072.0	1937.0	2046.0	15216.0	5876.0	1852.0	1262.0	1336.0	4496.0	5606.0	4746.0	1535.0	1386.0	237.0	4050.0	1092.0	3487.0	3895.0	1217.0	346.0	47.0	182.0	4713.0	1805.0	1830.0	1213.0	1150.0	333.0	272.0	1079.0	1334.0	1616.0	1758.0	4772.0	293.0	786.0	253.0	1805.0	799.0	312.0	812.0
c.1.8.1	164.17	28.6	67.68	114.95	36.972	101.25	36.525	29.889	77.381	16.604	-13.868	21.562	24.033	4.9614	-5.3745	11.96	-1.2507	-24.666	15.851	-3.096	8.0004	-0.40906	8.5466	-3.5573	8.0429	1.5794	0.48886	-16.142	15.815	-10.996	6.2238	8356.0	2624.0	2589.0	3236.0	25011.0	7647.0	2086.0	1375.0	1469.0	5860.0	7850.0	6356.0	1619.0	1607.0	241.0	5779.0	1283.0	4843.0	5173.0	1039.0	462.0	41.0	204.0	7579.0	2745.0	2401.0	1289.0	1264.0	259.0	284.0	1208.0	1292.0	2215.0	2609.0	7548.0	343.0	916.0	207.0	3450.0	972.0	323.0	1476.0
c.1.8.1	138.66	48.891	81.641	123.69	14.051	116.1	45.636	37.51	87.212	30.962	-11.82	17.103	36.919	4.6071	-4.9149	15.461	-7.4807	-22.31	30.0	-1.7579	10.609	-5.6781	13.338	-9.716	5.5765	-2.1029	4.088	-25.646	25.432	-20.536	13.86	4903.0	1866.0	1741.0	2012.0	14239.0	5355.0	1421.0	1169.0	1354.0	3993.0	5057.0	4281.0	1357.0	1278.0	246.0	3722.0	955.0	2924.0	3426.0	1032.0	281.0	31.0	153.0	4540.0	1696.0	1691.0	1113.0	1112.0	329.0	285.0	985.0	1087.0	1500.0	1611.0	4511.0	293.0	622.0	255.0	1918.0	747.0	291.0	863.0
c.1.8.1	138.05	54.013	109.07	136.37	29.449	125.93	60.136	43.495	97.574	46.723	-2.6514	29.479	36.397	17.29	-5.8869	18.515	-6.7485	-27.829	36.528	-6.3912	19.965	-8.8674	14.888	4.3038	30.723	-10.514	0.45694	-21.957	20.84	-3.2473	12.702	4952.0	1894.0	1800.0	1937.0	14457.0	5640.0	1648.0	1154.0	1174.0	4069.0	5238.0	4118.0	1434.0	1476.0	269.0	3801.0	958.0	3329.0	3586.0	998.0	281.0	49.0	177.0	4496.0	1725.0	1615.0	1095.0	1129.0	327.0	299.0	1062.0	1175.0	1402.0	1660.0	4651.0	307.0	699.0	254.0	1749.0	769.0	296.0	765.0
c.1.8.1	135.57	54.974	77.968	127.26	15.361	119.42	70.931	46.154	88.231	36.075	-8.9899	13.735	63.412	12.488	-18.021	22.715	10.406	-37.243	31.574	-13.436	-1.6056	12.134	21.52	-5.737	5.989	6.8147	-0.37126	-28.272	13.608	-9.0495	16.905	4340.0	1563.0	1621.0	1709.0	12205.0	4204.0	1494.0	923.0	1090.0	3288.0	4730.0	3591.0	1190.0	1013.0	232.0	3399.0	902.0	2869.0	2833.0	734.0	276.0	35.0	131.0	3840.0	1450.0	1289.0	973.0	922.0	218.0	245.0	804.0	800.0	1334.0	1503.0	3771.0	238.0	578.0	188.0	1581.0	598.0	242.0	682.0
c.1.8.1	144.46	54.325	79.243	126.95	26.052	119.44	48.204	38.179	93.198	33.105	-10.542	21.847	37.198	13.967	-14.4	14.781	-1.627	-30.536	27.891	8.1576	9.5005	7.5076	12.65	-6.5843	4.7737	-3.1034	6.2545	-13.087	22.849	-21.105	9.1457	5694.0	2164.0	2020.0	2213.0	16789.0	6265.0	1967.0	1383.0	1412.0	4447.0	5931.0	4854.0	1579.0	1534.0	227.0	4393.0	1056.0	3676.0	4081.0	1135.0	378.0	58.0	198.0	5163.0	2017.0	1868.0	1205.0	1249.0	337.0	308.0	1097.0	1275.0	1592.0	1914.0	5256.0	328.0	750.0	307.0	2041.0	898.0	332.0	886.0
c.1.8.1	126.93	68.141	140.54	127.1	5.3124	116.96	89.988	77.721	86.519	56.489	-12.532	45.008	65.834	35.994	-27.796	44.995	13.353	-49.289	50.814	18.97	-26.121	40.427	17.213	-14.608	8.1755	7.1841	18.044	-30.792	28.716	-5.9826	20.568	3698.0	1397.0	1298.0	1527.0	10595.0	3797.0	1130.0	809.0	900.0	2940.0	3715.0	3249.0	954.0	808.0	172.0	2689.0	610.0	2225.0	2572.0	708.0	201.0	31.0	127.0	3311.0	1319.0	1273.0	726.0	777.0	214.0	220.0	760.0	826.0	1125.0	1227.0	3441.0	219.0	483.0	171.0	1491.0	515.0	204.0	669.0
c.1.8.1	139.98	54.698	84.461	118.25	1.4569	106.93	57.892	39.057	77.481	16.83	-14.303	24.558	30.745	13.865	-14.861	15.232	8.3029	-26.727	27.021	-1.5897	-1.4913	11.374	11.011	-9.0496	-7.1594	-1.2125	9.8261	-22.742	26.776	-9.5713	3.7812	4840.0	1623.0	1689.0	1947.0	14126.0	4462.0	1498.0	805.0	1073.0	3215.0	5049.0	3947.0	1277.0	956.0	194.0	3753.0	934.0	2835.0	3021.0	746.0	271.0	43.0	138.0	4386.0	1586.0	1448.0	996.0	870.0	196.0	248.0	884.0	900.0	1442.0	1549.0	4344.0	255.0	623.0	173.0	2001.0	623.0	214.0	842.0
c.1.8.1	139.74	45.826	83.332	120.03	15.594	114.75	31.898	30.192	90.395	15.192	-10.223	6.1243	43.933	-1.0376	-23.443	8.9341	20.633	-38.36	28.336	-19.949	17.889	12.318	17.029	-9.7723	7.192	15.988	6.5819	-33.445	27.553	-16.548	6.1741	4947.0	1653.0	1795.0	1946.0	14596.0	4709.0	1504.0	909.0	1091.0	3493.0	5453.0	3952.0	1367.0	1177.0	212.0	3712.0	1103.0	3089.0	3141.0	656.0	320.0	44.0	161.0	4404.0	1606.0	1343.0	1089.0	1012.0	245.0	273.0	883.0	839.0	1564.0	1620.0	4462.0	268.0	639.0	212.0	1896.0	650.0	264.0	816.0
c.1.8.1	149.42	30.76	66.951	122.91	24.415	113.89	13.379	10.07	88.67	-4.7259	-11.206	-0.94106	17.301	-3.7142	-13.993	-7.0613	22.26	-15.596	23.933	-19.602	14.339	6.6301	12.326	-7.3779	1.9234	0.4616	-0.66013	-19.953	28.068	-17.501	4.7345	6121.0	2368.0	2267.0	2452.0	17811.0	6388.0	2238.0	1219.0	1690.0	4983.0	6561.0	5461.0	1939.0	1549.0	425.0	4720.0	1287.0	3668.0	4215.0	1188.0	419.0	61.0	175.0	5539.0	2161.0	2093.0	1283.0	1261.0	329.0	416.0	1204.0	1358.0	1828.0	1963.0	5496.0	376.0	810.0	304.0	2276.0	902.0	348.0	1000.0
c.1.8.1	137.32	18.84	87.464	116.55	0.2835	105.43	59.822	40.89	79.951	31.057	-14.951	21.006	36.392	-4.3165	-9.3245	20.858	1.2491	-30.762	30.563	-7.2256	21.395	-16.716	17.74	-9.3011	7.369	4.0965	-14.203	-24.193	22.986	-27.519	15.491	4546.0	1606.0	1530.0	1778.0	13080.0	4652.0	1278.0	848.0	957.0	3363.0	4428.0	3572.0	1196.0	1000.0	209.0	3215.0	744.0	2697.0	2972.0	740.0	261.0	34.0	150.0	3957.0	1492.0	1369.0	814.0	904.0	194.0	263.0	840.0	914.0	1197.0	1408.0	4025.0	232.0	533.0	174.0	1750.0	587.0	229.0	719.0
c.1.8.1	136.07	45.095	77.874	122.78	18.755	116.44	50.829	36.544	96.265	24.1	-5.4952	24.796	36.101	6.8089	-23.91	11.804	11.032	-43.695	37.137	-2.6573	19.361	14.484	19.794	-10.004	11.434	-10.983	-5.0866	-1.3952	22.696	-11.842	14.165	4657.0	1737.0	1795.0	1858.0	13585.0	4632.0	1794.0	1089.0	1206.0	3543.0	5127.0	3847.0	1300.0	1293.0	288.0	3718.0	903.0	3074.0	3143.0	808.0	317.0	64.0	174.0	4239.0	1563.0	1389.0	1058.0	949.0	265.0	321.0	1029.0	1022.0	1469.0	1652.0	4226.0	320.0	678.0	236.0	1731.0	674.0	283.0	744.0
c.1.8.1	139.74	75.566	67.564	132.04	30.265	125.83	62.084	29.701	98.915	-8.9734	0.24911	1.8426	63.792	10.087	-26.181	2.2432	26.898	-41.043	34.239	-12.157	13.879	17.335	9.5183	-9.1987	8.1063	13.593	13.43	-40.397	22.318	-11.028	15.536	4970.0	1784.0	1835.0	1958.0	14323.0	4887.0	1663.0	1058.0	1333.0	3656.0	5428.0	3889.0	1441.0	1218.0	268.0	3867.0	901.0	3220.0	3229.0	807.0	305.0	45.0	172.0	4466.0	1614.0	1410.0	1085.0	1079.0	247.0	287.0	1024.0	916.0	1521.0	1623.0	4518.0	262.0	707.0	231.0	1815.0	732.0	278.0	793.0
c.1.8.1	141.5	30.487	73.698	130.74	25.703	120.58	44.04	44.362	93.915	40.448	-5.9749	31.454	50.28	-4.85	4.036	24.817	-12.629	-31.226	29.066	0.0014579	7.2982	-18.871	12.965	-7.7307	2.3893	2.9403	-9.0558	-11.274	22.548	-20.695	10.27	5103.0	1817.0	1843.0	1967.0	14747.0	5150.0	1580.0	1116.0	1188.0	3862.0	5415.0	4103.0	1449.0	1391.0	261.0	3815.0	1021.0	3385.0	3363.0	870.0	316.0	43.0	167.0	4437.0	1594.0	1527.0	1101.0	1036.0	275.0	284.0	967.0	956.0	1438.0	1755.0	4517.0	278.0	611.0	221.0	1864.0	620.0	266.0	785.0
c.1.8.1	141.62	37.118	76.259	131.97	26.759	120.87	37.452	40.679	94.637	37.606	-8.0548	23.07	50.322	-2.9006	1.8137	20.668	-9.848	-27.704	30.274	-6.0577	13.121	-17.725	15.558	-8.18	9.1539	5.7236	-6.1872	-22.214	24.635	-17.296	11.855	5312.0	1921.0	1889.0	2072.0	15606.0	5443.0	1733.0	1248.0	1365.0	3929.0	5619.0	4264.0	1542.0	1462.0	258.0	3994.0	984.0	3371.0	3689.0	976.0	329.0	46.0	180.0	4753.0	1673.0	1629.0	1079.0	1128.0	308.0	331.0	1014.0	1103.0	1455.0	1789.0	4790.0	303.0	667.0	248.0	2016.0	690.0	308.0	853.0
c.1.8.1	126.78	68.226	139.25	126.14	3.7532	116.12	87.543	74.365	85.407	52.284	-11.172	42.747	61.593	34.41	-24.544	41.647	10.081	-45.455	50.071	18.931	-26.543	36.089	15.574	-16.289	1.4917	6.2425	18.127	-28.677	28.926	-5.6169	19.425	3353.0	1164.0	1173.0	1389.0	9254.0	3108.0	872.0	608.0	792.0	2467.0	3198.0	2636.0	832.0	734.0	150.0	2373.0	585.0	1900.0	2069.0	500.0	165.0	36.0	115.0	2932.0	1072.0	1031.0	642.0	614.0	166.0	188.0	570.0	538.0	974.0	1062.0	2940.0	188.0	375.0	140.0	1354.0	379.0	170.0	605.0
c.1.8.1	144.57	33.884	64.674	118.62	11.981	109.73	8.8254	12.944	84.756	1.8257	-16.268	11.967	5.5348	14.1	-19.881	-12.652	20.866	-21.521	25.368	-14.14	24.324	9.2594	7.5816	-7.9796	9.8604	-11.291	1.987	-5.5788	16.254	-0.69611	8.816	5399.0	1904.0	1863.0	2102.0	15461.0	5182.0	1520.0	1125.0	1352.0	4123.0	5402.0	4567.0	1380.0	1120.0	202.0	3896.0	895.0	3329.0	3440.0	978.0	371.0	38.0	178.0	4667.0	1779.0	1619.0	993.0	1003.0	284.0	235.0	902.0	902.0	1558.0	1671.0	4688.0	263.0	585.0	206.0	2113.0	650.0	264.0	885.0
c.1.8.1	138.66	48.802	80.497	123.87	13.484	116.45	44.305	36.747	86.182	30.333	-12.217	15.268	37.269	3.0913	-7.455	14.884	-6.4601	-22.42	30.221	-2.0208	11.873	-4.9352	15.632	-9.9149	5.4687	-1.0053	3.8275	-27.777	26.056	-22.12	13.643	4541.0	1633.0	1544.0	1763.0	12808.0	4578.0	1119.0	950.0	1129.0	3500.0	4427.0	3581.0	1141.0	1039.0	232.0	3120.0	806.0	2645.0	3103.0	854.0	260.0	30.0	171.0	3973.0	1352.0	1404.0	842.0	903.0	246.0	241.0	770.0	791.0	1206.0	1415.0	3955.0	222.0	501.0	193.0	1714.0	591.0	218.0	712.0
c.1.8.1	129.89	69.546	135.36	130.09	12.646	121.17	93.446	69.915	89.173	55.247	-8.688	37.341	67.336	31.786	-24.317	39.498	6.9654	-45.874	39.368	12.268	-13.603	27.343	20.275	-13.141	11.175	0.67796	7.0362	-28.957	24.835	-4.3407	17.028	3794.0	1412.0	1275.0	1498.0	10866.0	3808.0	1043.0	871.0	878.0	2963.0	3837.0	3145.0	964.0	800.0	170.0	2575.0	541.0	2310.0	2824.0	774.0	245.0	26.0	118.0	3365.0	1268.0	1245.0	646.0	670.0	193.0	204.0	704.0	756.0	1021.0	1115.0	3339.0	207.0	419.0	174.0	1434.0	455.0	200.0	611.0
c.1.8.1	150.14	66.625	43.317	122.11	19.681	112.22	26.236	8.0132	82.996	-9.0348	-12.789	-14.21	22.284	-9.7815	-4.772	-5.5966	22.137	22.933	24.939	-23.742	-12.211	-4.6979	2.1835	-2.4835	17.614	3.2987	15.174	-39.125	19.955	-10.491	9.5784	6078.0	2123.0	1977.0	2419.0	17441.0	5829.0	1540.0	1274.0	1248.0	4638.0	5955.0	4813.0	1435.0	1342.0	304.0	4464.0	895.0	3228.0	3950.0	1030.0	357.0	46.0	166.0	5530.0	2125.0	1900.0	1006.0	1122.0	265.0	308.0	1013.0	1161.0	1604.0	1855.0	5541.0	317.0	701.0	218.0	2438.0	785.0	303.0	1045.0
c.1.8.1	133.9	40.519	96.206	130.97	19.811	120.37	59.425	50.776	94.077	50.038	-6.8914	38.381	41.788	14.749	-0.75014	26.319	-9.7993	-32.239	36.452	2.4308	12.781	-13.862	14.373	-2.9664	22.68	-14.154	-9.9819	-2.4157	19.845	-6.9846	14.143	4257.0	1534.0	1537.0	1642.0	12144.0	4329.0	1363.0	876.0	994.0	3211.0	4415.0	3536.0	1218.0	1076.0	206.0	3139.0	840.0	2748.0	2883.0	725.0	283.0	40.0	124.0	3706.0	1377.0	1230.0	891.0	897.0	223.0	237.0	795.0	835.0	1208.0	1437.0	3759.0	205.0	506.0	186.0	1522.0	564.0	233.0	650.0
c.1.8.1	123.97	71.908	148.74	131.5	10.872	121.98	97.402	72.062	90.484	53.835	-10.271	37.286	70.987	28.937	-24.541	40.648	5.6998	-44.545	49.857	8.924	-17.197	26.741	19.108	-15.651	5.8063	6.5538	9.8094	-32.65	28.477	-8.5999	19.145	3427.0	1276.0	1143.0	1359.0	9741.0	3452.0	992.0	791.0	789.0	2606.0	3534.0	2678.0	901.0	717.0	199.0	2398.0	497.0	2033.0	2659.0	673.0	225.0	39.0	91.0	3065.0	1212.0	1145.0	581.0	664.0	172.0	203.0	604.0	698.0	894.0	1058.0	3097.0	183.0	392.0	153.0	1329.0	433.0	177.0	585.0
c.1.8.1	139.62	68.687	65.249	131.55	29.599	125.27	61.18	28.616	98.593	-10.41	-1.0651	3.093	62.066	8.3059	-24.759	1.5309	27.26	-42.149	34.147	-13.775	15.134	16.977	9.2084	-8.5738	8.4468	13.186	9.679	-38.745	20.785	-10.023	16.732	4898.0	1783.0	1842.0	1959.0	14074.0	4713.0	1667.0	1038.0	1353.0	3662.0	5471.0	4006.0	1562.0	1142.0	260.0	3867.0	1043.0	2997.0	3232.0	849.0	318.0	39.0	164.0	4421.0	1615.0	1394.0	1062.0	1041.0	260.0	284.0	1053.0	952.0	1548.0	1521.0	4447.0	281.0	685.0	232.0	1803.0	745.0	276.0	795.0
c.1.8.1	149.52	33.247	65.219	122.8	24.651	114.02	12.792	8.4644	88.726	-7.6655	-10.099	-2.1865	15.825	-2.7915	-14.722	-8.0572	24.111	-12.088	23.784	-20.299	12.474	7.2497	11.685	-6.6713	2.6665	-0.75894	-0.78976	-20.571	28.5	-18.486	5.0174	5873.0	2248.0	2174.0	2366.0	16621.0	5958.0	2062.0	1153.0	1526.0	4712.0	5995.0	5073.0	1793.0	1441.0	373.0	4411.0	1138.0	3573.0	3840.0	1105.0	360.0	77.0	195.0	5184.0	2059.0	1918.0	1231.0	1181.0	323.0	374.0	1132.0	1265.0	1779.0	1934.0	5290.0	346.0	750.0	276.0	2148.0	870.0	323.0	965.0
c.1.8.1	142.77	97.625	87.116	128.55	15.486	117.18	84.074	42.954	82.4	18.927	-12.612	19.416	41.167	28.475	-24.295	15.567	25.89	-22.114	23.582	-5.81	-0.24573	13.076	9.2202	-7.0373	19.156	-1.9009	12.396	-26.718	21.645	-20.004	3.3153	5180.0	1750.0	1783.0	2067.0	15095.0	4787.0	1481.0	942.0	1106.0	3769.0	5140.0	4309.0	1288.0	1046.0	258.0	3682.0	853.0	3173.0	3174.0	779.0	288.0	40.0	153.0	4707.0	1727.0	1523.0	1042.0	974.0	226.0	263.0	809.0	821.0	1486.0	1653.0	4595.0	240.0	616.0	208.0	2142.0	657.0	311.0	889.0
c.1.8.1	150.66	203.97	127.72	140.39	33.179	120.36	49.385	47.668	87.232	31.318	-8.3417	26.357	30.108	42.348	-23.364	15.981	40.484	7.4567	18.924	10.578	-17.792	-5.0294	-0.78906	-12.383	4.9519	1.3245	23.613	-17.146	29.633	-62.752	2.1494	6521.0	2170.0	2360.0	2529.0	19877.0	6254.0	2126.0	1242.0	1263.0	4830.0	6810.0	5584.0	1750.0	1610.0	303.0	5218.0	1175.0	4417.0	4179.0	883.0	382.0	47.0	196.0	6004.0	2164.0	1907.0	1442.0	1205.0	286.0	371.0	1342.0	1209.0	2044.0	2268.0	5985.0	347.0	938.0	275.0	2545.0	880.0	360.0	1064.0
c.1.8.1	141.85	29.672	88.769	122.92	18.657	116.61	37.442	31.599	89.965	17.466	-8.1782	16.238	37.526	-3.1071	-20.748	11.285	16.578	-43.071	27.888	-14.172	17.724	13.393	18.337	-10.555	-5.0471	12.255	-5.8683	-23.265	24.562	-20.81	9.5184	5135.0	1861.0	1769.0	2026.0	15051.0	5137.0	1571.0	1026.0	1192.0	4001.0	5284.0	4123.0	1286.0	1227.0	237.0	3583.0	933.0	3087.0	3505.0	951.0	318.0	40.0	185.0	4640.0	1754.0	1627.0	1063.0	1092.0	277.0	252.0	859.0	1032.0	1481.0	1634.0	4633.0	263.0	618.0	225.0	2001.0	734.0	270.0	847.0
c.1.8.1	138.66	51.797	80.015	122.53	13.285	115.9	42.633	36.695	86.84	28.897	-10.763	15.92	36.672	3.6727	-4.482	14.472	-8.8267	-22.362	31.568	1.4122	10.801	-4.8916	14.386	-9.4091	2.0425	-1.1006	6.272	-27.774	28.121	-21.429	12.925	4642.0	1756.0	1617.0	1877.0	13058.0	4773.0	1353.0	1033.0	1222.0	3704.0	4514.0	3972.0	1156.0	1098.0	262.0	3412.0	805.0	2692.0	3034.0	977.0	282.0	45.0	138.0	4086.0	1571.0	1522.0	994.0	963.0	303.0	225.0	752.0	933.0	1316.0	1516.0	4169.0	244.0	550.0	192.0	1802.0	702.0	271.0	782.0
c.1.8.1	153.97	55.315	40.176	120.27	21.596	110.08	26.458	9.0078	78.967	-6.5975	-12.296	-10.906	21.836	-8.5649	-3.0856	-4.5309	20.543	15.049	21.074	-22.005	-8.8236	-5.4796	7.7407	-3.0934	15.816	2.0163	9.2674	-34.041	14.441	-14.726	9.7457	6344.0	2198.0	2023.0	2527.0	18442.0	6144.0	1481.0	1197.0	1331.0	4779.0	6203.0	4965.0	1543.0	1305.0	279.0	4516.0	938.0	3599.0	4208.0	1085.0	366.0	50.0	165.0	5801.0	2159.0	2025.0	1080.0	1185.0	281.0	267.0	1069.0	1224.0	1676.0	1904.0	5757.0	315.0	756.0	238.0	2546.0	882.0	313.0	1096.0
c.1.8.1	138.54	42.154	87.974	130.15	21.215	120.21	41.717	36.027	91.233	33.854	-6.4338	15.873	38.897	-7.6345	9.828	16.333	-12.279	-13.732	33.751	-5.0515	12.976	-22.356	20.116	-10.27	-2.7	4.4122	1.7048	-29.757	25.537	-21.968	17.686	4750.0	1759.0	1753.0	1876.0	13600.0	4919.0	1511.0	1094.0	1199.0	3786.0	4972.0	4122.0	1379.0	1357.0	286.0	3386.0	1065.0	3021.0	3177.0	827.0	296.0	45.0	149.0	4199.0	1554.0	1530.0	1014.0	987.0	257.0	355.0	925.0	985.0	1386.0	1537.0	4202.0	262.0	567.0	222.0	1796.0	587.0	280.0	767.0
c.1.8.1	142.08	9.924	89.749	126.96	15.915	113.35	56.849	41.636	86.773	32.692	-8.6684	24.476	46.672	-7.468	-16.078	22.956	-2.0716	-41.671	25.449	1.3857	8.0258	3.7517	9.4881	-10.09	-4.4201	9.2668	-12.717	-28.22	1.8178	-7.8831	13.445	5123.0	1756.0	1827.0	2021.0	14696.0	5131.0	1419.0	996.0	1086.0	3757.0	5338.0	4153.0	1301.0	1340.0	207.0	4048.0	1017.0	3354.0	3158.0	744.0	285.0	45.0	152.0	4520.0	1608.0	1504.0	1095.0	971.0	193.0	300.0	1008.0	979.0	1548.0	1757.0	4510.0	270.0	652.0	206.0	1995.0	705.0	249.0	846.0
c.1.8.1	140.1	59.886	65.112	132.03	30.158	125.67	55.833	27.576	98.399	-8.8721	-1.2584	2.0838	62.224	3.5262	-22.661	2.3832	24.863	-42.472	33.564	-12.119	15.041	16.624	11.284	-8.7406	7.1825	13.643	2.8987	-38.048	23.008	-12.287	14.946	5037.0	1820.0	1862.0	1970.0	14556.0	4912.0	1671.0	1066.0	1396.0	3759.0	5458.0	3979.0	1561.0	1223.0	287.0	3911.0	1084.0	3265.0	3332.0	854.0	320.0	47.0	185.0	4529.0	1625.0	1442.0	1080.0	1122.0	264.0	300.0	988.0	920.0	1510.0	1598.0	4589.0	276.0	682.0	237.0	1821.0	750.0	293.0	796.0
c.1.8.1	157.8	4.6655	61.977	125.88	35.257	114.09	43.172	34.467	82.278	32.235	-14.16	31.137	25.703	-0.99377	-3.7221	16.29	-11.611	-33.604	17.757	12.569	9.6047	0.12098	0.087525	-5.7739	-2.4144	-5.1928	-10.282	-3.7146	-5.1665	-4.2046	10.882	7268.0	2657.0	2567.0	2793.0	21238.0	7687.0	2446.0	1687.0	1747.0	5791.0	7719.0	6157.0	1811.0	1677.0	329.0	5589.0	1364.0	4593.0	5014.0	1382.0	496.0	56.0	223.0	6504.0	2535.0	2316.0	1471.0	1379.0	338.0	338.0	1374.0	1584.0	2157.0	2473.0	6573.0	385.0	919.0	297.0	2638.0	997.0	367.0	1128.0
c.1.8.1	140.1	60.037	65.069	131.13	29.288	125.04	55.713	27.828	97.817	-8.8092	-3.1803	2.3314	62.122	3.4012	-22.64	2.7562	24.947	-42.349	33.829	-12.621	15.051	16.403	11.41	-8.4052	7.3947	13.686	3.0938	-38.07	23.037	-11.947	15.149	5230.0	1932.0	1979.0	2046.0	15383.0	5191.0	1907.0	1115.0	1484.0	4007.0	5915.0	4365.0	1714.0	1345.0	284.0	4231.0	1119.0	3433.0	3530.0	903.0	336.0	52.0	191.0	4832.0	1778.0	1553.0	1190.0	1256.0	277.0	326.0	1130.0	1035.0	1666.0	1790.0	4879.0	294.0	774.0	275.0	1887.0	826.0	309.0	820.0
c.1.8.1	138.54	41.419	89.121	129.97	21.203	120.39	42.304	36.401	91.168	34.038	-8.7717	15.334	40.688	-8.8926	9.898	17.103	-12.296	-13.794	33.698	-6.4824	12.919	-23.144	20.313	-9.9038	-2.1408	6.5146	0.99421	-31.452	24.307	-22.898	17.981	4831.0	1805.0	1770.0	1896.0	13959.0	5072.0	1556.0	1054.0	1298.0	3848.0	5044.0	4244.0	1380.0	1399.0	270.0	3525.0	1070.0	3026.0	3308.0	925.0	334.0	40.0	137.0	4285.0	1621.0	1563.0	1029.0	1021.0	258.0	325.0	954.0	989.0	1420.0	1620.0	4312.0	254.0	591.0	222.0	1829.0	606.0	297.0	773.0
c.1.8.1	141.5	30.143	74.102	131.77	26.635	121.09	44.658	43.414	94.5	39.157	-6.1755	30.296	50.6	-5.2807	1.8363	23.958	-11.003	-32.019	28.931	-2.2198	8.3525	-17.581	13.754	-7.9847	3.3306	2.8751	-9.3053	-12.72	23.476	-21.094	10.161	5304.0	1955.0	1949.0	2041.0	15537.0	5675.0	1898.0	1282.0	1334.0	4122.0	5780.0	4420.0	1618.0	1585.0	321.0	4096.0	1112.0	3592.0	3664.0	1008.0	335.0	49.0	186.0	4707.0	1765.0	1669.0	1226.0	1139.0	314.0	338.0	1077.0	1102.0	1514.0	1867.0	4792.0	279.0	684.0	252.0	1966.0	706.0	306.0	815.0
c.1.8.1	141.04	47.93	103.98	134.6	29.341	124.38	47.472	36.491	95.715	39.446	-2.92	25.087	28.951	14.071	-7.1178	11.787	-5.0929	-27.41	34.328	-11.94	26.42	-10.52	18.087	4.3537	27.262	-9.8888	-0.6978	-20.637	21.741	-6.5472	10.31	5040.0	1979.0	1866.0	1978.0	14619.0	5466.0	1763.0	1131.0	1279.0	4236.0	5198.0	4463.0	1459.0	1346.0	228.0	3932.0	1055.0	3322.0	3606.0	1156.0	331.0	39.0	189.0	4485.0	1727.0	1689.0	1164.0	1101.0	319.0	264.0	1052.0	1227.0	1500.0	1652.0	4563.0	280.0	744.0	254.0	1743.0	766.0	305.0	759.0
c.1.8.3	128.78	114.27	133.88	128.96	10.067	118.55	89.859	67.322	89.466	38.732	-7.2697	56.765	35.615	37.063	-13.574	34.761	17.5	-15.14	48.356	16.211	-35.761	18.86	24.462	-6.4723	6.5824	-10.631	26.429	-31.014	29.139	-10.305	15.089	3656.0	1254.0	1241.0	1449.0	10365.0	3453.0	1117.0	705.0	848.0	2585.0	3525.0	2819.0	860.0	666.0	124.0	2584.0	569.0	2246.0	2278.0	601.0	206.0	41.0	118.0	3242.0	1132.0	1082.0	676.0	672.0	144.0	161.0	627.0	661.0	1000.0	1091.0	3203.0	155.0	451.0	143.0	1442.0	478.0	179.0	605.0
c.1.8.3	128.07	42.603	105.35	128.29	6.0977	115.51	103.93	61.529	87.203	45.47	-12.795	47.724	43.54	16.834	-17.039	35.707	-10.467	-39.875	36.415	14.552	-12.727	14.139	16.727	-11.574	6.6569	-14.12	-16.974	-13.257	29.775	-23.139	5.8515	4077.0	1482.0	1429.0	1660.0	11910.0	4224.0	1275.0	973.0	1011.0	3159.0	4340.0	3428.0	1162.0	1029.0	209.0	2941.0	763.0	2572.0	2896.0	652.0	205.0	32.0	156.0	3894.0	1534.0	1375.0	821.0	790.0	203.0	265.0	832.0	917.0	1168.0	1290.0	3803.0	260.0	556.0	219.0	1680.0	599.0	227.0	723.0
c.1.8.3	128.49	43.939	136.62	134.89	14.255	119.23	108.84	67.42	92.707	65.018	-5.2357	37.622	63.623	26.043	-20.594	38.105	4.9991	-43.53	52.251	-2.7258	-17.913	24.703	16.186	-4.6245	22.096	14.811	7.7996	-35.514	28.428	-20.225	24.647	3605.0	1316.0	1163.0	1392.0	10109.0	3409.0	1025.0	802.0	817.0	2868.0	3331.0	2804.0	975.0	738.0	197.0	2364.0	508.0	1902.0	2490.0	627.0	204.0	34.0	125.0	3104.0	1207.0	1132.0	611.0	724.0	190.0	194.0	602.0	689.0	838.0	982.0	3129.0	155.0	377.0	162.0	1399.0	461.0	161.0	562.0
c.1.8.3	128.21	63.865	147.17	139.34	21.049	125.61	127.69	91.879	97.116	82.99	-7.624	51.267	97.961	46.286	-22.641	58.779	21.763	-65.345	55.119	19.697	-42.214	59.78	16.895	-11.199	24.248	18.817	18.606	-39.402	31.311	-29.147	22.1	4105.0	1464.0	1502.0	1577.0	12462.0	4328.0	1441.0	895.0	1035.0	3187.0	4565.0	3515.0	1240.0	1142.0	263.0	3142.0	823.0	2877.0	2942.0	660.0	278.0	34.0	162.0	3744.0	1421.0	1241.0	918.0	787.0	236.0	244.0	772.0	795.0	1228.0	1506.0	3790.0	220.0	547.0	210.0	1555.0	554.0	227.0	640.0
c.1.8.3	132.32	48.581	121.17	124.06	3.0345	110.58	85.624	61.975	82.293	42.193	-9.8626	43.197	42.229	21.133	-16.094	35.822	-3.1201	-32.289	39.445	2.837	-15.322	16.72	7.6069	-9.4502	21.017	6.7808	6.3627	-37.414	30.622	-17.663	19.063	4134.0	1477.0	1412.0	1619.0	11950.0	4014.0	1232.0	806.0	879.0	3007.0	4147.0	3470.0	1070.0	901.0	170.0	2967.0	689.0	2550.0	2793.0	702.0	273.0	36.0	146.0	3613.0	1475.0	1336.0	743.0	659.0	199.0	196.0	684.0	843.0	1174.0	1303.0	3616.0	207.0	462.0	159.0	1647.0	480.0	197.0	692.0
c.1.8.3	135.69	106.3	126.95	142.52	33.752	130.97	107.36	58.758	101.26	50.195	-1.1498	27.655	72.761	33.046	-11.708	29.543	19.953	-40.911	31.695	-11.032	-10.175	1.5709	17.402	-16.015	-11.453	17.279	21.234	-27.509	30.221	-36.822	9.3969	4475.0	1690.0	1761.0	1736.0	12838.0	4687.0	1689.0	987.0	1080.0	3484.0	5091.0	4041.0	1505.0	1384.0	353.0	3604.0	1113.0	2961.0	3190.0	779.0	276.0	46.0	163.0	3898.0	1408.0	1398.0	1087.0	948.0	289.0	350.0	873.0	979.0	1416.0	1559.0	3868.0	260.0	583.0	222.0	1610.0	577.0	279.0	670.0
c.1.8.3	138.42	139.26	105.77	134.18	18.27	122.25	117.2	67.318	84.332	55.234	-5.565	26.889	63.399	45.598	-4.487	34.606	32.446	-13.052	37.604	10.063	-20.11	5.8708	28.359	-0.4341	-3.5265	13.47	37.434	-33.425	32.147	-28.279	9.3069	4709.0	1738.0	1529.0	1849.0	13496.0	4698.0	1419.0	1105.0	1202.0	3804.0	4477.0	3921.0	1089.0	974.0	172.0	3113.0	670.0	2694.0	3329.0	876.0	261.0	28.0	157.0	4240.0	1740.0	1582.0	819.0	853.0	226.0	203.0	844.0	1008.0	1235.0	1443.0	4132.0	218.0	569.0	187.0	1828.0	627.0	223.0	777.0
c.1.8.3	126.64	83.214	139.58	143.53	24.615	129.52	136.88	79.165	99.573	73.691	-6.3554	54.452	67.832	48.919	-1.6904	41.035	35.269	-38.836	44.075	11.483	-46.98	29.424	-6.3659	-19.267	16.526	7.5915	24.993	-3.8128	31.401	-37.931	17.619	3708.0	1302.0	1303.0	1490.0	10628.0	3521.0	1190.0	719.0	899.0	2819.0	3923.0	2960.0	1027.0	775.0	215.0	2533.0	690.0	2262.0	2444.0	598.0	210.0	32.0	126.0	3354.0	1247.0	1121.0	693.0	746.0	170.0	264.0	685.0	677.0	1058.0	1142.0	3395.0	219.0	520.0	157.0	1475.0	501.0	172.0	634.0
c.1.8.3	129.61	41.702	116.86	128.1	5.6103	112.74	91.289	60.587	86.262	43.551	-13.203	50.677	36.8	21.873	-19.703	34.187	-4.1281	-41.986	31.486	11.389	-2.5593	14.297	14.537	-9.8736	5.3199	-9.4865	-11.885	-23.216	15.056	-13.106	9.6868	4054.0	1405.0	1337.0	1658.0	11849.0	4056.0	1109.0	899.0	882.0	2847.0	4014.0	3138.0	962.0	989.0	173.0	2741.0	561.0	2409.0	2788.0	583.0	176.0	23.0	151.0	3825.0	1490.0	1282.0	755.0	762.0	189.0	218.0	783.0	818.0	1106.0	1276.0	3779.0	227.0	515.0	195.0	1702.0	557.0	228.0	729.0
c.1.8.3	132.59	77.505	139.86	134.31	18.755	124.01	76.977	52.571	90.188	44.336	-7.8128	36.057	34.173	28.489	-19.138	23.619	11.284	-22.89	30.969	7.8049	-14.05	6.3577	5.8005	-16.204	16.893	0.65496	13.055	-35.053	25.572	-20.509	2.3732	4096.0	1510.0	1535.0	1646.0	11560.0	3919.0	1294.0	865.0	1112.0	3146.0	4465.0	3664.0	1233.0	1094.0	220.0	3184.0	763.0	2511.0	2722.0	734.0	257.0	40.0	140.0	3641.0	1400.0	1327.0	864.0	843.0	222.0	265.0	824.0	826.0	1275.0	1270.0	3598.0	218.0	520.0	205.0	1639.0	537.0	193.0	677.0
c.1.8.3	135.69	59.432	117.74	140.97	31.379	126.46	135.34	74.756	101.33	72.64	-1.1987	46.339	78.477	38.97	-21.741	41.892	24.859	-51.849	37.642	11.154	-24.546	27.65	6.0767	-9.6251	22.834	14.973	16.477	-25.603	21.836	-16.707	11.079	4480.0	1672.0	1630.0	1756.0	13037.0	4740.0	1474.0	901.0	1217.0	3614.0	4705.0	3854.0	1231.0	1060.0	216.0	3571.0	763.0	2877.0	3135.0	871.0	254.0	37.0	149.0	4030.0	1507.0	1427.0	936.0	943.0	237.0	269.0	892.0	963.0	1337.0	1447.0	4030.0	272.0	621.0	227.0	1653.0	640.0	262.0	701.0
c.1.8.3	128.78	109.73	134.38	130.62	12.494	120.36	89.991	65.757	90.904	39.163	-5.7176	58.433	34.459	35.564	-12.658	33.877	15.324	-17.118	46.63	14.238	-34.254	17.751	21.768	-8.1552	6.3384	-11.065	25.65	-27.848	29.434	-11.84	14.024	3431.0	1063.0	1109.0	1382.0	9316.0	2919.0	835.0	622.0	680.0	2158.0	3135.0	2329.0	642.0	619.0	79.0	2375.0	485.0	1945.0	1900.0	433.0	159.0	15.0	96.0	2979.0	978.0	866.0	612.0	570.0	119.0	120.0	550.0	540.0	936.0	1022.0	2986.0	154.0	405.0	114.0	1381.0	377.0	135.0	594.0
c.1.8.3	128.64	108.57	141.14	139.63	19.775	126.88	113.15	60.125	92.999	34.141	-7.5004	36.673	59.009	26.642	-8.5748	31.012	4.9715	-32.533	46.426	6.496	-28.747	17.459	-13.397	-10.636	-6.1133	13.174	25.974	-23.767	32.494	-28.978	14.07	4214.0	1540.0	1437.0	1664.0	13021.0	4523.0	1431.0	996.0	1011.0	3165.0	4334.0	3494.0	1170.0	918.0	208.0	3218.0	713.0	2768.0	3025.0	770.0	207.0	38.0	148.0	4013.0	1588.0	1415.0	882.0	926.0	217.0	263.0	854.0	984.0	1225.0	1348.0	4052.0	230.0	559.0	207.0	1678.0	682.0	214.0	699.0
c.1.8.3	141.74	40.809	120.74	127.02	10.957	110.19	95.904	77.625	82.613	62.472	-12.538	46.826	62.959	32.321	-37.575	49.285	15.767	-63.459	35.591	8.2779	-12.238	50.44	10.417	-5.0318	26.039	-1.4697	-3.5112	-15.594	-2.6352	8.2154	17.938	5303.0	1910.0	1927.0	2071.0	15350.0	5532.0	1828.0	1232.0	1475.0	3999.0	5511.0	4639.0	1477.0	1447.0	258.0	4063.0	1050.0	3541.0	3503.0	996.0	312.0	42.0	194.0	4783.0	1835.0	1663.0	1116.0	1043.0	265.0	288.0	1041.0	1086.0	1602.0	1839.0	4873.0	277.0	717.0	226.0	2001.0	725.0	275.0	866.0
c.1.8.3	132.32	90.911	147.41	136.37	20.854	124.9	81.051	54.548	92.035	45.28	-8.1231	37.255	35.418	31.727	-20.967	24.626	16.55	-21.404	32.712	7.7371	-15.381	7.5208	10.182	-15.491	15.866	-1.051	17.392	-35.898	25.615	-20.786	2.3789	4390.0	1690.0	1683.0	1771.0	12715.0	4367.0	1585.0	1016.0	1167.0	3551.0	4837.0	4139.0	1447.0	1187.0	260.0	3654.0	905.0	2647.0	3027.0	820.0	295.0	46.0	155.0	3998.0	1616.0	1456.0	994.0	946.0	249.0	309.0	955.0	1022.0	1411.0	1474.0	3993.0	285.0	597.0	256.0	1740.0	637.0	255.0	722.0
c.1.8.3	132.32	85.506	146.64	135.69	20.21	124.33	80.247	54.741	91.801	45.837	-8.3045	37.769	35.279	31.38	-21.392	25.004	16.06	-23.5	32.438	7.9055	-15.117	8.8194	10.16	-15.456	15.637	-0.52036	16.369	-35.848	24.768	-21.164	3.3098	4265.0	1610.0	1631.0	1764.0	12072.0	4049.0	1434.0	927.0	1152.0	3416.0	4557.0	3995.0	1376.0	1090.0	253.0	3560.0	854.0	2591.0	2717.0	780.0	256.0	44.0	145.0	3907.0	1532.0	1413.0	973.0	921.0	266.0	295.0	938.0	998.0	1373.0	1394.0	3883.0	268.0	597.0	234.0	1744.0	595.0	240.0	738.0
c.1.8.3	128.21	31.14	103.94	127.33	4.9114	115.58	106.5	61.674	85.716	47.318	-14.109	47.27	44.898	11.828	-19.442	36.652	-15.505	-41.899	38.032	17.588	-9.9788	16.036	18.247	-11.853	6.6849	-17.005	-19.404	-10.853	30.598	-21.635	7.1233	4207.0	1508.0	1479.0	1675.0	12545.0	4369.0	1357.0	986.0	1016.0	3211.0	4476.0	3529.0	1133.0	1145.0	212.0	3044.0	748.0	2778.0	3007.0	683.0	239.0	41.0	188.0	3980.0	1595.0	1371.0	865.0	854.0	201.0	250.0	854.0	910.0	1259.0	1354.0	3961.0	254.0	573.0	216.0	1742.0	600.0	229.0	728.0
c.1.8.3	126.78	54.755	129.88	131.98	15.073	120.88	106.7	58.39	96.224	59.941	1.0922	35.581	47.496	29.031	-18.885	28.994	14.893	-34.635	44.66	-1.6521	-10.779	13.298	9.3149	-9.0305	22.141	9.7891	14.917	-29.565	22.669	-18.96	20.201	3388.0	1355.0	1218.0	1402.0	9228.0	3677.0	993.0	887.0	1051.0	2624.0	3294.0	2638.0	1158.0	835.0	265.0	2475.0	570.0	1877.0	2224.0	741.0	188.0	34.0	100.0	2950.0	1225.0	1175.0	663.0	741.0	235.0	226.0	722.0	839.0	892.0	999.0	2958.0	204.0	486.0	158.0	1267.0	528.0	212.0	547.0
c.1.8.3	132.06	28.97	99.006	123.9	3.0235	110.57	83.495	43.422	82.737	28.631	-11.911	39.017	22.723	7.5081	-6.7251	18.955	-8.0556	-28.448	36.627	9.5519	5.8613	-2.2519	11.153	-7.0755	0.64843	-17.324	-14.328	-2.6739	18.915	-5.7945	12.546	4273.0	1488.0	1411.0	1709.0	12662.0	4281.0	1349.0	932.0	910.0	3145.0	4213.0	3381.0	968.0	1008.0	183.0	2960.0	627.0	2668.0	2844.0	642.0	219.0	28.0	152.0	4006.0	1509.0	1322.0	752.0	775.0	197.0	232.0	809.0	830.0	1150.0	1361.0	3987.0	244.0	515.0	214.0	1731.0	590.0	233.0	741.0
c.1.8.3	124.57	134.06	157.14	139.83	23.606	132.34	108.08	91.976	99.091	71.34	-3.6811	74.529	70.71	56.144	-30.834	54.075	39.697	-56.317	46.154	34.199	-28.419	50.841	22.745	-11.623	10.89	-18.488	23.152	-5.8168	30.932	-37.059	13.297	3390.0	1211.0	1134.0	1313.0	9349.0	3309.0	993.0	766.0	850.0	2575.0	3269.0	2608.0	871.0	703.0	173.0	2374.0	529.0	2076.0	2286.0	597.0	216.0	32.0	110.0	2982.0	1068.0	985.0	592.0	675.0	198.0	153.0	576.0	557.0	785.0	1024.0	3004.0	166.0	399.0	136.0	1267.0	433.0	160.0	536.0
c.1.8.3	128.21	50.699	112.26	128.4	6.1589	113.94	97.803	64.449	88.06	46.739	-12.352	45.77	49.367	23.858	-15.842	36.681	-2.6555	-38.958	37.219	12.751	-15.316	15.094	15.306	-11.8	10.969	-0.87722	-9.0974	-27.414	27.318	-21.645	12.066	3923.0	1362.0	1334.0	1559.0	11434.0	3950.0	1158.0	837.0	909.0	2854.0	4123.0	3144.0	1037.0	974.0	183.0	2699.0	658.0	2548.0	2669.0	579.0	217.0	27.0	144.0	3659.0	1377.0	1233.0	711.0	706.0	170.0	204.0	733.0	733.0	1080.0	1247.0	3616.0	223.0	477.0	191.0	1572.0	509.0	201.0	671.0
c.1.8.3	138.3	141.15	104.63	138.53	27.237	130.05	99.157	63.089	89.588	61.561	-6.7758	28.47	60.105	45.921	-20.179	29.551	36.993	-29.527	33.759	-3.3413	-30.709	18.501	18.672	-9.2661	16.166	11.87	32.122	-21.12	29.496	-45.161	8.1332	4868.0	1854.0	1828.0	1937.0	14002.0	5000.0	1490.0	1233.0	1392.0	4135.0	5100.0	4367.0	1432.0	1313.0	310.0	4092.0	983.0	3082.0	3270.0	954.0	288.0	48.0	203.0	4416.0	1729.0	1564.0	1077.0	1096.0	303.0	353.0	1065.0	1026.0	1518.0	1622.0	4488.0	308.0	646.0	262.0	1834.0	706.0	271.0	800.0
c.1.8.3	133.9	55.819	130.77	137.45	23.646	124.97	120.24	84.959	93.559	79.385	-2.7517	52.174	82.226	42.161	-33.847	53.042	24.183	-74.221	36.695	4.9932	-25.842	52.36	0.68022	-13.873	21.727	17.147	12.95	-19.617	19.225	-20.858	10.991	4393.0	1597.0	1502.0	1668.0	12937.0	4674.0	1470.0	939.0	1210.0	3378.0	4690.0	3529.0	1167.0	1040.0	250.0	3108.0	691.0	2863.0	3239.0	842.0	264.0	38.0	148.0	3999.0	1529.0	1394.0	872.0	901.0	258.0	230.0	858.0	886.0	1178.0	1412.0	3914.0	202.0	569.0	199.0	1625.0	584.0	227.0	662.0
c.1.8.3	136.82	82.741	148.73	136.4	18.563	122.92	73.183	60.489	84.783	54.646	-8.639	42.416	34.746	38.803	-25.696	29.725	30.276	-28.911	36.289	9.8181	-18.944	20.188	11.093	-9.5921	17.707	-14.71	18.105	8.2122	27.159	-18.192	13.24	4792.0	1648.0	1676.0	1861.0	13865.0	4662.0	1406.0	1059.0	1016.0	3442.0	4865.0	3769.0	1356.0	1210.0	237.0	3795.0	905.0	3068.0	3205.0	699.0	285.0	39.0	175.0	4397.0	1643.0	1376.0	914.0	894.0	207.0	287.0	915.0	865.0	1316.0	1569.0	4285.0	238.0	602.0	216.0	1905.0	592.0	253.0	765.0
c.1.8.3	137.32	-18.564	89.969	122.52	8.4401	109.86	71.583	32.147	85.407	26.122	-10.529	44.866	0.75961	15.611	11.481	2.7696	-22.584	-47.998	32.627	15.355	52.029	-16.226	9.0319	-5.9365	-12.091	-24.425	-19.104	23.304	23.767	-15.355	9.1762	4766.0	1759.0	1662.0	1935.0	13991.0	4896.0	1571.0	1065.0	1292.0	3765.0	4581.0	4067.0	1273.0	1041.0	189.0	3335.0	743.0	2952.0	3202.0	854.0	263.0	38.0	189.0	4463.0	1703.0	1620.0	905.0	955.0	247.0	257.0	980.0	1023.0	1377.0	1501.0	4396.0	271.0	646.0	232.0	1966.0	668.0	279.0	821.0
c.1.8.3	137.19	40.312	119.2	130.39	15.465	117.47	96.366	66.461	86.704	54.925	-11.946	37.489	66.487	25.018	-30.382	39.023	-2.5808	-65.923	32.559	14.156	-13.347	39.904	-7.4963	-10.292	10.589	11.262	-10.366	-22.699	21.866	-19.729	11.168	4878.0	1680.0	1624.0	1886.0	14685.0	4875.0	1374.0	982.0	1126.0	3688.0	4994.0	3966.0	1157.0	1075.0	218.0	3632.0	775.0	3107.0	3334.0	832.0	271.0	51.0	164.0	4557.0	1676.0	1496.0	922.0	920.0	253.0	224.0	869.0	920.0	1321.0	1562.0	4424.0	203.0	590.0	201.0	1974.0	602.0	247.0	803.0
c.1.8.3	128.07	41.53	109.4	126.36	4.2344	114.52	106.55	66.415	86.135	47.432	-14.325	49.051	49.158	20.183	-21.645	38.988	-8.9164	-45.353	37.463	14.767	-7.3727	18.158	19.426	-12.457	5.1811	-12.333	-15.978	-17.239	29.206	-21.162	9.3065	4123.0	1407.0	1467.0	1630.0	12245.0	4168.0	1279.0	838.0	920.0	2945.0	4577.0	3432.0	1097.0	1103.0	204.0	3085.0	831.0	2825.0	2934.0	569.0	237.0	39.0	172.0	3973.0	1456.0	1283.0	838.0	792.0	183.0	231.0	791.0	786.0	1284.0	1355.0	3885.0	254.0	518.0	211.0	1679.0	569.0	191.0	700.0
c.1.8.3	126.93	64.871	141.73	143.55	24.44	128.44	135.24	75.798	99.907	71.194	-6.7072	54.801	64.707	42.915	-8.9986	40.271	22.402	-43.496	43.807	19.978	-38.961	34.216	-14.532	-18.527	21.078	5.7042	17.024	-14.738	30.787	-31.013	16.535	3967.0	1431.0	1422.0	1591.0	11788.0	3960.0	1432.0	854.0	975.0	3126.0	4437.0	3396.0	1090.0	928.0	234.0	2977.0	759.0	2511.0	2830.0	663.0	239.0	49.0	145.0	3819.0	1439.0	1270.0	845.0	844.0	202.0	257.0	812.0	888.0	1170.0	1340.0	3806.0	246.0	587.0	199.0	1548.0	584.0	196.0	690.0
c.1.8.3	134.16	100.2	119.11	134.07	18.734	121.85	85.925	43.359	89.805	19.652	-5.5203	28.24	33.5	22.517	-22.013	14.691	23.949	-17.275	38.077	-5.0742	-10.432	11.198	12.519	-11.027	-6.6038	-6.7022	23.199	-22.274	32.685	-33.837	15.767	4478.0	1620.0	1531.0	1752.0	13299.0	4870.0	1461.0	1089.0	1147.0	3373.0	4490.0	3573.0	1111.0	848.0	246.0	3281.0	630.0	2782.0	3148.0	836.0	283.0	39.0	161.0	4051.0	1577.0	1374.0	831.0	897.0	259.0	219.0	808.0	914.0	1219.0	1493.0	4055.0	248.0	574.0	202.0	1737.0	581.0	250.0	726.0
c.1.8.3	134.16	31.49	102.46	122.29	1.0056	107.09	86.231	47.252	80.26	30.715	-13.482	39.151	25.93	13.507	-7.2258	22.34	-8.5545	-27.864	37.609	10.576	-0.57387	4.7905	15.121	-2.7809	2.717	-19.213	-11.984	-1.7465	22.087	-6.2286	14.229	4449.0	1588.0	1457.0	1770.0	13034.0	4487.0	1377.0	993.0	1009.0	3543.0	4417.0	3706.0	986.0	919.0	210.0	3033.0	650.0	2700.0	3116.0	782.0	244.0	51.0	158.0	4155.0	1623.0	1448.0	788.0	869.0	203.0	211.0	787.0	861.0	1188.0	1352.0	4124.0	227.0	542.0	209.0	1811.0	596.0	244.0	766.0
c.1.8.3	139.14	161.64	137.14	142.11	28.232	128.74	98.217	60.271	89.515	54.462	-6.6753	30.09	48.356	45.672	-15.666	27.846	40.063	-22.591	29.411	0.21882	-22.188	6.6678	9.7867	-14.367	-8.2647	16.989	32.793	-22.905	22.294	-18.785	7.2559	4878.0	1716.0	1882.0	1957.0	13719.0	4640.0	1491.0	1110.0	1232.0	3845.0	5341.0	4301.0	1504.0	1447.0	330.0	3835.0	1160.0	3410.0	2980.0	746.0	264.0	44.0	177.0	4440.0	1591.0	1443.0	1153.0	1045.0	261.0	361.0	1021.0	906.0	1539.0	1549.0	4290.0	262.0	628.0	222.0	1900.0	656.0	277.0	818.0
c.1.8.3	136.45	12.541	95.768	126.23	9.591	114.02	91.942	50.912	83.676	44.261	-13.197	45.548	28.615	10.385	-16.316	27.474	-17.743	-37.127	32.86	19.02	5.2094	13.069	17.575	-12.574	5.3773	-17.587	-18.918	-10.96	19.127	4.4067	10.148	4827.0	1726.0	1630.0	1916.0	14558.0	4985.0	1547.0	1123.0	1188.0	3729.0	4917.0	3865.0	1123.0	1174.0	200.0	3451.0	768.0	3096.0	3575.0	846.0	235.0	30.0	153.0	4686.0	1843.0	1564.0	939.0	957.0	230.0	270.0	944.0	1033.0	1379.0	1605.0	4617.0	271.0	634.0	245.0	1929.0	684.0	293.0	829.0
c.1.8.3	141.97	37.528	124.02	138.58	25.02	119.29	98.832	61.463	90.118	51.839	-12.255	47.996	50.462	26.774	-20.019	35.317	-1.7894	-52.545	30.795	20.122	-25.966	36.205	3.2741	-9.2291	-4.0268	-0.03263	-5.6005	-11.922	20.374	-22.754	20.287	5734.0	2036.0	2077.0	2232.0	17631.0	5923.0	2018.0	1288.0	1483.0	4552.0	6398.0	5122.0	1636.0	1336.0	298.0	4668.0	1214.0	3850.0	3951.0	1014.0	308.0	41.0	192.0	5318.0	2030.0	1778.0	1315.0	1248.0	315.0	329.0	1190.0	1162.0	1813.0	1984.0	5267.0	296.0	809.0	273.0	2323.0	785.0	339.0	946.0
c.1.8.3	128.21	44.785	114.46	127.12	5.3121	115.34	103.0	67.941	86.578	49.695	-12.765	49.211	51.03	22.434	-22.797	39.625	-5.9823	-46.015	37.935	11.625	-0.35848	16.468	19.943	-12.838	9.2556	-11.538	-13.192	-18.031	28.898	-20.328	11.031	4201.0	1439.0	1442.0	1687.0	12659.0	4369.0	1312.0	936.0	978.0	2965.0	4639.0	3302.0	1128.0	1033.0	168.0	3115.0	670.0	2787.0	2909.0	616.0	187.0	36.0	151.0	4130.0	1563.0	1313.0	870.0	938.0	194.0	277.0	826.0	833.0	1256.0	1382.0	4086.0	255.0	568.0	201.0	1730.0	645.0	238.0	747.0
c.1.8.3	130.16	34.186	112.9	127.94	5.7379	111.98	99.504	57.216	86.248	41.36	-13.709	47.187	36.217	17.258	-17.107	31.94	-8.1601	-38.277	37.258	12.733	3.5643	10.48	19.727	-8.0324	7.1568	-14.551	-13.037	-17.427	15.89	-6.7282	14.128	4142.0	1423.0	1416.0	1694.0	12267.0	4126.0	1181.0	890.0	924.0	2853.0	4264.0	3334.0	1059.0	962.0	151.0	2909.0	668.0	2536.0	2813.0	638.0	192.0	24.0	139.0	3889.0	1514.0	1289.0	820.0	815.0	189.0	233.0	803.0	809.0	1198.0	1327.0	3973.0	267.0	522.0	218.0	1754.0	602.0	214.0	753.0
c.1.8.3	131.25	22.373	110.54	123.9	-0.036516	108.48	92.254	56.75	80.726	40.457	-14.06	43.792	35.775	11.135	-18.08	32.734	-12.046	-39.956	36.604	14.999	1.5455	13.137	17.673	-9.2462	5.6325	-13.78	-18.488	-21.397	20.768	-9.9605	12.966	4221.0	1469.0	1371.0	1698.0	12366.0	4063.0	1250.0	819.0	833.0	2989.0	4191.0	3440.0	992.0	1005.0	168.0	2850.0	634.0	2350.0	2944.0	638.0	201.0	33.0	154.0	3953.0	1554.0	1329.0	725.0	766.0	182.0	224.0	722.0	832.0	1133.0	1310.0	3802.0	208.0	484.0	187.0	1806.0	577.0	196.0	754.0
c.1.8.3	130.71	59.849	142.28	133.96	17.508	119.61	84.701	61.613	94.384	53.058	-1.8546	57.513	32.11	32.989	-14.584	30.955	1.3889	-40.27	45.079	13.287	10.686	11.836	10.136	-13.043	22.991	-15.824	15.813	-15.491	29.883	-7.781	14.989	4397.0	1591.0	1562.0	1745.0	13030.0	4744.0	1517.0	972.0	1063.0	3248.0	4798.0	3579.0	1250.0	1200.0	289.0	3539.0	790.0	2869.0	3029.0	722.0	256.0	40.0	150.0	4185.0	1580.0	1427.0	937.0	918.0	249.0	290.0	932.0	997.0	1219.0	1522.0	4091.0	256.0	630.0	240.0	1709.0	661.0	251.0	737.0
c.1.8.3	134.16	41.599	108.6	125.47	8.5346	111.72	83.673	58.229	86.361	41.018	-12.152	52.472	33.976	23.434	-16.225	32.139	-5.7941	-37.444	33.93	14.275	-15.658	15.913	19.977	-10.394	-1.8493	-12.897	-0.36864	-12.437	12.26	6.5877	10.593	4520.0	1583.0	1547.0	1800.0	13490.0	4669.0	1377.0	1064.0	1033.0	3184.0	4717.0	3607.0	1098.0	1174.0	207.0	3112.0	756.0	2902.0	3160.0	706.0	246.0	46.0	174.0	4206.0	1672.0	1397.0	918.0	851.0	205.0	263.0	819.0	870.0	1305.0	1434.0	4229.0	248.0	572.0	219.0	1793.0	671.0	237.0	767.0
c.1.8.3	134.29	98.15	117.45	133.75	18.934	121.86	85.627	41.225	90.08	15.816	-5.3571	27.102	32.051	20.347	-21.254	12.743	22.913	-17.036	37.862	-4.2247	-7.809	9.6045	10.898	-11.7	-10.262	-7.5148	22.447	-21.577	32.792	-34.206	15.166	4549.0	1727.0	1602.0	1792.0	13396.0	5142.0	1681.0	1127.0	1273.0	3505.0	4621.0	3887.0	1207.0	946.0	258.0	3474.0	730.0	2880.0	3242.0	917.0	284.0	38.0	151.0	4237.0	1630.0	1496.0	875.0	1045.0	283.0	240.0	888.0	951.0	1275.0	1551.0	4186.0	251.0	617.0	214.0	1744.0	669.0	290.0	740.0
c.1.8.3	127.5	66.493	146.11	141.14	22.813	127.24	130.54	79.186	98.811	67.18	-8.6046	44.169	86.863	38.927	-11.807	45.061	15.982	-45.514	54.373	15.609	-39.662	38.623	12.184	-10.541	18.718	17.99	19.797	-40.919	31.934	-28.413	21.915	3997.0	1410.0	1435.0	1560.0	12036.0	4088.0	1406.0	844.0	967.0	3037.0	4290.0	3278.0	1148.0	1040.0	252.0	3021.0	754.0	2655.0	2733.0	589.0	246.0	25.0	158.0	3616.0	1386.0	1221.0	851.0	779.0	205.0	250.0	717.0	787.0	1181.0	1414.0	3675.0	253.0	519.0	197.0	1522.0	520.0	214.0	641.0
c.1.8.3	128.35	41.011	112.32	126.31	5.2581	114.85	97.741	68.134	87.018	48.373	-13.491	50.744	52.848	19.254	-21.155	40.457	-7.2902	-45.837	38.144	12.331	-6.1958	15.512	19.225	-12.349	6.7363	-10.816	-13.706	-14.995	28.982	-20.973	11.714	4040.0	1386.0	1384.0	1612.0	11814.0	4127.0	1224.0	827.0	902.0	2813.0	4383.0	3182.0	1089.0	1007.0	162.0	2885.0	638.0	2650.0	2771.0	594.0	198.0	34.0	140.0	3876.0	1491.0	1259.0	795.0	806.0	169.0	244.0	754.0	783.0	1168.0	1272.0	3813.0	240.0	504.0	190.0	1650.0	595.0	209.0	701.0
c.1.8.3	130.71	34.878	107.59	123.68	0.52807	108.84	95.728	59.447	82.143	40.632	-12.325	45.525	38.238	18.178	-19.542	34.059	-7.4823	-41.918	35.553	12.676	4.5935	13.797	16.67	-8.968	7.7187	-10.388	-14.099	-24.02	16.416	-8.8483	13.531	4119.0	1396.0	1416.0	1642.0	11951.0	4089.0	1280.0	851.0	900.0	2792.0	4170.0	3362.0	977.0	1038.0	183.0	2910.0	720.0	2601.0	2783.0	586.0	215.0	33.0	159.0	3804.0	1399.0	1235.0	751.0	713.0	175.0	228.0	722.0	726.0	1143.0	1352.0	3722.0	231.0	509.0	189.0	1703.0	545.0	192.0	714.0
c.1.8.3	127.5	56.302	124.09	127.79	8.8449	116.93	99.979	55.911	90.884	54.139	-0.52829	32.942	40.475	28.306	-13.939	26.654	9.5702	-26.213	45.366	6.8009	-19.467	14.617	8.3636	-7.4167	20.309	5.1074	13.714	-32.718	23.181	-12.872	22.297	3516.0	1360.0	1226.0	1480.0	9518.0	3711.0	971.0	958.0	1051.0	2926.0	3372.0	2748.0	930.0	884.0	237.0	2385.0	489.0	2013.0	2178.0	691.0	188.0	28.0	111.0	3151.0	1198.0	1199.0	733.0	833.0	306.0	235.0	762.0	836.0	919.0	1112.0	3152.0	185.0	529.0	221.0	1395.0	540.0	227.0	610.0
c.1.8.3	136.7	117.88	116.34	137.93	25.811	129.91	93.567	67.997	89.558	63.055	-10.414	27.765	75.428	38.342	-21.385	36.584	24.041	-45.135	33.186	-20.235	-16.231	18.267	21.007	-9.3112	27.762	15.521	25.104	-33.634	30.301	-48.288	8.8971	4578.0	1692.0	1704.0	1863.0	13141.0	4467.0	1363.0	1038.0	1223.0	3651.0	4663.0	4059.0	1208.0	1068.0	252.0	3697.0	852.0	2837.0	3033.0	838.0	250.0	36.0	143.0	4154.0	1588.0	1407.0	1015.0	961.0	302.0	285.0	959.0	992.0	1419.0	1553.0	4213.0	313.0	592.0	253.0	1804.0	615.0	258.0	780.0
c.1.8.3	134.67	90.467	149.11	140.38	28.626	127.22	122.76	86.168	97.647	80.537	-5.4535	43.922	90.923	50.548	-35.04	50.614	47.103	-69.377	38.583	-9.821	-17.624	43.638	19.202	-14.003	30.46	18.998	18.632	-33.949	23.98	-19.583	19.331	4489.0	1669.0	1583.0	1731.0	13083.0	4582.0	1520.0	1065.0	1119.0	3545.0	4575.0	3860.0	1233.0	1096.0	234.0	3439.0	736.0	2793.0	3301.0	739.0	260.0	26.0	191.0	4005.0	1598.0	1426.0	821.0	939.0	242.0	230.0	887.0	898.0	1288.0	1438.0	4006.0	225.0	559.0	246.0	1654.0	595.0	222.0	695.0
c.1.8.3	137.19	85.616	151.01	135.61	17.795	121.62	70.78	59.877	84.654	53.978	-9.9607	42.189	33.332	40.324	-24.993	28.713	31.675	-23.754	37.364	14.312	-19.354	19.03	19.229	-8.921	14.462	-17.565	19.123	7.0998	28.475	-16.369	12.837	4822.0	1654.0	1693.0	1876.0	13982.0	4707.0	1367.0	1081.0	1080.0	3460.0	4788.0	3875.0	1351.0	1213.0	214.0	3861.0	874.0	3182.0	3182.0	734.0	268.0	44.0	176.0	4373.0	1612.0	1365.0	957.0	929.0	221.0	248.0	928.0	864.0	1375.0	1579.0	4324.0	240.0	594.0	211.0	1936.0	600.0	257.0	779.0
c.1.8.3	129.61	114.03	129.2	127.5	8.8895	117.62	87.503	67.323	87.941	39.213	-9.628	57.443	33.877	38.085	-14.972	34.616	20.754	-13.28	46.789	18.148	-36.3	18.999	25.532	-8.32	9.0435	-12.074	25.591	-31.732	30.058	-11.228	13.182	3852.0	1326.0	1279.0	1523.0	10891.0	3675.0	1073.0	812.0	822.0	2752.0	3863.0	2994.0	881.0	767.0	84.0	2771.0	548.0	2290.0	2418.0	640.0	239.0	21.0	106.0	3494.0	1261.0	1146.0	727.0	748.0	174.0	174.0	678.0	711.0	1066.0	1216.0	3476.0	180.0	494.0	145.0	1526.0	511.0	200.0	646.0
c.1.8.3	134.42	32.697	112.9	124.29	2.7668	107.56	86.742	60.365	81.171	54.585	-11.947	32.42	50.493	23.063	-19.469	34.232	5.0203	-41.739	40.912	-1.114	-18.382	26.27	10.739	2.5389	12.547	18.552	0.53345	-33.644	17.636	-13.698	23.978	4651.0	1694.0	1571.0	1861.0	13648.0	4789.0	1317.0	1211.0	1277.0	3791.0	4625.0	3760.0	1349.0	1242.0	248.0	3355.0	757.0	2956.0	3194.0	849.0	269.0	33.0	179.0	4333.0	1705.0	1470.0	959.0	1086.0	258.0	289.0	930.0	1028.0	1227.0	1506.0	4330.0	242.0	625.0	232.0	1888.0	684.0	267.0	799.0
c.1.8.3	135.18	101.88	153.02	141.51	28.246	128.69	91.246	69.943	94.357	58.496	-5.9635	54.323	49.968	42.486	-27.892	36.861	29.317	-42.811	34.899	12.636	-20.549	28.446	18.361	2.2525	25.304	-13.51	14.204	-26.783	23.225	-27.738	10.622	4600.0	1717.0	1692.0	1814.0	13217.0	4571.0	1621.0	1035.0	1276.0	3681.0	4798.0	3942.0	1211.0	1295.0	328.0	3675.0	784.0	3067.0	3200.0	820.0	261.0	45.0	183.0	4171.0	1682.0	1412.0	926.0	948.0	262.0	293.0	966.0	997.0	1352.0	1527.0	4235.0	286.0	579.0	238.0	1761.0	648.0	243.0	743.0
c.1.8.3	140.1	35.446	117.27	126.79	9.6277	110.29	84.999	77.867	82.393	61.64	-12.308	49.085	64.233	27.236	-35.425	51.134	9.6497	-59.846	33.791	7.7217	-20.269	45.748	5.4573	-7.3331	18.528	0.89601	-7.1326	-12.529	9.8885	1.5552	14.791	5016.0	1749.0	1818.0	1987.0	14314.0	5064.0	1656.0	1083.0	1333.0	3532.0	5100.0	4346.0	1349.0	1424.0	221.0	3839.0	901.0	3470.0	3157.0	861.0	266.0	39.0	151.0	4545.0	1602.0	1490.0	1079.0	973.0	233.0	223.0	956.0	959.0	1531.0	1812.0	4588.0	252.0	691.0	214.0	1933.0	634.0	260.0	839.0
c.1.8.3	123.97	110.01	141.64	131.1	9.8378	116.87	111.77	93.848	92.837	69.208	-4.6484	63.528	69.527	55.608	-29.536	56.405	40.762	-31.455	50.961	29.785	-27.153	26.446	29.223	-21.799	36.108	-11.89	27.434	-54.058	30.515	-13.258	12.716	3475.0	1356.0	1286.0	1433.0	9956.0	3608.0	1372.0	823.0	844.0	2597.0	3724.0	3161.0	1003.0	930.0	161.0	2516.0	632.0	2151.0	2542.0	660.0	185.0	28.0	131.0	3170.0	1338.0	1159.0	816.0	755.0	239.0	228.0	692.0	834.0	1025.0	1185.0	3160.0	223.0	454.0	214.0	1409.0	500.0	218.0	587.0
c.1.8.3	133.25	44.09	125.76	132.55	18.021	118.06	109.67	78.704	93.224	74.533	-6.377	46.222	74.707	36.519	-29.593	47.356	10.247	-64.667	42.861	13.391	-23.868	49.835	-0.91149	4.2047	20.674	24.797	12.788	-37.098	8.5947	-12.607	19.847	4306.0	1551.0	1510.0	1730.0	12316.0	4179.0	1213.0	1085.0	1104.0	3564.0	4001.0	3494.0	1263.0	1108.0	311.0	3331.0	726.0	2781.0	2664.0	697.0	229.0	29.0	145.0	3963.0	1432.0	1271.0	920.0	1031.0	289.0	264.0	930.0	847.0	1151.0	1417.0	3980.0	211.0	567.0	245.0	1726.0	599.0	249.0	726.0
c.1.8.3	127.93	46.862	127.53	138.98	20.102	123.47	119.81	65.757	97.81	60.77	-7.7429	44.114	61.084	29.564	-7.1225	35.721	-2.4956	-39.811	43.011	18.189	-26.575	21.904	-11.788	-13.531	14.312	10.705	9.1724	-31.222	30.503	-23.297	16.429	3822.0	1362.0	1382.0	1528.0	11163.0	3865.0	1192.0	796.0	847.0	3042.0	4061.0	3286.0	983.0	937.0	185.0	2798.0	728.0	2433.0	2511.0	581.0	209.0	30.0	151.0	3443.0	1274.0	1144.0	804.0	793.0	189.0	206.0	726.0	738.0	1155.0	1240.0	3454.0	209.0	512.0	203.0	1499.0	517.0	191.0	640.0
