c.37.1.10	-0.324059852002761	-0.288450802665509	-0.414170965023918
c.37.1.10	-0.672988763550012	-0.820224341482976	-0.868312531052083
c.37.1.10	-0.403768831106372	-1.64824104731142	-1.43506217342847
c.37.1.10	-0.204790480387299	-1.67028874615746	-1.3202909393196
c.37.1.10	-0.0489616417192637	-2.38095790703472	-1.25420107285377
c.37.1.10	-0.600627953143709	0.0422113303649893	-1.53668781457717
c.37.1.10	-0.519307423636571	0.41668643714417	-1.46643705860319
c.37.1.10	-0.223069025893902	-1.57389154506656	0.178742077328894
c.37.1.10	-0.500888635421845	-0.387613446067946	-0.640781561858444
c.37.1.10	-0.495504180683037	0.255441347280481	-1.79914689589219
c.37.1.10	-0.439485686588022	-1.3465128487053	-1.93367809312301
c.37.1.10	-0.309501419103203	0.328425164593824	-0.701609576715259
c.37.1.10	-0.41822002847393	0.820609911253681	-1.09896934272206
c.37.1.10	0.23219325311811	-1.15238999497843	0.917330390250371
c.37.1.10	1.5977448088813	-0.31547983067463	2.71990960912442
c.37.1.10	-0.71154118587812	-1.21899623764373	-2.23195701987329
c.37.1.10	-0.758798832873175	-0.725105291045215	-2.89903689936361
c.37.1.10	-0.130628654975955	1.25797332022859	-1.12120194081633
c.37.1.10	-0.253234329023193	-1.16776573371163	-0.229193278359651
c.37.1.10	-0.500842388298085	-1.06197844969999	-0.292386739853678
c.37.1.10	-0.405633475962838	0.500670854211596	-0.825522146837004
c.37.1.10	0.902204256187943	-0.0406758541823151	2.93361527187602
c.37.1.10	-0.895464709054348	0.225593364490368	-1.66707886041142
c.37.1.10	-0.0025168503134534	0.236140656582874	-0.621505427098351
c.37.1.10	-0.282880059221717	-1.40806839269453	-1.17973474540221
c.37.1.10	35.5232483159309	0.166908331051679	-3.07792357896448
c.37.1.10	-0.663164347102603	-0.944831352159157	-1.0890096592157
c.37.1.10	-0.465943317781763	-1.8038945619272	0.0789972197593506
c.37.1.10	-0.422072597728869	0.255156557061914	-0.691488521861395
c.37.1.10	-0.290171461373178	-0.242467050696657	-0.744550705618624
c.37.1.1	0.58995069131728	1.94766170649524	1.46124894055221
c.37.1.1	0.217668225729658	2.86004840436226	0.78553579885324
c.37.1.1	-0.246891949856545	0.121333609811596	-0.396703271133377
c.37.1.1	-0.514202798052979	-1.23786708163142	0.546345388302709
c.37.1.1	-1.15996423116845	-0.804149198487305	-1.3736210666791
c.37.1.1	0.292548848680718	2.77969987851339	1.53747961849877
c.37.1.1	-0.151278560656492	1.05821013290524	-0.666571955047958
c.37.1.1	-0.986071304109004	0.214630513513301	-0.473925249714342
c.37.1.1	-0.59462310544177	0.912585486977481	-0.853155295689864
c.37.1.1	-0.0942872113328442	0.836630404691427	0.0628297956103478
c.37.1.1	-0.491455583775247	0.164528671655214	0.0666873617633168
c.37.1.1	-0.669836032444787	0.611162604792241	-0.482513684829579
c.37.1.1	0.0563697815106679	0.424681547898172	-0.430852113357647
c.37.1.1	-0.309333900112895	1.56614108247287	0.740575228620811
c.37.1.1	-0.591517577919347	1.94832638027054	-1.91091628724837
c.37.1.1	0.0686482025689929	0.0654753331791429	0.989312948661587
c.37.1.1	-0.671654446540697	2.07972764774902	-0.0442890026557188
c.37.1.1	-0.133153059104111	0.0233634809460618	0.20067533200375
c.37.1.1	-0.971555456144542	0.570589724944923	-0.913410855598139
c.37.1.1	-0.0867069112621116	-1.96097400883826	0.290887577998697
c.37.1.1	-0.105990248025164	2.76224282986161	0.848775990394537
c.37.1.1	-0.853453453452456	-0.356141662928878	-0.230272081951491
c.37.1.1	-0.779703473482621	-1.54705220300933	-0.658294429660313
c.37.1.1	0.0867943697244058	-1.17644227002461	1.18612077490327
c.37.1.1	-0.745241250908088	0.939075489621552	-0.629011732274844
c.37.1.1	-0.498212086598006	1.0914432801574	-0.161271247162056
c.37.1.1	-0.0257135480292279	3.24080338292189	0.439464781829043
c.37.1.1	-0.275975343757502	0.815071526214818	-0.209559103772309
c.37.1.1	-0.567158332541204	0.519047897253823	-0.729814388512979
c.37.1.1	-0.0142773897576223	-0.506259153031496	0.932398918444102
c.37.1.1	-0.514178665031114	0.674518702563243	-0.466552719382484
c.37.1.1	-0.864881911776441	0.161611510019025	-0.283134112316824
c.37.1.1	-0.574324867465791	1.14635474225436	-0.928903752485047
c.37.1.1	-0.961006168133379	0.98956499547404	-1.11253383189605
c.37.1.1	-0.380967826518718	0.205106167767227	-0.431502371886045
c.37.1.1	-0.369318578401057	1.73872280680303	-0.95773033274485
c.37.1.1	-0.12418678490319	1.28398479224028	-0.261760502337424
c.37.1.1	-0.734204078715005	1.35769218958263	-0.428259455481197
c.37.1.1	0.119054457719401	0.788961052931407	0.339241710503493
c.37.1.1	0.248393492947869	3.36127276432163	0.481559560098466
c.37.1.1	-0.199775846526267	3.26327852268631	0.347733255601052
c.37.1.12	-0.23173237624883	-0.671360088860835	-0.786783579861039
c.37.1.12	0.389839560358087	-0.732360241635518	0.47688622686923
c.37.1.12	0.301311119356116	-1.09092894087737	-0.0633681346427025
c.37.1.12	0.226370071163848	-0.308434619104702	-0.0498731371285549
c.37.1.12	0.381644739789192	-0.252520256324633	-0.191394410503934
c.37.1.12	1.11723850486725	0.25954426640829	3.35553510475231
c.37.1.12	0.0626468524272743	-0.516010461552205	0.148356023318929
c.37.1.12	-0.437153365642552	-0.499823028011044	-0.641267857485519
c.37.1.12	-0.592429273517791	-0.205999295990668	-1.41035281838683
c.37.1.12	0.559229707937935	-0.864288730797851	1.51310234406421
c.37.1.12	-0.451600220366199	-0.148356901605281	-0.95326465589197
c.37.1.12	-0.0600884592845855	-0.245484154698836	-1.02731366974527
c.37.1.12	-0.362250176178624	-0.672220505235355	-0.13189769742368
c.37.1.12	0.490796326238736	-1.01566356889156	0.251881430896235
c.37.1.12	0.544075244642508	-0.849359126572786	0.433499289099411
c.37.1.12	-0.532541999542923	-0.0751021321144016	-1.04209475861906
c.37.1.12	-0.138469074366265	-0.117177753640171	0.215595205966187
c.37.1.12	-0.429978518023602	-0.499418521824213	-0.972969730430935
c.37.1.12	-0.155308216526277	0.406114040946005	-0.628189250209564
c.37.1.12	-0.298088129010068	-0.539439471817803	-0.350205216043314
c.37.1.12	-0.369514121436922	-0.44004422513662	-0.632913900489292
c.37.1.12	-0.0793247132698144	-0.920547364429689	-0.542360094354498
c.37.1.12	0.27031392292531	-0.440625896748706	0.0722494641532978
c.37.1.12	0.346068334343148	-0.498472100319493	0.234379929318151
c.37.1.12	0.226777498285035	-0.471534611647475	0.171163852221256
c.37.1.12	1.2613273178269	-0.296274733919496	3.20719365189039
c.37.1.12	0.12202793756493	-1.29776491653896	0.154138011158781
c.37.1.12	0.0364040866820864	0.638884910916351	-0.182305040463432
c.37.1.12	-0.109637095281139	-0.462393170262556	-0.799185715807877
c.37.1.12	-0.163356443365216	-0.53807215443518	-0.273857288498745
c.37.1.12	0.16994460054086	0.0125930432921371	-1.40241767501419
c.37.1.12	-0.146854032088266	-0.199595990552844	-0.292268394457854
c.37.1.12	0.263140333813736	-1.14244701242919	0.668802445084239
c.37.1.1	0.245529870179981	2.87914241349387	1.10788697024148
c.37.1.1	-0.514762610030764	1.52726774920206	-0.0145359122333077
c.37.1.1	-0.859269602518326	1.47724535049915	-1.09886500354163
c.37.1.1	-0.831449624737754	-0.0308181484939187	-0.82853135208249
c.37.1.1	-0.710687832913247	-0.168813474411666	0.206553557892235
c.37.1.1	-0.472333972462969	0.848805128415758	-0.822193744441832
c.37.1.1	-0.832576251580979	-0.13129159133612	-0.0158238054145497
c.37.1.19	-0.546797006168811	-0.665399579464193	-1.88266281492521
c.37.1.19	-0.289055277687762	1.38882996985819	-0.525843958516671
c.37.1.19	0.0704444195095329	1.78023196664767	-0.0889380913180817
c.37.1.19	-0.237333114384459	0.237300664733424	-0.858599709058228
c.37.1.19	0.247458946194294	-0.63421181136001	-0.365377330446613
c.37.1.19	0.836187283121978	-0.658610213545092	1.70442381022085
c.37.1.19	-0.0669005653658374	2.42632857613174	-0.788674268450048
c.37.1.19	-0.297780937590035	0.679055640118461	-1.0830094030955
c.37.1.19	-0.440849511855991	-1.2490076232309	0.578644753323513
c.37.1.19	-0.289089691883791	0.100466705550172	-0.888800497869646
c.37.1.19	-0.353764156498981	0.601970199474483	-0.958614529192082
c.37.1.19	-0.65253977696231	0.955310051379418	-1.12661895601458
c.37.1.19	-0.444427140802699	-1.34499273001056	-0.823584244683176
c.37.1.19	-0.409963818319814	-1.27097886555455	-0.445240649429843
c.37.1.19	-0.316485913159079	-0.145145204556953	-0.163079803714562
c.37.1.19	-0.0414582575655362	0.411787545807828	-0.793015312516264
c.37.1.19	0.754218294729058	-0.953910979301147	2.33976303243158
c.37.1.19	0.0395752839342817	1.29448198861256	-0.371319800397371
c.37.1.19	-0.168223765735164	0.185420520627591	-0.590740056519031
c.37.1.19	-0.404282009196035	2.23397479237901	-0.785594058086412
c.37.1.19	-0.0489332320179511	-1.93379033437764	-0.991023659210328
c.37.1.19	-0.111076851501854	1.28642024034542	-0.867007184451179
c.37.1.19	-0.453498471017494	0.61729411393843	-1.02505522774489
c.37.1.19	0.00601450292253151	0.783894871787031	-0.0620270619149899
c.37.1.19	-0.421538410938714	-1.46692975750327	-0.112481829322773
c.37.1.19	-0.24228938539408	-1.83376736299936	-0.30658486218668
c.37.1.19	-0.220109234149442	0.315940787599328	-0.725322642619387
c.37.1.19	0.206390204951926	-2.59209599578	-0.206233879493729
c.37.1.19	-0.144983218526464	-2.1101874702963	-0.436614966254266
c.37.1.19	-0.0117991760332544	-1.96695074755005	-0.0432397672729441
c.37.1.19	0.0213380936547713	-2.69393711165576	0.00848795057293683
c.37.1.19	0.282210160308056	-1.98862560642431	-0.0133971271079802
c.37.1.19	0.848361343333152	-0.777924977856802	1.7297828986711
c.37.1.19	-0.294846595027983	0.244250561446477	-0.212454159867954
c.37.1.19	-0.450425612934404	-1.36534465848519	-0.333670187256696
c.37.1.19	0.360546772198908	-1.22629280575736	1.0211453221823
c.37.1.19	-0.240338099059319	1.78149165933319	-0.645621547795566
c.37.1.19	-0.240486448522801	0.00165922952502812	-0.361810735616399
c.37.1.19	-0.249584341233337	-2.44443079971414	0.64600667830626
c.37.1.19	-0.427704662537859	-1.53588561159355	-0.138394996865468
c.37.1.19	-0.500713915496313	-0.999619086022027	0.477849863033898
c.37.1.19	-0.499965871793618	-0.295925360907216	-0.472078006217336
c.37.1.19	-0.336577400139816	-0.408443001545528	-0.493932462765726
c.37.1.19	-0.61496993415084	-0.533632780991304	-1.81524788525142
c.37.1.19	0.283101724275812	-1.61705543204731	-0.568633251970191
c.37.1.19	2.95545509587496	0.80721206441946	4.83175069288822
c.37.1.19	0.292736975468669	-0.742843842937526	0.322119782381062
c.37.1.19	-0.19171433128573	-0.00113205103273145	0.0236680689484857
c.37.1.19	-0.374534296599575	-1.67151866665048	-0.827212190324118
c.37.1.19	-0.238706378124264	1.74271139550831	-1.24643916971971
c.37.1.19	-0.129273039259452	-0.506157317663649	-0.258024018546861
c.37.1.19	0.788091667059609	-0.832310603949318	1.19897479259977
c.37.1.19	-0.0928303967195796	0.39740946770281	-0.975252319940474
c.37.1.19	-0.529793224527204	0.52771844335118	-0.832997432882871
c.37.1.19	-0.118249364934363	-0.401317687402762	-0.153434577917833
c.37.1.19	-0.308713210676095	-0.0173403089836191	-0.713297235669691
c.37.1.19	-0.240897824990907	1.01894908066153	0.229145926745284
c.37.1.19	-0.372570404349434	0.325589235890212	-0.931810737404899
c.37.1.19	-0.146768641237568	1.11954592609367	0.0591473608169829
c.37.1.19	-0.0835179148659408	-0.311021369656168	0.828742095642053
c.37.1.19	-0.204129852942328	-0.022288666854313	-0.231991867688716
c.37.1.19	0.153614934960421	-2.1283565345323	1.82600637013076
c.37.1.19	-0.378449181897893	-1.77929299483244	-0.381415243016162
c.37.1.20	-0.345755883916031	0.0707913481669896	-0.494366600825833
c.37.1.20	-0.568296504652165	-0.863158367592905	-0.198840130537718
c.37.1.20	-0.0666996445085713	-0.960194024926529	-0.278033186543555
c.37.1.20	-0.0868946497593707	-2.57758636038385	-0.0583421280510722
c.37.1.20	-0.591609397979357	-0.547390704756423	-1.49006838887375
c.37.1.20	-0.215044662432752	-1.62413517319499	-0.574204489077514
c.37.1.20	-0.252840541482886	-1.64493197547161	-0.405573625721662
c.37.1.20	-0.343504599055153	-0.278607772566602	-0.673278660671919
c.37.1.20	-0.57455719049848	-0.0743380960861456	-0.827195169606517
c.37.1.20	0.266020235157183	-0.941400991355875	0.0156894458938734
c.37.1.20	-0.312143622812746	-0.667524973946312	-0.284558402776702
c.37.1.20	-0.225904842641134	-0.956110256320189	-0.130033166537012
c.37.1.20	-0.278543762737349	0.595286206328205	-0.284339706748716
c.37.1.20	0.119427064317175	2.02271655450913	0.985770705519667
c.37.1.20	-0.458858728675331	0.425009268236353	-1.3553259038967
c.37.1.20	-0.181848970636649	-1.36224586771134	0.122802658607047
c.37.1.20	-0.370075431813501	-0.134951458035091	-1.11244206536584
c.37.1.20	-0.463352706670858	0.0461240842198903	-1.85272778854721
c.37.1.20	0.0294715177365983	-0.684880388599213	-0.707711904381475
c.37.1.20	-0.0148156916278499	-1.54290239676321	-0.094017721263171
c.37.1.20	-0.476335861903367	-1.53036438890023	-0.731003903888707
c.37.1.20	-0.336454838013709	-1.30892088769273	-0.477907549800978
c.37.1.20	0.385879342846122	-1.77495618820059	0.62096465051996
c.37.1.20	-0.025477281290943	-2.05817220421753	0.678289490945733
c.37.1.20	0.174734109732008	-1.50051183327013	0.184978123654595
c.37.1.20	1.37913568862384	-2.88406563507965	4.13988074209545
c.37.1.20	-0.874185580893419	-1.52279424340711	-1.17661632584797
c.37.1.20	-0.111814959530309	-0.774231775410663	-0.179460381604001
c.37.1.20	-0.299182367602863	-0.0177937590283539	-0.853376914076383
c.37.1.20	-0.456062686033027	0.418822684754741	-1.23944503625192
c.37.1.20	-0.164285464485088	-0.275967187912909	-0.553963486316582
c.37.1.20	0.550972781478046	-0.431078836275846	-0.0997812045852577
c.37.1.20	-0.0274531601817705	0.0314129464359492	-0.0599121081964983
c.37.1.20	-0.491372514037607	-0.639432355817362	-0.764226480190591
c.37.1.20	-0.361886576665247	-1.45929874919064	-0.444674479533229
c.37.1.20	-0.547649486909355	-0.793388591088382	-1.40079428824487
c.37.1.20	-0.267992658466797	-1.01227408946291	-0.464084494951933
c.37.1.20	-0.154600713730719	-0.905103109706477	-0.284320516858698
c.37.1.20	-0.462780508182473	-0.813282747930107	-1.04743214266
c.37.1.20	-0.385393723719093	0.6961359160592	-1.00618300594821
c.37.1.8	0.0473094897030249	-0.765702127944293	1.75637140758758
c.37.1.8	-0.179583210381803	0.408550525919428	-1.08594142894733
c.37.1.8	0.023675504479397	0.258337488181102	1.27206169463105
c.37.1.8	-0.245545196943579	0.748413817502278	0.433368336493108
c.37.1.8	-0.405148025714802	0.518839432839522	-0.615801368599237
c.37.1.8	0.110736158750281	1.05146289647022	0.584028747400144
c.37.1.8	-0.458127516039758	0.250026676307202	-0.131072336696121
c.37.1.8	0.51514293363388	0.0758519609132042	0.959909583756862
c.37.1.8	0.0450145068824789	0.722329924066718	0.505358689987246
c.37.1.8	0.138859179939132	-1.59928084347216	0.882645220691381
c.37.1.8	-0.117791190746095	-0.770908624067585	0.0828271200200259
c.37.1.8	0.00565029046218545	0.586438998468653	0.475356853395879
c.37.1.8	0.203834243516676	0.358094117473152	0.643080642199813
c.37.1.8	-0.215287957929745	1.26790827005745	0.526951689871868
c.37.1.8	-0.197804087755765	-0.80959888432966	0.519241087638783
c.37.1.8	-0.272185211278583	-0.626944419931676	-0.415351027377554
c.37.1.8	0.273789695539956	0.832317879132199	0.643151153781843
c.37.1.8	-0.0979830097108186	-1.72546775093276	0.857304675221515
c.37.1.8	-0.194414700110766	0.620140763531043	0.773177436583979
c.37.1.8	0.0907697509070169	0.0794200952430302	0.136750395974948
c.37.1.8	-0.0672156260203672	0.531642079653236	0.305911050834186
c.37.1.8	-0.117377383486226	1.28677082649991	-0.19267000249726
c.37.1.8	0.178457916167348	0.575490917183287	1.58118379686543
c.37.1.8	0.659448192797032	-0.734666657776852	1.93376859759318
c.37.1.8	-0.127393623218058	1.15062358747633	-0.474116249592606
c.37.1.8	0.169346833807718	0.222088201947686	0.527131344940305
c.37.1.8	0.151028614599111	0.269402787428424	1.39036686592486
c.37.1.8	0.155710599796658	1.55970533332154	-0.0829479016655572
c.37.1.8	0.0238519016231097	0.922197706066078	0.0773101487650217
c.37.1.8	0.133825280859166	1.02602503634955	-0.315110025399843
c.37.1.8	-0.0897546115344766	-1.70721547629434	-0.144574560675885
c.37.1.8	0.0104949534333083	-2.01028935557774	0.813355973671373
c.37.1.8	0.026373475054207	0.181062198230381	0.430422476880489
c.37.1.8	0.214127279184022	0.0207800675438621	0.186990269158515
c.37.1.8	0.00453892384830821	0.906766958998631	0.523380503958003
c.37.1.8	0.116290249480274	0.691064009800169	0.687837209698902
c.37.1.8	-0.280699945469581	-0.87471591068055	-0.290455394862737
c.37.1.8	0.0567833614823881	0.45422723459915	0.809199690378912
c.37.1.8	0.27953415026631	-0.619387368810847	1.15065539689119
c.37.1.8	0.460876824483707	1.11296071702423	0.589333277985171
c.37.1.8	0.781561622238386	0.369965147641875	0.487773385140093
c.37.1.8	0.122884619073594	0.409547999078496	1.03037921211914
c.37.1.8	-0.537916347832529	0.19922297199602	-0.484577153875563
c.37.1.8	-0.423823736148413	0.83475843104727	-0.226772730629113
c.37.1.8	-0.0449782181938659	0.412412725142985	1.24106511560041
c.37.1.8	0.186987726665137	-0.733588849175516	0.438677193383885
c.37.1.8	0.0334298394892389	0.344976667941202	1.27851963002663
c.37.1.8	-0.787608291143374	-2.34966226126939	-0.209264369630378
c.37.1.8	0.180840679252947	-0.656586352069166	0.392606049328374
c.37.1.8	0.0762111616623612	0.516410298134146	0.999783919821684
c.37.1.8	0.633275082346985	-0.757255358581404	2.37078534491865
c.37.1.8	-0.0250050279746052	1.12915978863887	0.120625903227596
c.37.1.8	0.196843014236629	0.427270645540882	0.930868701113903
c.37.1.8	0.381819045865387	-0.28323881095097	1.02813509079357
c.37.1.8	-0.0563667543593866	0.891713402899526	0.223174602928463
c.37.1.8	-0.0935073523673029	1.02744374385743	-0.538958581718521
c.37.1.8	0.0429101131018937	0.310254368474414	1.22899797086627
c.37.1.8	-0.00396568150985769	-1.39431764883222	0.125637406636394
c.37.1.8	-0.0920489318746033	0.668391676632037	0.429896351662264
c.37.1.8	-0.172626884599048	0.763570449868858	0.232820330187316
c.37.1.8	0.248150948071837	0.438990532137243	0.860709828234238
c.37.1.8	1.00026402032666	-0.586762762607055	2.78958854158681
c.37.1.8	0.0641056901488617	1.10371196322191	0.0266166058930028
c.37.1.8	0.0943401619469614	0.578365731116221	1.06909508577784
c.37.1.8	-0.256834164876553	1.54189500970418	-0.297373307468979
c.37.1.8	0.142451090882703	0.922131944205464	0.615917240475889
c.37.1.8	-0.035091620271232	0.855120699078845	0.923068437708961
c.37.1.8	-0.0558996639919305	1.23478668892584	-0.136239112925053
c.37.1.8	0.213933236945245	0.471882016616325	1.28008733795744
c.37.1.8	-0.0827619131675656	0.812922427743479	0.439440361227994
c.37.1.8	0.0308038097724221	1.45274986266495	0.0842214622732735
c.37.1.8	0.0570403301070466	0.723331109228224	0.223074279146738
c.37.1.8	0.349137358206143	0.175251735234989	1.5228602935997
c.37.1.8	0.101270703578428	-0.292979398833243	2.67044450641705
c.37.1.8	-0.0172981155853919	1.02782208301919	0.330749191985949
c.37.1.8	-0.348714667553301	1.16230270458118	-0.117846434346731
c.37.1.8	-0.271397079324571	0.482822085010564	-0.0723737129085519
c.37.1.8	0.0712012922330203	1.17839862398268	0.0902711063631482
c.37.1.8	-0.472066759739205	1.23987196447046	-0.067693445990872
c.37.1.8	-0.17279158094344	-1.38779622126617	-0.288792243601498
c.37.1.8	-0.357845463879645	1.23923057806945	0.0628043823535498
c.37.1.8	0.461997936329978	-0.0222047526086766	1.23208809703546
c.37.1.8	-0.0985393207134464	1.45599502982989	-0.547905411529208
c.37.1.8	0.26173582223712	-0.632511139921424	1.29472073333972
c.37.1.8	-0.16071053945824	-1.13297281712417	0.223101679067629
c.37.1.8	0.0160530597181389	0.245764292147632	0.863627617609244
c.37.1.8	-0.0413045711079656	0.565563429650243	0.638340953457812
c.37.1.8	-0.742909719549964	0.839054608146134	-1.31005179413352
c.37.1.8	-0.13846914532867	0.224909034930741	0.522361567204379
c.37.1.8	0.0169174505245121	0.184775519646411	0.744360515583309
c.37.1.8	-0.212370836649809	-0.625635862159595	-0.714076284762535
c.37.1.8	0.165292877020602	0.237454494801479	1.23555416385086
c.37.1.8	-0.251643692642711	0.911315026554116	0.393682905863149
c.37.1.8	-0.122299576888371	1.06902609924092	-0.206064130113936
c.37.1.8	1.26800614517543	-1.87837676642762	3.24618689526304
c.37.1.8	-0.18589832919165	0.944166366674429	0.237389419194756
c.37.1.8	0.027002103023569	1.11301284321951	0.300648718425572
c.37.1.8	-0.00664843853631326	0.267060575379278	0.247814756973352
c.37.1.8	-0.0272388752059271	0.807922479587988	0.127461977177227
c.37.1.8	0.188214132737601	0.759889627844167	1.10152753153866
c.37.1.8	0.556548075033717	1.234790130677	1.95541962980696
c.37.1.8	-0.109830152954521	0.78406430916329	0.255196745986578
c.37.1.8	0.0609146894684901	0.834077270972308	0.759440951949959
c.37.1.8	0.256839560273405	0.39725861636794	1.30736222110567
c.37.1.8	-0.168103216985752	0.482480597963874	0.810659125850398
c.37.1.8	-0.0459787761817987	1.29951652498835	0.169273752477365
c.37.1.8	-0.295564871516023	1.919772302977	0.353951571522482
c.37.1.8	0.426142593240106	-0.0352310853309036	0.288164857213212
c.37.1.8	0.261999236160421	1.41717879005741	0.0438700693806827
c.37.1.8	-0.214265681410936	1.55315060298956	-0.133448799981435
c.37.1.8	-0.219662116199193	0.996997745511822	0.118809184226298
