c.37.1.10	-5.16740284767929	-1.94963544880577	-0.774562754112219	2.6897193202714	-1.3448966516395	-0.342850116546749	-0.369304952755242	0.779446570209468	0.911606174073311	-0.0478376877562813	0.500692741762228	-0.240684220863758
c.37.1.10	-3.91135389004031	-0.46701103272294	-0.0167437323142062	1.10537638544638	-0.217316114976289	-1.86465520117736	1.42814942651342	-0.20681311116262	-0.222604923063101	0.424209959388175	0.933225117872819	0.210217549233898
c.37.1.10	-3.31530171103772	-1.4407838928441	1.73598791273811	1.80795334817548	0.135611732883106	0.240592892180708	0.616182163446766	-0.221881221766237	0.395856779929369	-0.803722806423266	-0.163888509559134	0.127974081727181
c.37.1.10	-2.72429265312772	-1.32790748086967	1.40104213436928	1.98614106707709	1.0127357142119	0.781281171044086	-0.658299152380599	-0.494376987533287	0.399561819212933	-0.546710667775172	0.338209516388826	0.16331218692823
c.37.1.10	-1.10011805199532	-0.996097310706464	3.68790024999937	2.49936894959043	2.13411953588501	1.31103252935323	0.282215772885006	-1.23875047697724	0.0586520408688522	-0.27782102029462	-0.813918409090357	0.799256334462853
c.37.1.10	-3.53483771844676	-0.601033896470345	0.638168641168719	-0.291715059250722	-0.0666032522940595	-0.195492730380823	0.469978142780629	0.413442303718108	1.281787182234	-0.24033691947936	0.335491602125851	0.595337936935892
c.37.1.10	1.18884308186262	0.695460062408771	-1.3656092168377	-0.253785272548491	-0.25189787219936	-0.770379550781448	0.747254575629422	1.69870171487058	0.675909315656967	-0.0125464500657949	-0.456891048023778	0.974853274805758
c.37.1.10	0.189912838442122	0.14210752554679	-2.71051169124756	1.17807929320464	0.264123815505155	-1.09290999206917	-0.187909105456145	1.07630446975995	0.479443328715355	-0.576311303972848	-0.235833604769779	-0.144845781026148
c.37.1.10	-1.29068987451491	0.371222193695904	-2.52945779168541	1.1751079437807	0.324953736135492	-1.43732094830857	-0.793819636019801	0.389342541676827	0.564514134934148	0.275800824782557	-0.133802565940817	-0.0109029774807141
c.37.1.10	-3.08107535664121	-1.24372738411103	0.738983078761219	0.914270293831237	0.0745829707298838	0.232902417771176	-0.691259634337007	0.472360658674287	0.392707997977574	0.110854488285664	-0.54219190135885	1.20920674276123
c.37.1.10	-3.27857013833231	-1.57578983986737	2.22683139675902	2.09123213737424	0.279043486589494	0.138741726343249	-0.403217911623258	0.66939288759102	0.466497152674188	-0.569925373457741	-0.529910232018723	0.309116813823187
c.37.1.10	-1.12412138521326	-0.26404810594018	0.782672786616781	1.79996716765142	-0.230603848156882	-0.0408346137769202	1.63490991295347	0.559850938510167	0.972207835822903	-0.885135967882509	-0.722345722116997	0.482655383820008
c.37.1.10	-1.25346172923649	0.0461003377719659	-0.576304873043123	1.04503405850107	-0.626878128371681	-0.299247092285647	2.30185473866136	0.352549106885926	0.95370118576606	-1.13248143620127	-0.647239760533231	0.164040958325311
c.37.1.10	-4.60899836957192	-2.0014644798883	0.059417627488806	-0.108502911529277	-0.0470946128614134	1.39611359101134	2.1562445649505	-0.160336525275125	1.47596328003567	0.794368181942684	-0.894934391709899	-0.445527797230659
c.37.1.10	0.319606311076918	-1.37852064681288	0.00231469544379775	-1.93652691430893	-1.51337679352604	3.59409416105823	-1.20133626206608	-0.739137214390465	-1.13423992461605	-0.868857429289527	0.765224620322893	-0.258871685556618
c.37.1.10	-4.40500573263058	-1.4497859541267	1.68523162755598	2.50690522235006	0.042102600617376	-0.961392170750374	0.949275678790946	-0.936129728604035	0.751463545296003	-0.905056693328145	-0.90310465207223	-0.391829670418358
c.37.1.10	-4.45634329010611	-1.62631867529921	1.64807400461281	2.9176594347268	-0.390583901712772	-0.200742513916151	1.05255504271696	-0.642284631878582	0.708965878580212	-0.730509189272352	-0.716875468694091	0.125966785580958
c.37.1.10	2.92753421939613	0.657386141432457	-3.44470818336746	3.28558731701276	-1.97272460409408	0.456696118528651	1.26108975996259	1.03791471918784	-0.514103106347234	-0.379338961753897	-1.42280107255308	-2.22645318478057
c.37.1.10	-0.923447530984806	-0.766919975906169	-0.65544767975977	0.266622651058057	-0.118904033155665	0.524268308932794	0.257460390037622	0.322907108538383	0.678859262479614	-0.759330082313944	-1.13175322008939	0.282972917145817
c.37.1.10	0.0735820625321422	0.0342739785021907	0.624265644948715	0.425758901531889	-0.495448169233332	-1.03464952254075	0.781103803964835	-0.120496149540251	-0.665190134092922	0.31876043762086	0.0207235497639618	0.555521759624066
c.37.1.10	0.325484365390447	0.147727023338585	-0.02018724831815	1.59410346869352	0.657018288583546	0.21696003623811	0.0558433114722483	1.26914910962253	1.28085471973449	-0.766743198971694	-0.448030342143296	0.890448771078646
c.37.1.10	-3.49293244216246	-0.748883615078096	-2.26063743068707	-1.64982325775689	-2.50964961141488	-0.797286764363019	0.503361092145287	-0.336912106785581	-1.10295572389713	-0.686593859606515	0.244943478037121	1.19406615190914
c.37.1.10	2.99369869982317	1.25027812853543	1.08317868153473	1.16129692479178	-0.168324695225958	-1.0253651107334	0.425326681758055	0.0226783566842189	-1.12971802518184	-0.304142282373899	-0.260525385940588	0.584455612669565
c.37.1.10	1.30925456692617	0.219004689872046	-0.127002093193889	1.51107088199617	0.144142835514479	2.06942570392061	0.326553509099497	0.633107783151839	0.757284366786869	-0.783719208660121	0.0659271999857694	0.476234774534054
c.37.1.10	-4.39128260764927	-1.63844945227823	0.522052154248299	0.755299924645785	0.070990840432148	0.774844034044334	0.471657505094902	1.32301236504725	0.768453581180606	0.711710823630446	-0.838348169106935	0.736690506455333
c.37.1.10	38.7092224763435	-34.7201062685528	-0.0363982586829836	-0.986379892456966	1.84212695696189	-3.55030337664945	0.365375201135517	0.370715314462806	0.885208355586295	-0.299292544813507	1.01780507850226	-0.159609068618604
c.37.1.10	4.69256208342255	0.994154274863825	-0.328210473536366	-1.9908201370794	0.104345446965175	0.784371640241558	-0.977918582845703	-0.494989382443397	0.0566165690426243	1.59993488805768	-1.17712004440046	0.899837558561671
c.37.1.10	4.16766066613362	1.2664088835515	-0.15741821433221	-1.63055001399166	0.0601777970956646	-0.634155747355626	0.535796247616985	0.487695532689766	-0.834980837930876	-0.143417624698241	-0.891869858681092	0.682831035889515
c.37.1.10	-1.44245343986583	-0.94083918725879	-0.480717839709762	1.18850985091194	0.241049230745267	-0.116332259648907	-1.46652241619401	0.941412577489722	0.962508412062386	-0.299740228974188	-1.12770674219018	1.28591797103828
c.37.1.10	0.8033321888883	-0.0762524106508978	0.0141512436756736	-1.03745133611871	0.322236412378363	1.27453720504844	0.0638071329244153	0.878193688395113	-1.66427417974509	-0.0849628163158936	0.426790815637547	0.715842167836289
c.37.1.1	4.95816600344672	2.31247668367189	-2.78356943277982	0.314282428927655	-1.33682332262617	-0.678976730222627	-0.675024743265503	0.0543888406624758	0.764769916670322	-0.370377876576396	0.0926426370715798	-0.720716874693473
c.37.1.1	7.63783544181666	2.52428424157156	-3.36309081014518	0.373539331716108	-3.01786988429136	1.12913693146257	1.24333841498608	1.84381679690844	1.46931720080965	-0.850250821712154	-0.40295551618332	-0.729805676324537
c.37.1.1	4.54701816990648	1.83972674888214	0.0940043568228487	1.24017958101224	-1.61900850803547	0.133059124680766	0.03836813262562	0.409328467106745	0.677959530338838	0.436891739757964	1.53004477041056	1.09299638937641
c.37.1.1	0.665979462917128	1.03576440488445	0.237307103476684	0.213511796397162	1.16507434109628	-1.87959801517989	0.255889599712313	-0.56979724750429	-0.618217605366208	-0.509269391349815	1.28757687351983	0.820653880263593
c.37.1.1	-0.561314371592929	0.613441002984808	0.0666670079316093	0.58624116535426	0.536831704191416	-1.78096583406993	1.23015751494005	0.693388227354351	0.581333424933675	-0.084527332948772	-0.475237910422118	1.0659195762746
c.37.1.1	4.08587735953544	2.3816092614358	-2.88163769672243	1.87342003909004	-3.33030693280693	-0.613159449226812	-0.269749769306184	0.721649532618762	2.88051729203723	-0.827247064680755	0.701167831656789	-0.764778453354069
c.37.1.1	2.08068014646197	1.29357593650141	-1.9940242843142	-1.87385519320386	-1.12960164593225	0.280175686428475	-0.39070599029339	0.280250090620733	0.206679758786282	-1.41318222769602	0.718963807609052	-0.618156507226701
c.37.1.1	0.0829629181071161	1.11079350764222	-0.573014744187499	-0.0239964710332918	-0.232398235910442	-3.3380823753738	0.474269671267081	0.625321398053574	1.21684819940734	0.293371499134072	-0.496155550597475	-0.157882900760059
c.37.1.1	4.64967922948496	1.22658313491788	-1.44112940144868	-1.40584168584055	-0.679156226144955	1.47124356523989	-1.99572653561437	0.536500212780281	-0.162460675142356	0.0846257613527016	-1.09107888703834	0.984038489184609
c.37.1.1	-2.05088465502834	0.0238382750542043	-2.75011805324866	-2.5156053533808	-1.82823188823762	-1.16140921949247	0.638501294011743	-0.65907044254618	1.50077945205735	-1.31650589158187	-0.171735927889692	0.0680430037705831
c.37.1.1	1.95791143258021	2.03469788837253	-1.05918890711641	0.841217263532252	-0.726184056849581	-1.58844869101714	1.45165722516454	1.30044622945907	1.5505646071692	-1.2560859839765	1.25248287711737	-0.0163739778598868
c.37.1.1	1.19818268291182	1.57309421174529	-2.30218416007231	0.10259087470645	-1.04810608844572	-1.86846739315152	1.12770569363044	0.356829652040786	-0.108260810815166	-0.68462362027643	0.545207479776775	0.623804821433407
c.37.1.1	-0.435468719967885	0.233055057870517	-1.8922949649113	-1.50506321081712	-1.03572381082879	0.793397149882183	-1.03121034433524	0.152970548346685	0.167670056192941	-1.54128663525603	1.53536737391066	0.115562854515539
c.37.1.1	-1.24833516339287	0.100188660601206	-3.497267259438	1.78566994003725	-4.62870579217225	-1.02500068332185	-0.56110803807101	1.1545244225501	2.3491240033801	-0.323793531365131	-0.26914011032009	1.23442136995351
c.37.1.1	0.46022632512239	0.825937210435025	-2.00137262340971	-2.84336894143123	-1.05795934886228	-0.689708582936149	-0.776718848925463	0.789087381580135	0.46342197623505	-0.891823575898126	-0.631395600660395	-0.790012919583486
c.37.1.1	2.79812092468449	1.47802041034047	-0.129635490270986	0.752138952996572	0.63805765206152	-0.322437101304445	-0.769690129851978	1.08162999557021	0.235347333333741	0.176014598979204	0.641216631995307	0.492429315244163
c.37.1.1	-0.0571750983987115	1.37742263411621	-2.56799197416366	0.455421279984915	-2.81463711623658	-2.01443978155443	0.280888898022987	0.77919991913421	1.31445768779232	-1.01889529164401	0.190780845093719	0.514653624606341
c.37.1.1	2.83167129795856	1.15158799159449	-0.596881725779377	1.14327419819219	-0.476372299817622	0.325431007304301	-0.558322442563817	0.911453621810783	0.0961162248908953	-1.05705944054271	0.113482240830952	1.11300743459375
c.37.1.1	-0.376907204595435	0.52839137460448	-0.84204050006417	1.89621149575447	-0.901808901402173	-2.17418360108262	0.788225370321149	1.24883720548794	-1.54385041437419	-0.886911952524465	0.584934799794649	0.440543465126884
c.37.1.1	2.34158079437244	0.758975634151014	1.97972311197928	1.04773518853916	1.38709173824128	0.552583803170404	0.47877432347261	1.15027461708524	-0.760880627203819	-0.324169041953137	-0.457628680312378	-0.0276797843145176
c.37.1.1	4.00309630798393	2.17219872786242	-2.0871541907939	0.569134507129287	-1.81425817897414	-0.556644185271687	-0.635412818024835	0.245095408016647	0.328759345648501	-0.850916075714365	0.529541912866359	-0.344561168459591
c.37.1.1	0.0558111859660115	0.00172025173642564	-0.540341594946858	1.5080136270521	-0.572113075875018	-1.06414800804964	-0.51008964066251	1.12850463806198	-1.16666061003012	-0.426842732114982	-0.0647056991025165	0.895129442596525
c.37.1.1	-0.709767205531441	-0.113308860629515	-0.322079594379275	0.504523804688996	0.447392328702217	-1.28221821005636	0.52194334869138	0.0915775158543939	-0.287465482191501	-0.0855355808759085	-0.189900481251951	1.25700106411679
c.37.1.1	7.56312090353934	2.63472052592698	0.590531588702785	1.94513027950468	-0.325997884795444	0.300063070224249	1.09538757771339	0.562200669560668	0.872312825304745	-1.08278479877592	0.40769464310372	0.957206812896177
c.37.1.1	3.89908362842971	1.4486146604527	1.0151068418306	-1.37300632976063	0.419310992710606	1.03931705873184	-1.04104098156432	1.25266520459325	-0.540643938884138	-0.893345426994962	-0.336305113826115	1.02360585826078
c.37.1.1	-1.14672703099923	0.929042181788175	-2.64523503794587	-2.20346659998364	-2.12149744581217	-3.56259176427452	-0.238463591566126	0.379053438527779	1.11618939556673	-0.485873678099453	0.0406959981135423	-0.203002241718436
c.37.1.1	4.24514855002553	1.53705074083052	-2.66587885522032	1.92348914878393	-1.12903880605006	2.41074531786525	-1.57314041570991	0.633997477437964	-1.41278011612911	-2.26504388967532	0.219416122548087	-0.0817404932971317
c.37.1.1	-0.75218958828072	0.587064434793162	-3.9267857863053	-1.31875439950076	-1.92493637936541	-0.744011950355875	0.42389781563567	-0.701601388377248	0.096797627742115	-1.85774669333703	0.0792916396307955	-1.19547335986025
c.37.1.1	-1.91312507210269	0.216102957736103	-3.08593390471923	-4.35731039454191	-1.29783180756667	-0.998176398265219	-0.664456617190308	0.301321628518764	-0.747316577087118	-0.757972767187725	0.875450947842475	-0.571240009727526
c.37.1.1	2.90827896190312	0.720425276175626	0.459199225861154	-2.60734325211039	0.319266938095815	3.04442400734388	-1.5765072926328	2.45369890493017	0.966180464362797	-1.34705906146493	2.10093921187015	1.30934065143742
c.37.1.1	4.57377545493871	2.07189066150695	-0.957941146088199	-0.504445338533789	-0.620264039556217	-0.512359458521445	-0.0791341278772503	0.778337654488097	-1.67412039888781	-0.92091636158272	0.0120874090114557	0.696037521037241
c.37.1.1	-1.08265066011667	0.560792084787242	-0.645262355577614	0.321785925754635	-1.22016193447589	-2.26991951868871	0.626164266180886	0.635320361421195	-0.0991764877991672	-1.00676072118884	0.0935034798852164	-0.078813607575433
c.37.1.1	5.75043168705498	1.98855377237312	-1.81975784150623	-0.121838812956604	-1.92882490897637	-1.70440486821436	-2.47169685577841	-0.176432838743417	0.422058572065392	0.162983341159453	-1.11784800194369	0.299456929765239
c.37.1.1	2.64527136046289	1.87685817859685	-0.895152458620229	-3.51499637911555	0.322659766970933	-1.11953990724488	1.77409103866708	0.0203727451849722	0.0614726222878005	-0.461323883069438	-0.038581334773253	0.868737052200761
c.37.1.1	6.37248444998236	1.81300373097736	-0.592106984610356	-0.702492291122067	-0.591504909126049	0.666239732876263	-1.82757278842883	0.179275587443518	-0.144369796923147	-0.990043058071307	-0.893532337099666	0.50835354692243
c.37.1.1	1.54355330893515	1.02536768140157	0.131817342911127	-3.56050154182575	0.0204604151182298	1.62661269442657	-2.6879609250817	2.72236505210278	0.489455199862148	-0.962880638719344	1.94269430774552	1.86323455071848
c.37.1.1	2.23908667735214	1.23537475583376	-0.414950934022706	-3.14485450158147	0.319753828355331	0.72996441562996	-1.89884018141408	2.46650614111835	0.894020026937665	-1.12625456562793	0.481782295167629	-0.0276858631900557
c.37.1.1	-2.10465936256864	0.0518246949369481	-2.99903912133387	-3.95684382908269	-0.561269676684115	-1.82012366882469	0.561024462282516	-0.281896589633347	1.17148924819877	0.126915636011668	-1.16655544936796	0.0262303174269845
c.37.1.1	-2.10078253222798	0.000832906836470696	-1.82945484959786	-2.22160050716672	0.763382234391854	-0.37197508684483	-2.25516827909105	0.649300128930293	2.39119063059891	-0.0187427402302782	-1.53604141697173	0.766224501935792
c.37.1.1	9.2877100907406	3.10101241100185	-3.04179459253464	0.768863502702561	-1.99751922476257	2.11184918376625	-0.260932524371279	-2.15500377390111	-1.22846388102244	-1.02459711609832	0.478505458737484	-1.23565103332018
c.37.1.1	4.4499522218007	2.34699842832326	-2.67891636592585	0.198102163199038	-0.939792467932513	-0.0586765418443666	-1.78179310518338	0.995382444452464	0.885847910988602	-1.6045664861604	-0.175882141760426	-1.27622934531034
c.37.1.12	-0.769408345638065	0.267205368554043	1.45593838276389	-0.340234539720555	0.341991255431286	-0.665243679723985	-1.46412678878808	-1.13570949327247	-0.436242403901057	-0.944085712557122	0.202330123195302	-1.05065111393253
c.37.1.12	-1.52635455545695	-1.27855590009665	-0.928895541095521	1.7161013258905	-0.489797119732645	2.85920449929047	-0.485541645250934	-1.77846128966356	0.826925083618766	-0.511266634356406	0.929040921478565	0.266587705444892
c.37.1.12	-0.35643449556378	-0.327817149098608	2.62219001168158	2.03732505362537	1.00460867232491	0.610149300752696	-1.03539964993024	-0.879334585801567	-0.0360096725935188	-0.298250847382812	0.491690775905693	-0.482884101287861
c.37.1.12	-2.58222322521999	-1.41188801435205	-2.73566979803051	-0.475551983972122	0.605663109022541	1.27606401707325	-0.691023113837585	-1.34675788744983	1.15308133638823	-0.169242868571342	-0.6690855552761	-0.0963195138415764
c.37.1.12	-2.04940672889113	-1.24486740225031	-2.16884073170859	-0.0092974460106337	0.946380312701601	1.983583318766	-0.351353780909298	-1.116673375477	1.74433422495994	0.185521918736867	-0.545832409717923	-0.384659674288856
c.37.1.12	2.96625407738057	0.666938038020912	4.85798009694634	-0.333808440411676	-1.3850100436916	0.0525330112193979	-1.49544453667826	-2.4914085018031	0.133678269585853	-0.767802704851871	0.672684828006304	-0.813862283191231
c.37.1.12	-2.51184992745633	-1.33776562488186	-2.25378016300804	0.22400824081102	-0.0280746604478007	0.315531472829131	-1.49077301174698	-1.26071159136172	0.587143977402672	-0.189896459186008	-0.423435849524811	-0.150264296206628
c.37.1.12	-2.39237742248018	0.211317981555206	0.6022787542383	-0.0402651233649455	-0.302156858825284	-2.44137421473106	-2.00721397330573	-1.81217569309869	0.830567737107717	0.27023774518625	0.213585618295466	-0.400748209798638
c.37.1.12	-3.18916052368454	-0.211169684733811	-0.0337313233720907	-0.00898543473713201	0.356503499560122	-2.10677600081087	-2.3644216904622	-0.484407760708582	0.511455389475779	0.566135670460431	-0.0815010026236981	0.0610092658653656
c.37.1.12	7.63087851969727	1.53688093143957	3.58102778666896	-0.79547301469115	-1.6258698618288	0.994432445240995	-2.78029186016776	-2.81393875623352	-0.812430846871435	-0.987710231561086	-0.306480367132744	-1.65011059250085
c.37.1.12	-1.17128958656101	0.681905508443682	-0.518785641984169	-3.16431172192346	0.870473993323375	-2.11135257794233	-0.482548696296705	-0.537428263492018	-0.487290343507073	0.19415912230629	0.758424970608155	-0.683781970323441
c.37.1.12	-2.45689780544317	0.393238595867285	1.0118748495128	-1.77221758325798	0.507667190589955	-0.702081083553944	-0.765913683321516	0.104129724635584	1.3694822428969	-0.365778624776648	0.702181820540558	-0.222441487131816
c.37.1.12	-2.5183839097912	0.0583365060996107	1.26845242764061	-0.894238651075044	0.656405287193666	-1.26435050492037	-2.01029565339151	-2.01558970116813	1.10189763334547	0.389577379155755	0.680755264736368	0.0110427735023312
c.37.1.12	-0.584167289362285	0.683053472474351	0.824928600533913	-3.74603083289821	1.94717909016858	0.0697583128664422	-2.10584771562039	-1.05865697019367	0.685953164579604	0.769181410964106	0.716591996501486	-0.670991732045849
c.37.1.12	-0.96437880467984	-1.55039819881164	-2.31000590612431	2.0776391479937	-0.33943167773705	1.968322976727	-1.88442809787409	-1.83996401451606	-0.555686200278212	0.26322858187447	1.06412385745993	2.30910297380336
c.37.1.12	-2.98614318485791	-0.23163949824404	-0.466415569216704	-1.11000361294895	0.466991026241032	-2.0438818230873	-0.94871026999006	-1.11943706448262	-0.283495767788662	-0.408489330547944	0.144838693423751	-0.697551439537391
c.37.1.12	0.123797955489268	0.0579625738359413	3.67592187822216	0.235424347302278	0.96226140620645	-0.399557351914273	-2.55958347073038	-1.05447299523091	-0.786536124948081	-1.78176477929667	-0.905385884310936	-0.742500959311545
c.37.1.12	-1.87297657682882	0.135075455601915	0.132992430450133	-2.51606496311451	1.43893640004997	-0.49496804339312	-2.21662047233527	-0.409024554465759	0.286462347774591	-0.620369528641345	-0.0387557243144267	0.250643813303144
c.37.1.12	-3.55196653978728	-0.764285364887915	0.885143100363955	0.692540435469911	0.0657890397933571	-0.926339925459404	-1.28902026014394	-1.14981605738379	0.412396510936781	0.310229073619974	-0.259588771259938	0.70573797636687
c.37.1.12	-4.25558164846715	-0.307739750882269	0.58897207217339	0.411957446495917	0.841439112060756	-2.02203820040595	-1.19226503841021	-1.54948575696835	0.783494352599472	-0.056841721425392	0.421438696035288	-0.264755226487633
c.37.1.12	-0.00563644240607997	1.15841715283329	1.86300662136675	-2.53912133475687	1.01214408310969	-0.756193827069703	-1.20793182409662	-1.01097244703196	0.467481165390764	0.866738947527565	1.46764624352741	-0.781138309691045
c.37.1.12	-1.54964869393812	-0.910793324901671	2.26735832638179	0.928665008557781	-0.289791661813938	-0.25690447382738	-1.0846269136034	-1.71269871391873	-0.898844515027879	0.291976072445927	0.0440238257354797	0.5830032202044
c.37.1.12	-0.878689848170601	-0.655860984945203	-1.09060058699328	1.28525252078292	-0.19737234191871	1.92653598374141	0.376671813474376	-1.58378970622663	0.0634170837982486	-0.714462864961196	1.22986212499559	0.246994855416727
c.37.1.12	-1.29332898791132	-1.25102516967568	-2.3621225482733	2.85426659838012	-0.775283809363535	1.58889662114252	-0.19536375190095	-1.78086051763927	0.387536778429199	-0.0921121252635305	0.554960371341629	0.461310087632042
c.37.1.12	-1.57795145716749	-0.97058674007743	-1.94613786283563	2.12066038120429	-0.933046037949946	0.916147462248974	-0.354203530080623	-1.86058901567162	0.555849130280535	-0.0883685152471663	0.895502916731419	0.453747281783908
c.37.1.12	4.09039530960289	1.55122211255952	4.65266930744697	-0.446557907450973	-3.12944106641378	-1.20070196669137	-2.92785636031202	-4.66606663743498	-0.0302066229055669	-0.101093373927345	0.488765400362004	-1.0955210454347
c.37.1.12	-3.7231877439117	-0.359566121453555	-1.40100314642386	-4.13607827320406	1.62244366270947	-0.961876324874108	-0.607730649927955	-1.04931939818971	-0.690973239462938	0.259898873663971	0.659987054508783	0.397248440448773
c.37.1.12	-3.14178392843327	-0.368931097614114	0.259230372736133	-0.818553494525196	-0.496613021174656	-0.738471468947304	-1.86187197423956	-1.92711408783374	1.20264074167848	0.738276559539253	-0.130920383280677	-0.105032870572607
c.37.1.12	-0.0894499428953159	0.564909217879882	1.50108326564964	-2.86805914836826	1.71010192909974	0.131438165447325	-1.12547930061156	-0.722634809907349	1.188049095993	-0.183424367097865	-0.69226265712892	-0.310360845573481
c.37.1.12	-2.27170061550618	-0.378587685690302	0.78619258806987	-2.1353448256557	0.258524747876124	-1.21736136634767	-2.52760117685729	-0.918190975722852	1.66980962064717	0.413237990049657	-0.670785417491851	-0.380651168681678
c.37.1.12	-0.783497097200136	0.315637300188497	-0.0334366313787489	-1.86078987814283	0.202662455292553	0.0196167259596191	-1.12664226563246	-1.0430845715688	0.842079003834223	-0.499922268765861	0.460534161596729	-0.684722436133131
c.37.1.12	-1.28226662404371	-0.0396057795674691	0.49735827323301	0.384218661400479	0.413948312739738	-0.448130746058757	-1.1733578248277	0.129558079781341	-0.0644647226881431	-0.308325367932386	0.724880696837551	-1.1253532223168
c.37.1.12	-0.17778279687418	-0.0821381585749661	0.935008861532366	1.22739788728478	0.284135438872585	0.226934243010493	-0.973631349369722	0.2582061882756	-0.258397769659571	-0.922968391530193	-0.501900975969094	-1.23539174765927
c.37.1.1	6.94246060905788	2.35169868825996	-4.63938663209009	0.615614381954108	-1.93602363999346	0.869545304058938	0.931917383524175	-1.56089458979135	-0.426150745852549	-0.851587482912722	0.0071479620583724	-0.904178036985309
c.37.1.1	0.396777126034153	0.327110109713912	-1.15511093191607	0.591483170919649	-1.11615227889324	0.432735090929709	2.17941878988974	1.96078585217584	0.754003097603606	-0.26338250193182	-1.17613512975083	0.6357250303518
c.37.1.1	3.86022290237785	2.34536022368589	-0.448710008095882	-2.55379888650623	-0.896209662103131	-1.98615021162714	0.0766390839344934	0.835675841811567	-0.805038252612881	0.226064694558324	-1.02154938466827	0.577033713612231
c.37.1.1	1.69308567812698	0.583406864150838	1.44807885027536	1.08028294631154	-0.959641618126594	-1.0077281722595	-0.791435797586039	0.128364514910625	-0.288409626921274	-0.378730436049585	-0.383146959563764	0.734463396083744
c.37.1.1	-2.46612136131606	-0.0945367458110024	-0.652743395196826	2.020705430795	-1.84146309526041	-3.18731922595791	-0.288265644958316	-1.45127984802711	0.481793650289998	0.690282852882612	-0.960799428741692	0.187905197548891
c.37.1.1	5.36436101759562	2.71889669625059	0.474410446012396	-0.456936187708376	-0.308623085192953	-0.416316321592992	-0.932690291417021	1.81328654420762	0.716230872011746	0.773441007265662	0.170238698299533	0.823286606344066
c.37.1.1	2.68469794558858	1.22063697137564	0.278244676136748	-2.07852466580092	0.102935408578397	-0.941287584732734	-0.136335648644616	0.836595634603308	0.795432328325382	0.194317868120706	-0.999832841078457	0.993118072875432
c.37.1.19	-0.969284727756282	0.141401531121754	-1.09172371915572	1.3635221143228	2.2375110139671	-0.274940695991818	0.0777175557829722	-0.84102512634125	-0.273301350130802	-0.78817721721719	0.129280798471234	-0.177730365200173
c.37.1.19	-1.60541557488051	-0.544635146117715	-4.83635974907213	-3.04236703583608	1.05593194521593	0.00693567722456111	1.0353709516405	-0.0384106058964631	-0.76120257835783	-1.03289587575273	0.376831302717164	-0.559094001710714
c.37.1.19	-6.0182528982519	-2.48836818276591	-3.98973049508836	2.23950093273387	-0.65584231914439	-0.317102123800252	-0.372333637587214	-1.0697491409408	-1.09825105546305	0.0545363065980191	-0.948304515554442	0.573783791007503
c.37.1.19	-3.56493731134488	-1.15924228078335	-2.05871450137569	-0.743921257163653	2.9571489081599	0.319642576394802	-1.26699856457391	1.4085608948612	-0.884475879100208	-0.507274005724784	-1.15929204241063	-1.59083800812048
c.37.1.19	5.30238936336621	1.51606917558965	-3.40524053901258	2.1794131695677	0.618172667522599	0.943001855994571	1.2159689870182	0.743893372924482	0.31074399876585	0.350464398504224	-0.91348630100444	-0.228036409467613
c.37.1.19	0.526415770903801	-0.911489073244848	-4.72965211954274	-0.71448896170169	0.69700851999818	2.89497280486442	0.285007494485617	-0.42056812450853	-1.35105241790023	1.47109804655512	-0.571211586310293	-0.196368695493025
c.37.1.19	-5.4364404752965	-1.64288146482127	-3.78602366630399	0.0579210306515948	-0.170385699577786	0.343239001852419	0.682410207798325	-1.18735354831439	1.09376940786253	-0.0947236779374214	-0.428076409432987	-0.107819705960223
c.37.1.19	-2.62989582673198	-0.952777579872412	-0.610892434730097	1.87001091835463	1.2889374385031	0.818375799180351	-0.673413546036138	2.28615899537445	-0.299040530896331	0.876770020999964	-0.0331653364940669	-1.74504961278536
c.37.1.19	4.0312906486227	2.14677352222326	0.753294205733647	-0.305850859240722	3.56433661266391	-1.4410994146815	0.133386637641527	0.206221429153972	-1.70879306217482	0.383623020357477	-0.435982845273215	0.0820920852808775
c.37.1.19	-0.376216278330581	0.478638475025127	-2.02624646776198	0.101520536520581	0.494608738196071	-0.255381573322107	-0.388161441656278	-0.317633203590726	0.251889318382213	-0.276247901710287	2.01192564653915	0.448426361252745
c.37.1.19	-2.085452097713	-0.375700901455863	-1.22289491780646	-0.101548510181764	3.14691976638639	0.859788476498541	-0.857555664438243	-0.625210813584881	-0.120668711068554	-0.138097117643388	0.328708946772724	-0.607638991193225
c.37.1.19	-1.44754083406778	0.00110917484988306	-2.26762460302756	-1.03974539210914	0.776693185765523	-0.603085360771968	-0.814788490238169	-0.20619706439868	-0.701115085358661	-0.458714106136361	-0.785259706655345	0.618837566741844
c.37.1.19	3.51566640156378	1.55303237053472	1.05202337501932	1.26827668473194	2.25023147871642	-0.233855304445385	0.22304196702237	-0.2034641927689	0.483815428561236	0.47994839390154	-0.672774867443999	-0.335431161343413
c.37.1.19	3.47475519071529	1.68957595918292	1.61319624412656	3.4258082589458	0.454310666887117	-1.54669455045035	-0.725807308321801	1.17222338215315	-1.00174348151817	-0.605510862679778	0.220506386764083	-0.526201037057285
c.37.1.19	-2.13116814028492	-0.292261790958216	-0.210197215154519	-0.538267967266735	2.51715608071502	0.330224540219102	-0.0383989642945105	0.531864877559741	-0.784828242884749	1.15796284579353	0.675952230925393	-1.86516063742636
c.37.1.19	-3.69031403857303	-0.96477865615521	-2.04382866329465	-1.18181117061608	2.5656139994681	-0.0933806198169011	-0.719048946662917	2.15770291130179	-2.02561362647024	0.367451797037007	0.0743260374621389	-1.31411745778511
c.37.1.19	14.1308766420767	5.51422780151056	-0.78004200712426	-0.348301746926763	-0.668943506032976	-0.668030302552329	-0.712825665111577	-1.24510354554846	-1.27612238138156	2.15708597773093	0.827604804995379	-1.06265185162497
c.37.1.19	-7.85816203829165	-3.10627031396672	-2.56665209362783	3.56186597908657	-1.36216962645695	1.06478328855979	-1.06416356358783	-1.11225907479078	-0.386248032908272	1.30936319213544	0.366196157260995	0.584663278902215
c.37.1.19	-2.97255223137586	-0.732533203333838	-0.234446234694919	1.71560814436522	1.55148147731203	1.29871698037791	-0.954809487215553	1.55249613625255	-0.0598866558173261	0.773055486622512	0.425955652471029	-1.18063318522737
c.37.1.19	-5.15933874540934	-1.7825577325244	-5.4371999674367	-0.465320899384956	-1.16274908155993	-1.12828090752421	-1.34496550380164	0.199810933073568	-0.542502083329954	1.24637751653588	-0.760733056636758	0.942277864847205
c.37.1.19	-1.41906360264614	-0.263140859790968	-0.814665067131794	1.15127412334785	3.17718555754844	0.217135289476436	-1.16469019537625	-1.32879036639129	-0.348749223523265	-0.531561720538666	-0.219782944906259	-0.00933009155251426
c.37.1.19	-0.632172447320544	-0.828570724132754	-5.1475078083534	-1.62349684130687	0.457580535737337	0.497662391407858	1.51359134515087	-0.119798943225636	-1.95464472626319	-0.135921372924862	0.241737900791737	-0.456912768362762
c.37.1.19	-4.28024924522513	-0.877209344775264	-1.88605129759295	1.1697781191088	1.59687479184845	-0.339077405488432	-0.461312337042192	1.75397007119354	0.284698733603818	2.11000035698844	0.00943709285557118	-0.264947079496489
c.37.1.19	-3.52273387222108	-1.21135759342143	-3.13040976298596	1.36779215308723	-0.447641599888371	0.218982058373402	0.290493949265198	-1.52586819205398	2.60189145769347	0.375965926904064	0.259112916467725	-0.174042050508634
c.37.1.19	5.74708057768667	2.1872407345517	0.479451449762243	2.41762211437277	1.53726411469142	0.0391454605926796	0.458288014433916	0.446650976282808	0.359521189750532	0.0214826731693146	-1.28632866904915	-0.1440099266283
c.37.1.19	5.26853331339757	2.5658445988606	0.248277015214446	2.5526197400662	-0.144435108507024	-1.73179552416992	0.118922109988246	0.535772072357845	-0.53279364924851	0.013077940733269	-0.247841736094122	-0.627344432122792
c.37.1.19	-2.47211907191182	-0.636978383330296	-0.37934327052433	-0.193516738893184	1.80910420286071	0.183201269022586	-1.52761571153252	2.26568416923796	0.860481491400859	1.6432859464545	-0.932036722711351	-1.73994770137921
c.37.1.19	6.15552616925875	2.13042286967147	0.720707082946525	0.41718582843146	1.78247787444546	0.329760226390745	0.428064875790049	0.53012747505636	0.20019840739601	-0.283519844164681	0.0406759998670681	0.381653212999428
c.37.1.19	3.70700875930302	1.31091088367409	-0.217611635365223	0.118749249804581	1.29068641785927	0.0316026749287793	-0.596997386089958	0.95968108498835	0.891503903745299	-0.629478802826058	-0.146181624053202	-0.622362929348228
c.37.1.19	1.60668046831696	1.02206512198986	0.0461106247597345	-0.849005239019957	0.632803211737665	0.767590511249303	0.869580928711155	0.490182781172603	-0.0115861884478312	-0.929190644673063	1.03365864018628	1.85085531000209
c.37.1.19	3.16758605918515	1.66311858181224	-0.0318119401500796	0.092253350488518	1.61020752936852	-0.933498084901155	-0.176667774616021	-0.16588874491537	0.239359055862692	-0.385007646085603	-0.423827718422728	-0.442935992236374
c.37.1.19	2.94911034606093	0.664609952759024	-0.041665414278323	1.34279910529209	4.11992233413592	1.13098163215041	-1.76751271011932	-0.529443712546832	-0.131327071010269	-0.45468286785081	-1.45288339941531	0.261551548919852
c.37.1.19	1.3930590230152	1.27274272708301	-0.35013740022162	0.631266221500575	2.66984951728905	1.93506149063695	1.05096006069828	1.00054956266917	0.635390627162006	0.979736001121988	2.54573462954085	-0.755774101004976
c.37.1.19	-2.63361127927125	-0.0283082945010181	-1.02346140078033	-0.14990067850545	1.87685055567684	0.34619204081566	1.81714206288956	0.335026833627377	0.171021027041402	-0.228362993116609	0.0593824207709535	-1.1738486991095
c.37.1.19	5.38898780954729	1.60287708264531	0.922796711847072	4.15180205474599	0.342767171886819	-1.43161094105018	-0.779087331768679	0.0834100629081852	-0.137206626614121	-0.716745594236975	-0.772290545630711	0.652276729480117
c.37.1.19	-3.43853492516808	-0.784708319118056	-1.78618340185969	0.127985584811923	2.37600494906559	0.248158039496567	-0.608314648205378	0.933587689127468	-0.0240356666609249	-0.0961562526086507	0.102349758659114	-1.49948160062689
c.37.1.19	-6.62537979168321	-1.6920307685645	-3.27088114799135	1.88088630310705	0.0492078967354178	-0.966256599544787	1.2381514221268	-1.14303052147577	-0.97751754660306	1.31202047749712	0.703230156737421	0.647648246099258
c.37.1.19	-3.21366373480991	-0.599037887216053	-1.38719184863911	-0.561410824272329	2.61209806873967	0.56678309354898	0.436357182062715	2.4949146891227	1.25775561524345	2.18765967115546	-0.500631938134733	-0.21781166989384
c.37.1.19	-3.22074483711975	-1.05122301888421	-0.456821256858587	2.08214482286346	2.43839509444043	-0.867930907942308	1.33814040524006	-0.434930334645539	-0.76717284837397	-0.879431911494854	0.0831806084992608	0.370153963183317
c.37.1.19	0.510465146083502	0.632748733125941	0.716685257260801	0.636976057402147	2.81974038628896	-0.115326789159518	0.610434836359144	0.385720278636912	-0.806410470427136	-0.0673215395662797	0.613225939222886	-0.966118394392072
c.37.1.19	1.38078608530121	0.542437014345709	-0.0665232916977079	2.50801722338715	1.49618693897182	-1.251603423022	-0.326417794664964	-0.892253643779061	-1.13534024513012	-0.474574706377298	-0.578838423217667	-0.15967336698373
c.37.1.19	-1.91838825628556	0.387209162653459	0.867846511865712	0.541429929493852	2.68264783103344	-0.803371918854787	0.39933743530205	1.14576143632489	0.041177269976283	0.85096747704267	0.626705464483496	-0.875548514413727
c.37.1.19	1.25596616984815	0.382039536429093	-0.99582091025585	0.955758844637637	2.18733364769772	-0.716722273361416	-0.0708537491982242	-0.119786991083819	-1.49099882020338	-0.344997723847878	-0.76525031754336	0.539489607766857
c.37.1.19	-3.87993205180894	-1.04241718829574	-0.112356987797536	2.8406400137861	0.778630830025064	-0.982359867342634	-0.39019590606503	-1.88080047129086	-0.0199387838914071	0.324592839306664	-0.111618713609196	0.673018918574026
c.37.1.19	-1.61724219213699	-0.719063170600278	0.224464902396464	1.67774907396295	1.94891712848182	1.25746032842957	-0.656105667772202	-1.04003756094828	0.371581076009552	-0.564923534218087	0.117822269567289	-0.501395917144458
c.37.1.19	-3.18622337925714	-1.33885619483632	-3.95561857940511	-0.375291168137408	-1.47162492747002	2.86279665622347	0.126275211035263	-0.827582947740746	4.27918758616589	-2.52671007100584	1.69440913119296	0.403037004144316
c.37.1.19	3.62267438155129	0.485648880393892	-2.03772472067432	3.24078605971616	1.12299963702126	1.05716701086666	-1.47020154700678	-0.293856384946786	-0.773210953854634	0.0935913188605803	-1.25867634996095	-0.319500519954051
c.37.1.19	3.25767575361181	0.159149789036547	-3.37538352262479	0.244177195558804	0.283947867888397	2.72370930203641	0.116204985513129	0.48012369741116	0.678037250571822	0.704599707022668	-0.15238258679418	-0.126239048943615
c.37.1.19	-2.37317182701103	0.112163874122439	-1.14141122990273	1.25534033692603	2.7115167607053	-1.12826682491563	-0.133424462919333	-1.51400370239272	1.09585878040088	-0.00129673759919902	-0.0893932248186292	-0.162121194470248
c.37.1.19	-3.79957495214786	-1.04539898475239	-3.87052505969582	-1.35008664316391	1.52288784336939	-0.235435324478912	1.03802635467392	-1.08681738567978	-1.04269757749475	-0.401990214515533	0.48169225779324	-0.573818136250245
c.37.1.19	-6.63191376238849	-1.74554053790497	-1.59973934276007	0.417476026599097	1.404823423455	0.396523931879025	0.628045803490132	0.37782530004729	1.02439529330831	-0.266329655964625	0.0145066513173985	-0.896241255664916
c.37.1.19	-1.0343738434243	-1.19816409759097	-2.70453436112373	1.22146790622794	0.631838844962091	1.19704118878093	0.711604577718503	-2.35284638977069	-0.354662743575659	-0.0372845284558181	0.537620436668568	0.134498056081594
c.37.1.19	-6.91946127944462	-1.34631408689178	-1.84784494204829	-0.261307778149228	1.47618942127289	-0.0670817195236933	0.910778264316578	-0.579485979333316	0.730602961751594	-0.08354187311873	0.91897286095346	-1.38755373251892
c.37.1.19	-0.396316947095479	-0.054976578725387	-4.07591766343735	0.883640074847762	-0.131025871452444	-2.11335397531211	-0.489999241271537	-2.40905675198723	-0.6132034236139	0.265456407449458	-0.262074832950809	1.19473800196373
c.37.1.19	-5.87622205890663	-1.37205660916553	-1.68366947557402	-0.82231251395392	1.91381786956451	-1.17651944710576	-0.413662796309365	1.18937300084639	-0.712488557874872	1.12490199816243	-0.302079699419815	-1.13256463398024
c.37.1.19	-3.85330961022188	-0.986046275116866	-2.49382347297737	-1.23507927291587	2.60798912832649	-0.323563138945858	-0.951433195959419	0.896703735459013	-0.359541181113143	1.66092414480057	0.290882623552727	-0.770919525643813
c.37.1.19	-7.0993482628049	-2.70159365797873	-4.94094139025389	-0.344960630769349	0.19375769163193	-0.48385285697349	-0.153094804496784	-0.596002462850778	-1.98159751014857	0.0985168641759447	-0.814299151882138	0.752523319271232
c.37.1.19	-3.33525113537875	-0.323249311865344	-2.61273961984866	-0.689653190365456	1.73617013981272	-1.21263641145238	-0.106664360926334	1.09027069198381	0.110144142643557	1.16470313984218	-0.0367113404652901	-1.54060479644934
c.37.1.19	-7.32207324735941	-3.29876705659378	-4.32023119621962	0.727347426775448	0.93418236736941	1.44157149682403	0.121625996314628	-0.360436576180315	-1.47447156714295	0.507966045930023	-0.631853069751218	-0.00482336908102313
c.37.1.19	-0.602952055868578	-0.778451605564622	-1.36749908539889	2.23501698960539	2.50162651283441	2.14283576973148	-0.746999021004237	1.91493197605055	1.0441723934903	-0.542238126492627	-1.00706814678767	-0.705701514916935
c.37.1.19	-5.38148777594823	-0.661966563180424	-1.8971439861323	0.776718830465447	1.50705084756593	-0.836834414737664	-0.416893169032896	-0.640063110814777	1.31028218218633	0.883682541783132	1.53766090991916	0.423709914624104
c.37.1.19	10.7244610487244	4.61829005310035	1.19618588513335	1.86893641404782	2.09379445594444	-2.09095784023144	-1.6614338593304	1.22075166326922	-2.26851097449538	-0.555069762069777	0.2037325641814	-0.543838247272176
c.37.1.19	1.53016560654615	1.08389880676643	1.96497784057608	1.73048751584834	1.62488458850888	-0.867953176842729	0.337749307661239	-0.251916931768331	0.684528924384207	0.291223153823669	-0.924082747320673	-0.249255177751711
c.37.1.20	1.23325405860416	1.48871569575799	0.692359359555801	0.252133946321919	0.829392060292349	-1.07055187019794	1.05297505894132	-0.27839634619091	0.666150830156645	-0.0845049286888058	0.632600380979771	0.168607114450183
c.37.1.20	0.810280663423472	0.651358911119137	-1.29995511914491	1.98045390554194	1.43171221805956	-0.735543333262778	0.432437380895808	-0.101627795872834	-0.100818137594573	0.250843683751632	0.192143790619789	0.487343876492676
c.37.1.20	2.98194274490971	1.31853332578834	-0.62968310950356	-0.00781847565227661	1.14624962452719	-0.236893950620883	0.911254752189	-0.0701547546656152	-0.409277650023209	-0.248563351073403	0.484436062791591	0.0974464398434786
c.37.1.20	4.52119484680341	2.05256953202961	-0.065633826214578	0.787484577957734	1.75076950574955	-0.664304733605542	-0.689435306781558	0.326530830787328	-0.102109404444772	1.11847969914348	0.997180215088634	0.999976030137235
c.37.1.20	-1.66336529009963	0.605250748107933	-0.195048112869014	1.88372570135659	1.26074817193175	-1.55860919265692	0.122127087881459	0.0312456197189729	0.412252207887987	-0.219359358238355	0.329434697996146	-0.770032049369039
c.37.1.20	3.46438941030702	1.37746606313953	0.181892560421699	0.928325827433666	2.22378444940814	0.162639169078453	-0.954536825491896	-0.301099284321224	-0.987198226947687	0.99062893077765	0.744471151776696	0.611377105967051
c.37.1.20	1.37845790189796	0.999863583520103	0.856575273129268	-0.842569413323813	1.81616816621387	-0.487535230659749	-1.00696441375246	0.545723387018898	0.710618727935125	0.0936661778918574	0.927021420581441	-0.106320864866041
c.37.1.20	2.43279346790963	1.16719557390686	-0.385144314323688	-0.552109874835997	1.67625681607134	0.669701639366641	-0.37870681741441	0.599106090784944	-0.432019526831753	-0.0583059745907636	0.746548560639143	-0.10794667253579
c.37.1.20	1.17285578039517	1.28733571251148	-2.19379495908094	-1.67005564163753	1.71275376893418	-0.112137645928036	-0.126311999231837	0.318421278992953	-1.14416287694607	-0.421497480146277	0.637449661262406	0.475462842180559
c.37.1.20	2.25719638539899	0.809511913732709	0.0717002511159902	1.8875675303081	1.27113206467036	1.0365637793861	-0.086102495372103	-0.356471760699745	-0.180637908170149	0.446725238569886	-0.156964499862158	0.742874220454387
c.37.1.20	1.74722971779282	0.966963890438176	-1.62764657231396	-0.0482655952719092	1.80989952684463	0.193496712146225	-0.154255925905469	-1.39707590189145	-0.232198236933062	0.660470405279265	0.0354857118117404	1.10545574609206
c.37.1.20	2.10852043714133	1.30318784134289	-1.40629800226487	-2.5111148720196	2.16784233783909	0.162339556861116	0.844128864854927	-0.462734795157498	0.541392669590027	0.336847377655428	-0.707380280147814	0.800820939275496
c.37.1.20	0.175957436272171	1.17837538449508	0.296676186667569	1.55459448900415	1.28158360100372	-0.193408925780972	-0.0208070643164331	-1.29023869467027	1.77443923779167	0.481037142986195	-0.0180866443741431	0.0080589886263475
c.37.1.20	-2.955687654316	-0.571251063198941	-4.08459894224144	-1.75934742990713	-0.71397121805142	0.0879451464663555	2.70846851402597	-1.2768362805333	0.784677061161494	-0.229682748769727	0.940747724821136	1.25044775667808
c.37.1.20	3.72306471090252	1.69192840371606	-0.500890147378682	0.339250813638354	1.43997232044188	-0.197909066151782	-0.714861757447815	0.365814686737924	-0.0196930253706405	0.7647727551615	-0.0475994732202368	1.28605397672846
c.37.1.20	-0.184197584404408	0.831310083983441	-0.00957424428739108	-2.24549416040286	1.73210071811576	-0.213982898369161	0.792039332436954	-0.949617058827482	0.560581340843552	0.62173646256344	0.999488733060022	1.02644306700392
c.37.1.20	2.16935813258192	0.978975808715356	0.93078229428954	1.15047731801455	1.38841901960235	0.349464890142798	-0.176895406638857	0.133676801728986	1.46313592467031	0.456512950664114	-0.237233474148859	-0.291319713427748
c.37.1.20	0.426451762646705	1.04165350778472	0.45771113796528	1.87605935131845	0.488470048976428	-0.0186712006168763	-0.41482865167279	-0.701674070677744	0.86251055265931	1.83600386222106	1.37983979092329	0.945590398674513
c.37.1.20	1.40622660289022	1.02064998267869	0.398665835969321	1.491798982363	0.398043766415126	0.568981893495058	-0.271731476976363	-0.314969602700633	0.0590437061908119	0.781557193007694	1.10846799690906	-0.288133520049761
c.37.1.20	4.42324103923159	1.44555890653066	-0.0162303370370972	1.55420042975006	1.75670575318317	1.56181426796682	0.150355171125752	0.436525753379428	-0.972075590513892	0.303099846461439	0.685458566492251	0.145937658350354
c.37.1.20	9.05976830619825	3.22214794844338	-0.974005517653496	1.53625104442683	0.489009243940028	-1.5778430550553	0.0334612739302587	-0.129293269523898	-0.855113524675783	-0.174799605991766	-0.467792303675795	-0.36936519265849
c.37.1.20	4.5428824014585	1.34988236164666	0.110215673482482	0.485357724805339	1.31834908712828	0.819709697580179	1.2131241931828	-0.554313697482704	-0.570035400982682	0.538675708677989	0.16855882201986	-0.375304140521105
c.37.1.20	3.89672192371834	1.09074728805185	1.49373691186741	1.85972317497398	0.823001498152839	1.62849784230961	1.16987905460528	-0.209595833326247	1.8463873417161	0.399394633140293	-0.327586545265681	0.148381395279644
c.37.1.20	2.82728266810139	0.718527526542295	-0.40278194372483	0.515352913397625	0.643908977273293	1.10588074585234	1.38338329343685	-0.947675746596696	0.124273531824001	0.885961905891005	0.340425078006372	-0.233903553583359
c.37.1.20	2.64959887584098	1.13404688470181	-0.451513290044351	0.998405629346155	1.10259902034614	-0.424732233169194	0.785676871868101	-0.18130115782964	-0.106840289513204	-0.432879434153127	0.15822387376811	-0.0387463691166431
c.37.1.20	24.1436124134021	4.63415676381663	-8.72155659877761	0.557084003545599	-7.35594935814182	3.73552403409518	1.29265262362674	-2.73756760042106	-0.766628720261321	3.1507381143002	-1.13211835172227	-1.75087310413595
c.37.1.20	0.570661872091198	1.02595736334691	-0.141905570609854	1.09463628141818	0.989298547193169	-1.02157447602314	1.36588649089818	-0.0934258186325807	-0.218155693517474	0.519831305764053	0.0169638723595335	1.05522825076714
c.37.1.20	1.2648644349549	1.1375430226243	-1.16042016470294	1.73836510611528	0.392345804305453	-0.6174056296333	1.94010873162163	0.468210801595784	-0.569090151108703	-1.12851639241103	0.253914014944303	0.177804554301251
c.37.1.20	1.64922258017642	1.26529569604746	-0.844154003632133	-0.965474665660333	1.42572066748511	-0.879827156713412	1.33441206814729	0.794699096264374	0.748911504755171	1.2998165055292	1.06440617261329	0.00610319335867937
c.37.1.20	0.53026394158154	1.34974932597491	-1.58641577959824	0.871230069293512	0.706862135272644	-0.94556824447289	0.645948855074632	0.910432239655152	0.708945505400979	0.071151697447026	0.849982075593991	-0.391471909424131
c.37.1.20	2.3196642496404	0.840676950204629	-1.66700925747437	0.238625983410688	0.847258603053099	0.912644056707171	0.993221111246023	-0.0401536116712972	-0.588435364178221	0.846097937042705	0.384234096169597	0.199352496656073
c.37.1.20	1.24914390661779	0.233346998016217	-0.473461316426094	1.68614691365134	3.23310292611311	2.78268709069302	-0.307888151278306	-0.132226706480502	-0.367503181287237	-0.265858253107423	0.963175069881911	-0.418171470010254
c.37.1.20	-2.74815215204394	0.246746060015161	-0.813776941238952	-0.0645439227011141	1.73402118219521	-1.05051794158525	1.1964771263731	-2.15503403943591	-1.14206224618593	-0.73693339316733	-0.350874179382393	1.26173449745001
c.37.1.20	-2.36036037646483	0.325373750067627	0.494895944206702	2.32776772830564	0.0462253450231196	-2.349007213128	1.65461156894788	-0.288878718483076	-0.554235236282991	-0.495396063784763	-0.855257543026319	0.452634736379854
c.37.1.20	3.35616142111194	2.15301599084289	-1.05812849413919	1.16227658494174	1.32275377363619	-1.18895620029179	0.560289007239731	0.929791722278794	-0.984605696554112	0.269052289578184	0.538084941694611	-0.0223681780637543
c.37.1.20	-0.0728334560898981	0.595670791165763	0.321102754093281	1.99597542559553	1.49946987287852	-0.287247246850721	1.07752771970216	0.0729905291148988	-0.145578913544756	-0.254324868383717	0.829373295152181	0.660569058939853
c.37.1.20	2.03678938255446	0.523312662448924	0.748744416935464	1.11258867464811	1.5649418374353	0.640329101071219	1.03525353140891	0.340854711333674	0.534327058015847	-0.173710423805509	-0.885799899568954	0.900584886894677
c.37.1.20	1.89454069806	0.971354258582782	0.6275994239874	-1.779831022383	2.24693048938361	1.61231115584842	-0.0492848382501761	-0.0491907398365587	0.553034812509437	0.159631590171414	-0.00949526550226326	0.683190571748548
c.37.1.20	1.67392560044178	1.3473611086604	1.53951150138342	0.637319144231753	1.66647740089978	-0.619850146285555	-0.0984083793695052	1.23591402141158	-0.0263803530534345	-0.582415488646305	0.562774845754425	-0.634862053526037
c.37.1.20	-1.01576509497505	0.081452324874865	-3.46360231543792	0.313442441037038	-0.20402790249766	-0.184897255964102	0.205753439886858	-0.670658919101683	-0.44239805683485	1.57790861564336	-0.225406145879429	0.438239849127346
c.37.1.8	7.19481957506015	2.54086834384635	1.20895118196026	-4.28255326521031	-0.71943674861082	-0.417589960259456	-0.1722489098592	0.504702436368323	0.259633748717122	1.07832403198346	-1.42668967480304	0.288459183095555
c.37.1.8	-0.408467416534718	0.297598253526214	2.18853467008263	0.429224022502736	0.930081845765566	-0.224411552304818	2.38383581748152	-0.542711391203816	-0.519780970756898	0.0225442771251827	-0.283307025407736	-0.379616928298416
c.37.1.8	-2.89493343966227	-1.20297904464465	1.94783899624297	0.690483928803941	-1.67095303021428	-0.00957708130463177	-1.07482873958133	0.804838411453763	0.173669468898035	0.550209574971574	0.0692808432821091	0.731118152481561
c.37.1.8	-4.1459839672112	-0.899343655203904	0.847282033301028	-1.04573807932736	-2.01274332446051	-1.49690806871968	0.684421708938858	0.142885897175506	0.279852008694554	0.591545401867606	-0.0906005499322287	0.100758354547851
c.37.1.8	-0.289785260467962	0.745144752399685	2.21929999617598	0.441072456320327	0.224542740076083	-1.51854322726374	0.692872228381343	-0.74009063161055	-0.218006772807924	1.5598927425687	0.843817462465336	0.0398994490409552
c.37.1.8	-1.78599266152171	-0.909907381255321	1.15192916286232	0.350582520384557	-1.51457071714203	0.271697892021656	-0.65875859866498	0.784714411635189	-0.468628537495395	-0.052244540969219	-0.623076684332891	-0.191945559345472
c.37.1.8	-0.755110740635424	0.400598162437346	1.95426234488852	0.942303005929653	-0.171603995383047	-0.918565693239975	0.56559780127673	-0.602411787778249	-0.339314167917851	1.27942391481005	0.381357451898928	0.471087082236076
c.37.1.8	-2.01639265805279	-1.97394624356624	-0.277752600377404	-1.22633445535439	-1.9805287288728	1.76936731913797	0.205207564519151	0.151387332401722	-0.736308478896266	0.964462766578839	-0.654759081459826	0.768664217728712
c.37.1.8	-2.07947937192822	-1.11208818948286	1.27915649574458	1.96649677805234	-0.866712230451657	0.855392060665068	0.552965481032986	0.879213249707075	-0.890164999908202	-1.72471256080943	0.993432562007796	-0.267658950161227
c.37.1.8	-0.363948126968818	-0.382587170937829	0.430108148691879	-5.98214435495491	1.13392544895333	1.18221311943528	1.19642767068189	-1.03194325396139	-0.844529105861934	-1.48477343798952	-0.949522715239218	0.768489291350432
c.37.1.8	1.43257195500011	0.210944752638929	2.651179048278	0.995702737127453	0.292041735191649	0.351554790512456	0.177894531550589	-0.642118076980101	-0.362508084032472	0.456171552938165	-0.461502267312326	0.910877207369227
c.37.1.8	-4.82203603129539	-1.07529915846529	-0.326812411941563	-2.82027145444986	0.591892105427437	0.114830792816848	2.39054652497712	-0.914352243039021	0.0571220469203274	-0.299225661002877	-0.0960474699222407	-0.544156546069227
c.37.1.8	0.158108871004999	-0.0566692797539964	2.73866545309138	-1.66901909714751	-0.809777338153713	0.642266643844268	2.04095420210514	-0.0908537117610475	0.310695794650337	0.517077376926972	-0.495740539437199	-0.583107971527275
c.37.1.8	-2.762705650005	-1.05890370904798	2.22443200634655	1.18109044806284	-3.08320414204818	0.366551799197032	0.399461874054928	0.770263170797634	-1.23143915375831	-0.00672757268953388	1.34136055485162	-0.849645693790717
c.37.1.8	-0.709708440965066	0.289285008045054	0.622563899524463	-3.79069190831322	2.10103785471533	0.218721534335993	0.446099649486422	-0.7620254506284	-0.150818714469038	-1.1578832983795	-0.0248955343052314	0.332630952561417
c.37.1.8	0.897698312262036	0.392180415354329	1.54398288897064	-2.62623698450544	0.733974938026302	-0.147452773561996	0.716763557039566	-0.353131066911432	-0.0079683418089903	0.256117273931294	-0.517068910710943	0.0786194402997073
c.37.1.8	-4.34720487106155	-1.85685193184924	-0.459839913397252	-2.79632721934528	0.442064019895396	-0.385122021653262	0.265163790660807	0.434881782992069	0.19560587614188	0.72688536643565	-1.9917516237233	-1.25099801357756
c.37.1.8	4.59248013559622	1.76273819186778	1.74514717523351	-0.907041815374011	0.612316818126522	0.267887309486082	0.258853846729877	-0.344289626042565	-0.247204639296171	-0.260000924065145	-0.556213804966264	0.490171018456147
c.37.1.8	-1.55131533794756	-0.579195447355239	1.97797482636109	0.426795631671417	-1.89176404589457	-0.245404538241522	0.0946957264907896	0.508933141339645	0.555549480255017	0.279653656978489	-0.261637394988433	0.204422910133238
c.37.1.8	-1.48613595865854	-0.752040649771862	1.02749498813668	-1.75939915489892	-1.48533554941111	0.518266382688574	0.351796605398129	-1.17896619362149	-0.50422313600358	0.0303885385590255	0.098676106372002	-0.156766273061605
c.37.1.8	-0.702721776652569	-0.654157761730303	2.07216537872565	0.826129338639562	-1.61572362224121	0.979265463816275	0.272741562295462	0.556861991527148	0.297812158026558	-0.388802207132745	0.394426288839574	0.834368633280929
c.37.1.8	-1.8322450189056	-0.228685260616472	3.43017230616211	-0.948553421223523	-1.29743066343704	-0.287843897224791	1.41579018210804	-0.299039788805882	0.944173562500365	-0.968787993901646	-0.207899016415609	-0.662234458044999
c.37.1.8	-2.17903730327462	-1.36134134896359	1.60333060317449	3.16863734979602	-2.76075130350948	0.335510748064434	-1.79926897375453	0.620839093932323	-1.22054306979378	-0.38269248653238	-0.781057361002257	-0.731271989324082
c.37.1.8	1.61992603318806	-0.077132266773513	0.971293639754414	-2.81779092107883	-1.30461084017243	0.187381346594866	0.654750250418665	0.569353692229108	-1.22880281571515	0.758268663041765	-1.31637759129015	0.672444862680774
c.37.1.8	-0.205061427881151	-0.44791355588356	2.63899179441049	1.83937524428678	-0.879363562573317	1.08224315863613	-0.597513713234971	0.6377268817101	-0.0811422507343796	0.225417629808007	0.63049568825104	-0.293323325220784
c.37.1.8	-1.79335924332058	-0.908405022131968	2.4498182166052	0.849488965553905	-1.37193360963838	0.742708230074502	-0.272867774924427	0.221800218931155	0.107738916544343	0.000597058131649567	-0.657352883676198	0.457723036182188
c.37.1.8	2.90030998487746	0.839596724801461	2.73884376145532	-2.30284020672209	-0.312486775440429	0.998388677164905	-0.0539364417699727	-0.988946967250386	-1.11011077930405	-0.170130413751991	-0.301698623169164	-0.31106792219969
c.37.1.8	-0.782800024444245	-0.991749382877847	2.14352024247057	0.653380429372095	-1.49422044569036	1.70515391283536	0.238780319060946	0.127005349400945	-0.692362155634753	-0.0145548133761803	-0.684315881742294	0.299576588181851
c.37.1.8	1.54852463498346	0.00615292024285718	2.80868948624156	-0.752611760662525	-0.45829228057523	1.23249662272762	1.53341686494294	-1.0688865432527	0.260191722048719	0.392760254308665	-0.885851865934522	-0.231194659686389
c.37.1.8	-0.590044057001367	-0.0349790186220579	3.32487446611871	-0.669436592977698	0.109352405825857	1.36265180122	1.18149913517207	-0.628309074520943	0.38204096161459	-0.333787040336407	-0.166936761287119	-0.624748580825166
c.37.1.8	1.84373438745819	0.755454629290387	1.41969362093434	-2.0504203851813	1.57355115280609	0.329676152835074	-0.472456148969206	-0.41538370229739	-0.0333966473843438	-0.195892998079687	0.187501834310967	0.332831685176079
c.37.1.8	4.23669587108364	1.20241800631935	1.51877639127622	1.7927320857627	0.36493590507528	0.236818618546098	0.751879671632408	0.768789760562227	-1.28927600426218	0.471410101263653	-0.124671845219398	0.0849069861519463
c.37.1.8	1.97564128457902	0.428210094235658	1.35600368494617	-0.64327388234862	0.340935419493001	0.786725274412968	-0.0573240892757936	-0.223125649896553	0.328481722115417	-0.0890552867623303	-1.46403991267791	0.193562765348975
c.37.1.8	2.01200638674904	0.624720723605884	2.32794611739008	-0.40938805346204	0.957170982765224	1.44362939966116	1.00217103121979	0.387460246108716	1.46701753271737	0.643274611745226	0.18439957464682	-0.0403439389353972
c.37.1.8	-3.74968732741444	-1.13047316501763	0.401369495386651	-1.62169169422409	-0.347610334651728	0.0859916179996224	0.62149913443424	1.06976622403132	-1.77112391798221	-0.324288061072168	0.051586709755452	-0.323355940929332
c.37.1.8	-0.375477368882637	-1.16904851322126	-0.0975305084883318	-3.81159237369768	0.3219842531405	2.21167107254806	0.122943087297997	0.0502702488189946	-0.356717587844752	-0.061507028284201	-1.039700022449	0.893832518490544
c.37.1.8	1.49020216691505	0.632995376786142	0.264773876486117	4.12455886744856	0.485665240281894	-0.913957300876373	0.232108210883365	-0.17055469458776	1.60867903170916	0.887021342118107	-1.32523210428319	-0.686445535040775
c.37.1.8	-5.38773243743347	-2.66645240007519	0.0174480421213608	0.289958566390102	-1.10120139351349	1.24678249228421	-0.409913617998588	0.576021119134893	-1.94703605965948	-0.434986535492977	0.249767282464968	0.526402015425107
c.37.1.8	1.44128300891343	0.298001448693158	1.65496410588635	-0.146159199665158	-1.15318983053456	0.992211031141037	1.62839835763771	-0.926957621381488	0.308792377487727	2.02285406554064	0.0566651066571298	-0.333317882541243
c.37.1.8	1.65299902629548	-0.0818520178533762	2.47968110855599	-1.52152402345333	0.937237231218157	3.27308294121026	1.41862664575081	0.131380685267745	0.349992906097565	0.121369788178498	-0.616130279423906	-0.285230915011766
c.37.1.8	0.0342363396322466	-0.74403515910916	0.994978920693832	-2.04705360590849	0.06734457850833	2.15152817309571	-0.632339348361258	-1.25055259849838	0.391414297360531	0.00138280209470279	-1.28641897793665	-0.47100068499065
c.37.1.8	3.84366645615988	2.27087328252463	2.46472206095818	-1.05976280424978	-0.800095692222127	-0.487149160250629	1.6562563627893	1.19270228749216	0.379875442322879	1.18091344438316	1.23839992567757	-1.3071128008031
c.37.1.8	2.93920999450593	0.705101417751937	3.03885487587121	1.2277874929543	-0.867051570524662	0.857346941473717	0.942487982099232	-1.13797906566421	-0.238965538764046	1.48363978993962	0.14092745579787	0.986813245370206
c.37.1.8	-1.21217311492803	-0.54260780980884	1.5207633727527	-3.53076972794612	-0.161173533411058	0.625882491983474	1.68140924269498	-1.08142378402047	-1.64689631746496	-0.176195757465376	-0.4619277505263	0.450108618650825
c.37.1.8	3.2471713022214	2.36783240177232	2.52639117061439	-1.50513819242276	-1.56802020384757	-2.78155401022643	0.699526408022317	-0.435878588620704	-0.581656266239702	0.149124347132477	0.790776022329063	-0.468109743833739
c.37.1.8	0.637023581856691	0.988214181695691	2.82999150513091	0.156934068010072	0.775330814674271	-0.868824118815954	-0.546540136394033	-0.763173910014995	1.27026399499646	-0.284570537220048	0.21698095645316	0.408582214875706
c.37.1.8	3.73186801503981	2.40330114587775	2.47357220762078	-1.28216611690662	-1.04933598726449	-1.28662076583805	0.747904011895533	0.806817416389037	0.0306009777263358	1.41350635074212	2.15472858050569	0.0132387928163224
c.37.1.8	3.61375813095273	1.99656290451017	1.43921282255808	-2.8968919371475	2.17604599122916	-1.98596762141007	0.802763335099505	-0.0252311832020939	-0.595564281813426	-0.270279281827998	-0.964574427436096	1.07762198730507
c.37.1.8	-0.690989012261641	0.719002112214795	2.76314558603204	0.0400041779858004	0.37098341635612	-1.93780248290767	0.437106231429537	-0.596763309924964	0.5964812121395	-0.170347395204392	-0.614829153325875	-0.0159356965991899
c.37.1.8	-2.56308439053907	-0.244762925019956	2.2393633685215	-1.25780900139634	-1.15999782897114	0.0447999500323396	0.054705265013436	0.459475597827562	0.89768988229975	0.867014372757374	0.138369868060274	0.74826279200845
c.37.1.8	-1.54175624730599	-1.54953317443746	-0.00560273166331049	-3.25699494319856	-0.798896975190633	0.999650138030549	-2.11012025963079	1.75491015150311	1.59332402893315	1.60315407288678	-1.58684328981832	0.146498078401122
c.37.1.8	-1.21184261134521	-0.277836273000044	2.86843595401708	-1.02044113849651	-1.37304777336484	0.149888640092692	1.03333409585972	-0.717330054849045	0.0836223247225282	-0.686822406826416	0.424671739584023	-0.795636285201985
c.37.1.8	-1.98026645964281	-1.1261023351801	1.38557664347857	0.108116962159488	-1.50869955632127	0.694644044979819	-1.15150199402247	0.416807113849317	-0.74371299865258	0.383842889956975	0.252860263559232	0.127626651688727
c.37.1.8	-2.79016098291529	-2.29844291026642	1.57719617305052	0.348576723975521	-1.96016481137234	0.969014026994135	-0.701406133475782	0.134849339641103	-0.603344665604344	0.165199930307022	-0.901481385308323	-0.427967142507702
c.37.1.8	-5.31185511693914	-2.01833056124356	0.0200491791954486	-0.0608984475264067	-1.14161853811148	-1.16698566238537	0.174735398565425	-0.425717914411747	-0.590522157376648	-0.193446087198507	-0.406145877784936	-0.754326908815162
c.37.1.8	-4.26295230657438	-1.72346957879585	0.665041663443172	-2.29184742286223	-1.66562743541989	2.00990728054954	1.40690885322006	-0.420127845362542	0.542910144638358	0.227197476058745	-0.282120242708823	-0.337992961378153
c.37.1.8	-2.75492390132677	-1.55507899303417	1.49892617950698	1.05362032004722	-1.39525032213882	0.962593083578689	-1.00973387957764	0.61966104266182	-1.55437437090186	0.76854943225138	0.0432420432545629	0.137708991243874
c.37.1.8	2.33166747810447	1.45174462956491	1.349583560183	-1.47329490926636	1.27573630507062	-0.54833765420753	1.12880336458195	-0.831475184253102	0.102551434314061	-0.0754550988780276	0.599270393922378	-0.251348316149841
c.37.1.8	-3.07950338074131	-1.02410982363202	2.4586464655266	-0.229275915417874	-1.53857155844092	0.68014522022405	-0.399891074910586	-0.569368716817508	-0.142795154603112	0.728326004883925	1.59359953128769	0.446822646290237
c.37.1.8	-4.6820769406447	-1.44150612885947	0.619067553717782	-0.647605613484489	-0.441465465977075	-0.518021531261975	-1.13536868818967	0.466157249151326	-0.959994314057298	-0.142867134473841	0.311819852376234	-0.811682507252952
c.37.1.8	-2.46869088269409	-0.738980539474272	2.39215145098908	-1.24130508324692	-0.715778295007819	0.136742992095741	-0.324504800013888	0.316566927622324	0.904816545122853	0.0380469321026487	0.232840409679885	0.297098440318587
c.37.1.8	1.94994967594448	0.581599040410588	1.54168654515935	-0.280425705655612	-0.387793366300757	2.26410468033862	0.835666496348617	0.78005484781007	0.961307065188728	1.22629266747564	1.42535723838699	-0.0173173404129405
c.37.1.8	-1.49296975904521	-0.549964885784419	1.62974971542244	-2.39357629464464	0.351649757457071	2.423460668798	1.85968007943432	0.0196552060352898	-0.200694579165327	1.08329775062998	0.414125899779252	-0.124380350514993
c.37.1.8	-3.90001950692415	-1.43312843793926	1.54887800770122	1.36050881638012	-0.967692406086893	-0.594834523330676	-0.0410656234961705	0.273769794377384	0.312166114454942	-0.266473098998142	-0.789075876380356	-0.464962451296545
c.37.1.8	-3.60042491625413	-1.22260116250548	0.368284334352268	-0.231292928995586	-1.59387232072408	-0.424809406723968	0.320886185290121	0.363252448858407	-1.53558085063438	0.152420636333176	0.534186653789933	0.0619862572066111
c.37.1.8	-4.13375456971953	-1.89932220984878	0.834978604994504	0.970447035344494	-1.93436866625669	0.977786393810566	-0.786589337591516	1.331222971366	0.21411320455403	-0.0685079219693066	-0.37329691585198	-0.768929688108831
c.37.1.8	-3.62278803227167	-0.967706748925173	1.73187698917627	0.2948530697946	-1.95434674405119	-0.650533835454991	0.201838857145015	-0.409312246140978	-1.22549266235201	-0.288885809322356	-0.252774183063934	-0.45154072266861
c.37.1.8	-4.58423660072294	-1.55849028505245	0.136212258198559	-1.01219202092446	-1.19530140102275	0.0406740724729817	-1.07087564438806	0.580667847574796	-1.82202420248364	0.202788772355966	0.969485287989955	0.0448556714423316
c.37.1.8	-2.67604354754147	-2.24229004617171	0.123352867106832	1.11903228730154	-1.75979379229115	1.51655243569434	-1.78303884155788	0.979605677018796	-1.24175484574868	1.05594962495124	-0.294991112194258	0.933395320896753
c.37.1.8	-4.60140146912866	-1.72861079479511	0.073970597968601	-0.117187564353417	-1.23685190919916	0.258490732940493	1.78787431673937	0.847818836167559	-0.0760121055882536	0.130822764192776	0.951653612794946	-0.940212182189119
c.37.1.8	-2.3980331838298	-0.928946271402156	0.154217841431009	0.405611489339573	-1.10536000581439	-0.611694683838936	-0.0356252368129694	0.615641725977178	-2.52154666987765	-1.73339262370846	-0.722297327453009	-0.377915599907475
c.37.1.8	0.0252931606858062	-0.354883617291447	2.66146501186361	-2.32204512726281	-0.614766223709182	1.06329903446745	0.520075171099014	0.865271985430954	0.456172866982972	-0.468705446003788	-0.0422331613776265	-0.125422763694802
c.37.1.8	5.41618225705918	2.35672108621833	2.89770676584633	-0.643579984284413	-1.19316596651815	-0.0863368614181348	-0.308748608648626	0.712493800944644	0.426934776593233	0.435745503160611	0.48311394197637	-0.288648119328944
c.37.1.8	4.65584674167601	2.95602437124006	1.91489581967722	-3.06702971890486	-1.7741118455745	-3.25976049042747	0.0301061907933731	-0.19396890381608	1.11152194457728	0.684940225835573	-0.335139229183707	-0.454780593492441
c.37.1.8	-2.298038705648	-0.698017726768955	1.66056782444733	-1.19277799890237	-0.422862712433987	-0.311186527657879	0.973708674428999	-0.3225677081061	0.0557907459801359	-0.198480486837626	-0.695635574390002	-0.26523845130176
c.37.1.8	-1.13185002809784	0.00257847321134982	-0.023190806649668	-1.30719149616095	0.160465827114861	-0.223395198066489	2.68536882368706	-1.3183082616697	-1.70475750591017	-0.641822351447856	-0.0978127275682181	-0.234271151695878
c.37.1.8	-0.470063561510916	-0.479626478203884	1.0388287433263	-0.323937969459023	-0.238286700543348	0.266361479574754	0.834230440938564	-0.255445740694169	0.556219307204427	0.666243636589115	-0.895727981179204	0.200182682070688
c.37.1.8	-2.8709153831764	-1.0319953305148	2.26856930731199	-0.803967614187155	-1.05016620811029	-0.118888052546778	1.62259799918834	-0.229704340551785	-0.702088079064952	-0.685468499389478	-0.223911688844869	-0.710275985447506
c.37.1.8	-4.14025733535495	-1.75788616969447	0.0686045853882908	0.36039088781949	-1.87828751480254	-0.836853315315541	-0.855340497330192	0.770981905275336	-2.3199333702559	0.493390137223012	0.388323033671011	0.329969520963778
c.37.1.8	0.321277246119064	-0.699098266087064	0.358881905651231	-1.58244852468504	-0.530813442205068	-0.119404944703628	1.39608209629216	-0.0763400969835848	-0.279383174462672	-0.120061834702618	-1.0686387383436	0.976839267441954
c.37.1.8	-1.09571398477015	-0.529470963298106	2.23278706021072	0.926283959423558	-1.4332655153002	-0.0190276244873208	-1.16252989347736	1.02333877810305	-0.454108512046985	0.772313064760556	-0.402750570589923	0.413854906837719
c.37.1.8	0.48681021089177	-0.86471044868108	2.25288338965993	2.79105908181438	-2.16682351301917	0.704993610358982	-1.34303093089729	-0.0542305084884308	-0.64696100389542	0.348086764302237	0.276234264829553	0.681518760981264
c.37.1.8	-1.52254718002977	-0.425069356222272	2.05423863091643	-2.47234964481547	0.431821857212766	0.762516087014077	1.22134979628021	-0.948306928197747	0.405468443077442	-0.881101566257451	-1.27962169181442	-0.78236573605669
c.37.1.8	-4.15950560545499	-1.35841718010785	0.535483652564559	-0.056593552357584	-1.99995702937051	-1.55382228258036	-1.37227169630512	0.946165204474421	-0.0641799152441112	-0.892258466962444	-0.607432635364531	-0.847992114237228
c.37.1.8	-0.465492607606425	-0.410790589734368	0.714385751650894	-0.698369199900807	2.56307285704096	1.99231898408522	0.180105014532107	-0.92992285252369	-0.971537536296468	-1.43831638146878	-0.102071962416355	0.504060616535765
c.37.1.8	-3.92676089058602	-1.49348484939777	0.489375226429255	-0.437508563524998	-1.27500216318045	-0.672226104050123	-0.149621528352601	0.726606605447092	-1.2109691815347	-0.0978186648627755	0.389659440157779	0.122060843856023
c.37.1.8	-2.39911923917649	-1.70385648484056	0.559963683155942	-0.622377017695608	-1.77453767883758	0.26668423920028	-0.0235358713474579	0.346189267042681	-0.934966517883771	1.16728101239085	-0.408011359737563	0.630159440880648
c.37.1.8	-0.712364177094694	-0.00485555267156887	1.75246447392796	1.3359378325367	-0.446736582411336	-0.635992484145669	1.25909972703634	-0.240927904429087	-1.07389430940995	0.237511083341615	-0.0517279069948712	0.15160961066115
c.37.1.8	2.38763295731271	0.195777817266566	2.13235648603262	-1.14766586968326	0.969459324943355	1.60610943718949	0.172053589473526	0.920731548363522	-0.924754205140083	-1.22922282232982	-1.01711962166675	0.38615635313818
c.37.1.8	0.479252467130929	-0.178054279239128	2.8667566653472	2.52403216228651	-2.16199077024896	0.332372672949299	0.556557565268129	0.721483264260745	0.853068900327651	-0.0708596131134739	-0.492542635085883	-0.4995332752308
c.37.1.8	0.0899457845525216	0.129015778643876	1.54015354843765	1.6597357712001	1.57699664546245	1.03049216509511	0.301111355670794	-0.163298172221099	-0.157590983062724	-0.820499307253639	0.189179846296666	-0.446168693884785
c.37.1.8	-2.50768753504794	-1.39794099920244	1.40888699093863	1.39825789696877	-2.16386866976661	0.887135093773175	-0.448859161990803	0.217022931521974	0.399326448011846	0.755212814702953	-0.459580238316531	-0.263462344435842
c.37.1.8	-1.94167488563941	-0.143279350852663	1.93343356360703	-1.53605366778064	-1.51247862214434	-0.365026776287468	1.31884011845319	0.106134280123012	0.324920651410154	0.931673813505987	0.67099840899906	0.35976591611562
c.37.1.8	-2.57330792348924	-0.902647580158774	2.15661140154925	1.32013496257975	-1.64089361372766	1.14223335670776	-0.140776552129514	0.403800061239569	-0.196512581090606	-0.591060314639199	0.970422762540854	-1.24553902142955
c.37.1.8	3.23725530870787	0.589036582884436	-0.256632727444059	-2.76317446995736	-3.3407514732755	-0.693357472250481	-0.62850862335909	-0.844435537280474	-0.453279799500647	1.41073889528662	0.075676092628358	-0.226346358536932
c.37.1.8	-3.63858783845839	-1.32230117170153	0.318017683106517	-0.265340749601626	-1.91666530574905	-0.908267774201237	-0.371574705458694	1.41886749936975	-1.41951586941321	0.605056744014382	0.0698980044695773	0.120773340534395
c.37.1.8	-1.83410392561173	-1.43824532103298	1.11520334974072	0.66730424143615	-1.5804527780158	1.44481530726189	0.199120638755975	0.771002206494511	-0.336809155193956	0.0912614445141994	-0.504888397027852	-0.0304663444297438
c.37.1.8	0.409412154655575	0.31378902657804	3.7005702666773	2.82383405298437	-0.426834993625081	0.376146234187954	0.837169864345484	0.361549188843086	0.910516121710777	0.298158243510215	0.100098025003898	-0.258016712680433
c.37.1.8	-0.166434289931859	-0.311699800882569	2.17941408122392	-1.5040454984882	0.123672723365081	1.5756840926758	-0.207270908429709	0.355329081503907	0.031352562739439	0.473995182939682	-0.0609788453176351	0.15854108605017
c.37.1.8	-4.97457411817071	-1.57054371189627	0.314116600799511	-0.353124146759141	-1.54160978880483	0.531106576336088	-1.48350453171862	0.73432353931315	-0.260336594588016	0.915567919350789	1.41339449213186	0.563466218001205
c.37.1.8	-3.478165935611	-1.16958976555404	-2.10867977489484	-2.30484553227836	-3.82275299664151	-0.386930805152682	-0.754671708314857	3.09461074369439	-2.14019696713294	0.756239186127058	1.55457701184519	-0.0464781460303265
c.37.1.8	-0.0518092235586368	-0.0288786030256808	1.4969716676517	1.56853166958953	-1.52830122858587	-0.580199174312396	0.0381185852464804	0.361784822946441	-0.333532295980525	-0.62370038847079	-0.342794786112435	0.186434890230808
c.37.1.8	0.693371752699271	-0.207209160086872	2.27858134219236	1.64118029449877	-2.07032186831697	0.74207030307332	0.876556575771018	0.505464318268494	0.283767023087087	0.791326352951016	-0.141870085989714	0.256105583767486
c.37.1.8	-5.42312793577869	-1.72919399051419	0.950482871803562	2.20413218307445	-2.12575632088187	-0.353677162229009	1.53133986358892	0.306672336304748	-0.387317960376262	-0.0725481899810645	0.319481236760785	-0.790326277380381
c.37.1.8	-3.22277497345603	-1.50083150272969	1.18439787893036	1.41902822600139	-2.10049213763794	-0.180439214672838	-1.02937823300527	-0.870628158882922	-0.274726610734804	1.27588391221978	-0.0127282324688761	0.404196832570823
c.37.1.8	-3.63641266515583	-0.261353416078491	0.990529855081867	-1.73632273843058	-0.686349355992008	-1.40819536979315	1.53635501778851	-0.0103175553439929	1.46944761943456	0.630680701385704	0.760623238641094	-1.2646648538462
c.37.1.8	0.183832319180642	-0.37651299761834	2.34888756427781	-1.64057741407075	-1.96513152909017	1.4947901731903	-0.864741625333872	1.27340610001131	1.07180935739078	0.2356032388909	-0.433630934876004	0.212888231979894
c.37.1.8	-1.53552308177694	-1.22825573272826	1.80102877669366	-2.16467374371399	0.135579736784706	2.61317711602971	-0.355253067590073	-0.346571349150779	-0.204224463644149	-0.386238318020962	-0.425321096855554	-0.320583318013302
c.37.1.8	-1.2259884062219	-0.386722538999655	1.97154814451593	-0.71719163536106	0.104604591962977	1.16112810201015	1.88531075829878	0.094008296518364	-0.563627230946165	-1.26316785756095	0.314995810146097	-0.191547230235772
c.37.1.8	-2.33521471036162	-0.500675839037003	2.19041936191452	-1.20830157145866	-2.12451886523713	-0.959517444109698	1.89798961236984	-0.339505104148403	-0.454711923774623	-0.65523816597514	0.481392674835395	-0.546679575183389
c.37.1.8	-3.77476834466036	-1.06857053684798	1.58978764741537	0.101095059085295	-1.78131120197908	-0.865050070377248	0.948751042454162	0.714143569177168	0.247679613104143	-0.171513351088727	-0.273574420472959	-0.528088035679874
