c.37.1.10	-1.23115546790564	1.72361680973931	0.00977995257040204	-1.28666562937857	0.747399782440366	-1.43866439727086	-1.32687280999312	1.29157032562045	1.51223639599378	0.650777366907937
c.37.1.10	0.220283710541172	2.31173802240966	1.70960843296176	-1.32911922863149	0.837380180613271	-1.73998648775772	-1.89847317012636	0.953035214971228	0.140625661169247	0.464822725899458
c.37.1.10	-2.04343474895835	0.437719696682254	-0.229928771460659	-3.84003877176614	2.18613769330007	-2.34986570075258	2.71263681402933	-0.050899331027878	0.382039728731172	-1.19221988580671
c.37.1.10	-1.95553573561528	0.489413988488048	-0.291154109531712	-3.83475467158815	2.46450837006062	-2.48831699962714	2.58312373864816	0.208851809175004	0.540983182919486	-1.43416999365003
c.37.1.10	-4.06799803492586	-1.31149261953337	-0.354772138195478	-4.83330725229047	2.58042047581658	-2.30537883919163	0.683581950880429	0.456322603095419	-0.33391097090505	0.548106732510254
c.37.1.10	1.79496745088918	3.68221558427644	2.82756012560968	-3.54841728125063	-1.34735937073334	-1.01224116454407	-1.41845192303588	0.45257925237591	0.215963630688152	1.44070462804568
c.37.1.10	2.81768955812045	3.2842538889687	2.76820006917146	-2.12040787831543	-0.386471789894373	-2.00038588110751	-2.44006333978233	1.19609290491817	0.386193207190567	0.440511873398008
c.37.1.10	0.91000779468187	0.199894303471884	2.68815380919215	-2.19241884564571	-0.915637937372472	-0.530604471694488	-0.106675174803022	-0.257264174156921	0.670427571007649	-0.457239694997491
c.37.1.10	3.95171862527731	1.48839736664543	2.12292700895034	-0.569495961151235	1.71088917170092	-0.545364035999305	-0.827339006192762	0.604117741101175	1.90075491606709	-0.450800569452327
c.37.1.10	2.13410843011622	4.39362668347754	2.86754579179698	-3.37582713602251	-0.819609813551756	-1.60031922611921	-1.97881417626887	1.12936969816656	0.0317915236268295	0.732557470469851
c.37.1.10	-1.60471070425573	0.828978217265551	0.117822911566554	-3.7216680378499	2.21232956612417	-2.12703217256916	3.08640772160461	0.0840098367911397	0.415178233112422	-1.40149292648279
c.37.1.10	3.02311355987667	2.48471814588856	0.980744570023118	-2.49129989810612	-0.145332660363216	-0.755205310834311	1.44321841272292	2.08146141487018	0.397489751576595	0.629642338854786
c.37.1.10	3.26895899610123	3.26966632641804	2.34943793948187	-2.59091842002044	-1.22674606362649	-1.09596379311993	1.7980640322193	1.77145142397149	0.499346872896253	0.659065978901393
c.37.1.10	0.915406080249151	3.08169202680083	1.60803869661687	-0.76535495470562	0.104142052115302	-0.143492821983607	1.54722423420736	0.409285856380235	-2.00810589938674	1.23184827871088
c.37.1.10	0.985049698762458	3.95728081372162	1.79980793647717	-0.436509177529832	-0.579954868809894	0.292367673369188	-1.26913904766525	1.01223740494643	-2.12643316123904	0.57710954148883
c.37.1.10	-1.94290384846252	0.697860067989424	0.0716280559804187	-3.64625288757134	1.94950050802279	-2.24770711597361	3.18673709687792	-0.193127887580903	0.112591448995553	-1.2518093106364
c.37.1.10	-1.7309086972914	1.1169678290958	0.477841824088127	-3.95312705396696	1.94094420949705	-2.52426190126231	2.51174452091787	-0.0843646645933091	0.119845105521261	-1.51207106094122
c.37.1.10	2.57270399499215	2.18380467410766	1.28212018420746	-2.33484211800522	-0.624167021233391	-0.589743761407325	2.29507873284674	1.84328921763071	0.0528865223675137	0.798307281529285
c.37.1.10	-0.797425742647521	0.433826872206341	-0.0698859407265914	-0.491578505537035	0.795356671908622	-1.04344561472395	0.303272789267671	0.188651002928273	0.68616199891242	0.232494696437231
c.37.1.10	-0.790408510946691	0.528241879830818	-0.158666313086429	-0.478890758068441	0.772472758276003	-1.26481555232118	0.753308342020423	0.271763756572448	0.617410527485685	0.151948022613797
c.37.1.10	2.33713482805251	2.02535548540139	1.81502113923446	-2.47190165766263	-0.62880657479425	-0.694624770272561	1.84770940396221	1.87616334215359	0.545305984321334	1.13088788658079
c.37.1.10	2.976348969993	4.61122261657763	2.69152764621585	-0.591073839120802	-1.01435041735845	-0.349711796995809	-1.41722636051508	1.6354883424514	-2.33748604762271	0.644924391059004
c.37.1.10	0.736374937877971	0.0042921732993402	3.10311975583134	0.00326354674136481	-0.953412462899784	-0.762360011447068	-0.63889180609149	0.316652333214192	-0.125606123854786	0.286698258939408
c.37.1.10	2.68577814765088	2.74868372390071	2.72567577591263	-3.08106604616461	-1.41896973609126	-1.04515081488772	1.28541724783951	1.81234283395581	0.185312415748728	0.724910491272593
c.37.1.10	2.02768928016012	4.88140806547388	4.75587645928386	-5.23980897645289	-2.94690820434796	-0.0492392960151018	-1.48407199965673	-0.98746756504034	-1.49753586494004	-2.49975449504424
c.37.1.10	2.15471332495053	2.77220114864023	2.5784267133726	-3.94579709294733	-0.980040900025783	-0.767109001659656	0.854071055057692	2.40282017884959	0.965043617969242	0.548843115187005
c.37.1.10	0.501171774809893	-0.424533164332547	2.83677294163488	0.0297175514946317	-1.27048973999368	-0.639667719982962	-0.521076190546001	0.122123836466773	-0.478566555972401	0.324082587472308
c.37.1.10	-0.541427086587278	-0.232977094830097	2.23820473160523	0.154889140962774	-0.778245513821776	-0.789961469492664	0.0291028767092479	-0.127614239421562	-0.374044300043817	0.499161726352109
c.37.1.10	2.42788277835498	1.45105241849306	1.96067518954963	-2.38839246002621	-1.15549549984671	-0.386099484107574	1.96552209789811	1.48339958435827	0.198388092931787	1.02545441254116
c.37.1.10	0.815883228432068	0.404220063920503	0.166710117830966	-0.174507785046662	0.401780842279757	-0.7878034663437	0.419951569898911	0.358471748836718	-0.222106417542326	0.22967303612808
c.37.1.1	1.18273398410736	-2.96686107651888	0.19673979348887	2.40852210266681	-0.308343346560368	0.327414302787003	-1.21790233645062	2.32590287166766	0.44389262130323	-0.39410541254502
c.37.1.1	1.32535974471262	-2.63564644853246	0.450267642590015	1.93341839668433	-0.685516146443763	0.309834070407367	-1.19301806116804	2.08884935206535	0.5152311319972	-0.175254659427438
c.37.1.1	-1.32716880518773	-1.00272426444045	-0.171517734319047	2.09641480761713	1.50039626464901	-1.08044977045827	1.21343383758642	-0.350069950745211	-0.525767898617963	-0.642604723883569
c.37.1.1	-0.91949368611809	-1.84003087498358	0.976074340293189	1.93269878989021	0.279927307586152	-0.967651818451632	0.877400680135671	-0.212670095326414	-0.340814083464722	-1.01115663710336
c.37.1.1	-7.62314368840734	2.25741488229406	13.3974897208905	0.967858676623415	6.45932377833462	0.318993740512448	-1.59867046585512	-0.440037315001741	1.01527536709333	1.43921709969533
c.37.1.1	1.29940509540881	-2.52380607545814	0.404319061666755	1.70580313162773	-0.889643931302202	0.41819904917736	-0.868862081077119	2.19313637419783	0.453454195678112	0.101538368512065
c.37.1.1	1.09768724669331	0.488799265758361	2.46630555615609	0.325157822132831	-0.415437758871281	-0.174130026676446	0.941536504256416	0.751870166982163	-0.991675872248303	-0.371385482713613
c.37.1.1	1.38377375241681	-0.426291816280665	2.32786472135977	1.38547226715611	-1.02511972962943	0.293215942013963	0.497079149403221	-0.36927990468012	0.123395480800888	-0.842766647125679
c.37.1.1	-0.040598456990865	-1.67782341607642	2.49149391971947	2.03262761703391	-1.18511824852101	0.279703466011093	0.63623023497456	0.216177322740701	0.298401964391769	0.164109219806238
c.37.1.1	1.3779097438637	1.37763992359431	3.01057064579998	-0.521315240562568	-0.155640893233922	-0.224316847543434	-0.102790781073036	0.605734151446743	-0.937484951444388	-0.754083846453267
c.37.1.1	1.45119045489383	-1.130945552546	0.860158145202054	2.19393500415002	0.373872827147326	0.0409596535618045	-0.569373671612415	0.416101182670639	-0.126268798233376	-0.616662164927434
c.37.1.1	1.52529521294597	-1.05547471965468	0.743356604749914	2.21012452334705	0.379060738203672	0.256932313364631	-0.205328618382083	0.268431384226048	-0.195283024369293	-0.565606920073598
c.37.1.1	-1.61532681313891	-0.671018091725759	1.16618211766067	-0.484290889645156	-1.08714874172732	0.358355315547424	-0.0647001698213689	0.564128401252686	-2.31111627004714	0.424663786855036
c.37.1.1	1.48991779234074	-0.852524772393763	1.23936094783045	2.96502205178267	-1.10210332714313	-0.0979701686834205	0.144090599577788	1.04582385600249	-0.841960684696159	-0.974746219617653
c.37.1.1	1.66467031904763	1.05940050658546	2.46887600577268	0.318960226421076	-0.527185560067814	-0.271037309880825	1.68848992780281	0.575934523610619	-0.67541143839284	-0.596307120902712
c.37.1.1	0.783181085874335	-1.60258510020801	0.921947504979949	0.525947647816735	-0.131901179716343	1.45972507335966	-0.380850819127488	0.691046447273679	-0.40183690796841	0.443022091502841
c.37.1.1	1.42449345373116	-1.56348077564193	1.50177431831079	2.83524203427776	-1.26733781943285	0.221140280108268	0.751959514305187	0.680286557171447	-0.536852835521423	-0.536911255633568
c.37.1.1	1.0608167088804	-0.477837716120435	0.677667119048821	3.01567689733278	0.783622309411427	-0.624000846023421	-0.287977628766997	0.963759949903603	-0.555775428812803	-1.39766704011723
c.37.1.1	-1.31853401036494	-0.972562644127643	2.11481262414955	0.50575152175537	-0.332350366326296	1.32482859400809	-0.944956474285636	-0.0040129388980442	-0.839678918264737	1.22417559431134
c.37.1.1	-7.17021928869132	1.20903717021243	12.7467040341064	0.926220913296617	6.1414566528931	2.31477113267816	-1.77137579956894	-2.34953706006378	-0.448023820879235	0.261163283148702
c.37.1.1	1.33556668727981	-2.59760299821166	0.383601288381519	1.9892729422585	-0.798705088163529	0.514369761953514	-0.53182929729527	1.76409281287825	0.315194647214842	0.025447582475893
c.37.1.1	0.147047019472436	-1.25672567486266	2.11654401212814	1.74724782146107	-0.434698846911674	0.0257451697867462	0.359932463971812	-0.415835997137939	0.24316964905485	-0.694718008133967
c.37.1.1	-7.93760385805574	2.63979011193414	14.7438929097225	0.769255312423697	7.07426993511027	1.83394864038899	-1.70888444178136	-2.49433498242955	0.152922087696258	0.867932077343654
c.37.1.1	-1.96586094063985	-2.00138475685627	0.641540850934955	2.09023897860695	1.08958033669937	-0.96577660741175	0.937628700919675	-0.685779988758382	-0.652889948600279	-0.763075396765968
c.37.1.1	1.46023905025769	-0.781742776876309	2.20194771343585	2.36539740353817	-0.926084095973172	0.891539052391921	2.15931734531935	-0.587544432113084	-0.238577610883577	-0.451653913441234
c.37.1.1	-0.86646561501265	-0.907846062469545	1.60451487595094	2.00673693345356	-0.638702600485991	0.688274358371618	1.17253365473312	-0.19815073506998	-0.954215646537589	-0.0778517164329352
c.37.1.1	1.27802207820939	-2.74533299388204	0.306564953196355	2.07893353810659	-0.750911878711316	0.488078215209961	-0.637888840277698	1.85238544152502	0.240596071858783	0.0170824469321177
c.37.1.1	1.26332144998613	0.160732894129533	2.10288433941301	0.181321022602152	-0.309198118782997	-0.249834639858666	0.8571892660753	0.988084004039913	-0.749187162967718	-0.37440829428577
c.37.1.1	1.1154445162274	-0.293288396444932	2.43989940837554	0.513482782907891	-0.723436241505996	-0.253644073605925	1.43875560946426	0.752822020824883	-0.649799690510136	0.453757449992229
c.37.1.1	2.90752453355075	-0.228924994139212	2.72997290968282	0.132644283922122	-1.77786512388327	1.04933195580671	3.02360188292106	-0.249526255050101	-0.0238787047049438	1.60062581189602
c.37.1.1	1.3781564041871	-0.912830631053636	2.19567095039296	3.21352667517002	-1.08778754216548	-0.166576549224627	1.48455697417443	0.160086603889365	-0.315051175193597	-0.635213902389141
c.37.1.1	-1.97858327321856	-1.37162558934492	2.48899300118381	0.791450989217624	0.213283976853653	1.39153371997639	-1.83703130191661	0.118202531335596	-0.831380657049514	1.59968656390645
c.37.1.1	0.273295116556814	-1.27724745624915	1.97614115655643	2.42611127263187	-0.496688130929048	0.392549304349713	2.26051102770809	-0.274166335302618	-0.213677207106442	-0.306163575138634
c.37.1.1	1.52354333146755	-0.18065182589856	2.55215646997573	2.21109320329086	-1.13496339266316	0.563737891293454	2.07438959174693	-0.45977691770169	-0.396166231499824	-0.712493776463124
c.37.1.1	-1.19162470084612	-2.79944488811612	1.71912846456031	1.64272646943392	-0.709829212292022	0.43771893379115	1.04437319628609	0.135833408523239	0.156614471587343	0.09223146744162
c.37.1.1	2.37099266318654	1.82067694858823	2.86574685111143	0.644672456896325	-0.967634738701565	0.455151994868173	1.14535039096916	1.12122825529414	-0.754362488548413	0.149466329524171
c.37.1.1	1.82285966825147	1.23487013549016	2.72425788631051	0.975889705840735	-0.902583387882566	0.345992646438728	1.12404165705505	1.15377033866063	-0.390330542749605	0.028116767586004
c.37.1.1	1.2371262699823	0.121798876232972	1.82942070555859	1.88781844080499	-0.524079772482762	0.731928220537442	1.45101434491593	0.128741301692639	-0.589456919301791	0.0248795471195569
c.37.1.1	0.676806768896724	2.23883343457135	2.79189673144728	-0.290126858505146	-2.64385387797105	-0.552889348527182	3.97118661566413	1.29406650166269	0.573215318811889	0.101380667864018
c.37.1.1	1.92229487773096	-2.3811499613579	0.105792862183363	2.7326319609478	-0.135654329588659	0.251184401734239	-1.5651088680806	2.57615326762887	-0.136154757746042	-0.941291623327255
c.37.1.1	1.3126099342907	-2.61661465591605	0.322231841288478	2.05423361386813	-0.762082695274255	0.478783942053968	-0.58086880046838	1.89384304843067	0.221055320164518	0.0223553464763708
c.37.1.12	-1.59642411444613	-2.01301753236559	-1.94789568025984	1.00805561468533	1.51346929841082	-1.59405383401452	0.0971179242402641	-0.498655970300938	-0.723723640929011	-0.156207492864859
c.37.1.12	-0.007435945874608	-1.88638379904578	-3.33057325619716	-3.82306604082605	0.317595228928901	1.78758347225237	-0.962129143082025	0.287963644928006	-0.942049897236618	-0.108257874803619
c.37.1.12	-2.45413336845985	-1.7443231704382	-3.14580645778443	0.545038564132421	2.6434791770209	-1.51748238058578	0.688184953113911	-0.220643612498093	-1.37618196344251	-0.21576656870192
c.37.1.12	-0.530089185011465	-2.51254447307218	-3.63075271085092	-3.45674901748891	1.01938872455003	1.69475884103558	-1.06743055857124	0.123660319355517	-0.659517394571611	0.320038622635948
c.37.1.12	-0.43994775582046	-2.48159004713674	-3.5465265873353	-3.8349405107681	0.797159233343364	1.82919926734003	-1.1622327527007	0.15291283028465	-0.701574828676477	0.193083057437452
c.37.1.12	-2.41867736507668	-2.65846622925335	-1.15301259028748	0.389550332374917	1.82932248145213	-0.446759756364801	-0.188929123819895	1.83161236090706	-1.44893053320164	-0.067333117941187
c.37.1.12	-0.526975773992788	-2.62453533433563	-3.64901901008209	-3.4834775155986	1.08183332520402	1.63862262109434	-1.23781736971128	0.232174301629866	-0.686988644528503	0.224491909123884
c.37.1.12	-0.333697013289879	-1.63684110132552	-1.71389299666715	0.226828940063845	0.984650522228999	-1.0071474539678	-0.307158236231405	0.0429620834097163	-0.41358861976211	0.415278781542191
c.37.1.12	-0.999457042764338	-1.94915813043886	-2.46114714877659	0.727630186215342	2.27138963163006	-1.20405423149395	-0.680955564194209	-0.321336553845893	-0.53376922633346	-0.213949650222632
c.37.1.12	-2.59092497081926	-4.49488721130494	0.0771594307032694	1.59384230799935	0.61172807592859	-0.946951681438747	-0.442439050265102	1.02225219531313	-0.0132437216617852	0.34196519617772
c.37.1.12	-0.569290706867536	-1.45296047054057	-2.2170485549582	0.416636615077411	1.39165871257262	-1.03469768268055	-0.65920541545865	-0.0582337906275063	-0.685742514201362	0.162865953448922
c.37.1.12	-0.683499109357602	-1.5673557998988	-2.03402615670382	-0.391611933820085	1.34204260108094	-1.07796619346234	-1.71645610620193	0.000840437960043433	-0.50878185910487	-0.0399424666454041
c.37.1.12	-0.824234265438822	-1.66020312808668	-2.04275713165022	0.732416955486481	1.07034131891436	-1.09337265146112	0.235549573187203	-0.282778638551916	-0.874092117162837	0.234549670723841
c.37.1.12	-0.0681826319479615	-1.11163949078695	-1.61694009621823	-0.354778895121364	0.492065728671587	-0.970536034675518	-0.328802475199968	-0.315231540785991	-0.549239884399282	0.402735780383112
c.37.1.12	-0.346647597980786	-2.54598482008131	-2.9886064686369	-3.04482240811119	0.366122258436085	1.49243884856342	-0.936745945074529	0.108694932600722	-0.600849491097395	-0.0336135964399253
c.37.1.12	-0.716803209770274	-1.61405507058811	-1.91669825967344	0.580103248346493	1.1317517818952	-1.3190589973338	0.214375031962147	-0.248073462126467	-0.736797253822834	0.055196637177742
c.37.1.12	-4.03494210432699	-3.01203640480079	-1.93963664534914	0.550281457713575	2.23492364406123	-1.27454343934778	0.742641733434817	0.687247150512615	-1.00742485419747	1.08682644089091
c.37.1.12	-0.806940974968518	-1.8286886749951	-1.83898891390434	-0.146995760240258	1.22599547073159	-0.999647332716296	0.172397417879743	-0.131881897152761	-0.722800368584037	0.325849739864042
c.37.1.12	0.508381387846751	-0.366509529623271	-2.08796834204833	0.831507510316462	0.818117784702713	-1.1861994763982	0.228768095202246	-0.515925152869348	-0.84161860973387	0.602112149204757
c.37.1.12	-0.729307368897532	-0.879742871217015	-2.10424883821966	0.0264794311541316	1.13778670035042	-1.01281034845349	-0.547019481760237	0.00244136481331364	-0.664398966046856	0.129266200633961
c.37.1.12	-0.378252613659639	-2.19862341525551	-2.18177939847993	0.3617586829494	1.46142525554903	-0.72720942453966	0.179089811300473	0.0934289086396575	-0.432400508919083	0.330779652574891
c.37.1.12	-2.60480602002924	-1.54487984708295	-3.1106542322972	0.619697313117256	2.59510914293116	-1.6943511980789	-0.151158455424124	-0.578519324607345	-0.973945660081885	-0.09642331511702
c.37.1.12	-0.0331396469709884	-2.44248273637252	-3.07248438333248	-3.40225858217971	0.218498000752827	1.67148074351692	-0.894137791400261	0.139551891772266	-0.640101406920892	-0.0723981142019652
c.37.1.12	-0.0497126676527262	-2.38375402718786	-3.04545449018185	-3.26658157415537	0.251045797646349	1.66203924295491	-0.931999688435499	0.146738770093323	-0.690165729507588	-0.0478387594734052
c.37.1.12	-0.0595111816442911	-2.41294410135027	-3.06107189716657	-3.34609975929122	0.251722967875284	1.64863021050631	-0.902052098546896	0.142737245704258	-0.673495894953503	-0.0908092139066877
c.37.1.12	-2.64013345161774	-1.32993498666579	-2.09735313203671	0.62067905902522	1.42443779367246	-0.933929744068944	-0.342094658180003	0.914316623943206	-1.25239291988053	0.476461161652585
c.37.1.12	-0.623629274559013	-1.87813992104619	-1.53427002012605	-0.41055491193286	1.10523044585773	-1.07715735124189	-2.06025469615212	0.121614176047109	-0.341043447833796	-0.317961912536828
c.37.1.12	-0.467918297107462	0.0212287253978122	-2.24243933741046	-0.231133658714103	0.819212118357179	-0.365063132594994	0.665747200163102	-0.200338176735331	-1.29276703722999	0.276957738196597
c.37.1.12	-0.985151223879897	-1.77121004902632	-1.72021565867895	-0.198224545209213	1.29977835202587	-1.13562022456417	-1.8536717347697	0.513354358258034	-0.452505070734427	-0.434170444834444
c.37.1.12	-0.543860389018345	-1.41854833468147	-1.67996090366596	0.358219293326749	0.480594295281365	-1.15282471338696	0.108485929487295	-0.419714222728453	-0.67926936544133	0.194165581396205
c.37.1.12	-1.13216717167617	-1.74340647628487	-1.95104962462606	-0.118493833541214	1.50318072734199	-1.17176098984989	-1.84138220568836	0.446532665562703	-0.500929902385714	-0.46812159373303
c.37.1.12	-0.532859177183303	-1.28063104794309	-1.56307180681786	0.344346357678072	0.769096237652991	-0.809907459914361	0.341637530480593	-0.437195071501286	-0.695716448423736	0.145476132134128
c.37.1.12	-0.550569322224227	-1.63433078642117	-1.92577880330786	0.588500821722	0.890895692154255	-1.07486667797376	0.466449546646787	-0.445571887366623	-0.761415460030643	0.298040614231561
c.37.1.1	1.5988651469149	-2.72753650654388	0.328220468722618	1.86444458975317	-0.589788873313195	0.770806098157986	-1.43431259394821	1.87825760050518	0.306355673975251	0.149718822051565
c.37.1.1	2.06333857327383	0.185206321110799	2.58640601077763	1.85542682489756	-1.12581661033746	0.795147258334932	0.872106928028772	0.171364833874156	-0.762755531686855	-0.18354643136215
c.37.1.1	0.304136933878856	-0.950555422478271	2.1986112271036	1.70368802513981	-1.23985902678427	0.524917820985886	1.82432904209396	0.160103335339142	-0.0189796399048368	0.0516555323140384
c.37.1.1	0.209283701497367	-0.985128117636708	2.64173688202761	1.50239061367033	-0.83387909770962	0.132394830601599	0.0130255383262417	-0.201309044934688	0.411440149471619	-0.587616565397372
c.37.1.1	1.85060631429411	-0.166413442405309	2.71055430238298	1.27776659309991	-1.19291545339858	0.731858072216246	0.927876563790568	-0.41774405689299	-0.249595337893353	-0.887302787190497
c.37.1.1	0.971650436331054	-1.30550301687217	2.15233659795605	2.12665917039738	-1.0991190113021	0.705791389987534	2.2303202187503	0.0679001392464723	-0.0737538365554984	0.312911754641483
c.37.1.1	0.553377377585444	-1.96254589421484	1.97909226631639	1.87823463747233	-1.17381663279315	0.273703384003905	0.346051944315262	-0.176744161473216	0.304257685915756	-0.265581420429393
c.37.1.19	0.604744820388827	-2.43283288414815	-0.532239537693304	-1.29630786293417	0.450019598900252	-1.10313641726318	0.204457006958855	-0.963555469493663	0.11567105681177	-0.647184775519766
c.37.1.19	10.0466737008135	0.498380137513983	-1.37809392468813	-0.472138154255475	1.50424219200543	1.85337014989357	1.44481905262844	-1.25340904996589	1.07584286319504	1.95028624733835
c.37.1.19	9.84606351762899	3.34919648608868	-1.11260372322448	1.82287752932008	3.64690436486498	0.325780509854545	0.055932306605209	2.01288799425011	-0.582632148065469	-1.56842066148225
c.37.1.19	3.33865863473595	2.12654516519409	-0.603206104767956	0.46784073691992	-1.36631029250486	-1.7165771916746	-0.594128520439094	-1.6828655547976	-0.939272807640946	1.09391679525444
c.37.1.19	3.89122710604073	-0.547184651449239	-0.276632436293544	0.40851504487782	-1.05104449320065	-1.07660401754832	-0.0994579210090936	-0.734471739016734	-0.18368688535053	-0.0883516568988044
c.37.1.19	3.49479235992856	-1.8820758436832	-1.37103432633229	-0.919748757488162	0.469208056569147	1.27852658996209	-2.57100232161421	0.579240165155815	0.00443801378642425	0.430866740036622
c.37.1.19	12.0764219312378	4.08803290584958	-2.09008567807123	1.37447460688931	3.92640524960017	1.07714662865596	-0.875075112669229	0.447720385912029	-1.60104270944669	-1.77241687726152
c.37.1.19	5.16872918161674	1.79480394585006	-0.656659550899667	0.311766250651228	-0.875995879732645	-1.30936559190832	-0.677880541678715	-1.10071870283829	-0.126169621550912	0.607580786374368
c.37.1.19	1.80630766192407	-2.53145681263246	1.45637757571833	0.0237471920349155	-1.70445403937185	0.188268545236425	-1.23576931428374	-0.784057955556798	0.382723475760562	-1.58649466324406
c.37.1.19	3.35610022027292	-1.11011746704829	0.132975876978034	2.0849928172136	1.68130286148067	1.17048581425238	-0.617383584025934	0.00610761020478498	0.531975017040129	-0.780946960465273
c.37.1.19	4.87061234914763	2.72879731904977	0.725175237036856	-1.84615476897077	-2.21218683485026	-0.601583821931874	-1.72484667888821	-1.48723721506184	-0.474647622941429	-1.62901023200522
c.37.1.19	5.70295895075367	0.876421964664186	-0.0280102818694901	-0.229652936946598	0.227953310702849	-0.00549021504890467	-0.451585043140254	0.555364065306413	-0.48311367928598	0.520116355205906
c.37.1.19	1.79556256648272	-1.90561781428333	1.95385914497361	0.0510345346823812	-1.85405833767542	-1.46411264079273	-0.624244658264431	-0.741446776775542	0.930025970717831	0.212017677044559
c.37.1.19	3.81495114961277	-1.0054464671806	1.87629783603809	-0.604650013542042	0.995663361709312	-2.23778675569871	-0.809138941543557	1.04008709910635	2.17973918907049	0.256699299016611
c.37.1.19	4.16542734902363	1.83085952940298	-0.935186599997986	0.416320227212589	-1.22313458143251	-1.5450804489948	-1.78481197875607	-1.42022704517726	-0.603725376033513	0.578187065486284
c.37.1.19	4.12277940426859	1.61483236602992	-0.559518933733676	1.22042719262627	-0.446416628123573	-1.90748287681794	-0.275605560056734	-1.44559637682762	-0.0703377664019059	1.14522294365892
c.37.1.19	-0.50377280439045	-6.77183228231626	1.26027684989009	3.65797228565735	-1.34792250385594	0.152688246610996	-0.449645479190857	1.0768486735346	0.0474690123159119	0.297649644755515
c.37.1.19	9.48423190314805	4.03303281396359	-0.851978579726472	-0.238142222969154	1.94521117092032	1.1527271603013	2.02073449759017	-0.163033386093786	-0.0188576981832366	0.731801079509494
c.37.1.19	3.67695416842375	0.899542136786907	-0.0780219864769354	0.38526089584343	-1.67125256984411	-1.42477017022008	-1.31721552253599	-1.31594002518075	-0.426209608880176	0.550869755330965
c.37.1.19	8.13512909087748	3.69191183025432	-0.316982459748468	-0.39334508487262	2.20819499123503	-0.217179777374833	0.164966529290001	2.02473684154935	0.480143164139833	0.0249804203604339
c.37.1.19	-1.02988136922932	-2.5107966247315	-0.333847764948214	-2.27539223077656	1.17614153106537	-1.97685296325047	0.780878049531564	-0.639905750104764	-0.826309763303623	-1.35799492390932
c.37.1.19	9.90535591521695	0.46804923874757	-1.78275835861472	-0.685314092628911	2.43999712226817	2.29774630838068	0.819588621791101	-1.36313870529953	1.34833853325335	1.99426238786935
c.37.1.19	3.78021041005871	1.00773986065029	-0.469906103729932	1.14389972810433	-1.09352074587806	-1.54193848387459	-1.18310232567509	-1.50342174015334	-0.198714967393306	0.45400745377721
c.37.1.19	5.47454612170766	1.87741125835634	0.0108711975651474	1.41674724795987	1.76655833242442	1.85611626517082	0.0566749502543896	0.00305746556242365	-0.148306675630635	-0.661107183146136
c.37.1.19	1.83468202632982	-2.09774720231473	1.984829088598	0.115122179678568	-1.87968049052682	-1.50339105367765	-0.787193557524655	-0.631642608726841	1.07809033161823	0.0930370099405706
c.37.1.19	1.42877156544855	-3.85235345993311	0.997340423238288	1.31356530964408	0.588191849089166	-1.4207515706967	-0.129762124093527	0.255247181631489	1.82584412680201	-0.12219504634068
c.37.1.19	4.17370337377226	1.08259111523749	-0.432907603662328	0.915031452231379	-1.09610129536773	-1.53753379249103	-0.865110580077365	-1.44199472484758	-0.120494689397259	0.561390431027341
c.37.1.19	2.41409971470915	-2.36171154038692	3.58517495570776	-1.73216149330739	-1.32581184824988	-2.36804503158147	-0.828051094882516	-0.751346330542723	1.34812743663	-0.514712064080651
c.37.1.19	0.224396867572181	-3.62515859568119	-0.516697516583399	0.918306329825662	1.32920547994335	-1.75414760859875	1.53420624480517	-0.545478043903582	1.1854461610851	0.996274072111803
c.37.1.19	1.68522133826099	-1.57337065777996	1.73552717224277	-0.103588466631058	0.062435171036897	-2.40156496450345	-1.4769464011123	0.354629541740333	0.763696750065037	-0.116194390140677
c.37.1.19	1.9554653462919	-2.83695439229971	2.28041046420338	-1.43137773438368	-1.03324480408508	-1.64776768953721	0.247705401173376	-0.615406108889169	1.18935576075588	-0.253478403268259
c.37.1.19	1.39714015147987	-0.402151394887024	2.00429404090388	-1.13215984013144	-1.63713112108047	-1.57467049320798	-1.07306959341767	-1.76283034713177	0.185155445736271	-2.0468057349118
c.37.1.19	2.79045452845872	0.100230141885228	1.08309847152646	-1.92145161628614	-1.12370496095426	-0.460158353950044	-3.07898268226119	1.19620203796596	0.296957085173831	-1.61002712379255
c.37.1.19	3.88747939531017	1.28720771324779	0.964805681871108	-0.788701262522318	-2.58312408456723	-0.789271295354445	-1.31300088523304	-1.15106457848384	-0.229649270956408	-0.482309842956573
c.37.1.19	3.51178538537763	-2.64720966705367	2.37993805948516	1.04156863353066	-1.07712819020847	-0.217041471698111	-0.223538689675568	-0.270515528451338	0.6366510589559	-0.13175868638173
c.37.1.19	4.38358078130705	2.33732365926524	-1.04202054136247	0.525564311414913	-0.650747396662796	-1.80343557823916	-0.879904521975591	-2.43900456937979	-0.460368823886756	1.64852573940761
c.37.1.19	9.38802816978306	4.06586310846891	-0.968866722234639	-0.562581993389297	2.2915933792942	1.79148815795645	2.1504345449569	-0.0558478863206587	0.102856809659185	0.297063633347396
c.37.1.19	4.37356770374515	1.19049348800601	-0.668463582279957	0.401104646677945	-1.35063533150234	-1.30151876305992	-1.04145772124701	-1.43194702560314	-0.258128024331987	0.602822957552818
c.37.1.19	1.77311084084889	-1.50856957071732	-0.253720140057814	-1.93064901451315	2.32922202086676	0.580682510005044	1.07559365459059	0.00429439726017883	0.469925312086953	0.50951680743864
c.37.1.19	1.9151571770626	-1.21876405924958	0.254655831086037	1.27826396060186	-0.686634428901711	-1.61720759001257	-0.700760379723964	-2.1352484768101	0.164816974581296	0.667487231601671
c.37.1.19	2.23845221100178	-1.92247346159551	0.268182833962135	0.937368157630555	0.771131297027321	0.441144154781611	-1.10293777086778	0.0563366613312978	0.27147713080837	0.12494665928736
c.37.1.19	3.58427181745983	1.5951274208827	1.13164129112433	0.286683701067357	-1.6927208557207	-1.67497871375729	-0.120477146502146	-1.3311219823636	-0.307003626885757	0.65993189212317
c.37.1.19	3.11150695638262	-1.2101386988818	-0.636737541471055	1.5027777141276	1.5497563850541	0.486866694300004	-0.381909419754466	-0.163804109555588	-0.111737252134852	-0.430146743310961
c.37.1.19	-3.50541387273773	-2.92326880789822	-0.307751854537692	-1.83907495481094	0.559199519857111	-1.4182620134442	1.35310732671747	-0.0943505454914246	-1.8322205026489	-0.487669651423061
c.37.1.19	-1.62448107613043	-1.49042978207781	-0.18250948461355	-2.64759050095079	0.941981918072334	-1.24888895971519	2.05146412211275	-0.53933775436516	-1.66407317634326	-1.16905792742655
c.37.1.19	1.46026004247234	2.1229128406874	0.834915155482826	-2.6116121532209	-2.22011927346817	1.97276519224966	-1.05011326097773	0.31892855487129	0.7931271062258	0.451522278203037
c.37.1.19	4.86429446322685	-0.137271330207127	0.0873266274184986	1.60207113718164	-1.1212205811702	-1.33930999601925	-0.431977774977107	-0.94350740940704	-0.489807088298257	-0.0476971584944289
c.37.1.19	3.00461485569944	-2.67872958607805	-1.22013402627585	-1.03201187092076	0.613063747162088	1.36927680881605	-1.50219516523772	0.230087789585606	0.790226265693119	0.584867400359536
c.37.1.19	0.7434233088178	-2.35313978137122	-0.591265972950377	-0.774709832157765	0.421366466189768	-1.26685062841263	-0.226870737568069	-0.769146317119905	0.398292430663326	-0.398568958210921
c.37.1.19	10.0430303922661	0.759789739826212	-1.89325728289667	-0.789740321753401	2.51491738483101	2.35326985139056	0.631013538624366	-1.3923119139434	1.17477738866985	1.91263579772841
c.37.1.19	3.12205416026871	2.2727310323696	-1.01097773252342	0.420913236078007	-1.16714038563797	-2.48178517324052	-2.10558981326122	-1.76203711382798	-1.21485300530309	-0.191867182047292
c.37.1.19	2.53000466068642	-1.1656612604137	-0.582548154000759	0.346716779009003	0.0612496709851279	0.384359060571834	0.123923453189524	-0.00805688316757114	0.359421634940171	1.24832897295712
c.37.1.19	2.35593407661713	1.38212415266875	-2.20101693425318	1.23111830544162	-0.0961490931261294	-1.81991509750249	-1.94582568584342	-1.41615183992044	-1.43509646384409	0.0143797265961029
c.37.1.19	3.59989805266308	-0.955729868320945	-0.548493053859111	1.14421226394531	0.673153496137063	0.614654116726549	0.503297341795097	0.196381928927854	0.406704377595383	0.547424195687795
c.37.1.19	8.31345606885839	3.8817687794511	-2.18280152585211	1.99515887958514	2.17345542051903	-1.62258421517299	0.0737583469854021	-1.48471964428323	0.685730568999783	0.116824967543662
c.37.1.19	5.12822644745991	1.90895889761045	-0.620342471939898	0.0192704608619604	-0.334658349553753	-1.38445266074278	-0.150323951940764	-1.57786094304785	0.621956175007875	0.806172248213282
c.37.1.19	9.72099201236399	2.73354257248986	-1.33054589186234	1.46542187253431	3.42019355019873	1.38359185932818	0.507891837528582	0.256906256853149	-0.538584782411799	-0.526255868183865
c.37.1.19	5.0749799912524	1.86740306671292	-0.597454763018687	0.101802968653832	-0.394022099498466	-1.42023683412266	-0.144862720201048	-1.50766404770678	0.548859274004801	0.762298463183473
c.37.1.19	10.4367327305587	3.33033208041942	-0.858527185345918	1.3744444948332	3.96261010466495	1.34629202211457	1.51082358691131	0.490509694000443	0.0430566571397544	-0.346831914604408
c.37.1.19	4.9035804115544	1.39627761500278	0.435193987508329	-0.255376565215085	-1.64506903017322	-1.45896272230313	-1.34383188065549	-0.201391462345405	-0.0189119539700156	-0.436784179198291
c.37.1.19	1.69181034786123	-0.803156215487698	-2.88225693559224	0.0154380822484321	2.32371973296608	-0.126159847475371	-1.5919611085766	0.0565033664339773	0.240033142118079	0.592818021174205
c.37.1.19	-1.03566110163318	-7.12806967850686	2.25261844774965	2.95253043894252	-1.28906701376355	-0.36245232875614	-0.570471216401371	0.283757394119516	0.923901507488493	-0.122676205585815
c.37.1.19	1.64930984264207	-1.76266190825441	2.03570193151449	-0.215412696323377	-1.80728020578053	-1.48265744205639	-0.959500284392287	-0.645389189104722	1.00364125493465	0.0473369186118293
c.37.1.20	-0.289448517878599	-3.8696935267779	-0.695603224638987	-0.707849045763557	-0.335771405126989	0.948524003256338	-1.4070298373358	-0.0458219230171406	-0.699430492404816	0.0484900310191022
c.37.1.20	0.133399402551751	-4.50721520862293	-0.432592465931151	-0.744624891883971	-0.804844229247057	1.17334865195694	-0.128556873623791	-0.704889717034866	0.217326088781317	0.879571794794167
c.37.1.20	0.622338533421264	-4.99399488893916	0.411629224926209	-2.35428676227945	-0.890668687677276	1.71720158310422	-0.148509542414359	-0.111073263540997	0.80409581885202	-0.343364873974237
c.37.1.20	-1.2734612758348	-5.71968070600018	0.640439075800029	1.74556712799894	0.653789682891352	-1.0966846849092	1.13362497760965	-1.27713325284274	0.515313782696197	-0.052169598630454
c.37.1.20	0.162955958094598	-4.33150560182484	0.199665581063172	-0.529902610968603	-0.268525800893981	0.546120032682834	-0.529173998083487	-0.154625089619944	0.380272164385466	0.135284588487323
c.37.1.20	-0.527424444568721	-4.76939213333457	0.00590683904731791	0.755592961490071	0.159570780971173	-0.370539538235148	1.22010695580382	-0.837957016308615	0.581875472439898	0.128311797367082
c.37.1.20	-2.31250810925644	-3.76673418651621	-0.325932063034165	-0.587885198113452	1.18925447877302	-0.573656095598357	-0.639819602112488	-0.893031478076051	-0.850939084404308	-0.181857478534147
c.37.1.20	0.303365672638197	-4.13308379226507	-0.15025029929132	-1.29179497049579	-0.84702470033547	0.903772395217202	-0.297378990629174	0.682719237882566	-0.418309526394502	-0.32522525077592
c.37.1.20	0.0374616374868448	-4.94846927138508	0.0485159027404091	-0.205350136325424	-0.430423714511286	0.843823177265314	-0.388015124537253	0.456802486215938	0.269588348296379	-0.104384045970745
c.37.1.20	-0.730155698545973	-4.20001890814724	-0.858615563735627	-0.47336289964041	0.222732242556494	0.522784439158718	-0.228039065783987	0.676178352763569	-0.462011955515145	0.272519497021276
c.37.1.20	0.653888186863115	-3.46627678182421	0.0664691042812257	-1.28437468426273	-1.48481729953198	1.55958840655402	1.44243991312829	-1.22397948073239	0.223891856913424	0.116439568651861
c.37.1.20	-0.0212922764909284	-3.50242290648019	0.209755431268076	-2.14266699725539	-1.23576033875944	1.66732922729813	0.329193594113593	-1.44774990997599	-0.000125586199796916	0.269891610050653
c.37.1.20	0.954373166363975	-1.04263569002893	-0.276832360743397	-0.882930296410186	-2.00812012008958	1.10347489480946	-1.64847340695192	-1.42031584827407	0.572135674037887	-0.167775790251063
c.37.1.20	8.16806644504374	1.03196646810801	-2.38378825836825	1.76474408281102	1.59948343277244	2.01702452383483	-1.24831067412279	0.194854015344054	-1.17376029990657	-2.03479348735558
c.37.1.20	0.715625321060972	-3.26469287466164	0.559780812942396	-1.44484527931015	-2.11650970812219	1.52107742855232	-0.167264146975107	-0.74896400810001	0.140257764095701	0.139543693514719
c.37.1.20	-0.830968112239691	-3.43507606762742	-0.241787953660649	-1.32583618078431	-0.890533396263839	1.70471667121498	2.89058106580513	-2.32280485974496	-0.743355364691367	0.82108674493222
c.37.1.20	-0.151502617921529	-4.25384263932959	-0.184595271165723	-1.22032437967912	-0.806629096911248	0.810033918542835	-0.661988585788507	-0.112840238496758	-0.794807348288304	0.0921019939297013
c.37.1.20	0.327647675935081	-3.23587144671095	-0.0113423828054217	-1.39512753057542	-0.312588051954876	0.298620647271676	0.0711046590115398	0.532091065325178	0.475296892201132	-0.392854180102041
c.37.1.20	0.439763617212844	-3.25813580233428	0.0984196600666754	-1.164216943468	-0.33718656811796	0.291680092749104	0.0114349826319478	0.454158344550394	0.463567457920894	-0.463573481550529
c.37.1.20	0.210262336540261	-4.75263860070336	-0.330263451936967	-0.378905138179834	-0.0296179912234997	0.201276328372037	1.11478052726995	0.171180140422487	0.718000464371712	0.0315519410579485
c.37.1.20	-0.130084104413009	-5.47680529410399	1.80713406996015	0.843773984405857	-1.82414950119033	-0.779435009430356	-0.804096059719537	-0.918641618791095	1.19572012381167	0.357879923905494
c.37.1.20	-0.566138061131089	-5.66416398037873	-1.07520162033742	-0.187586213082791	0.624993223708204	0.320189073480056	0.443118163905806	0.0606579067195446	0.343818089593801	0.129340724919873
c.37.1.20	-0.52284475435964	-3.68171826829208	0.589236938072343	-1.9651857861474	-1.50210844044629	1.17207407036672	1.74831633912729	-1.02729321730378	-0.360734715720588	-0.15470363390506
c.37.1.20	0.0447855025210111	-5.37246374738541	-1.04918097313767	-1.02700104149392	0.363456480910833	0.617157286403166	0.717903529332287	0.380187912738672	0.634534726065969	-0.0952644023604211
c.37.1.20	0.608890717812523	-4.48259459769492	0.219546671245023	-1.80190132298323	-0.814300518380037	1.42799922382931	0.326834106951436	-0.107228028894719	0.334370615452149	0.266518519060024
c.37.1.20	1.31190323170125	-3.45846441007228	0.144127599966342	-2.46870076244572	-1.14989875760431	1.96533975327432	-0.0049580779743979	-0.242556279586	0.493267479370528	-0.290088465236124
c.37.1.20	2.51154011562634	-2.44021776433255	4.31232211948001	-3.10518661039367	0.0891344440310562	1.54542194322184	-0.241647842582393	-0.892262241665027	0.767741506042678	-4.61631951100716
c.37.1.20	0.050303221937691	-3.8093112020086	0.46846512610644	-1.61987919722245	-1.05943608298559	1.13233618436964	-0.525850452815692	-0.424847217157942	0.135629559129174	-0.0811015622587607
c.37.1.20	0.0474019771014946	-4.55263383350932	-0.14881372103326	-0.992991777542579	-0.733847366707646	1.17286245002128	-0.887435804191437	0.358832551550817	-0.156824971811273	0.0839579878333661
c.37.1.20	-0.0457648955107104	-4.97120385125852	0.018531864911803	-0.827014673029481	-0.747634045442394	1.12626476362231	-0.652059725206838	0.555295637362734	-0.420412746366745	-0.207959977642588
c.37.1.20	-0.180868161594432	-4.80306196837209	0.169279455727686	-0.855846035607758	-0.903587960036209	0.959652004850805	-0.731679055620033	0.40284159977328	-0.395760259890701	-0.10712714767326
c.37.1.20	0.165305754462027	-4.00539966083507	-0.437697303913136	-1.48033220103928	-0.537969504073386	1.30601770472981	-0.832645065471294	0.274327251410159	-0.450995718079307	0.0228507709682788
c.37.1.20	4.66827858030014	-0.238510501157823	-0.426717641672703	-0.769780274687731	3.40232268109327	2.20283382143323	0.429366112077982	-0.205313273821592	2.14984758582461	0.59791210507498
c.37.1.20	2.53823854806585	-1.45131478495837	0.15873202357521	-1.08750577151439	3.21738425884591	2.60531378371482	0.11441816970146	-0.103513763922413	1.65786383163895	-2.87899288348116
c.37.1.20	-0.506663875952866	-5.0794729990512	-0.0334550613479541	-0.345061873435898	-0.235707780590814	-0.0421247825800097	1.37251097410833	-0.229897247246887	0.30965547675807	0.0382766561850308
c.37.1.20	-0.213938359366632	-4.0039478083908	-0.263604529549626	-0.0994805564724224	-0.232948041844685	0.171788905749466	-0.213426879954887	-0.410450548522956	0.549790149663392	0.304182776512775
c.37.1.20	0.101983780644018	-3.91318830798283	-1.28921764288108	1.01896159348804	0.0297052728198426	-0.238464033347932	1.26024459203239	-0.273112681573724	-0.189208711827852	0.576508205422159
c.37.1.20	0.00930821245416437	-3.76296247238961	0.150354867264613	-1.34866293024464	-1.68776806234711	2.13301708071157	3.16647200397843	-2.52245516559202	-0.6221171815427	0.717075098602777
c.37.1.20	-0.317824174117454	-3.56998877240383	0.0965247776472625	-1.16710685846634	-0.113182738342767	0.624839587942667	-0.609931528010514	-0.236543358492427	0.328402326840512	-0.206845627696749
c.37.1.20	1.65130326633226	-4.07912723255907	-1.68065365759941	0.0188485097225455	0.214090481804248	1.9842562701858	0.0550797324211394	-0.331250731916016	0.533450733826245	0.931466336110916
c.37.1.8	-2.03832453186056	-3.20193598827056	-0.989840895305062	1.28839532782423	0.318712989113515	-0.663262798668955	0.460999913313337	1.21449075107695	-0.946223892748339	0.409272860589624
c.37.1.8	-2.17963865197608	1.46324062910894	-0.222263304172901	-1.02433960305034	-0.153590192483849	-0.329043068737133	-1.03256966265876	0.573520564639918	0.927557556708576	0.558003600085115
c.37.1.8	-2.5999773584537	2.40821178740149	-1.73678816680198	0.860738331602383	-0.442610217237927	0.467144373466826	0.316813795444376	-0.0948647194460439	0.321169215674726	-0.110020171716544
c.37.1.8	-2.50211875780112	2.53902990486439	-1.3570173609853	0.851474239068957	-0.542564969624558	0.472051475478319	0.222843189931743	-0.0568390133601306	0.274610853520762	-0.0630678548754495
c.37.1.8	-3.03903301572258	1.98181321344608	-0.277850610295006	-0.820725593053949	-0.0719069027134316	-0.257884911789562	-0.722021739585978	0.264511424537386	0.870396440364233	0.512033067383282
c.37.1.8	-2.00658611697459	3.58235490089093	-1.6895706880998	0.821446338684277	-0.352608517452237	0.0976697430698404	-0.571672881549272	-0.0573208687251625	0.719626189704379	-0.600025311596962
c.37.1.8	-3.38117289538808	1.81780109046655	-0.815237320152957	-0.588005221547207	0.239891832974219	-0.145072250391663	-0.533413299799594	0.209038864764345	0.809449060764163	0.641123405872329
c.37.1.8	-3.57958896271114	2.33316095746661	0.53091829199573	-0.870425930029113	0.0689858840127082	1.33728864491666	-0.117435935381026	-0.62625700669578	-1.30307790236737	0.718747422496156
c.37.1.8	-2.37566080641369	3.32529031005199	-1.35928175447754	0.305230113628591	-0.954620186054697	0.53465142365538	-0.23767467157849	-0.414523313776445	0.253716255455579	-0.853927925387554
c.37.1.8	-2.46718779183393	0.217762185762863	-1.71795987603318	-0.966548792011444	-0.130861137892278	-0.263591755898698	0.871478657814247	-0.433111188122589	-0.158879384201435	0.210637533010733
c.37.1.8	-3.33154126403032	0.106170563727897	0.23553694695712	-0.752606502277862	0.0871970019999193	0.0373708241490122	0.752461226084782	-0.197610732855328	-0.457004404046454	0.619041930290396
c.37.1.8	-1.3814600673359	3.55208134663886	1.48039948266686	-0.649651534621702	-1.33302578069677	0.991419895171848	0.044424307756194	-1.28771542486064	-1.5629794340886	-0.672725895473808
c.37.1.8	-2.42951376191395	2.71987133715207	0.457648841382802	-0.299020133091273	0.25385698557153	-0.184090430920653	-1.13486151229571	0.298801054941118	-0.433903421654874	-0.233951792916909
c.37.1.8	-3.25200542955756	3.11911106373031	-1.66812621962778	0.424146396621793	-0.237030205611321	0.509988062129793	-0.323715902363248	0.20031627852867	0.831079829362196	-0.243687671719602
c.37.1.8	-3.2267036277274	0.724691514999936	0.00445438896089995	-0.891060769320283	-0.0156935169268206	0.449673672640199	-0.335904404335843	-0.742596913183604	-0.0262862049355956	0.520088583599325
c.37.1.8	-3.41489821814557	-0.836911522268164	-1.08951169941613	-0.843504199612049	1.69633570325176	-0.671110304747732	-0.765199441834336	0.647893127305586	-0.535465866894497	1.47233988643302
c.37.1.8	-3.30487550170843	2.83488003009634	-1.64475317649149	-0.0608347867481678	0.753872196895954	0.257643137845642	-0.358008117799547	1.18209298889535	1.29714156778452	-0.0617994549559384
c.37.1.8	-1.98856635055788	-0.663376189981741	0.97340643116241	0.827282515595333	0.37509469130136	-0.532226959881836	-1.17867918186468	-0.47409422102359	1.32729325363044	-0.0641115514174064
c.37.1.8	-2.88124198852799	2.12833154068595	-1.89561570405707	0.981051619110993	-0.331490174549355	0.45267461903787	0.227205800568532	0.0614382985691353	0.51789426352906	-0.0439587155909655
c.37.1.8	-3.92788531081609	1.59080101961293	-4.06066354187189	0.601730765392361	0.418546758293555	-0.60629272464267	0.372432706649659	-0.302950748354175	2.19813913755733	0.519633078117083
c.37.1.8	-2.60866734485581	2.47530040183023	-0.831694874086446	0.354586642503661	-0.353843920155683	0.573623733461839	0.0610828865871391	-0.16765032808397	0.631186838936611	-0.0954839353078908
c.37.1.8	-1.69211542111399	2.98039896764988	-0.252187959748583	0.541115812272815	-0.531931631670163	0.545012942612983	0.721036234241906	0.408782838771701	-0.516406954771632	-0.0247296160806198
c.37.1.8	-3.19959806784148	2.69314118856337	-1.09745650954862	0.33782086599406	-0.124485770896748	0.500372377079287	-0.684294115267717	-0.221828970110217	0.635662808419974	-0.107362892993002
c.37.1.8	-3.53259374319233	0.563274398135413	-0.693418168988705	0.462354351396903	0.1617529188232	0.459330941492283	-0.100529936811743	-0.024873760037398	0.522959816788645	0.812530339471611
c.37.1.8	-2.77709804842519	1.87363277824114	-0.797377111412744	0.810587480244208	-0.385068209010497	0.622919418239869	0.420585402468122	-0.32799277148548	0.485131609043213	-0.130876180173291
c.37.1.8	-2.49806816921715	2.03217134107857	-0.947117785361831	0.357623658868308	-0.424786890661151	0.734692205841024	-0.111584653439527	-0.22240644417296	0.590413147335109	-0.255414652549061
c.37.1.8	-2.60805581842455	2.09295835527229	-0.0161775411360988	-0.0587665069771018	0.388395490976419	-0.0499211874274275	-1.09844587093894	0.966190724520311	-0.716348920343056	0.826451694276083
c.37.1.8	-1.64101306291587	3.24692576393933	1.46599943297825	-0.345475637147542	-1.35764082152533	0.725999944486295	1.00942187882199	0.49958595130349	0.0657130361141208	0.418945424338722
c.37.1.8	-2.72533272232357	1.88607548953713	0.463300971519812	0.239674156290162	0.191323125934261	0.000257909091475994	-0.678315045226735	0.204484553146802	-0.750213806229597	0.0508733634029424
c.37.1.8	-3.134968350391	2.50415623253286	0.735039101237918	-0.399488905685243	0.13530716369865	0.285988112192351	-0.922448393724814	0.0256235209865587	-1.10443229869897	0.0173292042373206
c.37.1.8	-3.32768434390863	-3.0478351738953	-0.575888906963433	-1.60212898561406	0.932202316535096	-0.396789568839784	0.300301528862949	0.259491180171388	-0.0720236082128737	0.118332602067251
c.37.1.8	-1.94306653054878	-1.56427966651031	0.369580084814175	0.936536815785214	0.20549744496309	-0.569577252478614	-0.156814867887965	-0.851112398382333	1.37564818523592	-0.209406414373768
c.37.1.8	-0.730115405924963	1.80595822390857	-0.713465906198542	1.33036694084418	0.36386343938844	-0.195370400743205	-0.479088544413292	-0.1961254416065	0.174516168912526	-1.0780225238433
c.37.1.8	-2.53328577053802	1.69243142459483	-0.185643420412139	-1.00728873178023	-0.315663813774735	0.0892290068548876	-0.576610744791132	0.401693991136009	0.227099177549786	0.737242054541374
c.37.1.8	-1.95388594459746	3.94497628482972	-2.18352330826871	1.11505646144468	-0.78057436939822	0.169631027223283	0.642547372095792	-0.493311616051116	0.584655635513993	-0.616717280480953
c.37.1.8	-0.474252402025267	3.18268979450506	0.045909680161788	-0.88197867121604	-1.56336652464588	0.669818461141385	-0.738187282379512	0.795984365190296	-0.29057890118011	0.136075545789988
c.37.1.8	-2.47157147434533	-2.6550233017068	1.94035254936522	-2.46417363195545	0.358587561071619	-0.410668334799629	0.862995157359002	1.21729249774193	1.10446798409186	-1.42794129753242
c.37.1.8	-2.5813604009457	2.733261898579	-1.17890006637527	0.439211625078751	-0.700477147018415	0.840625950744592	-0.0328199302940647	-0.296620319500837	-0.204148641055941	-0.29672572988211
c.37.1.8	-1.86952596914931	1.61092938222399	1.56593502792811	-1.19104078155499	-0.983348466585361	0.850045082547555	-0.388079811609708	0.039704020832782	-0.409479138923389	-0.145641312126758
c.37.1.8	-1.87406895988679	2.76714937331343	0.355951658387065	0.242112349806621	-0.0554723924751565	0.403835591737778	0.0498198106513073	0.327450098409732	0.411591459091331	-0.161808811766377
c.37.1.8	-3.1517347952867	2.16135738976741	-3.29377394664345	0.0161742218292683	-0.578368646676472	-0.644217688464304	1.45632362102732	-0.138653509777968	1.10937328206651	0.406715100863231
c.37.1.8	-1.82363417258823	-1.89454037435769	-0.833920970179097	2.39791813039689	-0.0469457764423135	-0.715831131235874	0.739033122130522	0.783932650560809	-0.877010872747251	0.415893343308432
c.37.1.8	-2.51336229660284	0.575245170250518	1.32632845759539	-0.552811533635138	-0.678015144198917	0.124303605191778	-0.0658139804521586	-0.0455387686974979	0.0924990815425732	0.29941974226755
c.37.1.8	-1.19212016678036	3.20457089942425	0.601534706694217	-2.35070577421138	-1.39173385303586	1.62647178979872	-0.206189768731384	0.674415846275255	-0.22138511165117	1.34496497989326
c.37.1.8	-2.07262556389592	-1.98231019864806	-0.83257701581334	2.27891974910061	-0.0807864407417917	-0.949403765533286	0.566587924992541	0.709718038666571	-0.684225435397155	0.423910992472897
c.37.1.8	0.130648869732072	1.35688536780861	1.83215668710049	0.243755556010332	-0.577670000845801	-0.398954991435973	0.67410181079998	-0.192589308478098	-0.702129623074964	0.204044811450058
c.37.1.8	-2.13300278321706	-2.25438225433054	-0.957551648153783	2.27843273285725	-0.0103639621654297	-0.852353024007122	0.812928332352426	0.762417613431175	-0.682060293157393	0.599076366331425
c.37.1.8	-0.623267273180168	-4.00847011191154	1.24204951478944	0.22680904301779	-0.20861016181651	-1.18283832520295	1.13202385170475	-0.346153480458312	0.690210256522844	-0.396764676979057
c.37.1.8	0.457201196226192	2.25198613353834	2.39212706244566	-0.480406639915956	-0.47534822143564	-0.327394697238264	0.883340740707935	0.143953913682836	-1.00130331566792	0.690946319193855
c.37.1.8	-2.87943704846762	2.51278205017486	-1.57365291855773	0.745599641167687	-0.707423646553896	0.53862051980944	0.208501644335397	-0.174163545043131	0.650985355048347	-0.242291738944657
c.37.1.8	-3.48599258186204	1.1038904319552	-2.77921859228863	0.519087229943743	0.197518926220682	-0.652349990819223	0.162422805536156	0.186799916513151	1.04614228838149	-0.239950935266527
c.37.1.8	-2.16455650650533	3.63995287367752	-1.05082901818642	0.706394739793934	-0.227107376140479	0.542353541846444	1.03724209952894	0.0728014190490083	-0.615986654840064	-0.273585781370439
c.37.1.8	-3.72859783399426	2.03197218476805	-0.850452645005509	-0.102842465719899	-0.195109044011542	0.767100612409595	-0.437183443027014	0.221675790789787	0.569527294597124	0.211637513339474
c.37.1.8	-2.95816512774407	1.5642384264245	-1.21181347278891	0.737551219339251	-0.0602498046733323	0.635583274235661	0.0462887939692565	-0.366331882915822	0.121439240566911	0.378696160951754
c.37.1.8	-1.31929175011748	3.59284334830544	-2.02500582591695	0.879435027164515	0.164625267900841	-0.180723271759222	0.158739141420793	0.54378983372329	0.761467965745699	-0.675037422301467
c.37.1.8	-3.11180592882586	3.43886198653615	1.95814460802805	-0.525029160187863	-0.109477646267555	2.43009276519739	0.0471264581160355	-0.79733238889916	-2.97092377018077	-0.00684907563054327
c.37.1.8	-3.24982942846634	2.50238763420151	-2.11907338917413	0.446800560072732	-0.249155548840608	0.559827421571188	0.0323573511015884	-0.164982351729128	0.73827592780586	-0.0140789396242779
c.37.1.8	-3.27300634659719	-2.16139858907759	-1.09501976670334	1.04854432874068	1.06249910448405	-1.61919908450123	-0.298235095871642	0.14171026434208	1.26504359054243	0.31746539817625
c.37.1.8	-2.41388732652215	2.80205074850881	-0.799045568100832	0.708264653866784	-0.405778777549069	0.537951859175838	0.0476924049859415	-0.188303974770329	0.182794264799582	0.143411156243113
c.37.1.8	-2.79564575431442	3.02578192493645	-1.35732328148455	0.182765098013879	-0.948737374806421	0.722827718455924	0.156065930469023	-0.573493469951052	0.187686813482713	-0.146490721060871
c.37.1.8	-2.74958101428842	2.94260966572704	-1.56917549154659	0.364900145019812	-0.122435108603783	0.680414651447918	0.0812496569753704	0.260000294427216	0.363895917931735	0.103011267203334
c.37.1.8	-1.53304295548921	1.97576772149305	-0.775824888985384	0.762485594091576	0.168930925641934	-0.348441160722971	-1.60570927610883	0.151526229036993	0.704677067026921	-0.0289661257368986
c.37.1.8	-1.3928803079557	2.42270650326161	0.772667461039275	0.380541726505912	-0.342309919089436	0.115829375237864	-0.143513719767461	0.483392393055984	-0.541915437514046	-0.343374033620271
c.37.1.8	-1.8948887039953	3.61963074586306	-1.78638709041632	1.31875880325306	-0.354309580105056	0.299235787844104	0.398501504283866	-0.518592725589628	0.557483254662636	-0.289245490576629
c.37.1.8	-1.86392773254834	2.31507780918618	-0.671045900762408	0.596828520817167	-0.449402869832211	0.374948664576483	0.17040329978551	-0.10237041487869	0.219318255129217	-0.154618710732629
c.37.1.8	-1.42470270462124	3.58807884985724	-1.70237547676534	1.82560914173751	0.088158093619358	0.0543475582791745	0.0787945780442043	-0.825246180910591	0.781229235169508	-0.726670330070326
c.37.1.8	-2.58845570298514	3.11601291160722	-1.58030838852455	0.995497365330686	-0.510293453317706	0.632921676799495	0.434388302342512	-0.374898846139166	0.0202430973057093	-0.366557850907919
c.37.1.8	-3.27900161866506	3.04828518423849	-1.87405047489817	0.853233116752622	-0.197893437847225	0.462338964856676	0.647459900729674	-0.226791704740384	0.547986710747474	-0.266913065189639
c.37.1.8	-2.34174879823552	2.77709557017659	-1.51712694295067	0.949921523722577	-0.455564886658985	0.264850311446488	-0.447488585824579	0.0636937252048766	1.13022346690355	-0.236566951127321
c.37.1.8	-2.38935648525147	2.83207307880639	-1.36695853291594	0.449879988911229	-0.76318046483396	0.628763274111025	0.0455144028987743	-0.264728213896489	0.16327057653213	-0.415592104134795
c.37.1.8	-2.93136773477426	2.32370013839685	-1.66631592170045	1.01744879148917	-0.0152407419109731	0.476771031735649	0.241091869144346	-0.243700383073372	0.586203769157382	0.0333126229216328
c.37.1.8	-2.41112603740945	2.77068830332106	-1.94718697245478	0.674295856303388	-0.557407817329614	0.724388677968519	0.298713323188142	-0.410399455956071	0.00460915900478683	-0.260743682875024
c.37.1.8	-2.03302759500477	-2.03172650861017	-0.812417849874381	2.28877220947195	3.09077575158939e-05	-0.693875405084455	0.638404800617535	0.82834212317812	-0.8314147357122	0.547690705382178
c.37.1.8	-2.12920244354216	-2.00588319221122	-1.02431368571554	2.19530102783018	0.0239289267492203	-0.629447738108341	0.67282753162576	0.847193557767402	-0.839162438038524	0.624942491288646
c.37.1.8	-1.72456036903009	2.93203308158445	-0.669640392172805	0.683367659759395	-0.739940732666771	0.491395055892764	0.195423479253297	-0.112463176173638	-0.763118783998041	-0.760416038015978
c.37.1.8	-2.50406847409701	1.84052410983438	0.791228806466586	0.592250519029953	0.120220523980466	0.115536509851735	-0.804883597590915	0.414591528748392	-0.856816166012475	0.0589164602401769
c.37.1.8	-2.26402660780795	2.54307443875249	-1.06415866119945	0.0370515488188831	-0.288218333249526	0.313135429820362	0.30248939875153	-0.155647186172555	-1.20947181397476	0.0483537449451288
c.37.1.8	-2.03944255352931	3.26755452976157	-0.6693133841125	0.572238156015069	-0.346409826197871	0.545624471201948	0.845072710288583	0.21583563288639	-0.514727939772046	-0.244908079249087
c.37.1.8	-3.31275326802468	2.1252648079428	-1.27830340238287	0.624672027672339	-0.195518226200564	0.613213898143867	0.145910332582006	0.115673422748223	0.495713337982047	0.0563813672007124
c.37.1.8	-1.56516382672464	0.325991983346006	-0.735956359981671	-1.80410939124459	0.47326738269579	1.29507001799441	-0.971493937509806	-1.61299839353372	-0.790513998145007	-0.368389014491459
c.37.1.8	-2.75217499077169	2.11907834510314	-1.3113785107761	0.616656086452478	-0.37715260452281	0.444092983028555	-0.22294745792377	-0.0133134219827188	0.58593187395035	-0.204989250837691
c.37.1.8	-3.00478360463159	1.67475917031416	-1.29047162739144	0.53553128088114	-0.377089229466151	0.782119322867595	-0.470860767427189	-0.416416487951165	1.0796832332925	-0.313758405115768
c.37.1.8	-2.62073930434249	2.55021939896751	0.404010294727474	0.147828692830533	0.000748593926173741	0.19405687058313	-0.0454812959043936	0.061759677859506	-1.22984962516971	-0.147424730144192
c.37.1.8	-2.91670607972146	1.31986197690425	-1.18001463271672	0.102734667231304	-0.864177718297622	0.714207932748061	0.103913961837934	-0.745331963864313	0.185844029924158	-0.0397671153569197
c.37.1.8	-2.9805257392493	1.18812183385689	0.346619432880412	-1.53064808158753	0.587744476348967	0.105919743008771	-0.412256602698508	-0.00618510253082548	-0.0888192588327981	0.664102661885561
c.37.1.8	-2.79041175944	2.55128148787857	-1.606117423875	0.858206596385158	-0.503548948525171	0.470846530375822	0.149775778125956	-0.21073715970442	0.460338099073736	-0.16373480570258
c.37.1.8	-2.86171365509536	2.18513537989761	-1.66902770697082	0.817109584781747	-0.394791197324253	0.566840463165179	0.233321902518236	0.135139854792721	0.482016310144888	-0.152872396385208
c.37.1.8	-2.37229975950859	1.58297918080015	0.203342620329536	-0.811531401987723	-0.0720426445179997	-0.580422262393584	-1.29117469240894	0.561866648059901	1.00122549516202	0.336802259790441
c.37.1.8	-0.923317694762052	0.621408767919638	1.65484490182952	0.633473416091954	-1.1612287392325	0.274859710235755	0.592957757468089	0.539797395064585	-0.280379991788711	0.586611048699044
c.37.1.8	-3.33605839084149	1.65214079766561	-0.408273140292044	0.365629510797451	-0.565100938924821	0.704297075561438	-0.301326486607113	-0.410065931100052	0.85278587599093	-0.242946992064813
c.37.1.8	-2.92456434364367	0.872023787995595	-0.278381955242363	-0.928601364470281	0.814129349886485	-0.414527610338118	0.979190426655752	-0.0917564332431092	-0.378830043594687	0.803474199078128
c.37.1.8	-1.82122694258222	3.13230963277193	-2.11975661394646	1.88392029504872	0.394009328861534	0.304830131612245	0.503322996781064	-0.439759824996896	1.19104524714836	-0.248517641651756
c.37.1.8	-2.7288230712661	2.48076411616504	-1.57055007241049	0.445205809025026	-0.492832566020842	0.571173190728777	0.0162023004069593	0.0521069586610181	0.62817264792076	-0.0215745026189178
c.37.1.8	-2.43810422527246	2.63167651330175	-1.74483787001296	0.884615264889783	-0.783251057375099	0.468981082741706	0.254169707345006	-0.263810831544152	0.358596793152246	-0.461917440468297
c.37.1.8	-2.46869285374993	-1.71828654761106	0.965103689213342	1.48789896079296	-0.699342392383662	-0.23779915316229	-0.714025863572985	0.903443213966337	-0.454909106788075	0.347513277685787
c.37.1.8	-3.00179507965327	2.48426842773169	-1.74500754699441	0.513006370738584	-0.726619913587656	0.434095853909494	0.404396614986587	-0.182326127665107	0.387482885200376	-0.204121117440789
c.37.1.8	-2.26225200604971	3.16678651918772	-1.59360245912088	0.834336158419385	-0.633439367780386	0.273609364173752	0.139881659270919	0.00517930818166783	0.568630008414513	-0.458624578555111
c.37.1.8	-1.6339025600424	1.98384480354663	-1.73351064535727	1.19481700777154	1.06810898578976	-0.379590486836132	-0.681802755772179	0.0721646572484908	0.737102724788927	-0.605196758690853
c.37.1.8	-2.28754427875358	2.32606178350418	-0.966660153800647	0.487819356936944	-0.678196097987434	0.448240477953244	-0.0885336729377193	0.0918197640230234	0.425901143039466	0.187364883270617
c.37.1.8	-3.01684571422639	2.88375165718829	-1.63314312326424	0.23717579286589	-0.679995583997192	0.616393473896256	-0.27758650733169	0.0618952874643221	0.773132647272039	-0.00870583080607344
c.37.1.8	-2.55093004746466	2.60283065017746	-2.24345444813846	1.19502875264691	-0.765260625921121	1.27129319725329	0.0259323378213304	-0.674432998913578	-0.384190690081793	-0.212965885215475
c.37.1.8	-3.40191927064797	1.85360811069486	-0.234919500184244	0.537856698766205	-0.23302813744511	0.722316612219004	-0.379948992416205	0.0057825480518357	0.683015454624596	-0.0868480593736077
c.37.1.8	-2.82412196063048	2.16074460925426	-0.337323150698518	0.224261611643336	-0.0507501372839	0.459606771394277	-1.26385791095224	0.108412109996841	0.833480270000822	-0.339908166741747
c.37.1.8	-2.54973068587919	3.81855221990397	-3.06679541472897	0.452033848625387	-0.610945159591151	0.561728815437382	-0.207161732350484	-0.346371240582438	0.691179747691184	-0.628851000815629
c.37.1.8	-2.21859382588319	2.6890029882167	-1.71826080912139	1.34182500891068	-0.114798472755826	0.440821321334675	0.168055699967449	-0.0923830348002419	1.64792760004347	-0.0504923741552149
c.37.1.8	-0.683121900899885	4.82965246316228	-1.15952686893668	-0.23244821279192	-0.415215021867525	0.152599277737508	0.0679301024058469	0.712937946464247	-1.21986911750198	0.149508360098415
c.37.1.8	-2.9880218841518	3.02391889112316	0.372743314184516	-0.291892757380093	-0.416572770355248	0.714428569201672	-1.01898497414408	1.02696961454172	0.675904989011255	0.226861473378002
c.37.1.8	-3.69822845252274	2.01425016624559	-2.45254968794546	-0.974013658307606	-0.54265785855692	0.129587434099317	-0.0531770665102469	0.224052073606326	1.70465379955959	0.491351016128243
c.37.1.8	-1.63719635181961	3.95331904601292	-0.454100268443661	0.299533814756059	-0.801859817776678	0.651457199233195	0.724871246882255	-0.710637418546192	-0.249389655460869	-0.810224807555508
c.37.1.8	-1.60063801558687	3.60613888206405	-0.908306289483093	0.506991717677653	-0.571199533505373	0.344730626161047	0.483749800706767	0.192862120014753	0.0263721662243546	-0.591957980420395
c.37.1.8	-2.40453591530108	2.98541393513851	-1.88308681715714	1.0266656358373	-0.605803256661042	0.379213673471086	0.429847861683555	-0.313882775537703	0.409530797801867	-0.295013619158714
