d.104	3753	1224	1292	1457
d.104	3799	1210	1245	1533
d.104	3270	1051	1075	1302
d.104	3644	1196	1276	1434
d.104	3973	1315	1364	1623
d.104	3913	1176	1218	1576
d.104	1862	574	545	747
d.104	1552	360	401	722
d.104	1378	401	384	635
d.104	4130	1262	1344	1664
d.104	1631	376	407	750
d.104	1236	333	334	558
d.104	2643	837	825	1021
d.104	1895	569	594	805
d.104	3935	1243	1279	1592
d.104	1472	315	383	696
d.104	1343	360	382	604
d.104	3430	1135	1150	1372
d.104	3012	941	861	1235
d.104	2860	962	943	1110
d.104	3401	1017	1054	1386
d.104	3435	1034	951	1386
d.104	3075	961	919	1237
d.104	3026	937	985	1245
d.104	2936	993	931	1146
d.104	2829	897	913	1114
d.104	3325	1019	1031	1327
d.104	3155	1035	1072	1278
d.104	3090	983	1029	1325
d.104	3244	1093	1078	1290
d.104	3232	1087	1051	1212
d.104	2563	881	933	1055
d.104	2408	834	871	933
d.104	3623	1170	1088	1486
d.104	2345	806	883	1000
d.104	2568	924	924	1058
d.104	3519	1014	1066	1414
d.104	2725	970	1013	1161
d.104	1918	617	617	760
d.104	2793	859	801	1085
d.104	1849	573	580	758
d.104	3045	1050	1039	1233
d.104	2999	1005	1087	1262
d.104	2043	693	655	815
d.108	1338	351	367	573
d.108	3321	1052	948	1338
d.108	1678	601	588	702
d.108	1613	476	486	656
d.108	2961	997	887	1212
d.108	1879	579	557	771
d.108	1472	453	385	613
d.108	2393	932	859	980
d.108	1599	485	473	641
d.108	2082	735	741	837
d.108	1257	350	339	526
d.108	1663	584	576	694
d.108	1989	723	672	852
d.108	1590	468	478	624
d.108	735	159	146	338
d.108	1841	653	647	748
d.108	1554	579	473	677
d.108	1842	635	565	764
d.108	1513	455	450	630
d.108	1748	508	489	751
d.108	1699	494	492	685
d.108	1555	370	384	665
d.108	2973	954	936	1220
d.108	1501	526	427	609
d.108	1429	414	423	584
d.108	1688	527	524	700
d.108	1999	701	735	793
d.108	1588	530	540	638
d.108	1032	264	267	416
d.108	1424	416	385	617
d.108	1607	525	462	681
d.108	3360	1096	1089	1337
d.108	1805	573	504	767
d.108	2086	643	633	855
d.108	1498	329	318	647
d.108	1596	475	446	641
d.108	1467	390	359	630
d.108	1738	572	503	702
d.108	1504	500	450	643
d.108	1251	397	353	520
d.108	1458	537	439	646
d.108	1110	350	269	520
d.108	1744	566	555	693
d.108	2143	689	658	845
d.108	3446	1314	1326	1426
d.108	1672	572	487	699
d.108	2005	621	563	834
d.108	1409	483	417	609
d.108	1676	534	510	690
d.108	1066	334	271	414
d.108	1352	360	334	557
d.108	1722	561	546	694
d.108	788	206	187	306
d.108	1358	449	384	595
d.108	1274	348	343	538
d.108	2285	664	627	965
d.108	1108	300	309	462
d.108	2465	1014	904	1014
d.108	1804	582	551	757
d.108	1254	349	327	492
d.108	1447	366	401	642
d.108	1935	635	539	792
d.108	1337	338	332	606
d.108	1666	535	487	690
d.108	1703	582	501	737
d.108	1259	326	271	550
d.108	1931	606	590	785
d.108	1077	317	249	510
d.108	1703	477	448	721
d.108	1689	522	482	686
d.108	2933	984	914	1168
d.108	1269	322	333	522
d.108	1703	438	418	723
d.108	2909	973	984	1203
d.108	3064	997	1006	1262
d.108	1500	529	473	590
d.108	2981	1115	1130	1234
d.108	3026	979	970	1223
d.108	1260	301	304	565
d.110	1294	402	395	525
d.110	1006	339	314	415
d.110	1154	344	335	479
d.110	1404	445	443	569
d.110	1160	317	335	539
d.110	1902	632	713	779
d.110	1280	410	374	530
d.110	1641	516	547	745
d.110	1317	453	397	569
d.110	1460	499	544	600
d.110	1404	374	423	606
d.110	852	280	243	388
d.110	923	326	324	381
d.110	1998	563	559	877
d.110	1530	444	494	642
d.110	1804	578	625	760
d.110	958	362	333	403
d.110	904	306	282	420
d.110	1381	413	349	563
d.110	1316	515	483	553
d.110	929	283	299	395
d.110	1335	494	443	558
d.110	1052	334	364	457
d.110	1066	369	325	456
d.110	2530	837	777	1045
d.110	2174	703	705	920
d.110	920	330	283	444
d.110	1717	603	659	745
d.110	856	282	283	372
d.110	1270	396	442	526
d.110	1485	512	556	656
d.110	1175	366	358	491
d.110	1499	442	529	621
d.110	944	364	359	423
d.110	1079	344	308	467
d.110	926	335	357	410
d.110	2190	696	768	935
d.110	931	326	315	401
d.110	1232	296	371	545
d.110	1960	670	617	835
d.110	1907	539	593	815
d.110	991	330	296	431
d.110	1900	547	565	815
d.110	890	286	297	374
d.110	1937	572	556	866
d.110	1517	552	450	622
d.110	1882	564	597	811
d.110	1777	602	526	794
d.110	793	209	216	344
d.110	1437	502	498	636
d.110	1799	533	576	761
d.110	1484	489	397	651
d.110	763	278	250	307
d.110	1133	310	310	495
d.110	1430	504	486	593
d.113	1669	604	567	731
d.113	1442	592	617	632
d.113	1243	464	557	517
d.113	1563	675	592	692
d.113	1318	475	414	595
d.113	1233	534	446	584
d.113	1661	615	569	720
d.113	1613	641	559	620
d.113	1029	465	357	475
d.113	2928	1236	1140	1238
d.113	859	398	313	397
d.113	874	377	319	400
d.113	1486	634	626	678
d.113	1346	532	516	593
d.113	1871	622	580	766
d.113	1237	460	446	550
d.113	1079	557	442	517
d.113	1527	566	524	659
d.113	1579	613	538	709
d.113	1200	510	468	549
d.113	1087	465	384	464
d.113	1486	606	546	633
d.113	1273	533	454	561
d.113	1388	608	527	617
d.113	1408	590	550	611
d.113	1349	592	525	607
d.113	1543	630	693	665
d.113	1836	674	638	793
d.113	1261	582	486	586
d.113	1415	654	667	651
d.129	1154	423	389	504
d.129	2255	705	632	870
d.129	1306	460	420	567
d.129	1468	461	382	632
d.129	1139	411	363	493
d.129	1473	450	391	618
d.129	1199	446	372	546
d.129	1467	509	401	621
d.129	1438	459	401	603
d.129	1253	360	329	583
d.129	799	266	241	330
d.129	1972	647	518	723
d.129	2545	925	744	1119
d.129	1155	359	451	540
d.129	1200	444	400	525
d.129	1959	643	569	810
d.129	1159	425	377	516
d.129	765	252	209	325
d.129	1186	447	390	527
d.129	1139	416	361	511
d.129	3528	1196	1017	1414
d.129	1373	402	372	605
d.129	1123	344	264	489
d.129	961	179	135	459
d.129	1244	377	307	525
d.129	795	215	217	306
d.129	3006	1052	951	1226
d.129	847	231	208	347
d.129	707	220	176	301
d.129	2989	1009	913	1178
d.129	1414	503	432	559
d.129	1462	515	417	565
d.129	1515	497	424	641
d.129	1215	363	338	465
d.129	1193	411	345	499
d.129	1561	493	444	660
d.129	1644	585	472	691
d.129	1167	432	394	511
d.129	1126	429	383	497
d.129	2824	967	816	1092
d.129	1334	437	392	539
d.129	1613	577	567	678
d.129	2925	1054	957	1257
d.129	3155	1107	996	1282
d.129	1246	376	296	523
d.129	3580	1302	1147	1445
d.129	1411	472	396	594
d.129	2502	830	653	965
d.129	1337	419	374	549
d.129	1704	477	544	724
d.129	1138	433	353	512
d.129	1706	598	497	734
d.129	1626	596	436	648
d.129	1810	585	505	746
d.129	1166	451	374	520
d.129	1166	444	383	524
d.129	1178	458	383	530
d.129	1216	461	410	546
d.129	1147	426	380	509
d.129	1193	446	377	531
d.129	1337	429	361	551
d.129	1386	398	337	576
d.129	1766	584	469	676
d.129	1051	352	354	410
d.129	1088	393	318	463
d.129	1132	341	307	499
d.129	990	276	259	434
d.129	1582	508	418	647
d.129	1399	537	477	595
d.129	1447	490	443	589
d.129	1346	473	459	598
d.14	1198	474	347	535
d.14	1019	354	301	456
d.14	1165	395	326	496
d.14	1223	433	331	526
d.14	1282	477	416	550
d.14	1977	605	583	874
d.14	1860	708	639	775
d.14	1243	433	390	549
d.14	1752	623	585	693
d.14	1174	454	336	527
d.14	2500	822	812	1036
d.14	1972	685	617	829
d.14	1797	553	475	765
d.14	1850	668	613	779
d.14	1971	636	618	839
d.14	1487	488	432	628
d.14	1817	754	621	801
d.14	1112	399	305	499
d.14	1576	554	485	678
d.14	1122	384	292	498
d.14	2229	729	724	945
d.14	1418	527	477	624
d.14	1415	463	401	608
d.14	1934	709	645	819
d.14	1852	569	529	773
d.14	1633	505	464	638
d.14	1338	448	387	600
d.14	1533	531	496	657
d.14	2527	844	809	1049
d.14	1211	455	427	550
d.14	2084	718	645	843
d.14	1920	724	596	790
d.14	1687	582	448	715
d.142	2506	984	927	1041
d.142	2804	992	1049	1178
d.142	2424	746	810	1011
d.142	1798	574	622	766
d.142	3232	1012	1036	1354
d.142	2292	844	822	911
d.142	3191	1008	1131	1303
d.142	1891	617	621	806
d.142	2255	748	726	955
d.142	2551	993	913	1100
d.142	1930	751	764	822
d.142	1796	589	675	772
d.142	1885	611	640	805
d.142	2009	680	691	826
d.142	1929	660	673	804
d.142	4613	1434	1482	1901
d.142	2151	763	800	892
d.142	1196	369	329	571
d.142	1863	341	367	881
d.142	2326	827	809	937
d.142	1946	652	704	843
d.142	2498	891	966	1022
d.142	3386	1135	1163	1471
d.142	1472	509	511	663
d.142	2100	698	774	895
d.142	3247	1050	1169	1337
d.142	4362	1385	1375	1851
d.142	2164	780	765	909
d.142	2675	927	1023	1133
d.142	2092	786	788	897
d.142	2762	977	1052	1118
d.142	1261	408	386	586
d.142	1749	311	350	834
d.142	1507	336	335	696
d.142	903	324	344	404
d.142	2693	1039	970	1159
d.142	1718	549	672	711
d.142	1870	717	710	765
d.142	2251	717	799	972
d.142	2290	710	825	956
d.142	1914	693	752	800
d.14	1156	368	304	486
d.14	1374	424	348	596
d.14	1094	504	370	486
d.14	1301	511	437	563
d.14	1111	507	397	492
d.14	1272	417	404	550
d.14	1010	463	426	452
d.14	1652	573	502	708
d.14	1586	520	446	671
d.14	1316	474	403	550
d.14	1357	435	330	664
d.14	1111	363	292	534
d.14	1386	469	363	610
d.14	955	364	265	455
d.14	1348	401	333	569
d.14	1018	367	270	452
d.14	127	1	1	0
d.144	3053	1175	1063	1320
d.144	3154	1043	974	1301
d.144	2688	893	828	1104
d.144	3673	1148	1053	1497
d.144	3171	1045	1069	1249
d.144	3619	1301	1174	1446
d.144	3248	1098	1108	1317
d.144	4080	1128	1180	1666
d.144	3208	1170	1008	1334
d.144	2920	1040	907	1171
d.144	3119	1085	1054	1235
d.144	3373	1276	1189	1397
d.144	3366	1161	1126	1354
d.144	2816	884	889	1116
d.144	3718	1270	1212	1463
d.144	2889	1012	993	1213
d.144	3142	1149	1098	1252
d.144	3852	1394	1272	1550
d.144	3158	1081	978	1304
d.144	2790	969	923	1133
d.144	2999	987	947	1234
d.144	3513	1248	1148	1437
d.144	3783	1417	1363	1455
d.144	3150	1055	994	1306
d.144	3967	1423	1303	1584
d.144	2935	1035	924	1227
d.144	2933	1033	966	1212
d.144	2989	1013	940	1244
d.144	2766	985	901	1182
d.144	4648	1451	1385	1885
d.144	3042	1072	964	1229
d.144	3709	1437	1382	1471
d.144	2623	935	862	1113
d.144	2949	1000	952	1196
d.144	3088	1050	986	1213
d.144	3661	1215	1207	1458
d.144	3247	1161	1044	1338
d.144	3239	1161	1047	1322
d.144	3358	1100	1102	1381
d.144	3161	1119	1051	1335
d.144	3941	1514	1382	1647
d.144	4290	1467	1428	1679
d.144	3208	1126	1044	1316
d.144	3070	1054	995	1264
d.144	3388	1117	1098	1391
d.144	4054	1442	1469	1611
d.144	3447	1319	1158	1401
d.144	3224	1127	962	1303
d.144	2972	980	901	1214
d.144	2774	946	869	1141
d.144	3580	1328	1196	1493
d.144	3845	1494	1445	1541
d.144	2867	972	887	1143
d.144	3218	1149	1023	1274
d.144	3597	1308	1157	1471
d.144	3114	1104	1041	1267
d.144	3253	1142	1106	1296
d.144	3248	1093	1131	1306
d.144	2878	974	885	1134
d.144	3508	1238	1251	1408
d.144	3535	1237	1151	1367
d.144	3093	1066	966	1277
d.144	3249	1163	1119	1312
d.144	3106	1003	962	1283
d.144	3197	1206	1148	1301
d.144	3238	1122	1082	1330
d.144	2970	1008	953	1233
d.144	3056	1023	898	1282
d.144	3728	1209	1081	1510
d.144	3744	1309	1218	1521
d.144	3370	1182	1055	1381
d.144	3006	1043	913	1231
d.144	2892	1021	916	1206
d.144	2598	879	796	1119
d.144	2952	1020	936	1252
d.144	3802	1241	1238	1523
d.144	3209	1116	1089	1323
d.144	5028	1589	1480	2020
d.144	2903	1072	973	1188
d.144	3821	1350	1266	1539
d.144	3265	1122	1067	1288
d.144	3971	1491	1384	1555
d.144	3332	1101	1078	1351
d.144	3142	1025	984	1268
d.15	849	320	364	401
d.15	764	324	362	373
d.15	922	380	419	403
d.15	479	94	125	197
d.15	1128	563	580	540
d.15	919	354	332	410
d.15	860	364	394	429
d.15	947	386	423	416
d.15	1285	335	341	618
d.15	895	379	429	417
d.15	937	410	391	401
d.15	1060	419	425	498
d.15	814	329	325	368
d.15	928	380	359	386
d.15	872	342	385	383
d.15	921	388	432	410
d.15	597	179	229	261
d.15	831	329	390	369
d.15	887	424	401	420
d.15	734	276	315	334
d.15	748	244	343	368
d.15	827	339	397	387
d.15	807	319	366	340
d.15	742	327	376	353
d.15	807	292	361	377
d.15	987	496	458	474
d.15	730	251	314	338
d.15	857	358	349	375
d.15	715	288	345	325
d.15	796	345	378	378
d.15	767	241	281	350
d.15	714	257	354	316
d.15	718	194	220	299
d.15	773	250	306	352
d.15	528	202	228	232
d.15	571	183	231	266
d.15	812	281	276	317
d.15	638	201	246	273
d.15	738	270	325	316
d.15	856	323	360	399
d.15	750	321	319	339
d.15	985	419	456	453
d.15	853	357	356	409
d.15	844	343	367	372
d.15	866	371	428	393
d.15	932	371	425	410
d.15	707	232	264	322
d.15	715	227	248	331
d.15	793	250	293	392
d.15	784	322	333	378
d.15	788	322	363	367
d.15	1039	397	390	496
d.153	1563	424	402	663
d.153	2035	430	439	988
d.153	2123	808	884	851
d.153	1792	610	707	784
d.153	4227	1460	1550	1693
d.153	2810	1091	1157	1121
d.153	1770	621	713	769
d.153	2050	415	423	970
d.153	2488	888	1059	977
d.153	2181	642	768	827
d.153	2196	649	758	865
d.153	2511	724	760	1017
d.153	2178	642	668	888
d.153	2330	626	676	974
d.153	1994	473	531	834
d.153	2252	706	725	910
d.153	2483	804	812	979
d.153	2652	780	887	1054
d.153	2098	650	752	835
d.153	2137	667	795	856
d.153	2118	680	793	823
d.153	1964	605	664	765
d.153	2179	698	791	881
d.153	2567	802	820	1033
d.153	1783	698	638	662
d.153	1507	416	350	668
d.153	8598	3079	3304	3254
d.153	1843	594	705	763
d.153	4699	1803	1747	1887
d.153	1779	412	437	792
d.153	3634	1273	1367	1411
d.153	1856	700	646	773
d.153	2218	698	748	898
d.153	2174	658	739	919
d.153	2292	681	818	853
d.153	2473	731	859	983
d.153	2470	711	776	1020
d.153	2530	834	837	1014
d.153	2464	760	790	975
d.153	2375	731	783	938
d.153	2473	773	762	969
d.153	2438	836	849	981
d.153	2714	808	921	1078
d.153	2204	723	817	866
d.153	2183	685	765	847
d.153	2261	698	831	895
d.153	2094	650	780	838
d.153	2328	751	865	938
d.153	2361	1016	993	947
d.153	2573	936	1012	1001
d.153	2284	735	748	927
d.153	2216	710	802	882
d.153	3733	1039	1060	1590
d.153	6298	2341	2407	2425
d.153	1405	381	340	609
d.153	6604	2573	2697	2555
d.153	2468	859	815	994
d.153	2686	954	1042	1021
d.153	6663	2517	2523	2584
d.153	3734	1091	1068	1592
d.153	2107	761	836	802
d.153	3361	1283	1293	1234
d.153	1911	624	719	787
d.15	1097	388	426	494
d.15	1125	397	470	530
d.15	897	333	361	370
d.15	845	373	357	392
d.157	2519	884	851	988
d.157	3065	1110	1068	1262
d.157	2357	755	743	922
d.157	3225	1090	1047	1257
d.157	2581	940	897	990
d.157	2409	828	821	939
d.157	2451	877	840	965
d.157	3194	1105	1069	1255
d.157	3086	965	995	1190
d.157	1828	714	697	705
d.157	3148	1134	1000	1211
d.157	3510	1244	1308	1335
d.157	2727	891	902	1026
d.157	3231	1080	1092	1271
d.157	3117	1032	1109	1220
d.157	3090	1124	1088	1216
d.157	2799	999	903	1093
d.157	2804	1115	1093	1120
d.157	2320	829	772	922
d.157	3119	1110	1006	1172
d.157	1510	483	520	627
d.157	3644	1303	1380	1387
d.157	3150	1110	1114	1293
d.157	6685	2475	2248	2645
d.157	4915	1729	1793	1912
d.157	3002	1048	984	1208
d.157	3320	1199	1125	1344
d.157	3229	1110	1047	1252
d.157	4724	1661	1820	1840
d.157	4231	1378	1469	1636
d.157	2210	755	734	834
d.157	3721	1239	1189	1476
d.157	3410	1178	1147	1367
d.157	2503	918	889	1012
d.159	4619	1737	1669	1937
d.159	2279	841	848	978
d.159	3780	1432	1498	1498
d.159	3685	1318	1348	1460
d.159	3605	1422	1298	1401
d.159	2926	1020	1045	1159
d.159	3553	1311	1367	1345
d.159	1713	601	678	716
d.159	4004	1519	1478	1618
d.159	1763	579	695	663
d.159	2831	1039	1096	1132
d.159	2922	1054	1146	1142
d.159	2568	927	927	991
d.159	3741	1395	1475	1450
d.159	3929	1558	1464	1585
d.159	2092	733	802	824
d.159	3493	1281	1414	1329
d.159	1693	623	656	667
d.159	2002	744	779	767
d.159	1746	613	677	722
d.159	2464	806	931	986
d.159	3872	1426	1397	1504
d.159	3542	1286	1413	1357
d.159	2981	1119	1114	1228
d.159	2772	1026	1108	1119
d.159	3290	1237	1321	1297
d.159	3518	1361	1316	1430
d.159	4052	1628	1559	1616
d.159	1941	755	751	709
d.159	2855	1059	1047	1145
d.159	3769	1318	1374	1487
d.162	1705	422	425	765
d.162	1722	448	518	733
d.162	1945	542	604	819
d.162	1847	448	497	831
d.162	1664	434	457	746
d.162	1633	406	431	756
d.162	1559	409	431	672
d.162	1509	350	415	668
d.162	1771	445	519	789
d.162	1695	407	470	715
d.162	1772	445	505	775
d.162	1437	364	418	545
d.162	1695	440	401	754
d.162	1776	424	425	768
d.162	1678	395	424	728
d.162	3335	878	840	1447
d.162	1765	407	494	795
d.162	2411	552	587	1104
d.162	1683	435	451	753
d.162	2833	766	825	1217
d.162	2562	642	699	1178
d.162	1726	445	451	780
d.162	2856	778	706	1278
d.162	1520	372	438	676
d.162	1852	481	538	811
d.162	1597	372	358	711
d.162	1620	381	396	682
d.162	1728	446	495	762
d.162	1880	488	580	790
d.162	1748	414	501	737
d.163	2099	595	544	830
d.163	2166	508	506	958
d.163	2246	544	496	975
d.163	2513	603	558	1117
d.163	2015	620	670	800
d.163	1806	484	489	753
d.163	2242	604	636	942
d.163	2234	611	660	938
d.163	2303	562	577	1027
d.163	2321	640	679	976
d.163	2918	791	790	1158
d.163	2094	482	505	942
d.163	2155	590	643	897
d.163	2033	488	481	850
d.163	3196	957	943	1253
d.163	1779	364	394	776
d.163	2164	582	606	882
d.163	3067	871	866	1196
d.163	3027	771	912	1285
d.163	2179	560	638	899
d.163	2130	579	620	869
d.163	2215	598	621	910
d.163	2129	526	493	951
d.163	1920	481	512	819
d.163	2307	583	563	969
d.163	2094	462	482	910
d.163	2282	610	635	919
d.163	2216	594	638	950
d.163	3001	739	878	1271
d.163	1798	468	555	697
d.163	2207	592	653	918
d.163	2129	559	611	865
d.163	2223	629	637	922
d.163	1854	455	503	797
d.169	1008	381	411	407
d.169	1824	824	794	774
d.169	1092	432	505	482
d.169	1266	522	563	582
d.169	1075	386	413	430
d.169	1035	385	395	434
d.169	1258	569	553	561
d.169	1700	766	713	725
d.169	1127	512	519	509
d.169	1070	394	439	470
d.169	1074	445	468	477
d.169	1147	471	436	503
d.169	1045	410	455	460
d.169	1232	500	519	523
d.169	1147	518	478	490
d.169	1237	528	548	532
d.169	1012	515	479	466
d.169	1182	490	510	469
d.169	1242	545	514	542
d.169	1099	528	471	503
d.169	1117	437	420	491
d.169	1147	463	501	496
d.169	997	408	389	462
d.169	981	369	393	439
d.169	1409	669	648	633
d.169	1068	514	475	465
d.169	1812	807	742	785
d.169	1050	456	498	480
d.169	990	358	359	434
d.169	1041	371	422	442
d.169	1159	493	481	514
d.169	1272	529	528	565
d.169	1178	530	493	527
d.169	1014	462	448	451
d.169	965	356	447	421
d.169	1176	462	505	502
d.169	966	374	383	425
d.169	1308	573	559	587
d.169	1419	637	637	649
d.169	1606	574	617	769
d.169	604	409	327	334
d.169	613	406	316	310
d.169	629	393	329	328
d.169	636	409	316	303
d.169	1049	378	402	413
d.169	1264	614	570	557
d.169	1321	546	561	575
d.169	1134	454	419	507
d.169	1081	443	458	465
d.169	1439	572	624	610
d.169	1312	583	551	564
d.169	1202	527	468	543
d.169	1103	417	418	462
d.169	1132	449	451	440
d.169	1437	622	621	602
d.169	1091	453	418	491
d.169	1085	427	443	460
d.169	1303	598	588	591
d.169	2860	1236	1302	1146
d.169	1182	455	492	495
d.169	2118	976	933	842
d.169	2963	1219	1398	1160
d.169	784	283	300	322
d.169	128	1	1	0
d.169	1023	438	461	453
d.169	1161	496	490	512
d.169	1147	384	468	455
d.17	934	235	267	352
d.17	785	180	196	312
d.17	1120	392	364	470
d.17	1163	360	370	469
d.17	1324	427	372	568
d.17	1549	481	478	675
d.17	1565	521	483	611
d.17	1343	397	388	564
d.17	1637	549	482	679
d.17	923	225	246	362
d.17	825	230	216	327
d.17	1477	488	418	592
d.17	1836	533	546	739
d.17	991	233	279	373
d.17	1447	464	489	568
d.17	1160	355	317	491
d.17	1265	407	423	539
d.17	1162	362	345	484
d.17	1474	489	458	597
d.17	615	130	127	298
d.17	1021	279	314	397
d.17	1494	446	448	605
d.17	1432	436	437	593
d.17	1149	355	334	499
d.17	1474	505	480	629
d.17	1696	559	547	676
d.17	1216	350	389	522
d.17	1074	252	311	407
d.17	1372	351	342	547
d.17	1010	248	268	393
d.17	1703	554	569	677
d.17	1569	540	577	633
d.17	1294	435	394	545
d.17	1130	345	394	480
d.17	1361	421	398	573
d.17	1549	491	507	624
d.17	1320	362	360	552
d.17	1929	557	578	791
d.17	1261	383	328	549
d.17	1171	285	318	451
d.17	1404	390	372	599
d.17	1680	514	462	692
d.17	1786	389	438	729
d.17	1143	338	365	479
d.17	1495	463	442	626
d.17	1885	477	497	768
d.17	1349	357	379	577
d.17	1465	366	409	639
d.17	1021	321	242	450
d.17	1053	323	320	463
d.17	1728	543	595	660
d.17	1281	385	405	535
d.17	1240	366	392	515
d.17	1282	453	417	524
d.17	1171	362	336	505
d.17	1196	369	378	489
d.17	1628	531	431	706
d.17	1351	480	421	562
d.17	1204	358	327	517
d.17	1166	370	376	512
d.17	1552	534	480	630
d.17	1145	392	333	512
d.17	1185	375	334	521
d.17	1381	464	454	591
d.17	1658	440	390	736
d.17	1334	462	379	560
d.17	1365	403	395	583
d.17	1333	400	435	564
d.17	1151	326	311	482
d.17	1503	482	517	634
d.17	1334	441	426	592
d.17	1499	495	484	639
d.17	1336	428	423	585
d.17	1341	404	417	550
d.17	1441	455	424	622
d.17	1422	465	484	592
d.17	1224	377	373	523
d.17	1115	332	368	483
d.20	1664	502	492	679
d.20	1290	369	342	487
d.20	1621	512	479	663
d.20	1496	439	403	613
d.20	1483	513	468	594
d.20	1563	483	427	634
d.20	1349	391	321	564
d.20	1588	513	435	652
d.20	1344	512	406	546
d.20	1512	438	413	630
d.20	1441	415	394	627
d.20	1206	263	254	479
d.20	1295	319	344	526
d.20	1712	553	520	703
d.20	1712	523	493	694
d.20	1646	545	518	657
d.20	1782	547	510	732
d.20	1735	539	498	705
d.20	1680	532	504	727
d.20	1530	492	442	643
d.20	1723	579	539	716
d.20	1589	485	460	659
d.20	1614	500	465	668
d.20	1697	502	470	700
d.20	1446	517	444	584
d.20	908	284	206	382
d.20	1556	464	474	652
d.20	1036	328	298	421
d.20	1574	519	457	654
d.20	1666	523	488	697
d.20	1377	316	347	542
d.20	1353	313	336	563
d.20	1227	324	272	491
d.20	1628	503	433	668
d.20	1621	459	473	654
d.20	1642	553	507	699
d.20	1172	379	358	460
d.20	1575	453	392	669
d.20	1670	523	523	696
d.20	1728	552	515	730
d.218	1754	535	541	755
d.218	1830	559	571	813
d.218	1924	544	618	807
d.218	2103	665	694	882
d.218	1500	472	499	634
d.218	2046	649	685	849
d.218	1144	337	329	520
d.218	1244	331	410	507
d.218	1267	397	407	522
d.218	1914	526	553	829
d.218	1924	501	535	856
d.218	1378	372	353	594
d.218	1992	648	690	832
d.218	3160	872	881	1343
d.218	1070	319	367	488
d.218	1988	639	681	839
d.218	2012	661	702	859
d.218	2827	951	863	1251
d.218	2309	544	602	992
d.218	1670	508	514	725
d.218	2207	620	644	974
d.218	1294	417	401	535
d.218	1989	515	509	835
d.218	1080	317	337	473
d.218	1083	322	354	440
d.218	2137	584	622	928
d.218	2017	650	655	861
d.218	1382	348	333	589
d.218	1888	570	616	797
d.218	1911	589	639	808
d.2	1889	533	547	776
d.2	1364	418	409	551
d.2	3279	935	929	1309
d.2	3083	1074	910	1229
d.2	1438	437	413	573
d.2	1351	441	398	583
d.2	2614	878	793	1101
d.2	1270	380	372	526
d.2	1373	437	384	541
d.2	1339	411	368	554
d.2	1356	388	387	562
d.2	1219	304	300	483
d.2	1501	431	430	618
d.2	2494	676	613	1092
d.2	1492	428	438	601
d.2	1485	446	457	576
d.2	3435	989	960	1388
d.2	2227	688	597	968
d.2	3843	1237	1157	1627
d.2	2073	555	538	907
d.2	2129	647	540	892
d.2	1841	566	461	812
d.2	1424	460	392	573
d.2	3099	1068	867	1213
d.2	1440	451	432	602
d.2	2804	803	705	1137
d.2	2157	535	534	901
d.2	2419	738	725	1040
d.2	1575	502	492	660
d.2	2247	662	574	935
d.2	2149	573	522	936
d.2	1655	506	500	685
d.2	1507	447	447	614
d.3	3365	1172	1277	1309
d.3	2452	964	1098	1026
d.3	3584	1297	1445	1431
d.3	1762	722	663	741
d.3	2968	1265	1336	1206
d.3	3265	1295	1211	1307
d.3	3024	1056	1104	1167
d.3	2539	962	1101	1018
d.3	2697	857	792	1077
d.3	3681	1293	1285	1436
d.3	2538	909	1107	1026
d.3	3683	1228	1223	1436
d.3	2369	942	1069	994
d.3	2984	1201	1311	1184
d.3	3841	1429	1349	1555
d.3	2401	920	1026	954
d.3	2622	998	1122	1035
d.3	1585	452	593	657
d.3	3440	1233	1154	1423
d.3	2293	864	975	928
d.3	3796	1328	1334	1487
d.3	2373	916	1072	980
d.3	3368	1396	1307	1372
d.3	2361	850	1050	897
d.3	1708	514	687	730
d.3	3540	1389	1478	1331
d.3	2552	792	777	1022
d.3	2261	859	1011	899
d.3	3224	1132	1251	1316
d.3	2448	999	1108	1020
d.3	1813	698	660	761
d.3	1650	582	620	661
d.3	2927	1019	986	1149
d.3	2517	945	1106	1002
d.3	2740	782	810	1135
d.3	2718	876	809	1081
d.3	2801	1046	1163	1082
d.3	2368	907	1025	966
d.3	2303	799	738	974
d.3	4140	1477	1550	1753
d.3	3141	1184	1100	1235
d.3	3262	1145	1125	1223
d.3	3599	990	961	1505
d.3	1667	624	596	714
d.3	3412	1284	1390	1408
d.3	3112	1148	1174	1194
d.3	2378	952	1101	1007
d.3	3646	1583	1464	1542
d.3	3111	1176	1176	1258
d.32	2041	704	669	852
d.32	1275	474	465	546
d.32	1011	398	351	435
d.32	1618	645	679	719
d.32	1374	546	536	564
d.32	1551	603	615	682
d.32	1376	535	516	565
d.32	1257	434	403	526
d.32	1880	700	634	808
d.32	1053	390	383	475
d.32	1142	443	424	495
d.32	1359	565	596	612
d.32	1341	558	593	594
d.32	1104	434	424	490
d.32	1230	440	469	519
d.32	1402	558	571	630
d.32	1166	467	368	495
d.32	1154	404	345	485
d.32	1536	567	485	681
d.32	1001	366	356	424
d.32	956	370	324	404
d.32	1945	624	610	819
d.32	1495	615	547	655
d.32	1745	597	623	777
d.32	1220	472	395	552
d.32	1156	431	377	526
d.32	1398	500	519	600
d.32	1993	656	672	840
d.32	1440	584	542	658
d.32	1907	658	622	819
d.32	953	337	303	423
d.32	1113	483	401	492
d.32	1537	567	581	676
d.32	1043	367	418	434
d.32	1038	439	403	457
d.32	982	387	371	450
d.32	1024	374	369	447
d.32	1207	485	436	526
d.32	1270	423	407	558
d.32	1231	443	395	536
d.32	948	349	341	409
d.32	855	321	286	366
d.32	982	371	344	428
d.32	1653	690	638	714
d.32	1390	541	521	571
d.3	2495	970	1082	1031
d.3	2496	982	1097	991
d.3	3188	1187	1187	1270
d.3	3004	1019	1072	1163
d.3	2264	898	913	977
d.3	5458	1918	1981	2279
d.3	2829	1139	1224	1122
d.3	1852	719	652	816
d.3	2304	738	729	936
d.3	1559	543	532	657
d.3	3296	987	951	1370
d.3	3510	1375	1361	1484
d.3	2609	993	1164	1072
d.3	2080	743	793	867
d.3	1948	651	680	821
d.3	1290	454	496	564
d.3	3672	1327	1418	1576
d.3	1777	735	745	741
d.3	2592	987	1164	1063
d.3	3612	1206	1384	1426
d.3	3401	1116	1127	1314
d.3	3500	1471	1363	1455
d.3	5460	1994	1965	2322
d.3	3472	1323	1447	1305
d.38	1535	603	515	604
d.38	1015	391	275	428
d.38	1226	420	393	505
d.38	1307	528	404	501
d.38	1341	483	437	571
d.38	1717	666	521	643
d.38	1228	433	402	491
d.38	1153	359	331	461
d.38	1176	481	466	524
d.38	1385	478	369	556
d.38	1297	429	388	563
d.38	1198	441	404	538
d.38	981	404	338	405
d.38	1212	421	382	473
d.38	1285	429	361	511
d.38	1521	469	431	609
d.38	1609	508	533	660
d.38	1420	457	412	537
d.38	1296	434	409	513
d.38	1200	414	328	492
d.38	1603	546	481	673
d.38	1056	370	328	436
d.38	1636	494	484	710
d.38	1376	551	466	586
d.38	1484	497	446	605
d.38	1263	429	364	529
d.38	1428	559	454	564
d.38	1245	389	409	468
d.38	1502	526	425	657
d.38	1305	511	404	557
d.38	1537	532	504	625
d.38	1310	507	421	580
d.38	1202	399	382	544
d.38	976	304	272	386
d.38	1230	429	385	515
d.38	1332	440	429	559
d.38	1306	462	399	524
d.38	1059	409	308	415
d.38	919	368	242	370
d.38	1243	417	308	518
d.38	942	327	275	376
d.38	1188	433	367	495
d.38	969	351	288	389
d.38	1135	391	340	462
d.38	1073	417	324	408
d.38	1404	530	485	550
d.38	1397	462	434	574
d.38	1375	478	437	547
d.38	1651	515	590	646
d.38	1406	549	494	597
d.38	1506	522	472	594
d.38	1291	425	418	525
d.38	1920	658	583	864
d.38	932	405	290	365
d.38	1438	579	472	601
d.38	1212	418	382	495
d.41	736	283	279	334
d.41	761	296	253	337
d.41	163	4	4	0
d.41	934	338	301	467
d.41	1251	447	351	551
d.41	1279	490	463	522
d.41	761	289	245	361
d.41	999	349	321	518
d.41	930	310	264	431
d.41	1106	318	316	529
d.41	999	294	247	508
d.41	796	285	249	375
d.41	1403	543	502	595
d.41	1040	374	344	507
d.41	945	323	281	449
d.41	759	325	274	370
d.41	1506	509	447	659
d.41	975	364	394	442
d.41	793	284	255	290
d.41	1472	454	355	669
d.41	1353	538	460	586
d.41	1371	378	343	594
d.41	941	327	268	433
d.41	1392	473	434	628
d.41	849	291	242	401
d.41	1004	387	436	462
d.41	1320	516	450	551
d.41	785	314	294	378
d.41	988	396	351	386
d.41	793	319	285	380
d.58	1952	641	615	837
d.58	773	263	270	348
d.58	1193	433	391	538
d.58	1234	509	509	535
d.58	1024	382	387	441
d.58	1559	645	581	702
d.58	896	329	347	416
d.58	1223	451	462	547
d.58	2396	623	659	1081
d.58	1785	497	525	753
d.58	2436	982	837	1047
d.58	2775	740	741	1218
d.58	1853	523	518	789
d.58	2565	963	900	1102
d.58	3153	1013	1104	1357
d.58	1336	510	450	624
d.58	724	281	220	335
d.58	1302	437	476	556
d.58	2551	972	939	1148
d.58	1652	507	520	718
d.58	2328	964	929	934
d.58	898	337	300	388
d.58	2089	568	624	902
d.58	670	243	245	325
d.58	804	299	276	373
d.58	928	376	342	466
d.58	1115	390	340	494
d.58	1108	362	383	480
d.58	2054	789	732	832
d.58	2641	913	959	1077
d.58	2588	891	892	1070
d.58	929	348	356	419
d.58	1563	533	481	674
d.58	1098	319	291	522
d.58	2056	813	823	892
d.58	1320	363	386	585
d.58	2435	683	659	1120
d.58	1840	484	507	791
d.58	2518	964	878	1071
d.58	1439	583	538	664
d.58	808	287	303	395
d.58	1029	371	359	459
d.58	911	252	268	429
d.58	1263	487	433	593
d.58	1330	368	366	613
d.58	1398	321	423	640
d.58	2315	876	894	966
d.58	975	377	360	451
d.58	1561	356	380	746
d.58	2145	876	910	932
d.58	899	304	329	423
d.58	843	220	230	403
d.58	1071	411	371	495
d.58	1113	347	386	481
d.58	1145	450	423	525
d.58	1214	423	475	542
d.58	1857	550	572	792
d.58	861	256	310	424
d.58	828	313	256	400
d.58	1240	480	466	578
d.58	1440	580	530	655
d.58	1471	632	544	715
d.58	1707	693	693	700
d.58	956	219	256	437
d.58	811	248	276	356
d.58	814	319	297	405
d.58	903	359	333	421
d.58	988	292	320	462
d.58	905	328	289	410
d.58	831	332	281	421
d.58	865	282	271	434
d.58	838	292	293	361
d.58	830	321	301	412
d.58	907	284	295	397
d.58	1519	537	635	654
d.58	2112	564	651	934
d.58	1375	526	478	656
d.58	1686	673	624	735
d.58	1037	362	374	495
d.58	876	267	268	435
d.58	1463	517	527	646
d.58	2105	877	864	904
d.58	637	165	238	279
d.58	665	256	284	376
d.58	978	316	351	419
d.58	1027	409	413	498
d.58	1820	654	635	824
d.58	1201	446	512	527
d.58	1171	374	419	535
d.58	718	215	199	367
d.58	1897	531	546	854
d.58	1520	622	562	711
d.58	660	198	165	311
d.58	897	286	328	442
d.58	1878	667	702	771
d.58	766	304	330	347
d.58	1104	442	451	491
d.58	2418	920	887	1134
d.58	1432	531	488	639
d.58	885	305	311	436
d.58	893	320	329	413
d.58	767	237	216	368
d.58	711	347	325	360
d.58	824	263	265	377
d.58	1393	572	496	688
d.58	1099	317	336	472
d.58	909	369	376	435
d.58	2569	981	969	1150
d.58	818	314	339	415
d.58	903	376	365	430
d.58	826	326	318	391
d.58	1128	418	382	540
d.58	961	379	351	455
d.58	966	361	374	475
d.58	913	308	337	437
d.58	2678	925	930	1210
d.58	1621	461	525	695
d.58	1453	594	549	686
d.58	2042	677	683	869
d.58	1316	506	540	570
d.58	853	294	267	377
d.58	766	311	319	337
d.58	726	223	250	290
d.58	666	258	286	294
d.58	669	232	213	296
d.58	690	307	260	333
d.58	672	202	190	328
d.58	591	192	180	249
d.58	791	343	316	374
d.58	1362	570	518	658
d.58	1889	503	512	843
d.58	3338	1135	1207	1460
d.58	1388	532	500	641
d.58	752	246	258	330
d.58	675	221	212	287
d.58	908	346	314	444
d.58	978	382	380	394
d.58	1440	598	519	679
d.58	877	333	316	409
d.58	1991	697	679	900
d.58	955	323	312	418
d.58	5484	2055	1944	2175
d.58	1165	455	478	501
d.58	872	287	297	396
d.58	849	303	340	427
d.58	920	318	330	443
d.58	1841	429	458	867
d.58	1450	460	451	630
d.58	1529	653	567	725
d.58	929	328	307	418
d.58	873	341	350	446
d.58	1074	330	336	503
d.58	880	393	381	408
d.58	860	308	360	355
d.58	1522	436	406	667
d.58	897	327	384	460
d.58	784	238	268	365
d.58	997	344	315	437
d.58	1497	621	547	696
d.58	1332	568	528	634
d.58	1348	480	508	618
d.58	960	379	300	423
d.58	3329	1289	1275	1489
d.58	802	286	297	338
d.58	697	255	243	299
d.58	669	179	176	302
d.58	713	276	254	299
d.58	792	362	302	363
d.58	717	228	210	306
d.58	608	193	188	269
d.58	1100	375	340	498
d.58	5079	1970	2117	2009
d.58	1167	436	472	505
d.58	1551	664	610	733
d.58	1167	381	399	540
d.58	992	318	308	459
d.58	892	336	332	431
d.58	1084	286	322	454
d.58	1220	449	432	489
d.58	1296	439	478	581
d.58	815	239	283	353
d.58	3399	1453	1326	1440
d.58	1530	611	663	668
d.58	3448	1272	1209	1472
d.58	888	325	305	399
d.58	3255	1321	1289	1320
d.58	921	364	373	419
d.58	899	324	298	410
d.58	766	304	323	396
d.58	930	290	321	462
d.58	1018	344	378	485
d.58	903	286	299	454
d.58	1035	385	345	445
d.58	1889	700	655	867
d.58	690	253	288	362
d.58	859	293	295	400
d.58	844	318	294	389
d.58	1760	745	734	776
d.58	1664	496	505	705
d.58	1039	329	302	472
d.58	1060	335	375	481
d.58	815	294	261	376
d.58	775	294	333	396
d.58	844	333	296	424
d.58	1754	577	553	768
d.58	2636	644	668	1235
d.58	2497	650	706	1179
d.58	1973	467	548	971
d.58	1509	629	559	726
d.58	755	282	270	372
d.58	1149	439	404	484
d.58	1071	403	442	461
d.79	1408	494	522	632
d.79	1047	445	445	486
d.79	1049	280	372	468
d.79	1255	373	422	563
d.79	122	4	3	0
d.79	1475	579	618	647
d.79	1435	518	532	619
d.79	1034	392	349	470
d.79	1141	483	444	491
d.79	997	347	368	449
d.79	1113	411	402	459
d.79	894	371	314	434
d.79	1203	458	436	486
d.79	1174	397	419	509
d.79	1005	417	432	462
d.79	1186	431	426	478
d.79	1123	435	420	475
d.79	1215	490	473	532
d.79	1306	452	399	656
d.79	1089	265	307	494
d.79	894	396	342	445
d.79	1191	321	408	542
d.79	1486	433	389	674
d.79	1496	462	437	626
d.79	1183	378	417	532
d.79	1526	585	655	664
d.79	1709	593	605	774
d.79	1563	532	510	697
d.79	1019	412	442	482
d.79	1234	481	469	574
d.79	1420	382	416	703
d.79	1304	428	402	608
d.79	1534	591	626	691
d.79	967	376	359	447
d.79	1181	520	459	516
d.79	1184	364	414	555
d.79	1206	366	402	538
d.79	974	462	498	481
d.79	1136	464	427	494
d.79	1332	413	451	597
d.79	1100	322	363	510
d.79	1116	394	296	497
d.79	1179	488	442	499
d.79	1507	430	442	689
d.79	1107	485	406	478
d.79	860	294	280	381
d.79	1291	378	432	569
d.79	1148	426	475	515
d.79	1397	423	490	608
d.79	1064	490	379	502
d.79	1332	406	459	584
d.79	941	219	237	442
d.79	1298	422	526	557
d.79	1497	622	651	661
d.79	1262	392	419	565
d.79	1289	529	566	554
d.79	1003	465	424	468
d.79	856	358	323	412
d.79	1099	349	431	526
d.79	1221	420	402	557
d.79	946	337	347	421
d.79	1856	819	810	781
d.79	1087	367	358	541
d.81	1492	535	556	660
d.81	1532	576	612	678
d.81	2017	660	655	855
d.81	882	271	317	402
d.81	1472	533	533	623
d.81	2787	926	1021	1194
d.81	1878	471	556	786
d.81	1495	450	501	632
d.81	1425	549	495	618
d.81	1425	525	526	596
d.81	1478	587	549	658
d.81	1486	564	511	650
d.81	831	299	335	400
d.81	1557	631	563	686
d.81	825	330	329	392
d.81	2292	712	807	981
d.81	1420	442	470	628
d.81	1344	482	472	561
d.81	1043	267	359	494
d.81	2277	695	782	983
d.81	1433	474	469	656
d.81	2017	625	630	855
d.81	1186	342	345	566
d.81	1492	542	548	632
d.81	1426	510	526	611
d.81	2282	718	805	981
d.81	1200	481	461	533
d.81	901	245	342	391
d.81	1431	524	504	628
d.81	1543	588	613	650
d.81	1030	275	378	487
d.81	1224	470	515	531
d.81	1345	465	493	597
d.81	1243	343	493	512
d.81	867	296	307	378
d.81	1286	450	477	558
d.81	1461	585	541	653
d.81	1561	568	591	673
d.81	1508	552	595	663
d.81	1273	296	384	582
d.81	1367	500	545	604
d.81	1551	619	621	679
d.81	1606	464	528	701
d.81	1728	560	631	742
d.81	2076	728	792	865
d.81	1817	594	706	758
d.81	1606	522	640	682
d.81	1469	516	561	648
d.81	1473	503	558	633
d.81	1589	628	616	704
d.92	2361	829	857	998
d.92	3911	1281	1267	1567
d.92	2329	782	837	948
d.92	1429	532	498	607
d.92	797	332	263	362
d.92	2281	810	742	904
d.92	779	320	258	359
d.92	2304	821	673	973
d.92	6067	2304	2267	2299
d.92	4840	1696	1634	1838
d.92	1759	701	623	728
d.92	2290	808	676	956
d.92	2450	866	864	1009
d.92	1491	518	505	620
d.92	1601	616	583	651
d.92	1556	548	506	620
d.92	1714	689	590	710
d.92	8934	2596	2514	3602
d.92	1776	731	614	721
d.92	2154	845	832	910
d.92	2396	835	906	1002
d.92	7945	2340	2535	3089
d.92	2789	771	706	1157
d.92	2563	651	664	1102
d.92	1225	515	548	539
d.92	2518	954	910	1028
d.92	6953	1950	2038	2841
d.92	2566	960	922	1061
d.92	2385	836	890	964
d.92	847	374	288	392
d.92	1376	516	523	576
d.92	5012	1986	1995	1953
d.92	1701	689	581	672
d.92	2231	737	762	918
d.92	1183	504	423	508
d.92	3908	1247	1274	1492
d.92	1570	459	436	682
d.92	1567	641	527	636
d.92	1122	408	380	498
d.92	1450	543	460	572
d.92	2260	733	824	931
d.92	9209	2892	2734	3718
d.92	7957	2231	2445	3227
d.92	2314	721	845	938
d.92	1776	693	619	705
d.92	8698	2433	2399	3525
d.92	2682	992	953	1120
d.92	1725	669	598	678
d.92	1624	621	587	654
d.92	4934	1719	1588	1946
d.92	1376	346	345	603
d.92	3998	1379	1382	1522
d.92	8117	2331	2521	3230
d.92	2306	760	877	944
d.92	1756	529	512	745
d.92	1698	680	547	702
d.92	2824	767	735	1211
d.92	1210	520	450	527
d.92	1036	455	403	439
d.92	1690	640	622	675
d.92	1084	359	268	486
d.92	2951	1072	1101	1194
d.92	1626	670	559	645
d.92	3252	974	939	1306
d.92	4918	1828	1682	1966
d.92	5576	1954	1932	2073
d.92	3939	1063	1085	1677
d.92	1166	410	297	547
d.92	1707	667	588	691
d.92	3957	1255	1258	1561
d.93	1062	219	278	470
d.93	1140	286	344	500
d.93	870	240	276	350
d.93	937	265	316	373
d.93	897	266	340	360
d.93	989	270	272	380
d.93	1001	355	379	413
d.93	1042	310	346	422
d.93	876	220	252	328
d.93	954	276	312	397
d.93	975	302	339	379
d.93	857	237	277	340
d.93	902	245	299	344
d.93	838	214	269	301
d.93	895	237	289	359
d.93	962	257	325	384
d.93	972	287	312	360
d.93	959	281	330	375
d.93	863	232	296	348
d.93	936	279	347	383
d.93	853	349	382	360
d.93	957	298	348	400
d.93	1027	332	363	433
d.93	995	300	325	386
d.93	1107	309	339	426
d.93	1055	269	221	432
d.93	894	231	289	349
d.93	1103	367	364	459
d.93	686	170	191	267
d.93	818	245	275	344
d.93	973	318	288	374
d.93	994	292	346	408
d.93	1168	294	362	494
d.93	1242	321	412	534
d.93	1078	305	373	465
d.93	1006	301	327	395
d.93	1042	290	375	418
d.93	745	183	227	271
