1.10.10	0.772025	0.648779	0.918809	0.727919	0.439047	0.857439	0.712407	0.574311
1.10.10	0.769258	0.648463	0.91701	0.718314	0.447129	0.853195	0.710215	0.579587
1.10.10	0.772283	0.653615	0.917132	0.727342	0.455656	0.856739	0.717826	0.585014
1.10.10	0.778035	0.630482	0.92083	0.749813	0.494289	0.842316	0.681361	0.534877
1.10.10	0.770968	0.656328	0.917508	0.71139	0.425587	0.85984	0.720068	0.591883
1.10.10	0.770379	0.651806	0.922227	0.739018	0.446169	0.857173	0.713544	0.591351
1.10.10	0.767333	0.639596	0.923562	0.74815	0.461227	0.858651	0.710537	0.573366
1.10.10	0.768719	0.654566	0.914502	0.715684	0.416167	0.851795	0.711944	0.583146
1.10.10	0.771102	0.681659	0.900326	0.652764	0.364146	0.845765	0.729946	0.620979
1.10.10	0.776667	0.649472	0.922023	0.74788	0.46736	0.854199	0.708255	0.571698
1.10.10	0.772019	0.631837	0.918966	0.742535	0.468001	0.847879	0.692272	0.541436
1.10.10	0.773164	0.648207	0.920214	0.735658	0.452274	0.852682	0.704015	0.571515
1.10.10	0.777225	0.629688	0.915161	0.72457	0.460309	0.831327	0.672681	0.515272
1.10.10	0.771068	0.628601	0.917493	0.736586	0.443726	0.846294	0.6841	0.533889
1.10.10	0.772911	0.638595	0.916103	0.73315	0.452861	0.8491	0.69727	0.545687
1.10.10	0.776034	0.671673	0.913923	0.709877	0.415666	0.855589	0.725264	0.608213
1.10.10	0.77041	0.637428	0.919971	0.743857	0.473291	0.852508	0.702258	0.554183
1.10.10	0.768335	0.653965	0.915143	0.713546	0.423177	0.847861	0.707298	0.584159
1.10.10	0.775862	0.671018	0.918471	0.72611	0.454608	0.856846	0.728878	0.611029
1.10.10	0.769021	0.650681	0.918667	0.726385	0.434742	0.857819	0.713959	0.586634
1.10.10	0.774721	0.641075	0.922799	0.750172	0.469753	0.854018	0.702824	0.556238
1.10.10	0.773522	0.651588	0.925789	0.751971	0.466775	0.863239	0.718634	0.588726
1.10.10	0.777223	0.651546	0.926575	0.752515	0.472906	0.859031	0.712907	0.581856
1.10.10	0.781024	0.661332	0.923958	0.751615	0.473722	0.864168	0.723398	0.594425
1.10.10	0.773105	0.656654	0.916222	0.730672	0.424351	0.856217	0.716813	0.592166
1.10.10	0.774225	0.659066	0.914899	0.72898	0.42522	0.856644	0.717782	0.592035
1.10.10	0.771737	0.643994	0.920985	0.744208	0.46803	0.853431	0.705306	0.566582
1.10.10	0.772322	0.642499	0.920888	0.736989	0.47281	0.853083	0.702388	0.563441
1.10.10	0.769108	0.650096	0.913604	0.721182	0.452295	0.851934	0.705633	0.579744
1.10.10	0.775524	0.637804	0.921711	0.755461	0.497307	0.845311	0.693572	0.553123
1.10.10	0.76989	0.64181	0.915733	0.724187	0.445526	0.849641	0.698296	0.56395
1.10.10	0.768653	0.658907	0.91382	0.724295	0.436235	0.860085	0.724201	0.59954
1.10.10	0.770798	0.659096	0.913438	0.710826	0.43	0.853823	0.714981	0.593843
1.10.10	0.770936	0.634363	0.918783	0.740793	0.461278	0.844616	0.688976	0.544388
1.10.10	0.767952	0.657774	0.914139	0.717752	0.457444	0.852351	0.715062	0.595997
1.10.10	0.769522	0.631345	0.919478	0.753028	0.4734	0.849077	0.693748	0.543383
1.10.10	0.769534	0.627144	0.920445	0.748759	0.461006	0.855138	0.696901	0.539442
1.10.10	0.769221	0.632353	0.918373	0.73914	0.457857	0.853308	0.69987	0.546573
1.10.10	0.768239	0.641668	0.920123	0.741417	0.455138	0.858108	0.705924	0.572781
1.10.10	0.768147	0.642074	0.921863	0.744083	0.46826	0.856653	0.707037	0.574206
1.10.10	0.76591	0.650164	0.913959	0.6996	0.407686	0.851483	0.710697	0.585166
1.10.10	0.769917	0.633809	0.921157	0.747465	0.474885	0.852539	0.699846	0.548404
1.10.10	0.773931	0.670877	0.909941	0.689668	0.389981	0.84836	0.720208	0.607861
1.10.10	0.774407	0.65572	0.924816	0.745347	0.442684	0.861417	0.717933	0.593617
1.10.10	0.768574	0.659471	0.914403	0.720664	0.444859	0.862604	0.728645	0.59936
1.10.10	0.770904	0.657251	0.9175	0.725383	0.422685	0.856221	0.717081	0.592223
1.10.10	0.772252	0.655871	0.916139	0.719185	0.45776	0.849348	0.714025	0.584261
1.10.10	0.772905	0.659684	0.918855	0.734133	0.455947	0.856373	0.715442	0.598358
1.10.10	0.770689	0.660749	0.913433	0.713782	0.429007	0.851371	0.715248	0.595721
1.10.10	0.770129	0.656894	0.913245	0.70916	0.434878	0.847076	0.709017	0.586535
1.10.10	0.775107	0.67396	0.916872	0.709661	0.427717	0.859934	0.732227	0.616594
1.10.10	0.76837	0.662781	0.911047	0.70572	0.421373	0.860651	0.725381	0.604479
1.10.10	0.771446	0.648617	0.915789	0.724017	0.456543	0.850003	0.708314	0.576439
1.10.10	0.768024	0.645791	0.918057	0.733364	0.451241	0.855474	0.704897	0.575635
1.10.10	0.77188	0.634865	0.919286	0.748568	0.454067	0.851274	0.695174	0.548494
1.10.10	0.76598	0.626526	0.917506	0.743641	0.45359	0.853668	0.69437	0.540177
1.10.10	0.766828	0.644129	0.914278	0.722142	0.447407	0.854794	0.709597	0.570409
1.10.10	0.771632	0.644456	0.91176	0.723578	0.407377	0.848713	0.699394	0.555385
1.10.10	0.767946	0.643491	0.919589	0.736633	0.452877	0.85834	0.706565	0.574584
1.10.10	0.770648	0.659939	0.914702	0.718226	0.411727	0.85568	0.721352	0.596067
1.10.10	0.775003	0.665594	0.918198	0.728301	0.459631	0.854959	0.721802	0.604033
1.10.10	0.774535	0.665913	0.91776	0.72597	0.462328	0.858208	0.724086	0.605276
1.10.10	0.768614	0.649341	0.916561	0.721557	0.438168	0.852914	0.710702	0.579145
1.10.10	0.777649	0.669922	0.91949	0.724376	0.442602	0.861735	0.72994	0.610347
1.10.10	0.771119	0.65274	0.913979	0.718103	0.449629	0.853087	0.710492	0.585318
1.10.10	0.770599	0.636567	0.921769	0.745993	0.472429	0.851363	0.701252	0.550467
1.10.10	0.774331	0.664626	0.915921	0.729755	0.456878	0.859244	0.724166	0.602875
1.10.10	0.773262	0.642634	0.921777	0.747682	0.468942	0.854587	0.700786	0.560579
1.10.10	0.775972	0.676322	0.9134	0.708118	0.416229	0.857332	0.734037	0.619609
1.10.10	0.772509	0.638142	0.916507	0.725758	0.433007	0.845354	0.690331	0.547489
1.10.10	0.770765	0.661047	0.913974	0.715344	0.458311	0.84996	0.715104	0.598588
1.10.10	0.776144	0.677101	0.914984	0.711263	0.424523	0.860335	0.737297	0.619469
1.10.10	0.76839	0.660542	0.91286	0.701663	0.415142	0.850647	0.71477	0.595594
1.10.10	0.776077	0.674933	0.914727	0.712331	0.436854	0.855731	0.731497	0.616333
1.10.10	0.769622	0.645977	0.917323	0.727755	0.430821	0.855576	0.703007	0.575111
1.10.10	0.771066	0.631356	0.917598	0.744465	0.457703	0.846663	0.69176	0.543408
1.10.10	0.774599	0.648136	0.914393	0.722386	0.409935	0.842864	0.692062	0.566174
1.10.10	0.776092	0.676809	0.913102	0.704645	0.433739	0.857345	0.733173	0.618313
1.10.10	0.775972	0.679287	0.915555	0.717957	0.433988	0.857094	0.734216	0.623561
1.10.10	0.776358	0.671506	0.915272	0.711718	0.422897	0.855116	0.724825	0.611073
1.10.10	0.76907	0.648183	0.91633	0.731921	0.448625	0.854281	0.712675	0.575518
1.10.10	0.773559	0.670147	0.915896	0.71922	0.440673	0.858082	0.727275	0.612924
1.10.10	0.774186	0.665513	0.919242	0.72396	0.444326	0.859836	0.727054	0.60504
1.10.10	0.771091	0.657222	0.916828	0.731271	0.44769	0.860615	0.719654	0.598476
1.10.10	0.774107	0.667426	0.916381	0.72552	0.442384	0.857966	0.726023	0.607858
1.10.10	0.777765	0.673142	0.916478	0.715705	0.435044	0.855443	0.727798	0.612495
1.10.10	0.773545	0.672952	0.91406	0.707529	0.389842	0.859492	0.729893	0.615413
1.10.10	0.768162	0.651621	0.915078	0.727976	0.456668	0.853202	0.713835	0.58042
1.10.10	0.777874	0.671968	0.913677	0.718029	0.439083	0.856632	0.726919	0.609128
1.10.10	0.77191	0.669293	0.915644	0.711845	0.443037	0.856192	0.725921	0.612569
1.10.10	0.767335	0.660069	0.911155	0.704197	0.38749	0.853824	0.718654	0.595175
1.10.10	0.774285	0.668014	0.914685	0.710191	0.420194	0.857502	0.723575	0.607966
1.10.10	0.775595	0.660523	0.920489	0.738214	0.450653	0.859147	0.719098	0.595748
1.10.10	0.775517	0.649498	0.922175	0.748181	0.475495	0.855811	0.709149	0.572107
1.10.10	0.768925	0.658781	0.912628	0.70549	0.413308	0.845007	0.705647	0.590286
1.10.10	0.777174	0.677201	0.913546	0.698305	0.418054	0.854706	0.728618	0.617735
1.10.10	0.772411	0.642366	0.921665	0.743317	0.478131	0.852675	0.704476	0.561058
1.10.150	0.785674	0.666708	0.920461	0.746118	0.462447	0.858511	0.717028	0.592252
1.10.150	0.774595	0.660408	0.914968	0.726975	0.417374	0.851613	0.707958	0.595745
1.10.150	0.787086	0.673173	0.920104	0.737461	0.486928	0.863293	0.729549	0.600674
1.10.150	0.769402	0.655542	0.91821	0.72625	0.441185	0.859174	0.718031	0.596279
1.10.150	0.776171	0.656088	0.924386	0.746049	0.482281	0.86075	0.71987	0.592523
1.10.150	0.775869	0.655737	0.924622	0.748803	0.479211	0.861431	0.721099	0.591085
1.10.150	0.770683	0.641308	0.921532	0.742988	0.428731	0.854728	0.698983	0.567493
1.10.150	0.769195	0.653737	0.91803	0.734152	0.432466	0.855329	0.710528	0.594448
1.10.150	0.769729	0.645061	0.922034	0.743522	0.462467	0.858098	0.71057	0.577916
1.10.150	0.768748	0.650465	0.919812	0.73935	0.453066	0.857048	0.710057	0.590785
1.10.150	0.771681	0.64549	0.919748	0.736139	0.441419	0.850256	0.703605	0.574508
1.10.150	0.769652	0.644503	0.916791	0.73298	0.448657	0.853621	0.705355	0.567751
1.10.150	0.769667	0.656759	0.91738	0.72614	0.434933	0.859118	0.717954	0.597542
1.10.150	0.776321	0.658656	0.923271	0.73821	0.457648	0.859836	0.72191	0.59187
1.10.150	0.767739	0.639577	0.917222	0.737282	0.473832	0.8527	0.706845	0.559476
1.10.150	0.773481	0.652538	0.921389	0.744131	0.458638	0.860937	0.717052	0.588144
1.10.150	0.778498	0.662135	0.920513	0.728983	0.464153	0.858242	0.72244	0.596562
1.10.150	0.777094	0.663846	0.921229	0.728744	0.436938	0.861907	0.723334	0.603538
1.10.150	0.766863	0.645732	0.920507	0.739246	0.450449	0.858335	0.708325	0.58405
1.10.150	0.775951	0.662834	0.920717	0.736826	0.455732	0.861722	0.724441	0.601658
1.10.150	0.770404	0.638532	0.922618	0.746346	0.492934	0.856608	0.708087	0.56324
1.10.150	0.76907	0.656754	0.916697	0.730107	0.422824	0.856734	0.716116	0.598245
1.10.150	0.768298	0.653325	0.918881	0.733916	0.437888	0.86137	0.718321	0.593027
1.10.150	0.76908	0.655287	0.918162	0.731231	0.434643	0.85966	0.716449	0.597229
1.10.150	0.769469	0.659783	0.91494	0.718678	0.396245	0.859857	0.720753	0.601424
1.10.150	0.777292	0.662768	0.921523	0.733477	0.459491	0.860467	0.726516	0.601484
1.10.150	0.776547	0.662242	0.921649	0.738073	0.461935	0.862318	0.72674	0.60256
1.10.150	0.773885	0.653295	0.915728	0.721465	0.397041	0.853968	0.704203	0.579736
1.10.150	0.768424	0.654436	0.916055	0.721229	0.424513	0.856497	0.715458	0.592424
1.10.150	0.776681	0.661821	0.922194	0.734238	0.451353	0.862498	0.7258	0.599594
1.10.150	0.776624	0.661579	0.92217	0.733069	0.453715	0.862929	0.723869	0.600663
1.10.150	0.764343	0.634937	0.919389	0.751934	0.446423	0.858375	0.707721	0.564949
1.10.150	0.771062	0.638546	0.923262	0.748448	0.464658	0.857196	0.701067	0.562365
1.10.150	0.769425	0.63518	0.922828	0.745198	0.495429	0.852969	0.700417	0.561009
1.10.150	0.770015	0.65811	0.916073	0.722005	0.443034	0.858743	0.718236	0.597556
1.10.150	0.769852	0.659999	0.916391	0.720031	0.40238	0.857687	0.719443	0.601438
1.10.150	0.76706	0.649315	0.916935	0.725541	0.433696	0.854941	0.712224	0.588718
1.10.150	0.772334	0.653347	0.915949	0.725929	0.448464	0.851299	0.707572	0.584312
1.10.150	0.770474	0.65393	0.91705	0.725649	0.47071	0.856206	0.711343	0.588142
1.10.150	0.776599	0.659667	0.92336	0.737153	0.447102	0.862319	0.722388	0.597026
1.10.150	0.77012	0.643208	0.920296	0.745559	0.456533	0.85717	0.711726	0.569706
1.10.150	0.776826	0.659727	0.922826	0.73842	0.468822	0.86124	0.721323	0.597512
1.10.150	0.777065	0.663925	0.920656	0.730899	0.448645	0.861934	0.725488	0.603493
1.10.150	0.769618	0.656321	0.917664	0.727895	0.439474	0.858267	0.716703	0.59685
1.10.150	0.778227	0.663678	0.919864	0.727471	0.44952	0.858761	0.723432	0.599465
1.10.150	0.77168	0.650472	0.917065	0.736778	0.422563	0.856644	0.711889	0.579688
1.10.150	0.771545	0.646707	0.922084	0.744478	0.462288	0.857083	0.710112	0.577692
1.10.150	0.776194	0.668124	0.913688	0.715056	0.431833	0.855905	0.722425	0.598948
1.10.150	0.788059	0.673886	0.920301	0.737103	0.465279	0.860529	0.724756	0.599765
1.10.150	0.777095	0.663274	0.921404	0.727636	0.432018	0.860035	0.722888	0.60139
1.10.150	0.776847	0.662862	0.921509	0.731344	0.449442	0.862645	0.725417	0.600391
1.10.150	0.776373	0.660587	0.92257	0.737365	0.44483	0.862219	0.722248	0.598919
1.10.150	0.776759	0.661451	0.921728	0.734956	0.450718	0.861853	0.723286	0.59894
1.10.150	0.776749	0.663473	0.921076	0.731884	0.444692	0.859463	0.722735	0.602074
1.10.150	0.777067	0.651645	0.918684	0.743302	0.458748	0.856867	0.710558	0.573359
1.10.150	0.769652	0.656228	0.91782	0.728484	0.447543	0.859098	0.71923	0.596429
1.10.150	0.78534	0.669863	0.923159	0.749318	0.482992	0.8636	0.727751	0.599391
1.10.150	0.776995	0.663627	0.92114	0.728627	0.442754	0.861913	0.726424	0.601171
1.10.150	0.775891	0.65872	0.923621	0.741282	0.46559	0.861286	0.722047	0.596151
1.10.150	0.776301	0.654616	0.924994	0.747891	0.485816	0.861441	0.71889	0.589387
1.10.150	0.776606	0.662182	0.921264	0.738746	0.44917	0.863382	0.729181	0.602053
1.10.150	0.777191	0.661257	0.922488	0.738078	0.457084	0.860061	0.725042	0.599403
1.10.150	0.769963	0.658814	0.916491	0.719728	0.431602	0.859691	0.719442	0.599867
1.10.150	0.778124	0.659284	0.922242	0.734128	0.470483	0.857087	0.719165	0.591184
1.10.150	0.770266	0.660791	0.91553	0.714653	0.360304	0.857422	0.719176	0.600654
1.10.238	0.779629	0.663711	0.922606	0.753752	0.452907	0.863418	0.723876	0.599769
1.10.238	0.779068	0.661536	0.919458	0.748419	0.444567	0.868218	0.728023	0.595021
1.10.238	0.77213	0.644962	0.920191	0.753607	0.461473	0.852811	0.704092	0.572734
1.10.238	0.772737	0.644967	0.920354	0.749032	0.469112	0.855653	0.707761	0.57216
1.10.238	0.768687	0.639565	0.919456	0.75444	0.457925	0.858255	0.704107	0.566506
1.10.238	0.771949	0.649512	0.909588	0.698964	0.38541	0.847799	0.698598	0.571143
1.10.238	0.769543	0.642804	0.919846	0.748874	0.447643	0.860154	0.709521	0.569821
1.10.238	0.771671	0.64494	0.92322	0.743651	0.459555	0.861288	0.713931	0.570687
1.10.238	0.776203	0.650961	0.924011	0.745197	0.482026	0.860579	0.714808	0.584203
1.10.238	0.778618	0.65945	0.925342	0.748078	0.458491	0.863391	0.720302	0.594423
1.10.238	0.780688	0.661822	0.922615	0.752191	0.455836	0.86473	0.724868	0.596286
1.10.238	0.774354	0.650658	0.920364	0.752167	0.462294	0.860836	0.711324	0.583356
1.10.238	0.768746	0.646038	0.907319	0.706335	0.359845	0.847378	0.693234	0.559843
1.10.238	0.781499	0.659009	0.927927	0.762832	0.48806	0.866114	0.72437	0.594017
1.10.238	0.778505	0.661952	0.92324	0.746526	0.435419	0.863105	0.719234	0.596586
1.10.238	0.777899	0.656829	0.92456	0.756948	0.478711	0.862961	0.718056	0.590834
1.10.238	0.775591	0.655227	0.923922	0.757456	0.462587	0.862586	0.717079	0.592827
1.10.238	0.767675	0.645601	0.913397	0.721822	0.444066	0.849196	0.698414	0.573619
1.10.238	0.774873	0.654832	0.922459	0.748244	0.444569	0.864934	0.720597	0.588164
1.10.238	0.782047	0.663726	0.921341	0.746784	0.459259	0.858389	0.711779	0.602138
1.10.238	0.773982	0.650354	0.921071	0.744394	0.445486	0.862884	0.719976	0.58148
1.10.238	0.771735	0.648763	0.922594	0.743117	0.463687	0.861393	0.718567	0.582277
1.10.238	0.771411	0.642152	0.920176	0.749379	0.474032	0.856334	0.705451	0.566369
1.10.238	0.781211	0.656849	0.929269	0.764665	0.510905	0.867404	0.724972	0.591446
1.10.238	0.776097	0.653832	0.917683	0.732476	0.407147	0.851723	0.702016	0.577525
1.10.238	0.771309	0.643926	0.91839	0.744228	0.458575	0.857669	0.705334	0.568592
1.10.238	0.769806	0.643883	0.920682	0.75123	0.470385	0.860503	0.712857	0.57294
1.10.238	0.779938	0.660337	0.925158	0.763215	0.47585	0.86575	0.72342	0.595298
1.10.238	0.779149	0.663211	0.922446	0.751855	0.469503	0.866395	0.728055	0.600726
1.10.238	0.768157	0.629641	0.909784	0.732754	0.450011	0.84784	0.68682	0.53323
1.10.238	0.77695	0.656317	0.922957	0.7529	0.466486	0.864403	0.717861	0.592892
1.10.238	0.771993	0.645154	0.917926	0.740136	0.44704	0.856283	0.704783	0.571592
1.10.238	0.774207	0.652009	0.919615	0.736174	0.464398	0.857395	0.713231	0.578206
1.10.238	0.769365	0.641238	0.919133	0.734374	0.440559	0.847864	0.695847	0.570918
1.10.238	0.781798	0.657238	0.929135	0.763259	0.50512	0.865692	0.72175	0.591963
1.10.238	0.782391	0.6605	0.925223	0.761302	0.481394	0.865119	0.722757	0.594334
1.10.238	0.779755	0.659555	0.925152	0.752769	0.459423	0.864493	0.723286	0.592631
1.10.238	0.770673	0.644283	0.917626	0.754655	0.445209	0.854658	0.706044	0.573609
1.10.238	0.780363	0.664129	0.922552	0.745673	0.461528	0.864607	0.722169	0.59607
1.10.238	0.781508	0.663223	0.922756	0.758407	0.474351	0.867038	0.724581	0.597318
1.10.238	0.781715	0.663944	0.920509	0.760243	0.458626	0.868584	0.728516	0.596492
1.10.238	0.780376	0.659521	0.927612	0.761515	0.49162	0.867706	0.727121	0.596796
1.10.238	0.776035	0.650265	0.923955	0.745708	0.457802	0.861977	0.715796	0.581649
1.10.238	0.782816	0.670921	0.917228	0.734512	0.456519	0.857509	0.71636	0.608119
1.10.238	0.777062	0.661511	0.919554	0.728474	0.429153	0.851827	0.709541	0.600752
1.10.238	0.773789	0.640505	0.9156	0.738267	0.468565	0.853179	0.703918	0.549664
1.10.238	0.768897	0.638887	0.922443	0.754783	0.472266	0.862971	0.71349	0.565382
1.10.238	0.769722	0.64188	0.921093	0.748863	0.487721	0.858842	0.713074	0.566454
1.10.238	0.780289	0.656782	0.927416	0.767074	0.483117	0.866275	0.721	0.591512
1.10.238	0.779456	0.651325	0.928473	0.770718	0.503682	0.865184	0.720309	0.582509
1.10.238	0.776615	0.650769	0.925695	0.75014	0.487003	0.863734	0.718471	0.583823
1.10.238	0.781717	0.665739	0.922134	0.752701	0.470279	0.869107	0.731371	0.601579
1.10.238	0.773894	0.64842	0.916666	0.750256	0.452453	0.855433	0.710671	0.576319
1.10.238	0.771956	0.652386	0.916255	0.727132	0.448031	0.861491	0.713113	0.586902
1.10.238	0.77004	0.641599	0.919755	0.750734	0.468462	0.858199	0.705143	0.566505
1.10.238	0.781172	0.656412	0.929543	0.764776	0.503407	0.86552	0.722566	0.591051
1.10.238	0.772148	0.650293	0.921308	0.743704	0.45275	0.863638	0.720932	0.584274
1.10.238	0.770741	0.640271	0.921491	0.749356	0.470153	0.858407	0.705488	0.564083
1.10.340	0.772614	0.651718	0.919532	0.737747	0.462401	0.852811	0.71268	0.582638
1.10.340	0.774809	0.652055	0.9213	0.741301	0.493545	0.855767	0.714164	0.582045
1.10.340	0.774274	0.650961	0.92186	0.744682	0.482274	0.855997	0.710757	0.582173
1.10.340	0.774222	0.650006	0.922819	0.745884	0.491315	0.856205	0.712742	0.581044
1.10.340	0.770886	0.646416	0.921505	0.748117	0.474576	0.86263	0.718209	0.579707
1.10.340	0.77451	0.648527	0.922553	0.74491	0.488723	0.857743	0.712671	0.577862
1.10.340	0.773842	0.646084	0.924274	0.751476	0.508348	0.856922	0.713941	0.574414
1.10.340	0.769611	0.64627	0.921654	0.753086	0.466629	0.863372	0.717681	0.584379
1.10.340	0.773918	0.649247	0.922499	0.745552	0.493458	0.856238	0.713568	0.578931
1.10.340	0.774591	0.652829	0.920796	0.740228	0.485723	0.857676	0.714904	0.585099
1.10.340	0.775025	0.648599	0.926244	0.761858	0.486826	0.86504	0.721025	0.580102
1.10.340	0.771104	0.642787	0.921581	0.754042	0.471968	0.858105	0.711276	0.574278
1.10.340	0.771778	0.642274	0.921628	0.750756	0.47257	0.857396	0.709872	0.571644
1.10.340	0.782628	0.661412	0.925255	0.752129	0.486076	0.860543	0.718609	0.594271
1.10.340	0.772808	0.649278	0.924209	0.74393	0.474898	0.863146	0.719452	0.585042
1.10.340	0.769828	0.645268	0.919907	0.754366	0.452502	0.862388	0.713231	0.578799
1.10.340	0.769794	0.643917	0.92038	0.756801	0.472661	0.861091	0.711258	0.576521
1.10.340	0.773923	0.648297	0.927479	0.7648	0.489838	0.865871	0.719075	0.586476
1.10.340	0.772824	0.645946	0.92706	0.760472	0.477696	0.864985	0.717114	0.580998
1.10.340	0.773936	0.649168	0.922227	0.746012	0.488966	0.857733	0.713195	0.577828
1.10.340	0.774689	0.650302	0.922513	0.743981	0.501769	0.857052	0.714459	0.579352
1.10.340	0.772677	0.648747	0.918689	0.735991	0.450924	0.855999	0.707801	0.580934
1.10.340	0.774686	0.651394	0.92176	0.740897	0.489305	0.85688	0.713689	0.58106
1.10.340	0.781661	0.654026	0.929086	0.76927	0.513544	0.865461	0.721222	0.583188
1.10.340	0.774523	0.649977	0.922464	0.746398	0.497211	0.856996	0.714343	0.580802
1.10.340	0.774251	0.650093	0.923007	0.743906	0.499246	0.858909	0.716841	0.580448
1.10.340	0.774347	0.649893	0.922757	0.745947	0.495722	0.857077	0.717482	0.578337
1.10.340	0.774002	0.647126	0.92358	0.752055	0.508788	0.856539	0.710078	0.577254
1.10.340	0.774727	0.650861	0.922434	0.744495	0.499631	0.857608	0.715654	0.580349
1.10.340	0.774312	0.649634	0.921854	0.744335	0.485456	0.858837	0.710025	0.580302
1.10.340	0.774966	0.650546	0.922045	0.742454	0.492723	0.857374	0.71385	0.579595
1.10.340	0.780832	0.654421	0.928316	0.764845	0.49264	0.867123	0.723528	0.585151
1.10.340	0.780246	0.655981	0.928727	0.764522	0.490187	0.868302	0.727746	0.587701
1.10.340	0.773852	0.650062	0.922883	0.747568	0.496816	0.85887	0.715846	0.58092
1.10.340	0.769699	0.644104	0.921157	0.755862	0.460704	0.86078	0.709791	0.580857
1.10.340	0.769732	0.64299	0.921348	0.756457	0.465392	0.861826	0.71179	0.574511
1.10.340	0.774403	0.648021	0.923174	0.749777	0.50674	0.854138	0.709491	0.578197
1.10.340	0.774396	0.652468	0.920939	0.741953	0.478061	0.85699	0.715803	0.583009
1.10.357	0.772898	0.659367	0.923296	0.741095	0.437054	0.864328	0.727553	0.60062
1.10.357	0.772404	0.664502	0.917583	0.722831	0.424735	0.861	0.723995	0.607822
1.10.357	0.776614	0.667822	0.923024	0.729294	0.44101	0.863631	0.728432	0.612102
1.10.357	0.781329	0.665483	0.927296	0.746734	0.465511	0.865961	0.729049	0.607283
1.10.357	0.778149	0.670519	0.922417	0.730197	0.43716	0.862124	0.728456	0.615997
1.10.357	0.774462	0.665145	0.922344	0.730888	0.417148	0.863245	0.729627	0.608279
1.10.357	0.774258	0.672418	0.919191	0.723844	0.41959	0.862916	0.730933	0.618299
1.10.357	0.772758	0.66015	0.923847	0.729684	0.449101	0.861103	0.725412	0.603246
1.10.357	0.782543	0.672997	0.926689	0.749201	0.459807	0.869214	0.737387	0.618905
1.10.357	0.773643	0.656462	0.921394	0.740848	0.456882	0.861437	0.719242	0.593806
1.10.357	0.774389	0.654741	0.923258	0.742738	0.465747	0.858288	0.715059	0.593406
1.10.357	0.780217	0.665708	0.927714	0.753227	0.477558	0.866649	0.727619	0.610181
1.10.357	0.781532	0.668775	0.925026	0.752934	0.477599	0.866922	0.730386	0.611132
1.10.357	0.780324	0.665228	0.928856	0.75499	0.473491	0.868605	0.73237	0.608952
1.10.357	0.780801	0.667274	0.926487	0.752327	0.479001	0.867079	0.730968	0.60927
1.10.357	0.78099	0.668297	0.927196	0.748833	0.455857	0.866886	0.731547	0.611728
1.10.357	0.780845	0.667695	0.927466	0.75325	0.474643	0.86776	0.730817	0.611688
1.10.357	0.773723	0.660106	0.917782	0.73567	0.45951	0.857951	0.718178	0.600167
1.10.357	0.775767	0.671328	0.917579	0.714255	0.443838	0.860647	0.731545	0.613468
1.10.357	0.77676	0.6641	0.923158	0.730469	0.446656	0.862426	0.728024	0.605802
1.10.357	0.781222	0.668215	0.926778	0.748929	0.481346	0.868278	0.733029	0.610696
1.10.357	0.773253	0.663478	0.920502	0.720475	0.418347	0.862788	0.725864	0.606876
1.10.357	0.774822	0.65933	0.924482	0.739834	0.447183	0.861013	0.723965	0.599449
1.10.357	0.775152	0.660075	0.924357	0.738451	0.456641	0.863117	0.725099	0.600819
1.10.357	0.777461	0.667214	0.92374	0.734325	0.448506	0.863622	0.728399	0.611253
1.10.357	0.775084	0.658586	0.921902	0.744289	0.462991	0.861808	0.720323	0.595551
1.10.357	0.780307	0.665762	0.927163	0.755612	0.487332	0.866697	0.727818	0.609429
1.10.357	0.772861	0.664382	0.917945	0.723288	0.430397	0.862759	0.723609	0.607474
1.10.357	0.779817	0.667914	0.925276	0.750069	0.471045	0.864932	0.727756	0.611237
1.10.357	0.774208	0.659848	0.922819	0.73324	0.435214	0.864069	0.722693	0.59967
1.10.357	0.781475	0.667753	0.926078	0.751665	0.460299	0.86796	0.729969	0.608312
1.10.357	0.780988	0.671767	0.922228	0.739771	0.446101	0.864544	0.727743	0.614495
1.10.357	0.778189	0.664615	0.926103	0.753383	0.467984	0.867476	0.731468	0.608522
1.10.357	0.784246	0.677164	0.926567	0.742522	0.439147	0.869172	0.735889	0.624046
1.10.357	0.77893	0.667025	0.924312	0.742701	0.460264	0.865905	0.729384	0.609231
1.10.357	0.781947	0.666583	0.928308	0.756648	0.483334	0.868038	0.731379	0.609887
1.10.357	0.778409	0.66973	0.922714	0.735611	0.441251	0.865837	0.727545	0.612493
1.10.357	0.773523	0.659559	0.923116	0.739257	0.459867	0.861083	0.722481	0.60059
1.10.357	0.780401	0.666734	0.927026	0.756825	0.472121	0.869576	0.733434	0.609575
1.10.357	0.777794	0.667507	0.924334	0.745239	0.455061	0.864138	0.729949	0.610697
1.10.357	0.773433	0.667127	0.917819	0.721626	0.41884	0.861063	0.726083	0.609302
1.10.357	0.77256	0.662747	0.91915	0.727917	0.432105	0.858225	0.720946	0.604695
1.10.357	0.779796	0.668338	0.922237	0.744515	0.470843	0.867043	0.730387	0.610337
1.10.357	0.779347	0.661327	0.924035	0.751238	0.47887	0.865924	0.724341	0.599816
1.10.357	0.779613	0.669485	0.924867	0.739716	0.4746	0.862316	0.72773	0.609982
1.10.357	0.781074	0.668443	0.924579	0.741076	0.461816	0.867762	0.734405	0.609721
1.10.357	0.781839	0.670658	0.927316	0.749023	0.47174	0.871544	0.73794	0.615
1.10.357	0.779579	0.667005	0.925712	0.744388	0.462775	0.863071	0.726707	0.610674
1.10.357	0.779183	0.667618	0.924229	0.745944	0.447291	0.868529	0.731159	0.611387
1.10.357	0.77525	0.661559	0.922033	0.740523	0.437291	0.86526	0.727142	0.601616
1.10.357	0.772769	0.662102	0.922629	0.733874	0.429275	0.863814	0.728669	0.606007
1.10.357	0.780485	0.666848	0.927183	0.754695	0.447587	0.868909	0.73148	0.609214
1.10.357	0.785185	0.672828	0.927148	0.748574	0.467913	0.867955	0.731124	0.615372
1.10.357	0.775834	0.662661	0.92139	0.737915	0.443163	0.862519	0.724562	0.602589
1.10.357	0.774991	0.661768	0.924547	0.73601	0.458013	0.862413	0.725135	0.605068
1.10.357	0.773811	0.659695	0.920618	0.735677	0.454768	0.860324	0.726474	0.5986
1.10.357	0.779379	0.667071	0.926136	0.742186	0.426716	0.869075	0.731258	0.610336
1.10.357	0.780071	0.665946	0.925279	0.74961	0.474089	0.866352	0.726822	0.607516
1.10.357	0.782207	0.672793	0.925427	0.739649	0.464616	0.865832	0.732681	0.617544
1.10.357	0.7822	0.668749	0.92632	0.74721	0.466017	0.863984	0.730169	0.608712
1.10.357	0.773792	0.658209	0.923016	0.738272	0.4543	0.863223	0.720319	0.597203
1.10.357	0.781091	0.667075	0.927132	0.754436	0.4757	0.869081	0.731351	0.608725
1.10.357	0.782713	0.66973	0.928421	0.750393	0.470985	0.865767	0.729434	0.612085
1.10.357	0.773326	0.66234	0.92412	0.737397	0.423081	0.860047	0.724789	0.606577
1.10.357	0.780014	0.667484	0.925533	0.74842	0.466597	0.868324	0.732971	0.610776
1.10.357	0.770136	0.662812	0.915143	0.712763	0.395358	0.858065	0.720102	0.603853
1.10.357	0.774578	0.660032	0.925633	0.743296	0.437637	0.865234	0.727389	0.603548
1.10.357	0.781165	0.667395	0.927188	0.750103	0.47381	0.868078	0.72962	0.611443
1.10.357	0.776104	0.663989	0.921944	0.732362	0.454408	0.861557	0.726131	0.605749
1.10.418	0.773008	0.646751	0.920851	0.742348	0.449264	0.855546	0.703097	0.576798
1.10.418	0.773432	0.652803	0.917299	0.742772	0.430907	0.85762	0.710254	0.583852
1.10.418	0.768512	0.640617	0.922083	0.753624	0.464641	0.859448	0.712037	0.572894
1.10.418	0.767993	0.634892	0.924249	0.757421	0.482542	0.857856	0.706129	0.560458
1.10.418	0.771961	0.643264	0.922367	0.758121	0.465627	0.860561	0.712869	0.570495
1.10.418	0.772143	0.640029	0.92247	0.747341	0.479374	0.854029	0.706037	0.566791
1.10.418	0.769911	0.644856	0.919307	0.736114	0.431857	0.85848	0.706778	0.578003
1.10.418	0.77813	0.649576	0.926151	0.756278	0.483473	0.860864	0.710398	0.57918
1.10.418	0.777372	0.652233	0.924828	0.753817	0.471302	0.86155	0.713224	0.585551
1.10.418	0.773461	0.645226	0.921768	0.743195	0.466591	0.857033	0.705983	0.572882
1.10.418	0.769501	0.641715	0.92146	0.740095	0.450742	0.859781	0.707001	0.570645
1.10.418	0.771457	0.649117	0.922259	0.737557	0.455093	0.854606	0.709864	0.584578
1.10.418	0.771017	0.640853	0.922141	0.746486	0.477947	0.856242	0.704497	0.569626
1.10.418	0.768959	0.639801	0.919297	0.747886	0.468227	0.855127	0.706588	0.565636
1.10.418	0.773437	0.642793	0.923323	0.74987	0.475639	0.85685	0.703706	0.574622
1.10.418	0.769338	0.640321	0.924402	0.753373	0.478662	0.861146	0.711142	0.570934
1.10.418	0.770078	0.64471	0.922398	0.747055	0.458478	0.862671	0.7114	0.577473
1.10.418	0.770155	0.641062	0.919595	0.740085	0.451724	0.857252	0.704262	0.570812
1.10.418	0.774569	0.643581	0.924571	0.751634	0.468993	0.858152	0.705921	0.572186
1.10.418	0.770187	0.634193	0.921369	0.750409	0.460849	0.855091	0.700905	0.553317
1.10.418	0.772454	0.640645	0.925391	0.76087	0.474089	0.862057	0.712557	0.566734
1.10.418	0.76977	0.638885	0.917588	0.744911	0.459296	0.85547	0.700178	0.567687
1.10.418	0.771027	0.64372	0.921797	0.74106	0.461141	0.85838	0.710157	0.571563
1.10.418	0.771151	0.643413	0.92085	0.7416	0.46022	0.859803	0.709103	0.574639
1.10.418	0.773066	0.638008	0.925539	0.759725	0.489619	0.857119	0.698919	0.562435
1.10.418	0.769354	0.640397	0.921417	0.744343	0.463035	0.855091	0.704452	0.569024
1.10.418	0.772465	0.639835	0.923595	0.75122	0.465793	0.858857	0.705624	0.564123
1.10.418	0.773303	0.641885	0.923474	0.75464	0.476622	0.855801	0.706558	0.568123
1.10.418	0.769376	0.629472	0.922024	0.75857	0.477588	0.849278	0.687393	0.54344
1.10.418	0.77016	0.64204	0.920122	0.743027	0.448034	0.85684	0.705078	0.567382
1.10.418	0.76993	0.639641	0.91902	0.737019	0.452872	0.849422	0.694395	0.56285
1.10.418	0.77087	0.634588	0.922758	0.75088	0.477365	0.849036	0.695225	0.553161
1.10.418	0.768556	0.63419	0.921938	0.756046	0.465759	0.851245	0.69516	0.559694
1.10.418	0.768883	0.635468	0.92258	0.757299	0.472806	0.854073	0.699382	0.560451
1.10.418	0.769788	0.644332	0.918694	0.739074	0.43581	0.850525	0.697619	0.576863
1.10.418	0.768522	0.640132	0.918421	0.747949	0.436856	0.853207	0.695289	0.569423
1.10.418	0.769992	0.640226	0.923309	0.757497	0.476521	0.857701	0.708025	0.566957
1.10.418	0.772184	0.645692	0.920431	0.73709	0.454878	0.856575	0.706557	0.578392
1.10.418	0.769291	0.641501	0.922965	0.756262	0.470338	0.859557	0.708886	0.573499
1.10.418	0.77003	0.638813	0.924529	0.75897	0.464846	0.860747	0.708732	0.568065
1.10.418	0.770628	0.638767	0.924916	0.760199	0.480225	0.859811	0.710427	0.566695
1.10.418	0.772314	0.642007	0.925488	0.755467	0.462848	0.862746	0.713367	0.568793
1.10.418	0.771597	0.642632	0.921679	0.746354	0.476415	0.859412	0.711394	0.571071
1.10.418	0.773421	0.639252	0.925796	0.757884	0.476885	0.860272	0.710496	0.561279
1.10.418	0.771386	0.645264	0.920693	0.743953	0.464702	0.859278	0.711792	0.576738
1.10.418	0.778237	0.652114	0.927269	0.763893	0.494475	0.862519	0.715436	0.585181
1.10.490	0.777401	0.663941	0.924866	0.737129	0.463969	0.865055	0.729512	0.605983
1.10.490	0.782295	0.667803	0.9288	0.754807	0.465262	0.862136	0.723227	0.612261
1.10.490	0.774873	0.658664	0.925446	0.744309	0.450719	0.864181	0.723295	0.599865
1.10.490	0.774481	0.659874	0.923307	0.745621	0.465852	0.86615	0.724661	0.603592
1.10.490	0.778806	0.669139	0.9233	0.738236	0.465693	0.86262	0.72958	0.611879
1.10.490	0.779252	0.667572	0.925105	0.745077	0.46811	0.864078	0.728074	0.610269
1.10.490	0.777117	0.663724	0.920442	0.72542	0.450158	0.863445	0.724708	0.602824
1.10.490	0.776209	0.660473	0.922787	0.734374	0.462482	0.863602	0.726155	0.601065
1.10.490	0.777355	0.663178	0.922223	0.735541	0.463395	0.863185	0.727297	0.601055
1.10.490	0.778277	0.652484	0.927536	0.757006	0.487459	0.859215	0.708436	0.587496
1.10.490	0.781782	0.662973	0.930926	0.758964	0.487611	0.865743	0.725675	0.604832
1.10.490	0.778555	0.670041	0.92133	0.736299	0.45189	0.861518	0.724507	0.613255
1.10.490	0.779756	0.672086	0.923004	0.734618	0.453709	0.860613	0.725451	0.616146
1.10.490	0.776647	0.672344	0.918862	0.721111	0.423995	0.863092	0.731527	0.617603
1.10.490	0.771463	0.653969	0.918533	0.72615	0.408504	0.863616	0.723583	0.588509
1.10.490	0.77395	0.660141	0.916865	0.711327	0.426455	0.859612	0.720829	0.597835
1.10.490	0.775343	0.659269	0.921032	0.739905	0.455934	0.860632	0.720232	0.598098
1.10.490	0.777462	0.663845	0.92353	0.742226	0.458188	0.861982	0.725794	0.606162
1.10.490	0.778689	0.669423	0.922364	0.735912	0.456929	0.862916	0.727728	0.611894
1.10.490	0.779404	0.665948	0.925321	0.744884	0.464514	0.863187	0.726359	0.604911
1.10.490	0.77866	0.656881	0.929878	0.759416	0.493634	0.864291	0.719763	0.59651
1.10.490	0.778576	0.669623	0.921744	0.732185	0.443323	0.864453	0.726421	0.612796
1.10.490	0.779786	0.672531	0.921242	0.732943	0.454728	0.861099	0.727144	0.615954
1.10.490	0.776416	0.664358	0.920961	0.722533	0.434437	0.861842	0.725623	0.602526
1.10.490	0.777819	0.661734	0.923461	0.736192	0.468529	0.858805	0.722245	0.599965
1.10.490	0.774138	0.65609	0.924484	0.748173	0.45747	0.86305	0.723351	0.595594
1.10.490	0.776685	0.661092	0.922125	0.731098	0.451728	0.862232	0.729169	0.599137
1.10.490	0.775955	0.663044	0.9205	0.722022	0.449608	0.864699	0.728083	0.601845
1.10.490	0.779109	0.669736	0.922382	0.734877	0.468583	0.859494	0.722617	0.613104
1.10.490	0.780075	0.672201	0.922241	0.732928	0.448523	0.86199	0.727727	0.615473
1.10.490	0.775112	0.664095	0.923075	0.738611	0.445577	0.863533	0.728775	0.60857
1.10.490	0.776332	0.659971	0.924188	0.742206	0.456927	0.866842	0.727897	0.599608
1.10.490	0.77802	0.662535	0.921082	0.725433	0.457802	0.857594	0.720719	0.596178
1.10.490	0.778762	0.652312	0.923057	0.750315	0.497082	0.856377	0.713985	0.576769
1.10.490	0.7779	0.662255	0.923218	0.73546	0.466625	0.859482	0.717749	0.599332
1.10.490	0.781085	0.660414	0.920427	0.729148	0.435575	0.852547	0.7121	0.586182
1.10.490	0.776694	0.658156	0.924444	0.745345	0.488659	0.863801	0.725614	0.596011
1.10.490	0.77615	0.656566	0.923621	0.748326	0.4624	0.864383	0.723576	0.593754
1.10.490	0.77564	0.660218	0.92219	0.741468	0.454961	0.86394	0.721808	0.600832
1.10.490	0.776193	0.663108	0.922697	0.728951	0.450903	0.864134	0.72832	0.602683
1.10.490	0.776781	0.662815	0.922585	0.73268	0.455123	0.859008	0.721982	0.603436
1.10.490	0.778112	0.671898	0.921327	0.728496	0.417921	0.860346	0.726048	0.614795
1.10.490	0.778077	0.670469	0.921826	0.732817	0.424676	0.859899	0.72369	0.613187
1.10.490	0.778488	0.665283	0.923009	0.737706	0.464505	0.861132	0.725939	0.607385
1.10.490	0.77535	0.660557	0.923977	0.743562	0.454852	0.863398	0.723969	0.603414
1.10.490	0.777789	0.668844	0.919618	0.731227	0.425733	0.860252	0.727562	0.611972
1.10.490	0.779458	0.66646	0.924046	0.7418	0.451942	0.863302	0.724537	0.609549
1.10.490	0.776362	0.660984	0.922926	0.735359	0.463714	0.863395	0.727568	0.600287
1.10.490	0.77659	0.661149	0.923276	0.740032	0.460728	0.862794	0.723106	0.599991
1.10.490	0.776184	0.661855	0.924133	0.741089	0.455932	0.866324	0.73053	0.603192
1.10.490	0.776892	0.664303	0.920694	0.726342	0.446264	0.861699	0.725771	0.602736
1.10.490	0.777433	0.661294	0.92232	0.735816	0.446848	0.862075	0.725633	0.597669
1.10.490	0.783591	0.668271	0.930551	0.760558	0.487607	0.867435	0.730668	0.610053
1.10.490	0.772938	0.661002	0.918147	0.720051	0.427688	0.864228	0.730215	0.600549
1.10.490	0.777635	0.66055	0.923192	0.73617	0.472037	0.859627	0.722433	0.597771
1.10.490	0.776262	0.661244	0.923257	0.741288	0.460624	0.862789	0.721955	0.602991
1.10.490	0.772925	0.655812	0.923641	0.742993	0.45512	0.862785	0.721315	0.595381
1.10.490	0.773831	0.659844	0.916279	0.712697	0.441647	0.860416	0.71965	0.597872
1.10.490	0.772252	0.65669	0.918917	0.726957	0.433077	0.86368	0.726882	0.59442
1.10.490	0.776743	0.661323	0.922424	0.734943	0.457068	0.862388	0.725778	0.599737
1.10.490	0.775557	0.658665	0.924057	0.747069	0.45809	0.865311	0.725367	0.599011
1.10.490	0.775986	0.661914	0.923188	0.73511	0.46897	0.864055	0.726744	0.603152
1.10.490	0.776613	0.659223	0.924393	0.742995	0.471814	0.862767	0.72207	0.598149
1.10.490	0.777222	0.662454	0.922801	0.739845	0.463999	0.863787	0.726758	0.602558
1.10.490	0.778856	0.664539	0.924559	0.747073	0.469544	0.862767	0.723455	0.604438
1.10.490	0.772701	0.654858	0.921826	0.73527	0.443734	0.864142	0.726653	0.592792
1.10.490	0.77227	0.652805	0.920757	0.739298	0.456517	0.862053	0.719063	0.590603
1.10.490	0.777797	0.668629	0.922376	0.737092	0.443247	0.867099	0.731683	0.610813
1.10.490	0.778839	0.66748	0.924196	0.739904	0.45378	0.866327	0.728763	0.609835
1.10.490	0.779402	0.671341	0.920515	0.732231	0.443498	0.859871	0.725218	0.613143
1.10.490	0.78013	0.673798	0.92188	0.726682	0.434053	0.86173	0.729104	0.616953
1.10.490	0.776594	0.66365	0.921987	0.726674	0.429016	0.862534	0.726674	0.603019
1.10.490	0.776874	0.656928	0.925362	0.746387	0.489197	0.86384	0.724835	0.594706
1.10.490	0.778788	0.66782	0.923625	0.738594	0.444499	0.866688	0.731617	0.609217
1.10.490	0.776447	0.661488	0.924046	0.744854	0.453031	0.865224	0.726907	0.603469
1.10.490	0.774171	0.6573	0.918602	0.731089	0.420757	0.860819	0.719355	0.592555
1.10.490	0.777717	0.66316	0.92449	0.739634	0.447461	0.861714	0.723177	0.603424
1.10.490	0.775668	0.662201	0.923803	0.738389	0.433153	0.864267	0.72845	0.604984
1.10.490	0.77416	0.687271	0.9041	0.654067	0.329287	0.850302	0.730685	0.63076
1.10.490	0.77787	0.661766	0.922754	0.738367	0.46939	0.862247	0.724507	0.601228
1.10.490	0.775977	0.661941	0.923197	0.740152	0.452903	0.865572	0.728156	0.60442
1.10.490	0.776629	0.659559	0.924573	0.745273	0.462737	0.8643	0.723985	0.59951
1.10.490	0.772193	0.657014	0.920804	0.734814	0.432255	0.8634	0.724914	0.597057
1.10.490	0.776407	0.66441	0.921368	0.724886	0.427739	0.863473	0.728159	0.604763
1.10.490	0.777012	0.657991	0.924684	0.742018	0.478729	0.863148	0.724166	0.595445
1.10.490	0.774771	0.659517	0.924168	0.740945	0.452892	0.861128	0.72119	0.600997
1.10.490	0.776112	0.659598	0.923326	0.73714	0.465576	0.861769	0.720754	0.599444
1.10.490	0.777146	0.656636	0.925128	0.745439	0.490861	0.861527	0.719068	0.592944
1.10.490	0.777132	0.661141	0.925028	0.744164	0.463151	0.865792	0.728987	0.601246
1.10.490	0.773751	0.662279	0.922108	0.736527	0.43792	0.863302	0.722905	0.60777
1.10.490	0.779929	0.668351	0.923836	0.743391	0.455354	0.863661	0.727678	0.609701
1.10.490	0.778186	0.670379	0.922569	0.732104	0.451008	0.86248	0.726439	0.614859
1.10.490	0.778118	0.664992	0.923895	0.741687	0.46076	0.861121	0.721442	0.606054
1.10.490	0.77929	0.669214	0.923319	0.738812	0.432704	0.864222	0.728846	0.612014
1.10.490	0.776641	0.66043	0.923861	0.742514	0.476234	0.863212	0.724755	0.601255
1.10.490	0.776494	0.657716	0.926546	0.752845	0.473346	0.86927	0.727921	0.596909
1.10.490	0.774388	0.66317	0.923117	0.733433	0.443185	0.866315	0.731845	0.607583
1.10.490	0.769629	0.654181	0.91813	0.730616	0.421778	0.863882	0.722781	0.594088
1.10.490	0.773217	0.6567	0.921485	0.732345	0.451912	0.863643	0.723709	0.595491
1.10.490	0.773437	0.658376	0.917263	0.721014	0.451456	0.859117	0.723678	0.592537
1.10.490	0.776241	0.657594	0.923763	0.742795	0.481492	0.860685	0.719831	0.59533
1.10.490	0.776572	0.657681	0.923903	0.745372	0.473546	0.862423	0.721147	0.594934
1.10.490	0.776874	0.660859	0.92212	0.735654	0.470971	0.862713	0.725362	0.597633
1.10.490	0.776637	0.658209	0.923483	0.741785	0.453134	0.862	0.719585	0.595427
1.10.490	0.775962	0.658127	0.923845	0.744436	0.472272	0.863446	0.72572	0.596117
1.10.490	0.77632	0.658016	0.924016	0.741823	0.469928	0.862978	0.720004	0.595812
1.10.490	0.775561	0.656862	0.925356	0.741497	0.469653	0.866417	0.728342	0.596102
1.10.490	0.776895	0.659818	0.923267	0.74151	0.450281	0.863598	0.723222	0.597513
1.10.490	0.776117	0.661244	0.922681	0.736445	0.459264	0.864223	0.72928	0.600207
1.10.490	0.775834	0.658964	0.923311	0.745214	0.458528	0.864772	0.723362	0.597352
1.10.490	0.775962	0.664234	0.921738	0.724968	0.421767	0.863488	0.728216	0.605633
1.10.490	0.777344	0.65954	0.923399	0.741793	0.477037	0.861207	0.721413	0.597299
1.10.490	0.776063	0.6602	0.924658	0.73981	0.462615	0.862791	0.72349	0.59972
1.10.490	0.776142	0.661988	0.922382	0.729469	0.435525	0.863788	0.724711	0.600807
1.10.490	0.777011	0.657445	0.924842	0.743851	0.476387	0.863637	0.723699	0.594407
1.10.490	0.776131	0.662831	0.921128	0.730675	0.446347	0.864342	0.727553	0.602283
1.10.490	0.776943	0.65896	0.924536	0.739754	0.480105	0.86189	0.721136	0.597866
1.10.490	0.778766	0.667735	0.924174	0.7424	0.461172	0.863471	0.726487	0.610476
1.10.490	0.779148	0.66801	0.924482	0.740687	0.457446	0.863685	0.725344	0.611376
1.10.490	0.774689	0.656024	0.924438	0.741841	0.464576	0.863048	0.721617	0.595376
1.10.490	0.776198	0.660841	0.922621	0.731598	0.455438	0.864378	0.729206	0.601288
1.10.490	0.774048	0.660141	0.922056	0.735188	0.458929	0.862937	0.725961	0.601352
1.10.490	0.77506	0.659637	0.925827	0.745058	0.457785	0.864632	0.728086	0.600251
1.10.510	0.777103	0.648055	0.925822	0.770131	0.479619	0.863446	0.712098	0.575763
1.10.510	0.781132	0.652454	0.928673	0.772116	0.49211	0.860232	0.710943	0.579404
1.10.510	0.776929	0.646783	0.928656	0.769131	0.493559	0.86192	0.712321	0.57658
1.10.510	0.783925	0.65089	0.931246	0.772478	0.510437	0.860964	0.711408	0.574483
1.10.510	0.783162	0.651626	0.93039	0.774677	0.497633	0.862521	0.711019	0.576991
1.10.510	0.783193	0.652668	0.931402	0.772124	0.497257	0.865028	0.716894	0.579497
1.10.510	0.776923	0.646445	0.928899	0.76663	0.483284	0.862179	0.710904	0.573959
1.10.510	0.782375	0.646235	0.929926	0.778092	0.504478	0.856817	0.705289	0.567249
1.10.510	0.782763	0.654127	0.930236	0.773403	0.507694	0.863989	0.716807	0.583617
1.10.510	0.783015	0.652237	0.930729	0.779929	0.517459	0.86385	0.717387	0.576288
1.10.510	0.78698	0.655586	0.932322	0.780446	0.513829	0.861708	0.714353	0.578281
1.10.510	0.782315	0.650765	0.930962	0.780607	0.513234	0.863037	0.71499	0.578496
1.10.510	0.777535	0.650222	0.928576	0.772078	0.502873	0.862246	0.715566	0.581289
1.10.510	0.776903	0.645565	0.929252	0.770957	0.500949	0.860458	0.709822	0.573789
1.10.510	0.789009	0.661926	0.928471	0.765876	0.484268	0.858589	0.712291	0.587033
1.10.510	0.788985	0.65328	0.930858	0.77867	0.516516	0.858466	0.703227	0.574378
1.10.510	0.779303	0.649927	0.928209	0.771349	0.492857	0.861915	0.713068	0.57844
1.10.510	0.776819	0.647083	0.929157	0.772383	0.5007	0.863756	0.715536	0.578466
1.10.510	0.779374	0.652158	0.92933	0.768247	0.498267	0.860961	0.716113	0.584029
1.10.510	0.78018	0.651479	0.924938	0.765102	0.497761	0.859097	0.710146	0.575647
1.10.510	0.781031	0.647759	0.930849	0.780674	0.513809	0.863796	0.714644	0.572003
1.10.510	0.781387	0.650971	0.928811	0.775621	0.498173	0.860977	0.712348	0.576617
1.10.510	0.777937	0.646744	0.928201	0.77332	0.490716	0.862533	0.711271	0.573576
1.10.510	0.781657	0.655441	0.930002	0.771281	0.488126	0.864352	0.718583	0.585379
1.10.510	0.780173	0.650506	0.928676	0.774192	0.492483	0.862865	0.715417	0.576791
1.10.510	0.786539	0.654547	0.932789	0.786836	0.529257	0.864043	0.719108	0.57937
1.10.510	0.778294	0.649396	0.929685	0.772227	0.510098	0.862016	0.712911	0.578458
1.10.510	0.779386	0.649217	0.930688	0.76937	0.503997	0.861153	0.713682	0.576876
1.10.510	0.780888	0.64805	0.929125	0.781881	0.504824	0.86413	0.713726	0.572322
1.10.510	0.778839	0.648697	0.929974	0.772367	0.494095	0.864412	0.714856	0.576285
1.10.510	0.782773	0.655218	0.928293	0.774878	0.499361	0.862108	0.713596	0.586524
1.10.510	0.783204	0.656069	0.927664	0.764356	0.490085	0.861228	0.713116	0.58661
1.10.510	0.778458	0.647765	0.930588	0.776722	0.505949	0.864758	0.715047	0.573982
1.10.510	0.784624	0.651361	0.932519	0.789525	0.518163	0.864151	0.715395	0.575027
1.10.510	0.779427	0.647445	0.929502	0.776147	0.512649	0.860711	0.711265	0.574599
1.10.510	0.780812	0.647761	0.931529	0.775936	0.506004	0.863135	0.712644	0.573972
1.10.510	0.783628	0.654443	0.930175	0.774661	0.500719	0.865408	0.718251	0.583608
1.10.510	0.78337	0.651928	0.930631	0.773718	0.497982	0.863495	0.71468	0.576176
1.10.510	0.780632	0.646701	0.928503	0.78149	0.516028	0.86129	0.711693	0.570091
1.10.510	0.781946	0.651	0.929859	0.775188	0.495409	0.862056	0.713187	0.575244
1.10.510	0.787175	0.659035	0.932032	0.777649	0.526457	0.864782	0.721406	0.586748
1.10.510	0.778737	0.645469	0.92983	0.768723	0.503424	0.860158	0.707095	0.57233
1.10.510	0.779444	0.652173	0.930185	0.772894	0.509255	0.862767	0.718162	0.583007
1.10.510	0.777098	0.648669	0.928901	0.771009	0.496504	0.864327	0.716497	0.58065
1.10.510	0.782492	0.651546	0.930027	0.771804	0.511902	0.862107	0.712489	0.579009
1.10.510	0.778029	0.647094	0.929531	0.769642	0.485436	0.863824	0.712298	0.574977
1.10.510	0.785844	0.655013	0.931573	0.781597	0.524421	0.864886	0.717404	0.582225
1.10.510	0.781554	0.65381	0.924728	0.763948	0.480226	0.859134	0.711746	0.578208
1.10.510	0.779507	0.648041	0.929339	0.769405	0.491584	0.860371	0.711977	0.575384
1.10.510	0.783331	0.651617	0.930238	0.778474	0.504341	0.861292	0.712817	0.577881
1.10.510	0.781591	0.659695	0.923491	0.759776	0.485375	0.861444	0.718767	0.589576
1.10.510	0.782058	0.647709	0.929592	0.782923	0.514398	0.862452	0.709833	0.571606
1.10.510	0.785369	0.658293	0.929824	0.770225	0.504243	0.863229	0.719414	0.584301
1.10.510	0.784504	0.659305	0.930452	0.775977	0.508045	0.862654	0.722904	0.589875
1.10.510	0.782279	0.656361	0.927677	0.767781	0.49131	0.862621	0.715517	0.58561
1.10.510	0.781944	0.652703	0.929471	0.772267	0.503791	0.863851	0.719799	0.578322
1.10.510	0.780335	0.650865	0.927792	0.768683	0.485824	0.861762	0.709766	0.57644
1.10.510	0.783706	0.654345	0.931424	0.771564	0.502831	0.86639	0.719947	0.5831
1.10.510	0.780237	0.647785	0.929638	0.767581	0.502115	0.858422	0.707897	0.570735
1.10.510	0.780312	0.652449	0.928436	0.769419	0.497643	0.862762	0.718329	0.584614
1.10.510	0.781019	0.647314	0.930726	0.779929	0.495014	0.863324	0.711118	0.57045
1.10.510	0.786137	0.657205	0.931591	0.780943	0.516944	0.86593	0.72128	0.5827
1.10.510	0.78336	0.653893	0.929932	0.770717	0.489	0.86432	0.716974	0.58094
1.10.510	0.782001	0.648225	0.931372	0.775489	0.498738	0.861358	0.710101	0.571041
1.10.510	0.781476	0.651518	0.928558	0.771101	0.492767	0.864033	0.714976	0.576934
1.10.510	0.780511	0.650583	0.929431	0.770002	0.500449	0.86155	0.714902	0.576377
1.10.510	0.784524	0.655886	0.92881	0.770008	0.485355	0.863307	0.715156	0.58421
1.10.510	0.784647	0.652204	0.932243	0.776823	0.516245	0.863651	0.714995	0.575727
1.10.510	0.778322	0.646127	0.926467	0.762441	0.487108	0.858124	0.707657	0.573504
1.10.510	0.778617	0.647716	0.927511	0.765987	0.499271	0.857045	0.708217	0.574738
1.10.510	0.778463	0.653445	0.927962	0.760186	0.475982	0.86417	0.715966	0.584014
1.10.510	0.779871	0.648907	0.92639	0.774377	0.486995	0.862472	0.711489	0.575348
1.10.510	0.778714	0.651233	0.928136	0.77035	0.491187	0.861622	0.712841	0.582673
1.10.510	0.779578	0.649805	0.930421	0.769644	0.499185	0.859602	0.713174	0.575437
1.10.510	0.778412	0.643079	0.925189	0.765247	0.494609	0.857902	0.705703	0.565948
1.10.510	0.781957	0.649118	0.928982	0.777516	0.491625	0.86066	0.709704	0.573773
1.10.510	0.78144	0.654675	0.929779	0.769909	0.497586	0.863999	0.716083	0.584858
1.10.510	0.780254	0.650872	0.930366	0.773649	0.501608	0.864896	0.717447	0.579711
1.10.510	0.779929	0.649132	0.926519	0.764149	0.481561	0.858561	0.709335	0.575031
1.10.510	0.782959	0.655275	0.931708	0.771874	0.503974	0.867644	0.723715	0.58355
1.10.510	0.782465	0.653408	0.92814	0.770056	0.500665	0.862123	0.716896	0.579156
1.10.510	0.781399	0.657209	0.927558	0.764833	0.490233	0.862262	0.71768	0.585365
1.10.510	0.78255	0.664043	0.926098	0.757817	0.480551	0.863491	0.721961	0.598672
1.10.510	0.783427	0.655729	0.927115	0.768648	0.502375	0.860869	0.716114	0.578616
1.10.510	0.777294	0.646613	0.92534	0.773724	0.489435	0.860841	0.711422	0.573705
1.10.510	0.782012	0.654262	0.930383	0.770928	0.506583	0.862962	0.718447	0.580353
1.10.510	0.781413	0.650016	0.930368	0.775709	0.516312	0.860732	0.713007	0.577112
1.10.510	0.778895	0.647394	0.929385	0.76606	0.493577	0.860971	0.711507	0.574627
1.10.510	0.783638	0.649805	0.931368	0.776339	0.515665	0.861913	0.709964	0.572969
1.10.510	0.780369	0.648205	0.931158	0.773391	0.513167	0.861714	0.714762	0.574177
1.10.510	0.78213	0.650786	0.930831	0.773367	0.498562	0.861622	0.713523	0.577049
1.10.510	0.781131	0.646069	0.93097	0.776012	0.499335	0.861798	0.711059	0.568173
1.10.510	0.782691	0.650227	0.932078	0.781198	0.511985	0.864019	0.71637	0.574648
1.10.510	0.778641	0.650444	0.930413	0.773843	0.509618	0.863644	0.717981	0.582109
1.10.510	0.784374	0.658325	0.930144	0.770351	0.500516	0.863208	0.720355	0.587442
1.10.510	0.778756	0.644359	0.928685	0.776777	0.503036	0.86068	0.709644	0.569691
1.10.510	0.779775	0.653058	0.929088	0.773474	0.496479	0.863553	0.717639	0.583506
1.10.510	0.779706	0.650076	0.929195	0.772519	0.503346	0.861931	0.712927	0.57714
1.10.510	0.780122	0.647614	0.92963	0.77713	0.509517	0.862534	0.713551	0.573224
1.10.510	0.777887	0.651036	0.929368	0.772968	0.512713	0.862743	0.717409	0.583565
1.10.510	0.779281	0.646862	0.929831	0.77356	0.497395	0.860674	0.713867	0.571943
1.10.510	0.782499	0.653894	0.93103	0.769297	0.505825	0.864484	0.718696	0.5804
1.10.510	0.781647	0.648692	0.92936	0.774493	0.48526	0.86226	0.709228	0.57311
1.10.510	0.779668	0.649009	0.929289	0.769124	0.494518	0.862534	0.714067	0.575024
1.10.510	0.779069	0.651641	0.929841	0.773204	0.506999	0.862501	0.716071	0.582097
1.10.510	0.780183	0.655077	0.929745	0.767641	0.497084	0.866237	0.722434	0.586634
1.10.510	0.780234	0.647148	0.929054	0.771975	0.503429	0.861345	0.711007	0.571012
1.10.510	0.778771	0.647557	0.92598	0.774417	0.499126	0.859288	0.71071	0.573241
1.10.510	0.779505	0.651609	0.928636	0.768997	0.493878	0.85998	0.714892	0.579402
1.10.510	0.782278	0.658351	0.928866	0.764382	0.495913	0.86229	0.721136	0.587383
1.10.510	0.77815	0.64985	0.925399	0.768085	0.4847	0.858959	0.707849	0.574293
1.10.510	0.779783	0.649394	0.929721	0.770779	0.505848	0.859702	0.712736	0.578404
1.10.510	0.784493	0.659088	0.928369	0.767864	0.501851	0.861988	0.720139	0.586898
1.10.510	0.77745	0.648196	0.928838	0.771015	0.49362	0.861911	0.714021	0.579862
1.10.510	0.782166	0.648658	0.930145	0.771205	0.517604	0.858496	0.710324	0.573769
1.10.510	0.786938	0.660828	0.930859	0.773824	0.522811	0.863647	0.721122	0.588813
1.10.510	0.77925	0.650873	0.930018	0.776484	0.504001	0.864275	0.71738	0.579283
1.10.510	0.779788	0.647379	0.929526	0.778478	0.503187	0.863176	0.714881	0.571902
1.10.510	0.782841	0.651554	0.929937	0.778804	0.499785	0.863194	0.714879	0.576871
1.10.510	0.779478	0.64774	0.929849	0.775799	0.503351	0.861438	0.713039	0.575678
1.10.510	0.785997	0.654164	0.932095	0.776401	0.519229	0.862757	0.715408	0.57573
1.10.510	0.780578	0.645998	0.929504	0.772092	0.501772	0.858841	0.711457	0.565052
1.10.510	0.778514	0.646882	0.930356	0.772847	0.511015	0.860849	0.713073	0.571904
1.10.510	0.779652	0.643242	0.931031	0.783963	0.523191	0.861725	0.714161	0.566805
1.10.510	0.780767	0.647694	0.931506	0.781732	0.509351	0.861386	0.713399	0.571534
1.10.510	0.781161	0.647105	0.929991	0.777274	0.511639	0.86254	0.71323	0.572583
1.10.510	0.77973	0.65321	0.929454	0.765992	0.502933	0.863327	0.716794	0.585519
1.10.510	0.779174	0.646708	0.930731	0.776015	0.51122	0.862288	0.713673	0.573061
1.10.510	0.77916	0.64924	0.928022	0.770947	0.492468	0.861857	0.712592	0.57671
1.10.510	0.779092	0.647239	0.930208	0.775536	0.507774	0.862159	0.71206	0.574066
1.10.510	0.783652	0.649483	0.930726	0.778545	0.517968	0.861436	0.713189	0.570367
1.10.510	0.777512	0.645937	0.929719	0.774532	0.504569	0.86011	0.710187	0.57364
1.10.510	0.782086	0.652459	0.930058	0.772142	0.50336	0.864875	0.719424	0.578754
1.10.510	0.78014	0.651249	0.931378	0.775054	0.5146	0.863828	0.720201	0.581072
1.10.510	0.783176	0.652987	0.931956	0.776481	0.513826	0.865456	0.720813	0.579327
1.10.510	0.778954	0.647095	0.930342	0.774069	0.507363	0.861376	0.712079	0.574488
1.10.510	0.781805	0.647401	0.930526	0.779122	0.50014	0.862342	0.70864	0.56668
1.10.510	0.778088	0.648412	0.93018	0.769825	0.504331	0.86391	0.713608	0.577846
1.10.510	0.78032	0.651798	0.928525	0.771575	0.498254	0.865148	0.720092	0.581514
1.10.510	0.782108	0.64942	0.930367	0.778062	0.506537	0.862577	0.713826	0.573321
1.10.510	0.775847	0.642212	0.924141	0.752215	0.47991	0.850689	0.697638	0.564113
1.10.510	0.782474	0.652836	0.930154	0.768006	0.487413	0.862583	0.714413	0.579047
1.10.510	0.779638	0.648132	0.928054	0.763983	0.48456	0.858424	0.712052	0.573371
1.10.510	0.777999	0.651802	0.926252	0.759562	0.486225	0.858978	0.715448	0.580155
1.10.510	0.77811	0.644929	0.929662	0.775377	0.509627	0.858074	0.706214	0.570687
1.10.510	0.779163	0.649111	0.926086	0.762761	0.481598	0.859205	0.710027	0.574545
1.10.510	0.779257	0.649134	0.929151	0.771073	0.505018	0.859926	0.713965	0.579169
1.10.510	0.787123	0.656291	0.932368	0.782637	0.515503	0.863729	0.715767	0.581739
1.10.510	0.784091	0.652431	0.931053	0.776063	0.508634	0.862291	0.712958	0.579787
1.10.510	0.785429	0.656911	0.930693	0.7758	0.485133	0.862665	0.714491	0.584655
1.10.510	0.782651	0.652042	0.931587	0.779031	0.518315	0.863296	0.716748	0.58033
1.10.510	0.781303	0.650773	0.931117	0.777049	0.513743	0.862687	0.7148	0.577568
1.10.510	0.781273	0.649784	0.929231	0.775504	0.507399	0.862096	0.715385	0.575541
1.10.510	0.779182	0.649431	0.929581	0.775189	0.499359	0.862631	0.713566	0.578035
1.10.510	0.780956	0.647696	0.928847	0.776425	0.513509	0.858244	0.708366	0.571495
1.10.510	0.779846	0.652129	0.929822	0.768725	0.496931	0.865015	0.718814	0.582438
1.10.510	0.780627	0.651611	0.927535	0.768668	0.492143	0.862056	0.713435	0.581737
1.10.510	0.780082	0.648478	0.929068	0.768028	0.494268	0.86126	0.712995	0.572437
1.10.510	0.782413	0.650501	0.932458	0.78235	0.515267	0.864727	0.720076	0.574707
1.10.510	0.779833	0.647023	0.928875	0.775094	0.490638	0.860976	0.70876	0.573296
1.10.510	0.778988	0.65232	0.929655	0.771679	0.491375	0.863747	0.719163	0.582282
1.10.510	0.78164	0.652365	0.930095	0.774548	0.498714	0.863393	0.713917	0.581388
1.10.510	0.780682	0.657268	0.922051	0.747861	0.471701	0.85607	0.70896	0.582555
1.10.510	0.781647	0.652103	0.930326	0.781535	0.515655	0.865491	0.718636	0.577349
1.10.510	0.778309	0.649354	0.92861	0.772084	0.483855	0.860789	0.708867	0.579001
1.10.510	0.77674	0.644813	0.928493	0.776136	0.49774	0.861642	0.70877	0.572843
1.10.510	0.780134	0.650127	0.929131	0.773613	0.508243	0.858997	0.709919	0.578046
1.10.510	0.781626	0.65007	0.929289	0.775396	0.497038	0.86127	0.71086	0.574514
1.10.510	0.781583	0.652201	0.928702	0.769622	0.502111	0.857846	0.709287	0.576623
1.10.510	0.77963	0.64793	0.93022	0.774998	0.509731	0.8615	0.713901	0.573511
1.10.510	0.78097	0.65146	0.929094	0.773586	0.494466	0.860739	0.715511	0.575741
1.10.510	0.783244	0.656291	0.928514	0.766368	0.497381	0.861125	0.714771	0.586192
1.10.510	0.781838	0.652336	0.930407	0.775153	0.507182	0.863159	0.717428	0.580428
1.10.510	0.786975	0.65744	0.932223	0.776476	0.516878	0.864589	0.720796	0.582652
1.10.510	0.780995	0.651022	0.93012	0.773951	0.499943	0.861917	0.714365	0.579807
1.10.510	0.780686	0.654549	0.92985	0.771753	0.498598	0.8645	0.719125	0.585899
1.10.510	0.779325	0.649311	0.929839	0.770174	0.502921	0.861766	0.714913	0.579155
1.10.510	0.781664	0.65294	0.929775	0.773071	0.502855	0.865764	0.718843	0.582038
1.10.510	0.775909	0.646088	0.929218	0.77498	0.497589	0.862703	0.715631	0.574915
1.10.510	0.781148	0.645512	0.931706	0.782883	0.523917	0.863373	0.71338	0.566644
1.10.510	0.783259	0.64962	0.929798	0.776769	0.524516	0.858233	0.709196	0.569994
1.10.510	0.785865	0.655225	0.931938	0.779963	0.51952	0.863857	0.717323	0.581846
1.10.510	0.783639	0.65251	0.9322	0.777831	0.510236	0.864642	0.718796	0.575214
1.10.510	0.783433	0.652452	0.932941	0.778705	0.515527	0.864382	0.719372	0.575771
1.10.510	0.778083	0.644671	0.927779	0.772953	0.501068	0.857687	0.706137	0.570501
1.10.510	0.782261	0.656981	0.925743	0.75888	0.490798	0.85782	0.709827	0.585675
1.10.510	0.781168	0.648925	0.928046	0.765224	0.491418	0.854891	0.704513	0.574314
1.10.510	0.777998	0.64737	0.929087	0.773848	0.497651	0.863331	0.713325	0.57762
1.10.510	0.779126	0.644302	0.930205	0.773435	0.50873	0.860457	0.708621	0.567005
1.10.510	0.781785	0.648826	0.931017	0.77455	0.503513	0.860212	0.709079	0.575436
1.10.510	0.781687	0.65342	0.930458	0.770437	0.502294	0.862908	0.715113	0.583183
1.10.510	0.780883	0.649112	0.931662	0.777633	0.524686	0.862248	0.714515	0.575816
1.10.510	0.783609	0.654303	0.93291	0.777771	0.519805	0.864445	0.720266	0.581131
1.10.510	0.783143	0.652281	0.930664	0.77887	0.518489	0.864155	0.718412	0.577987
1.10.510	0.779424	0.649399	0.928572	0.766885	0.482042	0.857741	0.711301	0.5762
1.10.510	0.779463	0.648852	0.930375	0.774333	0.502481	0.863057	0.71543	0.57639
1.10.510	0.782812	0.651146	0.931373	0.781565	0.513495	0.86498	0.717094	0.575991
1.10.530	0.777629	0.647231	0.926475	0.762074	0.495954	0.862957	0.715137	0.574287
1.10.530	0.773109	0.634516	0.924889	0.756386	0.490725	0.856245	0.70009	0.547833
1.10.530	0.775246	0.636626	0.925406	0.755093	0.498741	0.855255	0.704239	0.545842
1.10.530	0.774287	0.641193	0.923431	0.748152	0.482743	0.857901	0.707457	0.55699
1.10.530	0.779478	0.652886	0.931754	0.769673	0.512741	0.869596	0.725779	0.58709
1.10.530	0.774764	0.637859	0.923628	0.749544	0.502218	0.851342	0.701205	0.552137
1.10.530	0.772788	0.632304	0.925418	0.755613	0.499174	0.856754	0.696987	0.54533
1.10.530	0.774317	0.638866	0.923714	0.751685	0.488157	0.854664	0.70236	0.556605
1.10.530	0.773682	0.639278	0.92274	0.752065	0.495136	0.856313	0.707434	0.557333
1.10.530	0.776632	0.639412	0.922315	0.742869	0.477341	0.847898	0.690348	0.551562
1.10.530	0.774849	0.641222	0.925236	0.751347	0.504375	0.857513	0.708495	0.562796
1.10.530	0.775531	0.639145	0.925953	0.753659	0.508674	0.85542	0.70593	0.553755
1.10.530	0.778707	0.636474	0.926171	0.757814	0.51054	0.852664	0.698951	0.543084
1.10.530	0.777882	0.654532	0.928876	0.76305	0.492093	0.868258	0.726037	0.589729
1.10.530	0.772339	0.647143	0.91802	0.742079	0.472756	0.847945	0.704026	0.569442
1.10.530	0.778876	0.658159	0.925736	0.755753	0.480224	0.865362	0.726036	0.591817
1.10.530	0.780579	0.657308	0.925205	0.757099	0.488411	0.863954	0.723019	0.589544
1.10.530	0.773743	0.651197	0.926304	0.758083	0.474525	0.864902	0.720218	0.585141
1.10.530	0.766956	0.632629	0.916699	0.757706	0.468784	0.856998	0.705154	0.548732
1.10.530	0.773758	0.635836	0.925472	0.7586	0.491708	0.855465	0.704073	0.54814
1.10.530	0.775022	0.640123	0.925078	0.753769	0.499668	0.856431	0.706912	0.555237
1.10.530	0.772028	0.640777	0.92527	0.754593	0.501529	0.862267	0.71598	0.564589
1.10.530	0.774929	0.638164	0.92548	0.761895	0.511029	0.858336	0.706902	0.556007
1.10.530	0.774662	0.640688	0.925468	0.75595	0.507288	0.861437	0.712161	0.561424
1.10.530	0.779529	0.658147	0.924546	0.751288	0.480137	0.863588	0.723934	0.589463
1.10.530	0.773797	0.640761	0.926883	0.7589	0.505602	0.860885	0.714395	0.561555
1.10.530	0.773247	0.639505	0.926467	0.760622	0.506588	0.859272	0.713109	0.559645
1.10.530	0.774943	0.639306	0.926371	0.755708	0.504636	0.85574	0.707254	0.555491
1.10.530	0.771972	0.640104	0.925562	0.756641	0.492451	0.862647	0.718458	0.560995
1.10.530	0.779172	0.659806	0.924518	0.746197	0.470106	0.862525	0.723386	0.594628
1.10.530	0.778865	0.654263	0.930147	0.769844	0.503935	0.870625	0.727109	0.591058
1.10.530	0.778389	0.652808	0.930446	0.770748	0.516737	0.869586	0.726994	0.586706
1.10.565	0.785758	0.66543	0.932085	0.767016	0.506517	0.870437	0.731163	0.604803
1.10.565	0.786775	0.668084	0.93057	0.759984	0.48089	0.868215	0.73123	0.60626
1.10.565	0.787004	0.668474	0.930332	0.758949	0.487911	0.86816	0.730094	0.605646
1.10.565	0.786274	0.668311	0.929674	0.759579	0.47517	0.865615	0.728428	0.605171
1.10.565	0.787088	0.670011	0.927201	0.749599	0.471951	0.86335	0.724148	0.607692
1.10.565	0.785704	0.671961	0.931201	0.765925	0.484576	0.870818	0.736127	0.615157
1.10.565	0.786898	0.671492	0.930831	0.760553	0.494784	0.868054	0.731327	0.613527
1.10.565	0.783923	0.664002	0.932472	0.766614	0.489316	0.868256	0.728476	0.603957
1.10.565	0.786339	0.666971	0.932189	0.768638	0.489668	0.869652	0.729986	0.606347
1.10.565	0.786236	0.667479	0.932763	0.766505	0.500799	0.87032	0.733505	0.607723
1.10.565	0.785007	0.666387	0.930625	0.764719	0.495249	0.87	0.731185	0.605843
1.10.565	0.786201	0.667122	0.930814	0.761637	0.495016	0.868514	0.727776	0.605849
1.10.565	0.784927	0.669136	0.929162	0.754158	0.4801	0.865206	0.729331	0.608989
1.10.565	0.78631	0.670441	0.929361	0.756816	0.478429	0.867635	0.731193	0.609354
1.10.565	0.785758	0.668978	0.930649	0.760734	0.475075	0.867225	0.73006	0.609631
1.10.565	0.784303	0.663576	0.931328	0.768578	0.496758	0.865351	0.721367	0.60317
1.10.565	0.785267	0.668774	0.931072	0.761365	0.491184	0.869782	0.732576	0.610124
1.10.565	0.786191	0.673234	0.929564	0.757088	0.471458	0.868538	0.734226	0.615674
1.10.565	0.785034	0.667435	0.931031	0.766902	0.488875	0.868194	0.729005	0.60701
1.10.565	0.781713	0.657602	0.930129	0.7657	0.506013	0.865888	0.721909	0.593457
1.10.565	0.787242	0.669881	0.931781	0.763553	0.486987	0.868389	0.730362	0.609289
1.10.565	0.788058	0.670849	0.932048	0.76469	0.481741	0.868752	0.731909	0.611277
1.10.565	0.785644	0.667206	0.930831	0.755748	0.465457	0.867239	0.729858	0.607031
1.10.565	0.780796	0.661016	0.926409	0.751719	0.467667	0.866757	0.725133	0.596489
1.10.565	0.786108	0.666576	0.931681	0.762765	0.492647	0.86897	0.729054	0.606385
1.10.565	0.784891	0.661913	0.930769	0.765694	0.486441	0.86638	0.722909	0.597006
1.10.565	0.785631	0.668973	0.930437	0.760497	0.47649	0.866701	0.727027	0.610336
1.10.565	0.784888	0.666027	0.932392	0.766801	0.495094	0.871174	0.732544	0.605965
1.10.565	0.785222	0.667899	0.930618	0.758968	0.481684	0.866924	0.727169	0.610034
1.10.565	0.783782	0.665822	0.929943	0.757497	0.482099	0.867324	0.729999	0.606459
1.10.565	0.788226	0.670219	0.931999	0.767253	0.493554	0.868605	0.730566	0.609397
1.10.565	0.786402	0.667715	0.931699	0.765997	0.495022	0.868977	0.731079	0.607256
1.10.565	0.781979	0.659469	0.927378	0.757678	0.48079	0.863803	0.720998	0.592373
1.10.565	0.787086	0.673538	0.928534	0.755653	0.472858	0.865314	0.726688	0.615464
1.10.565	0.786189	0.66731	0.932622	0.768799	0.498026	0.871084	0.732622	0.606271
1.10.565	0.784073	0.667769	0.930595	0.764703	0.490126	0.868501	0.731207	0.610648
1.10.565	0.780936	0.658424	0.931524	0.765224	0.477592	0.86734	0.722217	0.59716
1.10.565	0.787877	0.668164	0.934072	0.772039	0.50861	0.872442	0.732213	0.607714
1.10.565	0.785171	0.668847	0.927409	0.748968	0.479108	0.864278	0.727995	0.606726
1.10.565	0.788431	0.672458	0.930039	0.761697	0.470585	0.866728	0.727514	0.611762
1.10.565	0.786626	0.664962	0.93279	0.767794	0.507736	0.866217	0.728145	0.602151
1.10.565	0.787219	0.670725	0.931507	0.766841	0.475575	0.870389	0.733469	0.611882
1.10.565	0.78235	0.661635	0.929174	0.760431	0.477192	0.865101	0.722443	0.597859
1.10.565	0.786302	0.667946	0.929682	0.757014	0.489036	0.865765	0.725951	0.60574
1.10.565	0.786763	0.666834	0.932055	0.766608	0.49633	0.868256	0.730501	0.605018
1.10.565	0.786249	0.668931	0.931054	0.766172	0.496437	0.871164	0.731438	0.609638
1.10.565	0.788052	0.6677	0.932075	0.770119	0.512386	0.870056	0.728988	0.605723
1.10.565	0.785247	0.666041	0.93122	0.756854	0.476401	0.866965	0.728211	0.605347
1.10.565	0.786151	0.666827	0.931268	0.765259	0.504491	0.869098	0.73038	0.606194
1.10.565	0.786915	0.67061	0.929525	0.75605	0.474095	0.863756	0.727333	0.61269
1.10.630	0.797749	0.674199	0.936991	0.785701	0.543084	0.869759	0.732668	0.604447
1.10.630	0.797533	0.675339	0.935411	0.779606	0.524013	0.868901	0.731487	0.607594
1.10.630	0.795083	0.673208	0.934979	0.779179	0.532329	0.871579	0.73456	0.603979
1.10.630	0.796232	0.674473	0.936883	0.784857	0.535046	0.873779	0.737347	0.608049
1.10.630	0.796901	0.675839	0.935303	0.779687	0.531631	0.872084	0.735972	0.606554
1.10.630	0.794955	0.67272	0.935259	0.781992	0.527523	0.871263	0.732953	0.606122
1.10.630	0.796367	0.672818	0.936964	0.782308	0.532909	0.870195	0.73196	0.603439
1.10.630	0.795498	0.674389	0.936213	0.782907	0.52961	0.87162	0.735875	0.608734
1.10.630	0.798773	0.67698	0.937639	0.787146	0.544221	0.87337	0.739086	0.609299
1.10.630	0.796919	0.673872	0.936503	0.781753	0.533049	0.870234	0.731134	0.605911
1.10.630	0.798291	0.681492	0.935431	0.782059	0.535634	0.874061	0.741718	0.617872
1.10.630	0.797177	0.674046	0.936039	0.786267	0.547763	0.870586	0.732201	0.605428
1.10.630	0.798424	0.67685	0.937294	0.786155	0.542108	0.872391	0.73757	0.609838
1.10.630	0.797317	0.674569	0.93473	0.784326	0.52214	0.868007	0.729031	0.605874
1.10.630	0.796181	0.672292	0.936227	0.787122	0.527135	0.871322	0.733127	0.602747
1.10.630	0.796356	0.675723	0.934918	0.781989	0.532949	0.871524	0.735181	0.611171
1.10.630	0.796682	0.67295	0.936566	0.786274	0.533947	0.872043	0.731473	0.605478
1.10.630	0.797069	0.67463	0.934477	0.782359	0.520225	0.871226	0.730288	0.605816
1.10.630	0.798391	0.67738	0.936363	0.784646	0.530666	0.873229	0.736807	0.611668
1.10.630	0.79788	0.676138	0.939206	0.790847	0.549269	0.875634	0.740531	0.610812
1.10.630	0.797884	0.677559	0.937393	0.784085	0.535627	0.874763	0.738836	0.611718
1.10.630	0.799527	0.678862	0.936964	0.783864	0.537701	0.873049	0.738009	0.613476
1.10.630	0.793341	0.670945	0.933545	0.776262	0.513008	0.869905	0.730366	0.601994
1.10.630	0.79655	0.676323	0.935746	0.779533	0.524039	0.871824	0.734259	0.609286
1.10.630	0.797689	0.677419	0.936701	0.786117	0.534245	0.874923	0.738602	0.611504
1.10.630	0.796734	0.675726	0.934937	0.781049	0.525028	0.871127	0.733026	0.608719
1.10.630	0.795933	0.673185	0.935686	0.783213	0.534618	0.869972	0.731103	0.606671
1.10.630	0.796982	0.674181	0.935978	0.782388	0.528253	0.870898	0.732559	0.60567
1.10.630	0.796473	0.669261	0.938045	0.792159	0.552136	0.87195	0.732539	0.596024
1.10.630	0.79566	0.674759	0.93628	0.782507	0.528187	0.873975	0.737876	0.608003
1.10.630	0.795939	0.670854	0.936226	0.786517	0.53035	0.869323	0.728758	0.601892
1.10.630	0.795905	0.673246	0.937361	0.786821	0.542448	0.872986	0.736566	0.605366
1.10.630	0.795035	0.672143	0.935214	0.781455	0.531056	0.872448	0.734725	0.603593
1.10.630	0.796693	0.675503	0.936053	0.783024	0.538675	0.870455	0.733051	0.609832
1.10.630	0.798641	0.676747	0.938105	0.788882	0.542634	0.874085	0.740508	0.610141
1.10.630	0.798832	0.676773	0.938051	0.786477	0.538969	0.874939	0.739366	0.60946
1.10.630	0.798702	0.677708	0.937369	0.789147	0.543658	0.873748	0.73906	0.612003
1.10.630	0.796239	0.66991	0.938137	0.791734	0.545693	0.871334	0.732641	0.598278
1.10.630	0.796744	0.673431	0.936589	0.786203	0.539911	0.871922	0.733483	0.604573
1.10.630	0.79905	0.678181	0.937088	0.785564	0.541442	0.873978	0.737046	0.612863
1.10.630	0.796576	0.672104	0.936273	0.785822	0.535005	0.870443	0.732106	0.600459
1.10.630	0.795586	0.675932	0.934699	0.775992	0.515123	0.870823	0.733009	0.612118
1.10.760	0.778523	0.64547	0.918459	0.73202	0.452626	0.849188	0.698118	0.555309
1.10.760	0.77494	0.6416	0.919536	0.73962	0.476419	0.854783	0.701059	0.560625
1.10.760	0.774725	0.644509	0.920846	0.757033	0.472834	0.863617	0.712882	0.567383
1.10.760	0.773772	0.641714	0.919327	0.738224	0.493171	0.852929	0.709047	0.556113
1.10.760	0.772864	0.639185	0.919415	0.738357	0.490758	0.852937	0.70639	0.552049
1.10.760	0.774629	0.644141	0.919467	0.740682	0.458086	0.857966	0.712443	0.561011
1.10.760	0.77504	0.641341	0.920499	0.750043	0.469297	0.855899	0.70364	0.558937
1.10.760	0.772259	0.64364	0.918492	0.742128	0.462824	0.853703	0.70611	0.562136
1.10.760	0.776166	0.644944	0.922354	0.753822	0.476222	0.858534	0.712033	0.561598
1.10.760	0.775307	0.651433	0.920182	0.740009	0.464633	0.859559	0.715807	0.575718
1.10.760	0.774227	0.650572	0.919555	0.739212	0.472634	0.854096	0.713196	0.57484
1.10.760	0.77304	0.648965	0.916562	0.729817	0.470666	0.857963	0.718419	0.568117
1.10.760	0.776879	0.63634	0.921038	0.754888	0.501107	0.849825	0.696501	0.542199
1.10.760	0.772074	0.636964	0.917584	0.747465	0.478061	0.851518	0.701996	0.551219
1.10.760	0.772374	0.64802	0.91566	0.737674	0.444889	0.860343	0.71686	0.576627
1.10.760	0.778003	0.649995	0.917	0.731961	0.478218	0.852962	0.711335	0.562588
1.10.760	0.779535	0.654694	0.921039	0.738326	0.480342	0.857469	0.71498	0.576986
1.10.760	0.7738	0.647384	0.917974	0.736611	0.455449	0.859227	0.716514	0.570517
1.10.760	0.768256	0.643311	0.915353	0.734672	0.45826	0.858506	0.710238	0.56819
1.10.760	0.77606	0.647663	0.922031	0.742287	0.481031	0.857833	0.709205	0.568087
1.10.760	0.767966	0.64423	0.913392	0.737955	0.431839	0.857799	0.709054	0.568552
1.10.760	0.776379	0.649631	0.919739	0.73328	0.460547	0.855043	0.710788	0.564863
1.10.760	0.778799	0.649552	0.92197	0.741011	0.469783	0.856608	0.706976	0.571041
1.10.760	0.774949	0.642542	0.91708	0.739284	0.459895	0.853252	0.701525	0.556999
1.10.760	0.77239	0.640167	0.918653	0.73843	0.470316	0.855946	0.705703	0.554188
1.10.760	0.785154	0.643392	0.925417	0.765091	0.487507	0.855019	0.700588	0.547087
1.10.760	0.775067	0.649965	0.917863	0.735149	0.440564	0.856877	0.715883	0.568599
1.10.760	0.775919	0.653008	0.917048	0.728062	0.453868	0.85642	0.711887	0.573921
1.10.760	0.78341	0.651448	0.925896	0.765456	0.517693	0.862149	0.716509	0.564628
1.10.760	0.771819	0.644291	0.915554	0.729025	0.457614	0.855837	0.710488	0.562779
1.10.760	0.775523	0.642437	0.920107	0.746729	0.484622	0.854392	0.704231	0.558204
1.10.760	0.774055	0.652148	0.916365	0.730063	0.482671	0.857074	0.72255	0.573293
1.10.760	0.776593	0.640785	0.920396	0.753595	0.485449	0.854361	0.701376	0.553459
1.10.760	0.777278	0.65478	0.919931	0.743453	0.476061	0.861184	0.723979	0.577056
1.10.760	0.779747	0.653831	0.922837	0.744605	0.469933	0.859783	0.712656	0.573694
1.10.760	0.776575	0.644338	0.921951	0.758033	0.470342	0.859898	0.70606	0.560931
1.10.760	0.778782	0.646768	0.926896	0.76547	0.508728	0.862772	0.712984	0.567124
1.10.760	0.776742	0.644476	0.923045	0.762541	0.485621	0.859255	0.706464	0.563213
1.10.760	0.786705	0.653503	0.928377	0.769672	0.530595	0.85996	0.715698	0.56428
1.10.760	0.777556	0.654047	0.920394	0.73943	0.483858	0.858769	0.72108	0.574482
1.10.760	0.778507	0.650062	0.923615	0.743595	0.467949	0.859116	0.711724	0.570389
1.10.760	0.773298	0.641607	0.918633	0.742186	0.479406	0.857383	0.70725	0.560992
1.10.760	0.774945	0.650162	0.918867	0.735801	0.464225	0.857556	0.715373	0.570126
1.10.760	0.777887	0.65031	0.920484	0.741502	0.464374	0.856311	0.706291	0.56958
1.10.760	0.776814	0.652164	0.917553	0.728297	0.471737	0.857574	0.716768	0.570069
1.10.760	0.778707	0.654137	0.921158	0.742184	0.482266	0.860982	0.716903	0.577429
1.10.760	0.77125	0.641881	0.91742	0.738467	0.479166	0.856213	0.709512	0.562669
