2.160.10	2205	610	553	769	6625	1743	778	640	215	721	1476	620	206	514	53	708	59	1143	1270	160	75	8	158	1770	620	225	242	361	125	95	363	274	191	596	1876	78	206	213	747	230	96	216	
2.160.10	2152	627	558	689	6448	1747	788	691	234	736	1518	649	195	465	34	679	59	1207	1356	181	84	8	204	1592	597	256	227	325	101	70	321	284	208	512	1632	77	188	189	642	195	81	154	
2.160.10	2061	580	501	808	5773	1667	578	465	244	738	1297	680	210	296	38	749	94	938	1073	197	85	7	119	1671	513	295	195	327	87	54	268	282	283	508	1785	86	198	133	781	245	88	297	
2.160.10	1351	391	317	495	3957	1130	411	484	175	421	783	278	181	329	24	424	49	658	830	155	38	7	85	1117	425	140	137	260	97	61	275	196	87	350	1160	40	134	123	499	159	42	157	
2.160.10	2014	559	502	761	5852	1637	592	467	219	798	1347	787	204	312	13	818	96	1041	1140	162	81	5	126	1616	543	299	210	300	82	70	275	305	295	557	1774	78	153	134	793	210	84	280	
2.160.10	2309	695	649	849	6639	1880	783	576	258	936	1867	1029	366	466	48	1103	185	1148	1356	185	96	7	157	1860	698	380	314	415	100	97	408	321	350	545	1858	95	209	174	816	257	103	269	
2.160.10	2283	681	640	834	6566	1872	757	584	241	891	1869	989	392	470	49	1048	199	1149	1342	181	90	5	151	1853	688	365	304	402	94	96	405	307	336	525	1832	90	215	169	798	259	102	259	
2.160.10	1042	331	262	368	2934	855	366	298	116	376	646	320	100	209	19	347	33	507	660	102	45	2	83	788	303	146	110	197	57	33	166	177	89	240	838	44	94	100	346	119	54	93	
2.160.10	1257	433	367	416	3546	1127	479	362	188	544	878	535	217	273	24	607	93	716	912	160	77	8	103	928	357	217	153	233	68	45	209	224	178	295	965	63	102	101	373	148	64	95	
2.160.10	2096	629	574	747	6388	1804	736	565	225	895	1645	956	307	434	36	1039	166	1135	1305	187	99	10	145	1730	654	346	289	381	99	70	360	304	321	517	1758	78	201	167	748	248	109	234	
2.160.10	2068	593	537	745	6291	1664	637	484	181	874	1498	891	250	461	30	916	138	1035	1221	128	87	10	154	1706	628	340	242	313	75	75	347	288	278	478	1698	78	170	169	790	229	85	240	
2.160.10	2244	659	587	736	6758	1852	775	777	271	802	1581	722	253	557	42	712	66	1245	1444	210	91	11	195	1684	647	255	244	343	116	95	387	318	231	556	1739	76	180	214	672	202	89	179	
2.160.10	2382	642	553	823	7023	1885	771	661	225	686	1482	643	205	439	56	709	65	1175	1415	178	98	10	180	1793	592	245	204	324	129	81	311	296	219	568	1919	78	168	178	823	207	90	241	
2.160.10	2102	592	545	773	6190	1740	627	492	234	817	1506	807	216	385	24	896	121	1148	1219	178	105	6	133	1689	588	298	235	318	87	68	289	319	314	598	1822	81	185	129	791	227	87	272	
2.160.10	1867	615	571	681	5221	1661	576	563	397	983	1451	898	286	375	65	825	153	982	1097	230	111	12	101	1490	520	335	284	334	111	69	306	291	325	496	1528	88	205	134	574	226	105	198	
2.160.10	2340	625	534	833	6878	1772	714	628	185	652	1399	633	173	422	36	654	55	1092	1285	166	68	4	178	1797	609	262	206	335	124	80	314	281	226	569	1904	77	170	187	849	204	90	250	
2.160.10	2095	546	560	768	5772	1538	527	352	186	784	1597	953	220	325	36	972	159	1124	1195	109	87	8	112	1678	506	307	245	289	50	66	279	233	334	504	1730	85	174	109	704	215	77	260	
2.160.10	1225	344	344	419	3563	959	430	334	123	374	877	366	119	300	24	400	45	657	692	97	52	3	128	908	309	120	161	197	50	52	188	151	142	313	966	48	123	124	416	115	51	100	
2.160.10	1802	483	422	657	5355	1441	510	482	147	738	1230	590	130	285	23	612	54	884	1029	116	59	6	145	1477	500	227	168	241	59	53	299	250	215	426	1528	71	136	134	660	178	79	220	
2.160.10	1876	547	511	698	5263	1540	596	541	240	650	1431	554	268	422	72	731	136	935	1034	157	68	5	121	1505	515	246	237	338	97	80	306	254	218	475	1485	69	201	150	615	216	80	205	
2.160.10	1486	404	383	486	4309	1117	479	391	137	468	988	420	149	328	20	497	52	775	859	79	57	5	125	1111	357	159	173	239	52	40	218	173	153	367	1150	54	118	127	459	142	57	108	
2.160.10	2062	535	588	797	5728	1501	580	365	208	715	1569	826	254	332	28	920	178	1125	1029	94	106	8	88	1694	510	291	329	286	65	46	300	229	391	616	1711	89	230	109	704	245	86	268	
2.160.10	2111	593	573	783	5701	1670	553	409	237	797	1608	916	263	322	46	949	196	1132	1194	139	110	9	117	1733	549	344	260	305	74	70	288	279	307	516	1771	97	187	118	679	225	79	264	
2.160.10	1793	491	531	644	5126	1312	517	441	179	684	1293	673	217	370	30	718	134	983	945	102	74	2	148	1349	413	221	256	279	52	80	309	222	279	451	1416	94	168	136	594	172	83	178	
2.160.10	1620	509	478	573	4570	1387	524	494	267	658	1278	648	209	327	68	624	123	830	988	177	83	5	95	1239	420	239	217	280	82	67	260	232	233	401	1312	71	178	113	471	204	73	153	
2.160.10	2202	639	555	823	6547	1912	636	481	305	984	1563	910	207	352	23	949	101	1146	1359	209	102	9	134	1894	580	387	247	348	113	52	331	335	337	656	2038	98	233	143	810	272	94	306	
2.160.10	1334	433	389	456	3755	1122	488	365	201	542	950	556	208	295	29	630	113	723	889	151	78	11	98	1023	367	211	170	243	72	50	218	199	204	317	1033	66	105	107	391	151	62	116	
2.160.10	2115	597	548	783	6265	1749	640	500	238	773	1529	845	239	333	40	923	96	1051	1264	152	93	6	129	1725	566	323	219	303	96	57	306	328	347	581	1776	88	195	129	803	215	87	271	
2.160.10	2189	643	561	708	6689	1838	760	740	247	783	1585	649	239	510	58	703	62	1200	1397	191	92	11	190	1649	612	255	236	375	122	94	361	316	208	556	1744	83	191	186	680	209	82	168	
2.160.10	1055	326	277	371	3027	887	420	345	124	388	693	325	97	222	15	362	31	529	678	81	39	2	87	799	285	139	114	204	59	45	178	167	103	255	827	46	100	97	340	109	49	91	
2.160.10	1956	562	472	763	5592	1590	538	467	185	733	1252	719	168	324	27	721	59	906	1046	175	74	5	112	1568	538	309	195	246	84	58	262	278	266	511	1731	65	169	128	752	222	88	287	
2.160.10	2159	623	584	727	6621	1754	777	727	242	722	1582	678	240	528	52	694	76	1179	1289	170	63	9	211	1673	632	237	252	315	96	99	357	285	205	567	1696	83	219	202	695	211	94	178	
2.160.10	2122	606	563	798	6171	1723	613	522	263	800	1454	795	274	346	25	898	135	1139	1228	171	90	1	137	1761	535	333	274	337	99	66	302	296	343	629	1859	83	222	133	808	254	96	284	
2.160.10	1694	448	476	633	4699	1182	445	370	174	613	1161	562	188	350	31	654	97	844	794	93	78	2	115	1302	389	181	214	242	47	64	271	175	226	406	1308	77	166	133	578	168	74	187	
2.160.20	4329	1403	1431	1489	12928	3751	1967	1200	781	2004	4124	1985	829	1412	278	1989	547	2705	2872	483	172	38	287	3459	1286	649	717	766	332	284	720	678	682	1306	3519	246	424	372	1260	479	193	404	
2.160.20	4096	1214	1353	1372	12382	3444	1810	1146	565	1614	3993	1755	781	1523	203	1930	575	2821	2629	276	183	40	274	3393	1128	506	780	734	295	339	733	558	625	1259	3383	223	390	388	1201	413	169	357	
2.160.20	5679	1817	2032	1904	16227	5047	2803	1445	989	2216	5522	2342	1186	2216	376	2584	908	3611	3431	546	236	48	365	4303	1605	742	1090	930	374	516	1003	872	903	1797	4296	296	500	510	1498	580	268	447	
2.160.20	2934	863	809	1057	8348	2473	855	514	410	1467	2311	1406	259	552	81	1404	202	1651	1640	280	114	14	167	2399	817	580	387	409	118	83	352	408	540	747	2338	134	213	139	1025	245	116	379	
2.160.20	2359	751	751	830	7043	2125	1088	640	349	968	2164	901	434	896	123	943	283	1389	1531	219	86	24	181	1974	717	321	419	438	178	196	478	393	287	719	1961	131	232	252	732	283	111	223	
2.160.20	3290	1108	1052	1142	9153	3014	1301	854	429	1423	2974	1562	565	849	165	1459	359	1757	2183	361	170	21	160	2494	983	594	499	492	181	206	509	570	577	925	2574	164	316	224	868	364	127	307	
2.160.20	5119	1792	1850	1836	15009	4942	2290	1336	1089	2888	5249	2955	1272	1714	329	3010	812	3368	3451	677	281	71	276	4267	1642	991	1076	977	359	402	1006	948	1069	1659	4266	292	606	398	1524	668	261	553	
2.160.20	987	268	310	363	2506	697	327	219	105	337	822	312	128	310	18	384	102	530	418	40	48	4	35	765	227	109	142	154	41	66	170	102	117	269	729	38	109	86	277	105	28	97	
2.160.20	4095	1208	1319	1404	12302	3427	1753	1019	487	1563	3734	1755	730	1441	185	1934	541	2632	2503	294	145	36	256	3366	1131	500	718	680	270	330	738	573	607	1202	3421	228	358	371	1191	422	195	387	
2.160.20	3726	1140	1216	1246	10718	3041	1640	945	550	1453	3310	1630	678	1184	202	1704	493	2287	2319	290	158	37	246	2896	958	471	643	615	248	285	571	500	526	1003	2896	203	309	311	1006	358	159	299	
2.160.20	4139	1404	1412	1428	11989	3782	1688	1070	838	2368	3855	2186	923	1184	175	2395	550	2620	2770	520	233	43	203	3419	1238	747	710	778	259	263	798	691	705	1212	3367	237	453	320	1162	478	188	398	
2.160.20	1427	408	428	535	3668	1021	488	284	149	460	1246	412	240	456	65	497	129	726	712	55	46	11	71	1078	370	144	183	229	84	104	213	160	155	350	1084	66	142	123	397	190	59	136	
2.160.20	4018	1231	1323	1338	11884	3554	1814	1161	544	1538	3867	1610	767	1550	247	1761	517	2613	2684	338	164	46	279	3270	1148	502	698	641	297	338	711	582	579	1265	3168	205	363	369	1177	392	173	346	
2.160.20	1487	398	445	578	3919	1071	533	306	127	468	1190	414	228	472	46	533	129	799	708	56	50	12	67	1181	371	144	221	234	77	103	280	160	163	396	1220	69	172	143	451	190	54	166	
2.160.20	3773	1120	1270	1238	10969	3030	1594	947	495	1507	3610	1637	677	1331	175	1826	521	2531	2284	271	147	48	261	2959	993	429	679	612	237	308	633	499	582	1072	2946	200	333	315	990	357	139	294	
2.160.20	4197	1370	1441	1529	12308	3871	1806	1025	722	2167	4036	2187	906	1143	215	2379	610	2782	2626	463	212	43	205	3522	1243	750	832	788	292	269	779	735	892	1389	3642	239	478	337	1322	506	218	500	
2.160.20	3186	904	888	1084	9594	2888	895	655	390	1550	2777	1514	407	768	132	1512	245	2089	1960	292	152	14	199	2615	880	577	381	436	125	137	437	399	529	919	2570	114	287	177	1071	269	133	369	
2.160.20	6074	2011	1968	2103	19081	6037	2978	1738	996	2829	6028	3169	1252	2057	328	3314	789	3811	4299	707	279	51	327	5202	2004	1137	1099	1083	417	385	1120	1111	1082	1999	5178	306	604	514	1911	674	299	652	
2.160.20	4337	1557	1475	1466	12892	4314	2129	1143	807	2179	4310	2285	947	1572	239	2086	562	2861	3154	674	221	41	283	3452	1344	874	785	805	305	347	770	874	688	1329	3525	239	433	370	1146	533	236	370	
2.160.20	4164	1479	1433	1552	12028	3965	1689	997	886	2727	3889	2333	891	1128	208	2371	545	2469	2818	551	232	42	156	3499	1263	910	853	896	294	299	858	840	836	1292	3527	283	486	313	1255	575	240	482	
2.160.20	4188	1403	1396	1439	12389	4012	1685	1060	711	2360	4026	2324	965	1268	186	2461	622	2766	3063	495	228	39	228	3539	1247	789	782	849	284	250	778	709	784	1263	3580	245	402	320	1207	486	229	433	
2.160.20	4252	1402	1371	1480	12372	3810	1602	1096	733	2462	3888	2168	912	1113	211	2392	518	2648	2789	503	251	39	211	3580	1315	775	675	809	276	263	801	671	695	1235	3567	229	430	351	1255	498	205	441	
2.160.20	4984	1606	1709	1695	14788	4484	2049	1318	929	2233	4805	2342	1006	1667	240	2733	753	3408	3394	554	221	42	290	4053	1407	785	947	965	367	288	940	778	952	1644	4044	277	554	391	1399	591	222	471	
2.160.20	5324	1852	1786	1859	16823	5675	2498	1569	1065	2843	5399	2721	1264	1844	375	3006	720	3791	4023	769	301	60	301	4750	1807	1032	1028	1114	481	436	1125	1070	977	1817	4784	297	642	490	1632	728	324	566	
2.160.20	3175	974	1107	1058	8965	2631	1352	720	491	1205	3134	1244	643	1191	148	1524	441	2183	1821	296	164	31	166	2461	817	440	545	582	177	263	622	442	451	1019	2373	153	357	256	827	352	119	243	
2.160.20	5207	1799	1765	1922	15886	5123	2237	1220	1097	3085	5142	3183	1270	1391	273	3126	714	3324	3545	697	306	52	207	4533	1682	1135	1001	1053	335	345	1090	1044	1123	1692	4668	332	635	345	1671	734	277	657	
2.160.20	3857	1335	1238	1414	11571	3955	1713	1198	645	1804	3693	1992	722	1178	206	1861	406	2294	2715	523	186	26	197	3372	1310	761	667	696	259	264	727	777	729	1152	3384	223	426	328	1192	487	210	470	
2.160.20	1446	386	414	505	3754	967	394	315	145	540	1148	371	202	415	62	471	123	751	724	71	51	14	69	1071	376	132	181	198	62	99	217	151	136	323	1068	57	138	95	393	156	45	112	
2.160.20	4033	1212	1315	1330	12131	3426	1754	1041	580	1626	3741	1778	727	1452	212	1917	542	2713	2584	312	181	41	278	3260	1097	494	704	666	257	307	715	559	624	1162	3286	213	356	358	1137	393	172	334	
2.160.20	3854	1368	1256	1403	11211	3892	1602	1120	638	1927	3690	2035	822	1160	234	2000	476	2231	2673	534	201	38	196	3122	1262	809	693	746	269	267	724	791	655	1144	3250	219	456	304	1105	561	182	404	
2.160.20	5090	1800	1731	1876	15654	5254	2218	1301	1106	3105	5197	3139	1193	1317	281	3110	717	3288	3592	717	270	58	227	4465	1693	1157	1010	1089	361	297	1056	1054	1136	1662	4592	322	669	365	1609	760	282	623	
2.160.20	4052	1341	1430	1420	12104	3861	1823	1037	719	2126	4026	2177	959	1297	219	2320	641	2616	2715	475	218	37	204	3444	1209	671	848	819	306	282	806	732	812	1395	3448	236	473	337	1211	480	210	413	
2.160.20	5909	1796	1851	2083	16969	5335	2406	1430	934	2622	5418	2423	1022	1602	269	2564	685	3545	3607	529	258	55	330	4694	1691	826	978	1034	361	362	1003	812	896	1687	4723	282	608	431	1685	702	260	595	
2.160.20	6112	1807	1911	2175	17783	5285	2370	1539	915	2726	5691	2532	1060	1794	246	2673	676	3785	3652	505	271	38	333	4973	1826	837	1027	1061	336	389	1054	819	946	1772	4931	295	686	476	1812	734	284	638	
2.160.20	4413	1529	1495	1493	13156	4300	2163	1236	717	2103	4385	2237	919	1650	261	2103	617	2919	3134	598	235	46	264	3531	1381	793	813	828	338	346	756	812	693	1322	3497	243	434	370	1214	533	210	372	
2.160.20	2472	796	851	871	6983	2198	1116	624	409	1103	2455	1088	410	864	98	1091	349	1574	1549	260	115	22	136	1980	771	356	464	437	155	222	478	391	406	720	1971	147	255	234	707	271	124	229	
