c.23.1	-5.87842935849254	1.00842311897742	-0.65294679937357	0.124324829258871	0.0845808289616184	-1.21727206574626	1.273880893538
c.23.1	-7.12286205351134	1.25782361588006	-1.33733624739233	-1.75481123104427	-1.15216022688811	-0.484403485842971	-0.835511912302613
c.23.1	-10.0046540388838	-0.123677181431376	1.33578010284291	-2.89819971942109	-1.98859338417614	-0.924781364161714	-0.360573693113327
c.23.1	-6.58904530461771	0.489390982682529	-1.43824534092385	-2.3869157867894	0.22962878407825	-0.956497412383654	0.397930157032099
c.23.1	-4.87577125071775	0.613355762707407	-0.763018639907849	-2.82363207680545	-0.481143617373618	-1.47791316302809	0.781911970955408
c.23.1	-8.53161699151208	-1.52915809872479	1.77999001702491	1.29411773639943	-1.82230252827068	1.06814379669566	-0.132752815847853
c.23.1	-5.69989027249726	-0.480396537660936	-1.50494544053128	-5.68777458541788	0.654199853041057	0.301790426508183	-0.152339500975546
c.23.1	-6.38281259185174	1.67260051223872	-0.00828700377410876	1.96072274894517	1.69061112894871	-1.05096277392772	0.0050701768724232
c.23.1	-5.02518141527786	-0.427164678024324	0.0296285217645401	-0.223428257007963	1.1743151468442	0.0201182499385396	0.152896281148603
c.23.1	-5.33969149845277	-0.878028465526244	-2.02575322671706	-4.54413483902313	0.807266470332724	0.986579949876142	0.105044450602397
c.23.1	-6.29858405691511	-0.470778362071825	-1.2516107655296	-2.86897201524321	0.799884004132899	0.693185911844588	-0.544095274720215
c.23.1	-5.64017244556348	-0.36276213590565	0.2758314027404	-1.99478385247856	1.55140028824223	-0.16931845261218	-0.83835871508963
c.23.1	-4.97835417907864	1.48881613570135	-0.611080349151709	-2.4975142842333	-0.687027049392616	-1.08255109637132	0.527760553139131
c.23.1	-7.39866849265676	0.134538674142013	-0.159880746040042	-1.17453471769645	0.519275965758361	-0.126638734475215	-0.485173331776613
c.23.1	-7.81787052256573	0.466171893184674	0.203540404480563	-1.03718946885416	1.08366734843582	-0.468335232690668	-0.26505074589458
c.23.1	-6.38656829751163	0.705111723665282	-3.07912876599298	0.880068619067043	-0.215649537784585	0.971760345098754	0.872166526618601
c.23.1	-6.60373242542837	1.00972077267811	0.257118201562528	-0.107789820350514	1.16067819247375	0.0850187042083809	-0.528630091834421
c.23.1	-9.29526483556793	-0.451440845581724	0.509601417146205	0.788872577814047	-0.0671183792918657	0.307991433363363	0.945923158897118
c.23.1	-4.80606284427421	0.36270007880257	-4.10249294196901	-0.604034100602427	0.150784834515281	0.427259798652834	0.379088853312638
c.23.1	-5.06545447184559	2.13723935915503	-0.793813149869788	-1.39739584160151	-0.145292514405535	-1.74531054416597	0.828356147634101
c.23.1	1.0745225643353	0.493856931680986	-5.1993213676433	2.05217674995779	-1.06156737581827	3.82090947513153	1.20150638824099
c.23.1	-6.73823467154043	0.578583088173589	0.0892195472171127	2.00528539066189	1.79014261596263	0.114856618842453	-0.850233171599147
c.23.1	-9.35700456589133	0.431665654066153	1.1295003523021	0.581236698883629	0.490601596520284	0.687013192091052	-0.662566789519433
c.23.1	-7.17390927031937	0.506967135908772	-2.78968081334902	-3.81953571754016	-0.416268074978827	1.55554167536524	-0.0123866688624047
c.23.1	-6.96828936874642	1.26772620660518	-3.1824927015755	-1.14066681243682	-0.329467102668774	0.72558884025463	-0.0466561332567964
c.23.1	-6.92801914721886	-0.107555882268259	-0.168754851265462	-1.23632954407001	1.06570084860822	-0.274171500089631	0.193827314166769
c.23.1	-4.72896281130206	-1.34944498181122	0.890025722565159	0.704892196058547	0.0897366495953887	0.108515513316186	-1.45932610375116
c.23.1	-6.27111507154829	0.399575013779531	-1.28239078615147	-1.11431433214168	0.739101372688785	-0.877864647224817	0.564155840994864
c.23.1	-6.08322335986171	0.762504676835786	-0.443849950965505	-0.967002940024432	1.00874734710838	-0.542474360697024	-0.120024174311571
c.23.1	-6.07686712497581	0.0882817131168171	-0.315687595076683	-0.330217556545627	1.09250747996998	-0.0468475699041528	0.642341248479932
c.23.1	-6.22309777742518	0.233366757010003	-0.592884876586309	-0.954063390934732	1.22602762970862	-0.724967872069342	-0.0578801215167509
c.23.1	-6.29071096907576	0.292103522387052	-0.554832773051341	-0.122648216947873	1.04527682548851	0.036685011166505	0.379314702033234
c.23.1	-7.03396301681043	1.26855911015713	-3.03960384709361	0.957233849799727	0.307709090658449	0.880703585015131	0.345165893495098
c.23.1	-5.62172663670036	0.0239938976096752	-0.316456256725518	0.0603783760766809	1.15165749235099	-0.222300686654042	0.423726988332049
c.23.1	-9.08874218834008	1.04606640744732	-0.573981641497615	-0.332194814016956	0.195876340491437	0.0104232658809666	0.544680517190353
c.23.1	-10.4177127539029	-0.812981421901304	4.24933505909189	-0.495785586063817	0.985712547203898	-0.56991574394081	-2.13732048400896
c.23.1	-10.2330473005873	-0.536258467706613	4.19026745322497	0.120458900247308	0.641971163280511	-0.333208352223262	-0.713619652185505
c.23.1	-5.95495407847269	0.76273529121576	-1.71648227021351	-1.61628170680595	0.727017273885274	-0.892457865311841	0.734172922236018
c.23.1	-8.9950535134211	0.451922331292572	1.00833652715999	0.387973197700847	0.35481683649583	-0.855577423093011	0.0545132924479119
c.23.1	-6.97545185129186	1.06231115557513	-0.00350911650618638	0.0760085644058538	0.776172610943051	0.506899944523703	0.317316098054173
c.23.1	-4.92056213006566	-1.00825792902304	0.356995935430153	0.525184518030279	2.20732878563853	0.458736028434642	-0.490668735392058
c.23.16	10.8414653363298	2.55703270343691	-0.0811583468661672	-1.23308511042693	-2.03639985942754	-2.39528023990523	-1.21109875012431
c.23.16	9.24656127747335	-2.41589819444308	2.17585589318725	4.26743403429613	4.14210754179137	-1.64892875323757	-3.42785586416399
c.23.16	3.82638475775455	-6.78298078525543	4.88396441902925	-1.50542983671763	0.174323541276402	1.2131623113333	2.05455296409855
c.23.16	6.24364220392185	4.09571744404447	3.91715774630512	0.233219729548566	0.19558551439297	1.47868996632484	0.268916848853202
c.23.16	1.95597368696357	5.5069456194348	2.26371178314772	0.00898206227670494	-0.238755110344838	1.15522197090192	-0.96822927097703
c.23.16	5.12159005833813	4.22624387664892	1.33904966545957	-0.164043387218556	0.183730311062972	0.645049601399276	-0.463389669998384
c.23.16	8.69544898316343	1.41848910211724	2.20051855086622	-0.300834877940148	0.140352164158934	1.45699539062556	2.22871969452296
c.23.16	6.33598898077851	4.21530855980541	3.08419709679843	-0.828370304420904	0.0554473997018399	1.49393375918314	-0.376712002035892
c.23.16	6.2335088671553	3.44386344133342	3.29076469316829	-0.078777726940026	0.0175081926497473	1.98199773685927	-0.294181412661074
c.23.16	2.88944032615335	3.81942261173157	1.8948254387499	1.48935081758873	-0.479506185476648	-0.445123414146954	2.88471594250598
c.23.16	19.1041165832784	0.210344769530409	-4.0775486129786	-3.65821286533459	1.79571352860171	-2.32854170057693	0.318301479995826
c.23.16	15.9493569428873	-9.07216144394982	-2.19417123293983	-4.05786988938184	0.251329433498492	-2.39176291033769	-0.34169440871657
c.23.16	9.58835244353262	0.922776706036438	0.162361097142736	-0.136617343101497	1.64952395079878	0.757983118165869	-0.0162569712455753
c.23.16	2.55093205959422	-7.06743065573905	4.34976912465619	-1.05477467286118	0.573634959534421	0.768744146898503	1.33438113274644
c.23.16	2.25232119617331	-5.91582355619751	2.11212472555839	-0.396678145773405	-0.369771639886649	1.61551337210615	-0.014279603041014
c.23.16	-1.31051947679613	-1.82320901179459	2.10017800161924	-1.58650751735896	-2.03333052999614	-1.07963484726139	0.767952516581084
c.23.16	3.06503960023483	3.43342189828105	4.25452881542962	-2.37982190099541	-0.448956960355292	2.66568943755097	-1.06132892758718
c.23.16	8.89955711633507	2.97539244594905	3.10549623412806	-1.1140754292368	1.13165361715573	-0.298387705101211	-0.0459943019309781
c.23.16	11.340404203991	1.79889954099639	-1.25936724549365	-2.89836255290535	-0.587711717905831	1.27477960002789	-0.692506179264939
c.23.16	1.3764847975105	-3.82089639740773	0.867820384986299	-3.12935428126505	-2.6891973857927	-0.335860250912982	1.1898253431131
c.23.16	11.805623694421	3.9372750015048	-2.18799360366787	0.610412294728054	3.29010473805948	-0.702278920770294	-0.645146962561398
c.23.16	16.7820339259098	1.6702395978957	-0.856157111281705	0.168548795415743	0.812554259409058	-0.350282527581886	1.89699880396405
c.23.16	9.87706020991967	-8.4129815286509	1.33166682391725	-2.00070488419646	-0.387456146163798	-0.35025477400792	0.347058044394781
c.23.16	11.2091473990033	2.23837685426611	-0.200827276269172	-2.42212230932888	-0.245501612699285	0.227726917674141	-0.988487334500446
c.23.16	6.10741455963498	-5.71689926909305	2.49890758226675	0.875816261187406	0.696083906527782	0.517957832055467	-1.38467466559995
c.23.16	7.84254693557643	3.39203394847345	2.53361499318651	-0.140039350809493	1.24121478292395	-0.784467673524902	1.19836839166108
c.23.16	-1.06272801244939	-1.52479464559563	-1.17117266474491	-3.50807811177937	-2.32604487726584	-0.411889524918817	-1.61801261392658
c.23.16	5.48608414400459	4.36631715333022	1.27234520451851	-1.48511697171265	-0.870032773678061	0.0605858042984097	-0.424717413682866
c.23.16	3.48741066085195	-5.66237795367934	1.35641018369652	-1.12679961028378	0.34952367190753	0.847052244155567	0.135458783725527
c.23.16	6.8576889274271	3.50013968560456	2.57404926564827	-1.50568265776039	-0.555519222862557	1.35327273216459	-0.571473335708786
c.23.16	2.10579815412069	-6.13721959490513	3.46361755219426	-0.320229311878965	-1.21916038370733	1.74860435720338	0.417058166493544
c.23.16	10.7392865561755	1.63589944308713	-1.51820816242133	-1.62645414550167	0.776541853116119	0.365499939209694	-1.88974553836625
c.23.16	10.5819816735074	2.07677271474352	-1.51074837847072	-0.561272824111932	1.91903833809329	-0.770772833539889	0.0232243427848867
c.23.16	3.86789417157356	4.11225834328035	2.93690603707589	-1.99446922766351	-1.43535981375972	2.42663578382743	-0.813268557393285
c.23.5	4.14203165282991	1.64917516106083	-0.165261175356355	1.83613972437449	-0.932575746149072	-0.473851660002353	1.60734623920841
c.23.5	-0.773440379604054	-1.29171139005118	-1.1226985845007	1.44816023735652	0.833343977786142	-0.534763894439388	0.601998563372654
c.23.5	-2.12422456976962	-1.58946652594763	0.160013420840752	1.56100957621996	-1.01521577769182	-1.14918840844602	-0.583958507600081
c.23.5	4.02958524378935	1.59355024499003	0.793190960120206	2.48761415905863	-0.920814453685666	-1.64939462746998	1.90458410853065
c.23.5	7.270390040696	-1.79610036853706	-5.13973521563332	1.62852159710689	0.44382618566177	1.90058084439286	0.130164158507726
c.23.5	-1.23851970180983	-1.42334531796392	-0.390463033996482	3.61333494626082	-0.841894878556222	-0.56898996329872	-0.993596590327274
c.23.5	-2.60768769186126	0.262349043291246	1.13236228729255	2.66231348000256	-1.04126663087204	-1.31499633062193	-0.677134730143576
c.23.5	0.878842616391971	2.38312692675815	1.34096499783748	2.11812840211477	-1.49771733933507	-1.11419944127644	1.63798727024317
c.23.5	-0.416598846643201	-2.66407726513585	-0.893389897491212	1.13120065936626	1.21479627692513	-0.605071942864329	2.0430658067698
c.23.5	-0.994032955699666	-0.102639424667185	0.134509404544924	1.78477001807758	-2.20057913024637	0.469569215962488	-0.898464027353716
c.23.5	4.6425346376384	1.2019802613996	0.703210181803754	2.29128045106147	-0.648146926686801	-1.63476414584364	2.04181053147953
c.23.5	3.72669173055019	-0.499047224230912	-4.09863631325082	1.71308787310135	-0.110758268976266	2.04486854732155	-0.100491251130519
c.23.5	-3.48518952645644	-0.115580416806288	-0.0541140935148335	2.02908746541278	-1.91188516355754	0.300738801406959	1.63493183951949
c.23.5	-4.76284843560619	1.7666940488525	-0.260919443279209	-1.45949262692248	-2.07946311997483	-1.66904085502028	-0.407816925520663
c.23.5	0.612280135068517	-0.342775171833913	0.451060424565358	2.15443387831231	-2.79559837240214	-0.267195277375771	-2.3049910881722
c.23.5	4.50634818029456	-2.11508859160235	-4.88910064201914	2.19353004359397	0.0450201116322716	1.74592500395108	0.018907195005136
c.23.5	1.56057974276849	-0.274711233813343	-0.662722376836683	3.08474685405944	-1.30176157691588	-0.270733224581753	-2.90383276009226
c.23.5	0.189334734290011	-1.88294347880551	-2.19338834828853	2.80533354911106	-0.00947951133561919	2.20917534124988	-0.930350207435913
c.23.5	0.021446411137651	-0.795148746150073	-0.299249242430657	2.26615283884108	-0.160400694914806	-0.670952384417044	-0.435770286719401
c.23.5	-4.05634478829325	-3.70889624773145	1.9121704304974	2.52393899896745	2.94190133161094	-0.0811754357148585	0.52365477181928
c.23.5	-3.88104409358111	-1.28895722417415	0.507675535473876	3.28474754635038	-0.924786190069086	-0.0846842485690394	-1.37905592349222
c.23.5	3.40541613558562	-1.80899868800236	-1.45725877318122	2.53825525572713	-1.80272991480916	0.388729821824088	-0.0779947168117306
c.23.5	-4.51206423759121	1.20585474896102	-0.621763821044377	1.85942635127059	-0.233055925056058	0.458149752521431	-0.240715901719912
c.23.5	2.91685486210651	-0.0208971530131605	1.47277596013785	1.86199927754987	-0.00780492239096057	0.520169244625259	1.58972517759689
c.23.5	3.49814838818659	-0.0521245694997634	1.38740033637399	2.06261636504585	-1.41067562784122	-2.41110637369877	-0.397290756627249
c.23.5	4.06550898229472	-0.375503494117665	-0.798572570434977	2.34033100945287	-0.60318729729626	-1.47880953090641	-0.189509812974291
c.23.5	4.31710953522271	1.62833226824011	0.420494775321776	2.10018866083798	-0.757495995930729	-1.2751874737214	1.409131479944
c.23.5	-1.4181301906812	0.0876662341522012	0.76417870322165	2.52019581586086	0.354299003027319	-2.18190962425332	-0.0977392554495095
c.23.5	9.44127356967811	-0.878146613129685	-4.78234789544704	-0.544479916738256	-2.83636501702142	-1.71697933717542	-2.12991415838503
c.23.5	4.70172296729432	-1.45720002193212	-4.14874327057812	2.04925134799039	0.167154399489701	1.15813236161111	0.762313586505586
c.23.5	-0.927673581323374	-1.43424140112115	-2.36909616008418	2.65645673958762	0.0101704887954629	2.52434334344265	-0.194484073561476
c.23.5	-1.87478112096808	0.460166670701044	-0.141737637945209	2.56895693424214	-0.875928339866681	-1.05296946434897	0.243429313596865
