c.1.10	-5.41925818473567	2.30190101370496	-2.64704571077637	0.232701507645024	-0.424219113804004	-0.292883195326044	0.0999969928811526	0.203412526449332	-0.0753248685546864	0.207561707168417	-0.839924437640891	0.068696635226138	0.172254199605538	0.325115437142044	0.494164952241864
c.1.10	1.42490940209086	-0.542764454220423	3.25805775494363	1.86581204379904	1.83757803011796	-0.568621942323838	1.00986200411092	0.827827788457266	0.0415253009488966	0.796649793300957	-0.74921997346426	-1.40353229077313	-0.254192654857043	-0.325607416768618	0.0189749517883592
c.1.10	-5.82111285583341	2.20016666952847	1.94597836273024	0.668017855825047	-3.9090851112021	0.289497705953926	0.60520357362452	0.933462456732689	-0.0583707542777551	-1.00546271208975	0.472528605255329	-0.16037347457349	-0.535085320256518	0.887893419914961	-0.432789179185631
c.1.10	-2.84905838180703	4.04159219251428	-2.43891278531683	-1.13712338426594	-2.01490601544963	0.865853002164006	0.10299757580131	-1.52488807459472	-0.129147542157854	0.716803324332808	-0.757713307109757	-0.320632519978649	0.379838636563389	0.250109553549393	-0.389854097154773
c.1.10	-3.79677441483465	-0.662533792141652	-0.711966907757629	0.215791366737397	-1.06519280284768	1.34822484343803	1.4647525253616	-0.719162491058255	-1.16714041281835	1.78643126270608	-0.675937088390159	0.170981156195139	-0.0868996625627554	1.11965370600774	0.420914886277158
c.1.10	-5.10518842327271	2.00682933710754	-2.12004494930583	0.621147953821371	-2.8470463195801	-0.758507947690932	0.0591491803991683	-0.336602514708258	0.120091124810857	0.682374179706181	-0.533384140494662	0.902604503889773	0.225510132159183	0.955820418819749	0.14876180082934
c.1.10	-6.05182225790115	2.04913261668522	-1.97217788503936	0.247919000400564	-1.75135969450364	-0.0328769850134106	-1.4335551723589	-0.464563051658215	-0.18566314589086	0.136645447216896	-0.0856924605035256	0.0324030380547395	0.109332625467098	0.0406406591947045	-0.314911084701441
c.1.10	-6.32114262033341	-0.963620868348778	-1.54854705428099	-2.12134504531167	-1.59312004581563	-2.45910361094825	1.68096832948072	0.348503085379342	-0.115486057118252	0.754659397258541	-0.869633667020065	0.489320611634331	0.223475692366681	0.0194982402270597	-1.04714730322251
c.1.10	-5.60229847888858	1.51713499562694	1.49058738925123	0.190357651250801	-2.39265587158341	0.82980503741963	-0.35554845139081	0.831270912698494	-0.102987750527135	0.274179051632414	0.529337822529765	-0.910270529809958	-0.125483775038829	0.195542280747804	-0.771792590789609
c.1.10	-2.03940228852689	0.358889658658005	-0.596245583111669	0.0916603424055262	1.7466443322439	0.945559387969917	1.1735689008653	0.535639726296332	-0.619293412110249	-1.11494290831812	-0.359575771620409	-1.54486623651023	0.135979062528569	-0.388572004650295	0.0449806531760362
c.1.10	-3.29028399157547	-0.267721108229215	-1.34166234228123	0.917439152188028	0.0405582943209962	2.69308554865325	0.370135114121788	-0.53371432049095	-0.222027105721207	0.958515150442263	-0.991731278814375	0.416501585960227	-1.5780853919027	1.47561130137976	0.665868804697439
c.1.10	-3.49581232163993	-1.8460813369595	-1.40230551342989	-1.26157972842431	-1.66745918830317	-1.06670353666576	-2.83296919980998	0.718894753127041	-0.519764867325212	0.15967129026998	0.285561060342072	0.810545466947037	-0.213248924942011	0.0378324636846158	-0.114396392936015
c.1.10	-0.0413329193889664	0.193542217248881	-1.19006659504898	-2.13471095684191	1.11232955161347	1.1701056820048	1.4946409013615	1.42003291276368	-1.58473762762717	-0.699054602556089	-0.36506311991998	-0.101481875536969	1.16913237540907	0.0406605606849114	-0.582941550079449
c.1.10	-7.36381907048235	-4.34477756619532	2.51140922564625	-2.73973475852525	0.998141000301427	0.545071207415546	0.610842421718558	1.13318467936487	-1.82566135723472	-0.0677259097355605	0.595695913134703	0.194294498519086	-0.058129578519648	0.32206541577512	0.12360953560342
c.1.10	-8.51788670448397	-2.51225947088101	1.99062421957944	1.72595620478239	-3.40881340950753	-3.10584281164139	-0.97479488425891	1.05864533310831	-0.134216550093969	-0.418172692064033	-1.11995225553162	0.436946001711668	0.332217092354863	-1.2981246922303	-0.630354181523526
c.1.10	-5.6921145351359	-1.93580502303154	-0.225466497579756	-0.880407889804538	-0.180354528874553	-1.16533021041997	-1.3335337922183	0.0848442820861879	-0.389689734212076	1.35049494936631	0.682405399579456	0.0938122999952585	0.218301306418988	0.242822006473779	1.14954820962889
c.1.10	-6.49686827599074	2.0816759408134	0.37454302954161	-2.26947489868359	-0.115189852624989	0.976710917300218	-1.10076714271166	2.36656086822587	0.379163473683606	-2.07792476682175	-0.464886678521901	0.303852978846008	-0.00591527108284539	-0.703452156008483	0.176356406563124
c.1.10	-0.556341200595552	-3.22840327537646	0.0924370927883401	-1.05226400875725	-3.71945683209611	-0.348369777674441	0.191887786633044	1.46462913403817	0.115646799256958	0.136989829760476	0.630504569120215	0.153227853039678	0.294276714408445	-0.259586299865157	-0.300250916613129
c.1.10	2.21394821066136	-2.96791391338368	-0.335401253526177	-0.24023315037449	0.473524293146516	-0.00164117538229916	-1.54919923594062	-0.781355954213117	0.0676569298274427	0.399420956995109	-0.270776590577402	0.808336615012374	-0.345644314823636	0.0665016143952427	1.26288576826852
c.1.10	-3.94234618663361	-1.09314847527233	-0.209824697431662	3.12216200030498	1.03662503562975	0.785089113224843	0.528541377587432	-0.527108325904196	-0.315957047274525	0.422704573899718	-1.177678391256	0.694507343712939	-1.05851903396943	0.686924439688195	0.396636784993448
c.1.10	0.445661700829302	-0.648605197269651	2.60348406088829	3.88043936868025	0.956802692245499	-0.625491418177509	-0.413849792217827	-0.143607382985707	-0.346794930567333	-0.0579423780044193	-0.0387873581306861	-0.585356194290731	-1.22838761609208	1.18819096913346	-0.0240058367541687
c.1.10	-0.0306428120977133	-2.1413038998771	-1.58634888118547	-2.08679162825164	-2.88115803122706	-0.157303294527928	-1.04045091770381	2.26072601520931	0.789672403445358	-0.111211712038003	0.256473839876311	-0.564456849704856	0.19733923307863	-0.298048760720225	-0.259886198142749
c.1.10	-3.1498444638082	1.04180306154059	0.474957587587536	-0.579150828860409	2.46386014430571	0.680593443757506	0.357922120371226	1.42649240392491	0.174171689775908	-0.193202080866943	-0.930419391056694	-0.826468979140583	2.0642886720582	0.411236726328603	0.673392471915797
c.1.10	-7.69421130834409	-2.17896804855382	0.507084770340014	-1.74072152795972	-2.28311081332945	2.37613028414182	-0.382330600544025	0.369754574212726	0.112516924478165	0.776236675878023	-0.680362710120426	-0.114642464166336	0.0337022507401608	0.37664255382158	1.66033360984156
c.1.10	-0.447515307640744	-2.92293578496321	-0.145007024204475	-0.689853091122371	0.184368493542166	-2.19969311207128	-0.141884401875199	0.349456711600607	-0.742499837050226	1.05763624185374	-0.341305378371748	-1.03365439992817	0.670922482990805	-0.52030683535723	0.593305945952322
c.1.10	-5.91953470531937	2.48551851985077	2.32167990682133	-1.83953904031113	2.14433434091504	0.432902403662811	1.27666791522559	3.50023389427955	-0.342907989704082	-0.501519778205165	-1.57855293768914	-0.76508210777471	0.249966973653226	-0.5425228896679	1.11708098937348
c.1.10	-0.195807094315617	-2.72298957091367	0.588181951975216	0.14149011282506	-0.51564630883936	0.450958543065717	-0.35726924925116	-0.878534515664106	1.33828037612012	1.05002812297662	-0.156418782662607	-0.377064449424283	-0.391435824499144	0.158179518087632	0.610288314171142
c.1.10	-2.29392496879577	3.22778887521517	1.97805682972009	1.27090967703385	-4.84048226679971	-0.701096916089078	-1.249398803134	0.778282675127758	-0.371013322083391	0.818297057218077	0.150444963572846	-0.284433397673555	-0.619314676219148	-0.405713059212646	1.08092888444678
c.1.10	-5.66371685175262	-0.517625697954333	-3.53944271389877	-3.90624547252408	-0.0852953784743487	-3.05478404629977	-1.25911936154463	0.301524409280495	0.246363674595824	-0.833879951368875	-0.320488767485628	-0.222024468977773	-0.951248690219631	-0.606101224920507	-0.608891918505863
c.1.10	-1.81793956608937	-2.04512996750172	-0.724248053363585	-0.220652952840395	-0.830833482369817	-0.141270296663656	-1.81457252709265	-0.752739311049059	-0.838149541458604	0.33204444446998	0.261346159797938	-0.252887174991769	0.734359996340352	-1.07957443663516	0.759390131352623
c.1.10	-5.51573420679781	0.365219151803402	0.268497119730207	1.06764522006689	0.734207254844514	-1.5431155817051	-1.56834630371437	-0.303629368425299	-0.132389817532801	-0.267159236824962	0.0500068713700314	-0.357444584774448	-0.209979789146404	0.400248486471261	-0.667954204917031
c.1.10	-5.64007684774311	-1.59749577716922	-0.834746961974207	-0.297936875402079	-1.35283079568626	-2.44890368068036	-2.27787303462193	-0.397283453792511	-1.15265661294925	-0.263365493470612	-0.708079482157337	0.793476188944711	-0.242643120966473	1.23332522811575	0.569951264238306
c.1.10	-2.96412379453644	-3.74826440138148	0.746553116960772	-1.26918543894528	-1.51779308396185	-2.79134140396527	-1.39547606814506	0.852680669814273	1.0451905270182	0.0797388420680393	-1.24057216677228	0.441541497532348	-1.17122863225199	-0.304166036336577	0.865945312964664
c.1.10	-10.3165030784173	0.735412690286126	2.21704872405479	0.82262413881969	-1.46737609469533	-0.984666274006124	-1.22011623339667	-1.04841130694582	0.0196754313078699	-0.19316574209016	-0.100373442232943	0.136911413022883	0.111470589565808	-1.45415809788527	0.656234066091882
c.1.10	-1.79804732631998	-1.70547749052751	5.48139680293929	0.744525569683898	-0.771348970847281	0.237694189035891	-0.705467893171614	0.586842428324624	0.742911094682921	-0.850959632889935	1.60760341599361	0.147967085761299	0.678405278673405	0.593267015618859	0.126790874699851
c.1.10	-9.82502124312875	0.0738016793350852	1.7500398081751	-4.53496758632816	0.754975916327978	-1.87736354494273	1.36889314174721	1.67065322544289	-0.321330248709553	-0.704954580154893	0.421653202634179	-1.4235457865581	0.577690383494815	1.11185719517064	-0.13057986339507
c.1.10	0.987712883440688	-0.46852400693345	2.75046867164702	0.0700523276527222	-0.117559832751925	-1.39048473246981	1.64429108912786	1.64888158385703	0.625378708167397	0.0360088078171262	0.00833889209171103	-1.23440572298094	0.170693299265096	-0.149989320366973	-0.340089584853919
c.1.10	-3.29008896267307	-1.45644819667839	0.598407584311274	-0.117772419142158	0.377140559967463	1.82549477155158	0.814920440236081	-0.034533883497569	0.304534262527445	0.920534960624837	-1.20447653364435	0.0271277388773831	-0.931309446333853	2.28567567753617	0.671117393730846
c.1.10	-1.58620252870608	-3.06019277148664	1.48653866230228	0.0780838665239914	-1.6962913396029	-0.944578487070929	-1.2375019169166	1.16641157038146	-0.302983484653901	0.0369279523341083	0.554930270554929	-0.203903838650597	-0.720598875652353	-1.47627304765427	-0.45300847021629
c.1.10	-4.86366866692798	0.429062402119015	1.2245300756622	-3.77173964768339	-1.47612508561327	0.0337946128858314	-0.833342918370581	-1.33005292080465	-0.68109775142096	1.97012394477921	-0.167093816601502	-0.3938167587444	0.47455047985905	-0.517665916113609	1.7340316706374
c.1.10	-7.71768488871638	-4.48355739765033	4.38906105759029	-4.77638239970931	2.01217174400183	0.265282027765976	1.32512125634678	2.72024360182093	0.0137404571191859	0.0207806162963853	-1.2958541077503	0.91425895576739	0.833943311045077	-1.14688087697879	0.116426364214276
c.1.10	-5.01234528818362	2.95746790401791	-2.5913961102741	0.881152248821959	-1.16668708635621	-0.0720289781726852	-0.491946292451087	-0.0922279723764972	-0.444699630686025	0.365612582287508	-0.50087314306442	0.499123082818717	0.0801147045445151	-0.401421489626568	-0.0334500208559967
c.1.10	-7.28541339524999	-2.54032948127002	2.08709214884655	3.71913999240385	1.2371478869036	1.30620059996591	-0.195791996836386	-1.21679003784531	0.382947850646616	0.854826953500111	0.738698825568556	0.481743942017873	-1.21383580208098	0.649725203245157	-0.436646652258252
c.1.10	-3.98005306519793	-0.812945672342337	-0.956681694336501	0.244869819561937	0.070205892489807	1.32703628861596	-0.313632631784021	-1.07811529061129	0.128235745598046	-0.0417745646555742	-1.15215778559928	-0.621998960342325	-2.36141263854083	0.735140034726055	-0.100912393016635
c.1.10	-4.49392719480671	3.74433351867295	-2.65186007560131	-0.761578591885058	-2.25196265339515	0.718782859225553	-0.994765274623883	-0.528519147362396	0.513634088771617	-0.198054734729837	-0.908490562983953	0.407772577084251	0.326420034520687	0.416915589911896	-0.124542410360339
c.1.10	-4.68949220819944	-1.6844168872031	-1.96253999297424	-2.36622883278322	-0.47199667566678	-2.04395302937451	-2.40399203375169	1.06408493508566	-0.738256737090022	-0.0527561676875755	0.0910993814123654	1.25709565753404	0.160113085639005	0.587293280942124	0.780278484077074
c.1.10	-3.95824396395463	-1.54186621580678	0.337329616872409	1.50689295859567	0.711761569943252	1.0557840632524	0.552089828501958	-1.14943539166462	0.0488785532117142	0.609416730244712	-1.43178013645777	1.37013781726955	-0.0779080282309056	0.375598675466394	0.850862997696177
c.1.10	-3.55889501684394	4.11987119001165	-0.592467519496119	0.0876738201107036	-2.6127307721494	-0.367623699768687	-0.73307128955316	2.22453776997084	-0.28035854405018	0.0808054877033814	0.842217264634512	0.844102401146948	1.40646485601163	-0.25154118225669	0.23575081206567
c.1.10	-4.67925630241139	0.866235595316971	0.459890301805773	0.165150979691385	0.742067644418785	-0.394790006437235	-1.64441550393024	0.185597141879784	-0.354483610967457	-0.680170298280541	-0.445503201073998	-0.167281542986998	-0.247514479073494	-0.960597664637869	0.0752900773695781
c.1.10	-2.02058143379796	0.156612952287194	-1.51700804822822	0.0812363429965716	0.743613104865892	-0.141795524913569	1.43557999729096	1.84724514296845	-1.14470248315845	-0.940867130181416	-0.0424317077965732	-0.284857934259572	0.0273473750027055	-0.592584231163468	0.121417813262696
c.1.10	-6.42423014034703	-2.79492745162684	-0.40055575891374	-1.78206467780688	-1.6288917573385	2.42934838213487	0.0452886820836014	-0.220204603457641	0.43973976228788	1.48062891663438	0.23964451150454	0.0848513858547457	-0.320022137918064	0.576314206363961	1.38214230216449
c.1.10	-6.96506525718931	6.03577075469232	-0.191692078514881	-0.726979544964635	-2.21480867227002	2.77281164147417	0.641084252151244	1.09049520946851	0.331738640726615	-0.4446050855379	0.770589379542368	-0.11828491845436	-1.52601598254681	0.041189863306166	-0.222941756752599
c.1.10	-3.09115511171914	4.12033852423664	-2.20374109852372	1.37007867234688	-1.04194403448727	0.259686429784118	-1.36526337332743	-1.10292845507565	-0.897746683618502	0.783438027853934	-0.228640595254253	-0.832808740658869	-0.044630940940534	-0.312472768781984	-0.0749451656491942
c.1.10	0.708754263576397	2.57241091841452	1.04290734291613	0.838109554473903	-0.275987923243318	-0.898106741477732	0.327394621167928	0.156370213277557	0.282782405993823	-0.0565474835594312	-0.0825464207793064	-0.342963891691389	-1.36917096773221	0.657057895072263	0.166731247542834
c.1.2	0.719510852811766	0.979732390995265	4.48156763612153	0.447795801465343	-2.59640402779719	1.44687782839609	-1.59884089012618	-0.859963685993603	-0.704588088734535	-0.527770405560624	-0.445722082494913	-0.95752140631631	0.773428473385439	-0.628372275720478	0.0891132130788972
c.1.2	-2.85348052246763	0.621513727365597	1.43130038793744	0.974014242636773	0.61665695635952	0.0934655477314285	-0.475137888221175	-0.502932857530451	-1.53292458416502	0.305409142464594	0.420025600403063	-0.178624378798187	-1.7902752148126	-1.27295356754897	-1.07777584139165
c.1.2	-1.33992670486858	5.53875702456135	2.76877233397071	2.59285696838522	-0.598690668591873	-0.266182356736409	-1.17342665535121	-0.805500643826961	0.395864298998577	-0.42396627666001	1.54664657067356	-0.483582377582679	0.819972429163149	0.197208160826287	1.67489174844981
c.1.2	-4.96563789018013	0.154615132581078	4.3409499216064	1.08676223174911	1.16494249095183	1.10724876725131	1.09758501462193	0.424341390183282	-1.84555720247021	3.94573231344243	-0.361885653568425	1.01263146210027	-0.363565701098204	0.856538718717431	-0.620433060770181
c.1.2	0.220534476262898	-3.46513532215482	-0.621681363820876	-0.138517886053092	1.18184901587531	-1.31541647488105	-1.41900312859733	-0.630672956495199	-0.368636999905083	-0.871546091293144	-0.830577372219471	0.188814423059716	-0.873153420833976	-0.339515677833021	0.532412473532123
c.1.2	1.13583615817057	-4.22457755860727	3.27499525353232	-0.567886989528273	1.52625247077006	0.145750054041314	1.08636158562096	-0.460831869835724	-1.01076168764257	0.509612581435554	1.78809713115295	0.305861271636741	-1.13645226455893	-0.498485336175677	-0.919398836747813
c.1.2	-5.43646945462546	0.468875098852406	8.35943042719922	3.52262545998139	-1.56505205715519	-1.046226546474	-0.845965056005848	-0.091602127933853	1.00810328987868	-1.47101052927535	0.508913557709815	-2.57197092551156	1.62754028898566	1.20956950169046	-1.06279453116469
c.1.2	2.79105535986648	0.110238152194519	3.55463459727745	-0.869948038286667	0.0328580088957853	1.78118559296529	-0.759061827111501	-0.743422609977864	-1.43425120610586	-1.68849141368807	0.819528929737274	-0.0908645400661372	0.943554834546885	-0.984983852210876	-0.0540041696992553
c.1.2	1.2678963940827	-3.13692969431824	1.58580212234356	-1.08381958793038	0.0663956963388452	0.855936797966321	0.806973102618477	-1.30207703689663	-2.65871281613441	-0.159087623713644	-0.497992697612977	0.865862796181578	0.383103804916641	-0.289962587747636	-0.361557509154388
c.1.2	-3.00729084076857	-5.18209785060915	4.75666910204097	3.951636974311	1.30919541921921	-0.814640051756556	-0.997856251471067	-0.805228098169111	-0.978159937317923	-0.132621391153585	1.28725348866736	-0.752846670023322	0.259028792834194	0.293425997503541	-0.823641531594217
c.1.2	-7.87081418994641	4.40809327207993	1.83301438165675	-0.00477602824528855	-1.41720786716299	-1.19933756147386	-0.120458520107226	-0.699770148611487	-1.4211993004197	-0.384827038196048	-0.521878033679778	-0.241015633846928	0.244456726764233	0.0190024316766242	-0.41524726087355
c.1.2	-0.812104635367275	-0.100442343913234	5.2694622571666	-1.52891527095562	-0.61558510192421	0.114901937034952	0.735775957356974	0.630227765093493	1.28866960208061	0.275706423304463	-0.998701817307464	-0.422697432295582	-0.01416869536643	1.05888548683609	-0.582782801598088
c.1.2	0.158681896849801	0.337782422222186	4.3897709031695	-1.42757845628431	-0.434917653856934	3.10512515914387	-0.787702940841101	-0.791527722933873	0.592582261440565	-1.60971675503642	0.726185429069494	-0.0304839332441953	1.23678095470294	-0.341679628525062	-1.35871390214799
c.1.2	0.818919770090285	-0.811318073268213	3.80692236203466	0.52673434601758	-0.19457599424929	-2.94380919069079	-1.63333702959382	-1.94881620932476	1.07554336531352	0.796354670243404	0.569553919553172	-1.57043234358199	0.0176524013493601	1.51001735460433	-0.540393710713493
c.1.2	-0.990059086480254	-1.03625685982842	4.25001152697164	0.408371379387691	0.681429819055672	-0.509259755200736	-0.000789694068339463	-2.19088775769199	-2.02362495967204	1.70234379668298	-0.869062728444394	0.113316817106521	0.295214058594071	-0.568890881076899	0.14746481228239
c.1.2	-1.61858388098018	-4.22525493142964	2.30149845403429	-3.39956976227119	0.717420790944224	0.390169989142207	0.0817018054856286	-0.753008468392548	0.589894881100193	0.428980662196974	-0.737527984304074	-0.534854627122653	-0.519445897788299	-0.213879264366238	-0.342958816183351
c.1.2	-3.58980084432335	-0.983609042467517	1.58611296666462	-2.83244130118117	-0.395786257676369	2.93186671234449	-0.605859340837061	0.548063137496616	1.31991992384201	1.80161272518042	-0.0762035569444716	0.191787274290843	0.389916978088823	-0.950413434456041	-0.639828927553857
c.1.2	-7.73302153615263	1.62314315296499	2.43987173548566	1.54620529394535	-1.00562951995835	0.343567178583846	-0.273380372737363	1.80795761763227	0.174927453033944	0.72643516703508	-0.198912486096415	0.0445941895966843	-0.81511880493522	-0.808309491754472	0.241712935671267
c.1.2	2.43861739912276	-0.106439347435214	1.7149223839232	2.78710059729176	0.161756877744902	-0.209600998628792	-1.19868223228521	-0.544840104116682	-0.200864090656875	-2.53221929000563	-1.24448680670788	0.502010915261125	-1.56500067151449	-1.40966364019817	0.584125334503381
c.1.2	1.0070528835854	-2.18431771806793	1.64576609786455	-1.34449733034903	-0.178909636088168	0.978384944566938	0.16371516683635	-1.20983726224294	-1.32656099949799	-0.539177338407496	-0.300536458468963	-1.15467122826433	-0.552415386896097	0.106557574764353	-0.608835234976835
c.1.2	2.24778207357512	-3.06082112913475	0.883242470405699	-0.70757809426222	-0.998043436146895	-0.772273974891086	-1.10597487903319	-0.601791956985661	-1.44580809316776	-2.11898181717266	-1.79032442831934	0.978864486474789	-1.43946115342074	-0.870907893071418	-0.100115885938583
c.1.2	1.05030058987355	-1.35267511403122	-1.35769509306693	-0.578903832187178	-0.0178805470048497	-0.899977779185472	-0.761793035011393	-1.44784174301441	0.0270857077086827	-0.774082610421778	0.583541714520974	-0.021340042532619	-0.932775460933798	-0.980755441069339	0.00790227116799109
c.1.2	-0.916163032302994	-1.9251608741349	4.40160178458954	-1.61068028978199	2.38388249263802	-1.30365942584666	-1.29719016348931	-0.0751350091284902	1.42522553099642	-0.632012674123663	-2.45465332500404	-1.20309432617155	0.316791597383697	1.2329367471504	-0.667223197211133
c.1.2	3.62318680433469	1.4677505272617	2.35957594352088	-1.58465544036697	0.104279266674594	4.52794271144422	-0.204673486285592	0.0798744972723478	-0.010356933052995	-1.56358350575271	-0.614826648622822	-0.254996684795994	0.375000600331742	-0.4783188222387	-2.09349503920671
c.1.2	-3.57929607446794	-1.02005212059254	2.98159704907932	-0.852310985019403	1.96453749155869	-0.295534097399826	-2.66117624003616	-2.25421686317045	-0.866932141584177	-0.745987114644965	1.79030017444342	0.696103861977128	-0.216079492123316	0.813697606988653	0.331649856911564
c.1.2	-4.26169792489319	-4.3366661880606	0.847074486835316	-0.399757805247836	0.457489014813348	-2.32377278911336	0.239386264733932	-0.264653077334247	0.327706022457418	0.685553826758756	0.579243788114864	1.53588743532841	-0.197591762132864	-0.317698949484585	-0.718785415000373
c.1.2	-1.92296457472424	0.572206091115967	-0.139347276072222	-3.33809323252777	1.89254486694522	-0.322549355005678	-1.34385125393885	-1.01827257803231	-1.9532726861523	-1.22129568442608	-0.231150163409653	0.643311375326884	-1.93822021002055	0.134717727949144	-1.12641547271713
c.1.2	-8.46803203337607	-0.56663379496124	4.45747996398593	0.749040760864754	-2.84680060664876	-0.190845903251876	-0.949607454656428	-0.833908727942873	0.754756351118564	1.64212674129856	-0.772399491521418	0.574654784499023	-0.590988293790516	-0.373872167706059	-0.489949602987781
c.1.2	2.01680618185961	-0.060052704482696	1.5621297683168	-2.42452411733738	3.00929526174748	1.00476672321082	-0.133635851021098	0.168830469386998	-2.04219801770577	0.148424440108169	-0.347817150836123	1.53359297701428	1.03705833944539	1.35728010057687	1.21680507654934
c.1.2	-3.5358001551978	2.18148323356337	0.5471680890713	1.35737545882335	1.89059372668991	-0.717770634019541	1.00280542696011	-0.180155383735495	-0.450126139933387	-1.58330168919597	-0.66279509685704	0.330341298355902	-0.289848439280585	0.336344602180881	0.744920922962291
c.1.2	-2.96738013248879	2.13233946146543	1.64055529733579	-2.63685017509666	0.186256359227253	1.30233156883444	0.35111750426278	0.375112183178126	-0.912994589630874	0.513123677974567	-1.12581355903838	-0.0235986059350477	-0.910076813027376	1.04314317232312	0.787265215795943
c.1.2	-3.92727030352076	0.527226291425309	2.70808046503017	-1.1700274241864	-1.15954424433152	0.0958725919703759	0.0613601282678228	-1.63685752470374	0.382500427569442	0.0220157979510306	0.24888586933458	-0.805436646082573	-1.33609517101632	0.331688041610344	-0.130571443657994
c.1.2	-3.69430838505516	-0.137275285573292	-1.37785207706693	-0.409183818586491	-2.76170757377652	1.05350210086526	1.26396898645353	-0.805310046687269	-0.841879840550446	0.255467667361528	-0.419065255050744	-1.2935737046432	-1.24462897910756	-0.717342131343108	-0.177337274109629
c.1.2	-3.56170694134091	0.416107399959332	-0.829010639634665	0.324797039781521	-2.39264155163275	1.54017275550351	-0.841722699340877	-0.952090089834795	-1.24265846082108	-0.313397483968624	0.306216820042235	-0.0503803608956247	-1.23387477186133	-1.04578686074253	0.0185349839637438
c.1.2	1.54100957831215	0.311349318918317	-0.33722167666061	-1.59637943670106	0.0289923273456629	-0.908241153954149	0.142696214793001	-0.762331842425589	0.351115463484438	-1.83073693894495	-1.59681825998323	-0.173621891926433	-0.29990924914376	-0.608403369391275	0.384614244335471
c.1.2	-3.80633941968478	-0.498691036842152	-1.20193357852515	-0.960391281549615	-2.56561057378476	1.54112303965278	0.528777613857313	-0.68272320057518	-0.73513453725088	-0.40635387790391	-0.109691924694622	-1.76383798708945	-1.3309230319529	-0.809374962659937	0.635602950917675
c.1.8	0.0434395435758	0.109518328385819	-0.0577040038895598	1.00710186711249	-0.397105895359707	-0.71314479884232	1.77426062199749	-0.0465367507311452	-1.71649401424044	-0.594401826363954	0.468717208606924	0.965111521697691	0.308194895346181	0.56354943802216	-0.337087031059113
c.1.8	2.44539273186716	-3.16963549145719	-1.20757921676158	3.51741258399429	0.339048128933336	0.450267147982703	0.530877999512398	0.515464806365984	-0.130042639783932	0.213177758126256	-0.492671257833723	-0.409373622448576	-0.317154678306952	0.955209411198182	-0.697499233938272
c.1.8	5.6282355338607	1.09508706535067	-1.09658581845637	0.598737188318183	-1.15328586263501	-0.647242068394617	-0.286530799291345	-0.820753885629942	0.828785170609872	-0.389304670496435	0.444698803708595	0.0234560737586479	-0.140205114163359	-0.335984428558889	0.760829214682515
c.1.8	2.7471380609824	1.82987900828356	-0.657838962255256	-1.49624909198006	1.77633734267742	1.16811482320482	-2.04669864982631	0.454016018168611	0.664696501243792	-0.210311392181964	0.404134264495053	-0.0941416738465272	0.0689030032108659	-0.298717738123421	-0.816660414987271
c.1.8	1.36996174423315	5.32135681116748	1.49047891829456	1.89673982574126	1.53277403235807	-1.40125055029445	-0.150751204958987	1.7363571222067	-0.623621468678175	1.4001024266041	0.241721500710131	-0.0115179627216205	-0.778087437427216	0.485166038335458	0.171263579934097
c.1.8	10.6665683784062	1.45139768703959	5.68293808752601	-6.90923484814816	-2.31116918855404	-3.26552572635061	4.97583756420377	-1.52211852177182	-1.77123561258113	-1.88115751201785	1.39781323828689	0.818486318543285	-1.27142036981106	-0.0197508456447902	0.75727543504423
c.1.8	3.90457615746659	-1.97487872743822	-2.21508202522543	1.95802155309721	0.111496914026985	-1.29855799902164	-0.686044103408684	-0.368532134267185	-0.371587839181946	0.627470383230597	-0.595684257880948	-0.0640156118933982	-0.594425025879681	-0.561372332819857	-0.573388786091663
c.1.8	1.84652503170708	-1.86662438703189	-1.2446161542973	2.32527539481849	-1.4952868644168	-0.0635257544475734	1.25162251274154	1.47776314935112	-1.19764935383908	-0.814268121906447	-0.542086079452134	-0.553096093619914	-0.16704427645662	0.477287498783431	-0.184454933450276
c.1.8	0.248841875526384	0.920363041062318	0.975418699744962	3.57269678962595	1.01111524911137	1.00234139113798	-0.136803471292399	-0.35861713612635	-0.412047672997674	-0.804035012271149	-0.502010111252756	0.364893678448878	-0.100201310590477	-0.319391978219188	-0.515348953993101
c.1.8	4.43703417920713	-1.65787156061562	-1.13878249487368	2.86693541368518	-0.666534229172261	-1.68641554404647	0.402059232968081	-0.221444511473758	1.24897496573099	0.273179173688861	-0.431895241227239	1.15480176696083	0.000502705281990645	-0.150872541513038	-0.432162966791317
c.1.8	3.2255997149937	-0.463081763840069	2.27797856987364	0.175404266105851	3.02820684993294	-0.960739722680036	-0.17225084135757	0.0952964154063433	-0.0321557960576588	1.39757715702698	0.3779765938553	1.37910325813046	1.25298803068642	-0.0285362843801237	-0.903155611529458
c.1.8	4.26885230730239	-1.10631510423968	-1.05202809970592	1.37410654769665	-0.760141377190367	-1.19933405752892	0.0271948738571285	0.409750940211659	1.01533071245621	0.0622078803519972	-0.680961162030787	0.216607446506252	-0.278653694730476	-0.408224265345205	0.222555443526124
c.1.8	2.87807072394155	-0.686084707986494	-1.39111285671743	1.83254374800548	-0.832445403738673	-2.03961860651963	-0.337217029693978	-0.151999843418731	0.404960285180554	0.24596502066265	-0.345580302352932	-0.529036269271588	0.542304930848551	0.349459786085055	-1.04214626692727
c.1.8	7.31205943150068	-0.403839586757011	-0.989318278276775	-0.220843160774656	0.747207145807978	-0.155999799387238	0.70194925703009	-0.689686904300558	-1.51832936115147	-0.451571949787431	1.1218703180849	-0.396575783518091	-0.467984110137162	0.322780888613388	0.526282334103184
c.1.8	2.99547100572511	-2.68843068753843	-1.40663631273323	-1.21443638889118	-1.48095787936755	2.23815327896363	0.139067091904667	1.02574356509952	-0.681000533110023	-0.27300708017129	-0.297439113000256	-1.11233606985399	0.126912832727201	-0.393695421833265	-0.297132827226041
c.1.8	3.36086534057108	0.831765327869717	-2.56201216711162	-0.0339273105893351	-1.25203304116362	0.930908782803204	0.353163115530371	0.714219643506593	-0.24837942376607	0.854543013500312	-0.315301216794254	0.351587685073035	0.957845784261843	0.570054817142942	-0.258800729976287
c.1.8	-0.16168670094677	2.34444730814105	0.929621553168172	2.08122875119497	0.985869160915222	-1.36841731344299	-0.406072159046107	1.15857968447252	1.71986055370883	-1.27598869189746	0.181882447126317	0.870906962476403	-0.45128572831341	-0.380879736323595	0.489318829944713
c.1.8	7.89726000284961	-2.86299182913741	0.729318887180562	1.46307222004435	0.195360032872671	-1.09771484120463	-0.476397744787892	-1.26117194846011	1.38670270869296	1.872159662432	-0.952459761000388	0.722810813057038	0.447372815190904	0.212310855042304	-0.612382750851474
c.1.8	0.231070779240162	5.23201319277459	-0.0314669448656885	2.06330412301713	-0.295443175940928	1.57303080319191	-0.72629740158508	0.198366926030594	-0.184714810897898	-1.04433329905391	0.587959477319906	-0.239580398465357	-0.444882234168167	-0.0556274532434896	-0.734013961345496
c.1.8	-1.06296026945502	3.96035121540623	-2.30337341823839	0.837769674843108	0.891340426071636	-1.20971984079034	1.34881541163847	-0.90825678499447	0.197559143411944	0.433278114994924	1.4226982868364	-1.17629082300534	-0.0157842780269877	-0.107508765877316	-0.207632593918139
c.1.8	6.54554982277098	-0.277940093007101	3.07779990490847	-1.96170506756284	-1.44102429846392	-1.49965655712873	-0.1998509783472	-1.5969958844067	-0.337395896149506	-1.3277928439852	-0.871086424541973	-0.47651018254277	0.143417774420325	-0.330077763968541	-0.602583021323542
c.1.8	2.16908599386824	-0.4478301168372	0.215998354966446	-0.564932117984142	1.58722549617522	0.0317764854285682	0.571743595099872	1.12702521594452	-0.0635328813142633	-0.601274135021405	0.12503452097609	-0.0257704763563521	-1.67744732026634	-0.316804996720558	-0.961641721530245
c.1.8	-2.56029502717292	-1.41399407966633	-0.0757000139641672	0.427466485405667	-1.65610793000501	-1.88214126539005	1.86867287897934	0.230705127648531	0.249786621493242	-0.713450582670067	0.144348169752096	0.30579750493487	-0.0500055356141129	-0.126055629103162	0.224318780022996
c.1.8	3.81999074598217	6.99446474460158	0.182434507605192	-1.74373058416768	0.679410862739226	-0.276606141563801	-3.3590279270421	-0.853220199149832	0.190737093417775	0.616101347516	0.0671761270578514	-0.157840635642139	0.287386434903021	-0.741700510859247	-0.751860447262533
c.1.8	0.0458449834018581	3.55533279622602	0.303628763560479	-0.827687632983673	-0.053834193039711	2.05223499023549	1.61903143795216	1.03606835553625	1.10529559833243	0.731498716996487	0.753450040010175	0.0910630952522503	0.104721581838621	-0.530117422672652	0.424458801698012
c.1.8	-2.33521861213072	-2.54913076691207	0.0171760682452662	3.08844439363033	-0.607071632737487	-0.397054840624388	1.44290358477173	0.327111833470591	-0.0755753014149257	-0.02151909829632	-0.399007885321611	-1.47627990515302	0.418681173431063	0.495003775258569	-0.90554090276792
c.1.8	-1.68719801237806	4.49328824616966	0.616219010677502	-0.195752017087087	2.98372323090059	1.99844047913462	0.255675893105898	0.502419451363038	-0.607743327404328	0.908360732926207	1.94030147375383	-1.34836141186733	-1.18209404766854	0.352586167737342	0.893215881404019
c.1.8	-0.520701383271146	2.33200468500033	-1.53854762905417	-2.08387068995584	1.24519277720898	0.275100516399742	-2.26391630765228	0.180763042107709	0.438222524743073	-0.0407950472913677	0.734740857863786	0.0382372975156432	0.721804479537012	0.154121648497755	-0.854972042272345
c.1.8	4.41689036149293	-1.1283448033146	2.30689988237667	0.810808816807868	0.525450569865366	0.804295442299637	-0.115788823063931	0.66739907204508	0.139450367622815	0.224495689663535	0.357475529759684	-0.162696144770393	-1.18595353637193	-0.235564349342304	0.137257802458727
c.1.8	4.3788478713517	0.689168821130471	-0.364985479919415	-0.0306067446600883	-0.889372234415677	0.429580086962476	-0.200627898280865	-0.342523883886849	0.440413853615491	-0.594261229363407	0.0441804859499568	0.169704694202332	0.0367252902074544	1.06276235129651	0.772612304381549
c.1.8	-2.23032056180223	1.87029724939466	-0.627132143378567	2.48384404778583	-3.26056243007035	0.966226649512214	1.04353191075243	-0.230261924955085	-0.363397379770192	-0.760423636770708	-0.028644317250801	0.875213564864848	0.943207993720183	-0.461471526960398	-0.30882576461109
c.1.8	3.26199070745338	-1.67397374891529	-0.578011622881427	1.88919885355183	-1.04451815204654	0.429443390481765	0.961446285278053	-1.85684736076855	1.57670360978195	-0.301635461017487	-0.0460109964613356	0.469798092373617	1.18857985496433	-0.441091512080616	-0.654724225719617
c.1.8	5.28414754832134	-1.23049510548686	-1.44551243536201	-0.278533915908418	-0.686759277023059	-0.0302525997753956	1.24444246391155	0.0259730344889214	-0.669930645863079	0.785694856568363	-0.0840910194387859	0.181529985063733	-0.00843001305472384	-0.757144550973727	-0.605111173782935
c.1.8	-3.93106057208081	-2.81750653223831	-0.3809891312624	-0.394738137480272	-1.24838203940545	-1.20907922592941	1.22284614661293	1.02314039742441	0.417090387357499	-1.87611146985099	1.7994479607392	-0.0572179611428337	0.582096188675745	0.16973962334944	0.0991127575550357
c.1.8	3.74276744438844	2.0514318025089	2.73766235004253	2.50892113302158	-1.49258101811538	1.40637361603979	1.91211738650836	-0.867149110382606	0.231454899552848	0.415255846865534	0.290753875629846	-0.0452133753372311	0.663617411238089	-1.07785952318689	0.538426638720235
c.1.8	2.15011491511068	-2.68566358782596	-0.354045578583363	1.67785270897198	-0.860480695494724	0.348526261065538	-0.0922923278911717	0.811864896136541	-0.558498370507525	0.482075293403592	-1.71538302864514	0.013357950156248	1.55045967579542	0.368827022421724	0.244617802740507
c.1.8	-6.29499180951602	4.25627195163608	-0.689571254784257	-0.0928259118243103	0.234085059747018	-2.26980869994943	0.511643827865559	-1.68848079881988	0.737628873719206	-0.543173964999021	0.0337049875037854	0.105278832442581	0.591059084838234	0.998949469537927	0.00480621683412908
c.1.8	2.21096455414602	2.51499075031508	-2.36341375498571	-0.931862856092793	0.817122712929885	1.21447087180563	-0.539246121536445	0.633753134305875	-0.0255272848975183	0.467759111613118	0.813407264499774	0.674822490443342	0.318603528717515	0.284064650523628	-0.254735810792405
c.1.8	5.32955091355091	1.82655726470089	-0.458337106382258	-0.074779105052604	-0.739473579030217	0.0276244801705383	-1.25474244041178	-0.1647564930202	0.860989868846825	0.748106891028571	-0.442942102032955	-0.286322224184937	0.0641170641971907	0.0218401585093518	1.17113673362898
c.1.8	0.812888149906219	0.958637283479147	-1.81142948463915	1.01712536841211	0.496664675234321	2.12431326983204	0.776004029213364	-0.122459624393841	0.244077500850836	0.661817675946833	0.236496040093488	0.278555730977319	0.36381223538299	0.770640026936747	0.193420370185032
c.1.8	3.50866410236356	-0.905277489549535	-0.967321522706355	1.35468258093968	-1.26531750174346	0.386214027515717	-0.587734207848001	-0.301369670700396	-0.0976878604743993	-0.625623543896857	0.789845339070426	0.68161270020291	0.112412565346563	-0.33057113771151	-0.671233680080705
c.1.8	6.34907612524724	-0.519945288437519	1.90212946518309	-0.713658429291984	0.618720538292727	2.01103625807408	-0.364491871239932	0.0348242590991021	0.00859860241116089	0.457444658010014	-0.640997129827726	-0.713226306306233	-0.286783575576073	-0.172775609612595	0.953145901141994
c.1.8	5.77788221378428	-1.0973127035611	2.86155572290901	-1.74257219447331	-0.564711875881777	2.28848376839946	-0.248735033231085	0.688537290528628	-0.109707240120857	0.48807085434311	0.0159516888217824	-0.429490055370922	-0.279069157449653	0.282260436304227	0.308858329563538
c.1.8	-4.54806099021063	-0.00551243102237131	-1.28029927756229	-1.34148321492586	1.16964504588821	-2.73135559487894	2.39150556432334	-0.858086304824022	0.726906432170041	-0.871429797336463	-0.51459980688201	-0.722215130781093	0.44286330243344	-0.505234549336697	0.0983315347018055
c.1.8	-3.53640299982848	2.79756730785686	-0.45430905331328	-0.500270938868026	0.905763447234987	-1.73024768437493	0.431217934654067	-3.44997956608976	0.0788482590222007	0.22940847531431	-0.191156085821234	0.064797072694464	1.24353189071693	-0.0129572966746769	0.307256887024914
c.1.8	3.88183578176912	-2.4642146545972	0.514919457173576	1.20785792673298	0.29634594511913	0.692809757703825	0.889998740196189	0.984401126243455	0.0287597010111476	2.39435608493034	0.772544359891629	-0.425911190847804	0.41608083494556	0.210605145157609	0.093882487153725
c.1.8	2.07179757228526	0.299830619414543	-2.61603675407747	-1.06270963559993	-0.105798570537246	-0.902537720900535	1.20180408902983	1.12604713554161	-1.44909756472457	-0.583705715467936	-1.24983389636339	0.420060665562103	0.920054760138948	-0.404513847101447	0.687100962953092
c.1.8	5.0128117080017	-1.08504742056867	-0.206549183719557	0.554691153487895	0.0296813958044652	-1.94498341241639	1.61501728729315	0.538191981783461	-0.421468779656278	-0.147761103659072	1.64562213808487	-0.845217041953573	-1.04380066767586	0.51658019608819	0.813652008586011
c.1.8	6.39395550107948	2.41588328981698	-0.92296892714802	1.20242546877846	-1.79816798968361	0.973768846258583	0.408588471538244	-1.61977810587273	0.746057391133386	-0.586241542179229	0.913761238861866	0.686376532527107	-0.317890332283553	0.374325540604292	0.390368969505372
c.1.8	2.65414887888768	0.841571851752488	-1.54261349447451	-0.434743952480686	1.84614940537935	0.597779628481806	-2.21111731748436	0.293417643179558	-1.11935159547965	-0.0854827405395952	0.831085468354967	0.398223647866449	-0.411899253317878	-0.328869706339456	-0.527957244352762
c.1.8	0.153861514966284	1.8473697309374	-0.213634965303962	-1.66275526346094	0.880058633918471	-0.785967646278259	1.34385086558869	-2.23616048455993	-0.900595067415018	-0.777721963886554	-0.333465093733341	-1.24330871437936	0.891706550953067	-1.20220462424051	1.00732940855601
c.1.8	-6.06674684714917	-0.38027599193572	-1.15481710405354	3.49030766197654	-0.557867288727867	1.00795161843318	1.85674350491786	1.03153683445086	1.03895346713459	-0.430362986373187	0.157008567793451	0.0472510516423776	-0.501514462261441	-0.476354443054832	-0.433619832783511
c.1.8	4.30158508845622	2.68328924608907	0.550755365622183	-0.864096494205305	-1.74828712526613	0.331832771909336	-0.458650650766352	-0.466506139741201	1.69337859363141	0.789184548524565	0.878622557163739	0.140355657650741	0.227232618402987	-0.656747438502418	1.57268988285392
c.1.8	5.95531150161555	2.04591306213054	-2.19909988412601	-0.584042596947586	-0.698901708006647	-0.765442104374162	-0.695104211051824	-0.180511014785354	1.12168235873283	0.106965775171196	0.340774601710933	1.15104085101996	0.0957106409313877	0.302806904540031	0.332457398489608
c.1.8	1.33821500873198	-4.9733647625514	-1.35836518628086	0.568745211110529	-0.0164248629848615	-0.696413900504486	-1.05985552059657	0.482533630284066	0.911626448902495	0.673276761901065	-0.255750832164829	0.459167818005659	-0.0176707426978574	1.01846624002506	0.867728858573517
c.1.8	4.33382590076246	-2.59848304749352	-0.389504933988648	0.646017898528779	-0.930352970635264	-0.0451436080520017	1.68320856070065	-0.776916383747305	-0.21522790902197	0.147919444187451	-0.146688626820669	-0.67547996350415	0.0150280562099216	-0.778741629443132	-0.341048275817716
c.1.8	5.19870313456773	5.04562354216879	-0.147103436905743	-1.24088010571659	0.889059490790509	0.687704882685791	-0.411734048740202	-2.56936937966136	-0.524606234565135	-0.613938431769941	-0.937573699983739	-0.381592410562718	-1.60135534495438	2.10545935223766	-1.12852152665146
c.1.8	4.75503826227609	2.38935811311506	-1.82482324772026	0.432647899984137	-0.276358302762038	-0.356662502869262	0.092392130620091	-0.791957255456224	0.0233627240412098	0.102695737508918	-0.17392548055003	0.422042653078414	0.312702789725835	-0.441456103802963	1.44662663528983
c.1.8	-4.52047140392861	3.02390132891824	0.442529142188534	-2.56855600562373	0.805629298213036	-1.45540167358767	1.53185962244513	-2.05144516263035	0.868483330651697	0.228207257146882	-0.372604321457571	0.312378757275093	1.00336128829212	-0.172282628372928	-0.0788589556735255
c.1.8	7.28916364723828	5.79999629527599	1.64702017868719	-2.66231274321004	-0.296680760713236	-0.422609754603272	1.2609335386193	1.24285938625328	1.32746781708402	-0.809833101600555	1.08187534521968	1.17252909564893	1.29728219058334	0.0386829471770131	-1.44616604802241
c.1.8	-1.13350246274189	2.29234527596011	-0.516759671149679	0.526214446774304	0.416407345217066	-1.64999311235145	0.734741395791178	-1.87707501658682	-0.537287206957744	-0.77678116222961	1.15075640884388	0.739568378457885	1.90344599760492	1.04787982372033	-0.428943392646609
c.1.8	2.59462665741744	2.47102423066322	1.06977721633242	-0.650763799368293	-0.851411105986229	1.65289460304729	-1.12050772731865	-0.355057293754782	0.0824200879022859	-0.528527959512179	0.0261344247874875	0.672696964420092	-0.381616240791678	0.208091402893626	0.29208266701655
c.1.8	-0.0405376466927957	-2.85826206301852	0.430126356449907	0.318956205916568	0.644378850154959	1.70790768258209	2.27052190129694	0.18088396551927	0.527814032916025	-0.475065515216039	0.298444765919405	0.830585125080188	-0.0792864026478849	0.141651953923538	0.127712658043832
c.1.8	0.952876943579622	0.360636163684961	-2.09265293440617	-0.136520437217504	0.49858399942681	2.56174101613931	0.49008905804206	-0.2865000951905	0.589552482870907	-0.937189280755357	0.129447824076303	-1.53603853562818	0.020497715492532	-0.141170200798473	0.422125070580364
c.1.8	-5.03820618647532	2.11298102240174	-2.14004021150016	-1.59548651904884	1.117568203957	-3.47566541594609	1.89593747233396	-0.842724371337547	-0.385288000194334	0.169303238906969	0.625166555379839	-1.08535626713722	-0.435019434103155	0.188323083710435	0.191982591997238
c.1.8	2.20586542056038	-4.22380434593075	-0.72350916663009	0.305123109377315	0.594771645816999	-0.646694885994072	1.93692340923345	-0.2933047331527	-0.0212688080789486	0.953920311191831	0.528458194472256	-0.714722607162063	-0.221022403666511	-1.26959844174481	0.672307164288934
c.1.8	5.53306328896959	1.24717605325395	1.58055711186352	0.47151715471356	0.375627076533541	1.10380198071912	1.41668197465413	-0.429029786967306	0.947342417062468	0.106433273670489	-1.29407622868395	0.038689927177486	-0.745032770805077	-0.116868148309756	0.204444397582477
c.1.8	1.09065810333005	1.42991486151385	-0.400543573918128	1.14353117502269	0.202028669587585	-0.68204140606739	0.139894624102357	-0.016833075098344	1.04059576261806	-0.18764247788892	0.386112583261865	0.433130925416424	-0.515430210885714	0.562755063370319	-0.0254197188376735
c.1.8	6.57481389991237	-2.45978524673721	-0.680245103115374	-1.40445218329685	0.502832323230523	-0.338157783995194	0.564052198548831	0.291434493909894	-1.37252872466791	-1.25102258132703	-1.44916930822174	0.770404504219712	0.33152975263225	-0.0838231508054158	0.152793077947584
c.1.8	-0.214464755469887	1.72099930713037	-1.60655984840743	-0.745395434679964	0.631460411672374	-0.216035621412379	-1.91021749114179	0.319000397779809	-0.167188562476167	-0.558166910880275	-0.62589014595513	-0.575668869836427	0.518089319586051	0.0952970561418501	-0.173143444339401
c.1.8	2.14156827807895	1.02610803594356	3.00800222353419	5.26112206590724	3.50525442506726	-0.112546727396855	-1.17934578042662	0.249785631718905	-0.995985368034422	-0.0107940453460662	0.0658329807031411	1.59368238228975	1.10634027929256	-0.52218857580851	0.209943693168745
c.1.8	1.90749058408762	2.37478989448871	-0.371736397453751	2.26648736118149	-0.208179083542896	-2.71323804121343	1.14746434425141	1.79976712462187	-0.922297943776733	-0.330544428470944	-0.0998656297710113	0.132464108590781	-0.202342982054417	0.169069455504841	0.520536341196874
c.1.8	-2.8205166498399	-2.88546827488344	-1.23541420246859	-0.367721824933089	-2.26202942976028	0.232009887915197	0.173961152946819	-0.816332384646384	1.48847509711153	-0.660358895243036	-0.634941927567551	-0.0340610789806552	-0.685895492449666	1.01020018882837	0.277171344048296
c.1.8	0.518380022600499	0.440174520672992	-1.20933738015998	0.56411213118107	1.44946449280227	-0.475385200346985	-1.58482970862719	0.326120152806413	0.339484025816465	-0.603608111967014	-0.04617882915331	-0.357488093912449	-0.194083175977601	-0.365047368627886	-0.655829789715423
c.1.8	4.37524820625771	-2.2753898493126	-1.29970786017142	-1.02526553395569	-0.0736908119693509	-1.14889541220281	1.63974107434363	0.227581303138995	-0.809352779131047	-0.271511196622303	1.13882333124393	-0.490648809504318	-0.125567690564173	0.157934327807144	-0.214913831394736
c.1.8	6.1673272720648	-0.0452524482857498	1.21598600030283	-0.470331396791577	-0.663365960613655	0.362417005318361	-1.90163901069753	1.50364832951119	-0.620260582214932	0.546377764715337	1.1361827453784	-0.00710643041398965	-0.238916234258227	-0.291615343966603	0.763013937868185
c.1.8	3.70793639141339	-1.85772502891308	-0.851038453975226	1.85555918997597	-0.831416976920673	-1.86382334541946	0.130481473208397	0.0625902647271068	1.13260853895415	0.331197499601026	-0.315881064625207	0.277752020221723	0.0262048477768732	-0.34313091141713	-0.0180004066394946
c.1.8	-1.46322925686535	-1.76000555596833	-2.00430383783647	2.2763429277677	-0.667105179759192	-0.405141493074533	0.569594096959961	1.41488956280397	-1.0114769047493	-0.582193701936427	0.105571954507598	-0.366216865381117	-0.0343306725748346	0.800929853445285	0.088508145789583
c.1.8	3.13472193881161	-3.63600203239137	-0.48800416595124	-1.24318813509573	1.12931901890009	-0.24158804593098	-0.527546591933506	-0.0888225044889469	0.0646604111173373	-1.18288630141702	-0.272848987257857	-0.403327569269146	0.217505191245361	0.470466068399597	0.725751178640822
c.1.8	4.15963517640182	0.0447094443537728	-1.13621207970045	0.675685933120669	-0.125342131745503	-1.88124675171676	0.0419069847505657	0.354916566064876	1.09979476296783	0.271774760064645	-0.49737199976883	0.359971760623363	0.558907970611285	0.562923098001897	0.553218496553034
c.1.8	3.17795917835596	2.22451186744706	-2.1789805227545	1.89700923127602	0.113940811621834	-1.08638132748565	0.295524514407442	0.421702799527126	-0.194689084553384	-0.217679281451669	-0.376450928875502	0.375341222025221	-0.669189962804831	0.577225468326175	-0.930775126522141
c.1.8	2.81654948717143	-3.1042573651143	-1.68523806985825	1.74237213869708	-0.27340270164385	1.3999105087891	0.621956788198366	1.13798765068458	-0.387799794039674	-0.324587065608494	-0.616406263373281	-1.42451839420237	-0.332151929954306	-0.740889130512433	0.471826828301238
c.1.8	3.44198640947287	0.347919564055316	-0.299113385618816	1.58421311270569	-1.0837450583829	1.37223662012682	0.49522233944204	0.799170472805363	-0.70770393284717	-0.070204192148942	-0.707837418563477	-0.130174936053653	0.794534303250092	0.384577214856658	-0.0212246816598872
c.1.8	1.65975229673868	-1.53058970471176	-1.11201741270179	1.06635547160232	0.90188372712185	-0.905733738231065	-0.434135187674202	1.11538263507908	0.101828652770102	0.565231518592463	0.33153606986358	-0.505260868712619	0.384741936865111	0.47315928674774	-0.939710997412959
c.1.8	0.445476675361061	-0.866722383829903	2.7557176055199	-0.010715821101035	-0.0979972540076867	-0.568984224814926	-0.591059098600951	0.358674657476135	-0.61626491594287	0.581402637967282	-0.291693377190913	1.62252853955217	0.264687546967171	-0.41671777001554	0.123402543306926
c.1.8	0.865993598199666	0.157413867299655	1.30917166441869	3.55659394739304	-1.05190057432156	-0.38425030639849	0.651670692307928	0.236376016907103	-0.801533397390699	-0.421077840722316	0.474454136064252	-1.0945246982293	-0.0767763214332054	-0.809698352678127	1.00801064961574
c.1.8	2.07231062779902	2.89391229876597	0.132416978430327	-0.855223558056596	-0.624115453862643	0.759471888794864	-1.49239127557299	-0.51020770752436	-1.25389921030822	-0.965918020463	0.713564392423206	-0.201097853572757	0.0539982856176546	0.953049651944023	-0.245241206687904
c.1.8	-0.0956781976987297	0.823554067386987	-1.31469357261624	2.2175333180255	-0.46057079664905	-0.303436557395918	0.313468952337201	1.24198089383636	-0.812695386118574	0.9189683578651	-0.133950628133029	0.909648534165157	0.0869545339186997	0.373718115198776	-0.645000586249525
c.1.8	5.22215536301659	2.12100539445536	1.04568437490076	-2.718418902764	-0.481039933100524	-1.62159883068027	-0.82904821293075	1.40854855914272	-1.2400742158479	-0.452433899421994	-0.816323409223861	0.0996363897150479	0.0974610090712326	1.55553499870139	-1.63339331725457
c.1.8	1.8481631361556	1.87479305153785	0.639578890441101	2.20467393057267	-0.378430817960957	-2.57250144705761	-0.793029773224882	0.215061037667243	0.591234571563079	0.40246130065234	1.50705012811648	0.911632346687757	-0.884825802968856	-0.027559708087858	1.02851714176545
c.1.8	1.58514711415185	3.7737141993206	0.989572748423804	2.80999613343898	0.799309291229393	-0.446023201828859	-0.705221752915452	0.493455816549822	1.05366150062406	-1.26583475335576	-0.959902999318124	-0.826984890673586	-0.0516068352285137	0.590313482507257	0.475022373834446
c.1.8	4.61947375584857	3.79950381019823	2.14872563879984	-1.32907911596687	1.82105267418604	-2.45628431126512	-1.6672592297838	2.21363265497858	-0.0625020052818515	1.07518752538472	-0.821448088722741	0.65090290589117	-0.732627543620524	-0.848680654079392	0.0668623753544018
c.1.8	1.46436853001726	-2.24888743568548	-1.61351865846551	0.577622569346463	2.52272569132854	0.12250914350721	-1.78227230934256	0.427516904582902	-0.412506407071291	-0.080327573055697	0.410688387023599	0.621185350193443	-0.962233997617738	-0.690832887289469	0.301249486191374
c.1.8	5.32119549582314	2.651213766279	0.887427526128828	0.487303516825363	-0.939572610049333	0.187183509977369	-0.24911906732912	1.50735321269457	0.639443841652335	-0.0448035559461571	-0.873354009678505	-0.0977458991846338	0.854147361445513	-0.242338694033281	-0.00417031917431732
c.1.8	0.113509869161566	1.38144700992278	-0.582853213520551	1.86065660353746	0.264922837345422	0.802628432773553	0.0317173862874748	-1.28227790637576	-0.964128943636804	0.972112289284373	0.613693529077953	0.457786256858503	0.496987098907176	0.712430336729265	0.195241451274255
c.1.8	3.50864978309157	-0.157942812889229	-1.22580406177171	-1.02732281446232	1.60713681291266	1.35085826181376	0.31373035474892	1.05489820793161	-0.900358607510862	-0.210131479588026	-0.751832323453255	0.946650748355829	-1.47010718164433	-0.290261197613371	-0.15804365866655
c.1.8	-0.776755527717311	2.66164742648562	0.731414481953663	1.08895894565406	0.278807771963612	1.08881832344777	1.12317802970132	1.65256398063089	1.05960477120464	0.241068857721474	-0.184305371129288	0.194394918479891	0.0284025875684515	-0.580417501483793	0.359475158672058
c.1.8	3.80906686563226	-0.804967038126996	-0.626655572182563	1.85442061959476	-0.882519669219384	-1.34955923151802	1.40186707761116	-0.543335491039221	0.579089481052546	0.824849448797014	-0.754043683186444	-0.0539579777584318	-0.223874441427698	-0.270269467641223	0.250479383398753
c.1.8	1.87967571257968	4.28311691631461	0.291778719893819	2.00730498217788	2.00236536415426	-0.283130796124508	1.16039958005589	1.44098717259772	0.609353800614991	-0.130371333871076	-2.37420157247303	0.891432670537705	-0.33016861324454	0.0313194936258056	-0.133344355643561
c.1.8	5.14112669115332	-2.11346902155464	0.152863222939057	-1.02280132248879	0.792094645086153	-0.0831412290882194	2.14065494975534	0.383430390643129	-0.17621159682561	-0.515678024887668	1.47677237328433	-1.55741750950212	0.037642916933735	0.196492308359299	0.572428518549588
c.1.8	2.11271311591999	-1.69621258990124	-1.66582727640525	2.54022330226445	0.322601970636602	0.308789315585753	-1.03091383923559	0.895030817170844	-1.15057476471902	-0.513409917760623	-0.067220266480118	-0.858522352244705	0.984435958159472	-0.0841808941738664	-0.0610322731647607
c.1.8	2.04958289219257	2.74068867031388	-1.81534836439517	1.25376098194237	-0.418117684022636	-1.00695076794968	-0.209121027730941	0.445087632400367	-1.15483644356208	-1.25083332738706	-0.613502333337809	0.398139156478215	0.957534340197412	-0.278419262965969	0.35610863123075
c.1.8	5.07624475261744	0.67027244523114	1.73357022582458	-0.0314620423872665	0.0612981070358832	0.760350923796335	0.881126574023476	-0.362528236376613	-0.874137243180907	0.234012194071859	-0.862581715010973	1.47511788888906	-0.293557038461479	-0.471500359818171	-0.139706233644685
c.1.8	0.254060834378774	3.66865928823579	-0.513864856141338	0.854117616293816	0.552333782440327	0.592212561863531	-0.71020416380786	0.625259363189095	-1.84427114374153	0.436783276228269	-0.87288695165188	0.573888265690242	0.140568567906598	-0.238286365598346	-0.153576712021603
c.1.8	5.48475560112169	-4.14987245557827	1.31280121719255	-0.086555511606046	-0.782927897648998	-0.575570771345823	-0.696082010624339	0.806468901475726	0.387424223678843	1.95698017849268	1.26342694527276	-0.834914386916823	0.0201420711056252	-0.520610189447691	-1.60669506874292
c.1.8	0.806296676295077	2.66235170739627	-2.49127644662834	-1.0132477781947	0.154644248235744	0.928641069344448	-1.20837854397892	0.246901804494153	0.448888996528563	0.152559673446146	-0.728401725342634	-0.494589505251823	0.771108535956072	0.404797098684352	-0.781247663918492
c.1.8	3.38265199908561	-1.62616883739432	-1.53831422799494	0.421164153817457	-1.35362280046243	1.16175825649407	-0.0431383361414749	-0.0386533262748781	0.132054916678681	1.08863835148538	0.431857829173615	-0.905061154745336	0.644565910806951	0.288915544062084	-0.545991944221388
c.1.8	4.51288678555315	0.0841368062904925	-2.07363130790662	-0.397805511393485	-0.365508224088986	1.82201927574088	-0.132254868904939	1.22295879792649	-0.724794686246676	-0.0156818562857909	-0.921576890223276	-1.09397861097122	0.9737745125511	0.196411813446331	0.00727701403663624
c.1.8	2.16888481013664	-0.898302086920085	-1.72597977029353	1.84260445118982	-0.320401641600756	0.288101405159429	0.355253924045412	1.23172857470498	-0.988321666823634	-0.962393209190145	0.0110252448881159	-0.741861144692654	0.5240375930228	0.134207354879182	0.453179298564118
c.1.8	1.08720409407624	-0.153244358740712	-3.11764359591897	-2.50597932024276	1.61455535772755	0.604131869210724	-0.859994397470919	0.517561595625369	0.132872687145927	0.827881906893583	0.647733813040574	0.320405026945748	0.581262935770791	-0.459387901652696	-0.373415996309388
c.1.8	-0.0216722717200529	0.581070244479374	-1.2512524798177	-2.42064175428538	1.47358100680401	0.828961032488292	-1.60407567273563	0.287182641525968	0.970520846788869	-0.29926732558344	0.382347543779482	-0.327739410067923	0.507722030778136	-0.660929178704881	0.700757996785828
c.1.8	-1.47901967619288	2.34857874545037	-0.372117185586416	0.284028060763175	2.34454548582168	1.19340027709202	-1.44347539485486	0.182301901152402	-0.138051434320449	0.754767041320166	0.0298314268760845	0.791018689203909	-0.373712262792691	-0.165717883748526	-0.289456412693204
c.1.8	-0.44772888526828	-1.04804212688088	0.691484787842771	0.628226988733367	-1.14798564187279	-0.0715452762182068	1.23957210319793	-0.816417011587137	-0.829619766792506	1.93370707132364	-0.391704909612843	-0.688778042862718	0.866606172403984	-0.448505772567974	-0.601842749294381
c.1.8	-4.91934908182698	4.20157923865783	-0.290156184109094	0.230224998139889	1.06404190835046	-0.964676812085784	1.84674788893388	-2.81329707286676	-1.64116901232722	0.583866513077903	0.187142674520844	1.02654235905058	1.52202924679438	-0.284519223533033	-0.985255449244195
c.1.8	1.2479337770401	-0.944822819002983	-0.162197379950559	2.38020634529764	-0.350388891352465	-0.240189442207197	0.585827499692437	0.905048099239228	-1.74621449242482	-0.487271359022094	-0.343370418421633	0.741547336597141	0.485959727996985	0.462926932530551	-0.215880460533282
c.1.8	4.09726276753248	0.307018668757857	-2.34795507409378	-1.5531569034264	0.46460375583399	-0.169179115799042	-0.296927442452483	0.415679738358528	0.801987824368469	0.0774303492019398	-0.664489566770145	0.55811415910277	-0.144387206722455	0.220361023659707	-0.706098386675824
c.1.8	1.21589637565413	0.924070224468602	-2.06173681902649	-0.280588003260418	2.02831658261928	-0.218299387489905	-1.05927971910663	0.134125997291741	-0.766039686637222	0.221468721990129	0.347308979400795	0.844413931766943	0.430141459945844	-1.52938641999585	-0.477103459489789
c.1.8	3.84329176353894	3.39435061595555	-1.6946271212716	0.292890675106588	-1.49561335887817	-0.351265852997821	0.286251389800432	-0.711242748886602	-0.876680597116386	-0.468327243286739	-0.626864553183661	0.0577237180793608	1.11180573209051	0.28406786457539	0.465427238536238
c.1.8	-4.76678880529107	2.15718517578721	-2.12352347018639	-0.717385792469863	2.27391493079082	-2.49580952664053	1.05246933400362	-0.255472260473285	-0.332547397624599	-0.985826784228394	-0.119370166269419	-2.03304580775163	-1.39340994610972	-1.08346489219932	0.67326719769592
c.1.8	-3.02193392620107	2.25899872483394	-0.518829118673421	-3.63877160229078	0.228387713339598	-0.550379287692458	1.31343202999022	-3.48510816786613	0.836507320027689	0.561385073051328	-0.970149971632338	0.320565334394314	1.40706495978378	-0.50214740375568	1.19303372443556
c.1.8	4.02822274041668	-0.915194361132315	-0.685946794004898	0.980115692665717	-2.00056232368408	1.54416463822251	0.221773397906287	0.384193691512732	-0.722074386797567	0.348076131086403	-0.857819891318832	0.210174983582115	0.912081046007897	0.731367723769086	0.278576187300955
c.1.8	1.37771761476308	-3.92232780918083	-1.67860087295965	-0.137640918686442	-1.39870478645559	1.13439208780352	0.742111755279915	-0.258444602496915	0.439315206744216	0.131874402828514	-0.116558181036227	-0.853469157547178	-0.07036504060411	0.646573375257229	-0.742959577645987
c.1.8	2.9950940355171	-1.66230123512904	-1.68080441900837	0.774261192506763	0.730397810368293	-0.749260035060042	-1.34659042775941	-0.263821124353327	0.101459567916756	-0.00464078941318733	-0.492727727344606	-0.309653680316245	-0.341469080353072	-0.391299038259838	-0.173476456616061
c.1.8	1.96212263902703	1.60853034648155	-0.476585406875856	1.01043976385749	0.10753054554524	-0.483075084304937	0.620898322261131	-0.730887663512387	-0.429169574060883	0.942177594090048	0.859385471508827	0.258948095437072	-0.759619674837069	-0.677760259247892	0.79570018550123
c.1.8	3.2983313589931	3.02694120134204	1.36558456448316	0.733699844281002	-2.23049792375616	-0.0902838640625261	1.37584216510317	-0.569577582485878	-0.330206258536532	1.1845843033499	0.162605777134251	1.41337186538218	0.764009152392405	-1.33419542783577	1.16503080270219
c.1.8	-1.17937144411883	2.94755308128017	0.0210737521067921	0.853571575457694	-0.0881113261145017	0.823557290178429	1.8629691408565	1.17934327051369	1.0098162182327	0.217039436896718	0.437573707508454	0.528432794530189	-0.449561181901847	-0.105601363829544	0.465030205110827
c.1.8	0.812723508261797	1.97429443927578	-2.40667541182027	0.362583465354986	-2.26678955297842	1.58341793341739	-0.552550908221782	-1.74898027971509	0.294533316434775	0.690352682873501	0.00952899288773445	-0.142914657521198	-0.378573534960806	-0.573012770805433	0.272196856993644
c.1.8	9.77604756010774	4.24922873291811	5.12781134625305	0.233262728720952	0.140811382348533	0.806698731196746	0.143133608967386	0.545480932784521	-0.99628399774388	1.35759027598081	-1.48224797991969	0.0347284143810682	0.637656619233594	0.410689156577756	0.0838702865661274
c.1.8	0.599220567744617	0.0241925465942951	-2.09714404183389	-1.12507749833851	2.2887541983546	0.540345803593408	-0.763048030607528	0.261292782307664	0.392010990233965	0.210323056681452	0.252489412868045	0.295683693665247	0.166263195964779	-0.69786188131675	-0.417896940511714
c.1.8	-0.0325230581330769	-0.889354340674271	-1.17662972760775	0.630861467008224	1.55127972753525	-0.413635748850732	-1.84784683152144	0.014654017239692	-0.219724321258543	-0.611744791661871	-0.0738884448980164	0.984554968659066	-0.0675861287268478	-0.500718245944312	-0.211449371702005
c.1.8	-1.56801994325011	-0.736044884089025	-1.29063764503213	-2.08089383298833	-0.219845484595744	-0.347844207910446	-0.378218416352697	1.12675051054289	1.93430142643911	0.685253990851702	-0.290674739339822	0.45108339394257	-0.154961589504198	0.541200429572839	0.100603832434818
c.1.8	6.33449197469208	5.73584728769055	0.740346549575455	-4.99883754996533	-3.33721624563772	-2.17833517660725	-0.822438738404916	1.1199146743746	0.235481440808271	0.162579571808617	0.587639085282067	-0.238111258863021	-0.203618149023368	-0.578114992937138	-0.884825979404786
c.1.8	3.83012212837271	-0.77645306938503	-0.393969876583209	0.211680485792672	1.41199347094601	-0.898087959116291	0.0459300444963193	1.09823837546302	0.76549345565866	-1.21710891378372	0.148944725349119	-1.66748742521946	0.909687322657121	0.099351078683824	1.04394455132764
c.1.8	5.05726388410319	-0.0891091271848737	1.2691127217472	1.22585931765076	-0.549956871789274	-1.01509207943	-0.514959797236106	-0.289256925136906	1.69080971311257	1.18790591630308	-1.05047177352337	-0.0140167803419656	-0.117791653511435	-0.611885165835373	-0.692409009981534
c.1.8	2.23980777722646	0.996161109112736	1.64182984567909	-0.530688741286113	2.11836897560773	0.767631298575472	1.00368229237658	0.779231695713128	1.34078561611872	0.775196920474778	0.549279946688949	0.529038040544133	0.0831694209411677	0.70295520415787	1.49503754536421
c.1.8	1.85500808353909	-3.35020392310981	-0.821938750266057	0.38822111193052	-1.20123466815143	0.136874633353013	0.580480426406648	-0.0789846100976568	1.54749170544772	-0.172670632799191	0.583053561462914	0.951492763821415	-0.349103198514418	-0.610885322464248	-0.194896435085747
c.1.8	4.30550071665332	-0.555998634147456	1.51471805168597	-1.61994320922729	-1.58655033329239	0.899023148843282	-1.17284573965777	1.2039023828394	0.475415548358588	-0.192981461433552	-0.623026269086053	-0.437207681221404	0.573568236606807	-0.0951629634099846	1.4199834877179
c.1.8	3.03972980040826	1.72449049939562	-0.652171668673319	1.6934564307839	0.679543479554324	-0.253603270451368	-2.61497569424892	0.17162941559148	-0.903454176154379	-0.117147660971209	0.938451588543314	-1.10873588061923	-0.622127170551376	0.946604992886902	0.333445422463575
c.1.8	1.63228297408711	-1.85591296079559	-0.988253321516625	1.0854305644715	-0.241641263535521	-0.884881690316215	-0.519143090597999	1.16904591365436	-0.43614516770254	0.636792916637509	0.835897092471087	0.0915656573660072	1.07896809790294	0.636471297123881	-0.324650894542078
c.1.8	0.892467682420705	-2.49128661886528	-1.48446080301106	-0.164081638456877	-0.290979968416661	0.15012566799624	0.11596337917189	-0.898069567210285	0.707089679415292	-0.0267273149657755	0.774131776614556	-1.11216075071519	-0.93929139038032	0.730351959254089	-0.697771483379745
c.1.8	-1.95917881694515	-1.26676239698318	-3.49394143397487	0.262958890181621	0.855499238319405	-1.53991380809812	-0.46508167034211	-0.190064204686091	0.397187796294762	0.15235730507718	-1.05699811426266	-0.856832259852388	-0.221287295774088	1.01544962638234	-0.0507371427635886
c.1.8	-0.543617442891045	0.591230194968386	-1.02055384817235	0.257225284371161	-1.303157133079	0.208635203368474	1.89592464592794	-0.306286444414474	0.476121571751809	-0.866567282546892	0.81000200586894	-1.16022321832154	0.0618837921145213	-0.25493791477007	0.481793376362027
c.1.8	5.02440845212747	-1.86678632535213	-0.670658640145816	-0.375347735592838	0.558126859270916	-1.61289853216406	1.66868137546695	0.312579346286689	-0.895709721598036	0.592432714436225	1.36156996977343	-0.668016939674444	0.016594352573524	0.26729430965252	0.228086070768641
c.1.8	6.81481602993722	-0.480148710497475	2.40361860815801	-1.38199006262857	0.15062145478975	-1.40447170217866	-0.750376377957491	-1.53511565568511	1.32408265781137	-1.10736142928646	-0.696045124200072	-0.151294845223579	-0.726982995963343	-0.420968227330795	-0.331010902977681
c.1.8	0.211419178084302	1.86258775105845	0.0417166783994114	-0.22855104582861	-0.486438529812343	-0.263498375193275	1.47979158628875	1.72315753172838	-0.105239316056136	-0.579461862088548	0.15076275490863	0.968864305867407	0.124976170222732	1.54301328188082	-0.844593480998051
c.1.8	2.71004108252841	0.757523352216704	-1.21306934181661	2.5863164027136	-0.86006582891398	1.05406425335696	0.887318496912143	-0.39101798602039	0.531552136772145	-1.32012480921388	-0.217819439181159	-0.039263603293513	-0.12994379160911	-0.878077570806418	0.325357827810267
c.1.8	5.95741219785316	-2.33450196761228	-1.27648279149579	-1.42902259304048	0.210756965117386	-0.330031751296232	1.58461606359297	-0.100298435242706	-1.02238701271512	0.660530364328123	1.03762073707321	-0.733539623368427	-0.602371837842107	0.303561377530057	0.345383531412556
c.1.8	4.83743178181434	0.341417139523648	0.837378223565929	1.66084031393953	-1.34522628586788	-0.627947288643332	0.524698648306882	-0.807966822159553	1.75959657498995	0.980655823508868	-1.25245205467172	-0.380714348211864	-0.387118781887519	-0.344548978627182	-0.171707624352391
c.1.8	3.5956550189774	-0.739573296586938	0.318646388771742	0.159151847043666	3.39485525759046	-3.41357136682151	-0.254793917737753	0.79372091010747	0.369730100025944	1.61744786175281	0.16119603271396	-0.0528497076079469	-0.77882959596491	-0.350451838294513	0.776862474321981
c.1.8	2.60924204696136	-2.02229275374679	-1.98305528878417	0.680539750817149	-0.0973583798990917	1.39121141578781	-0.574739757072585	0.635945837802486	-1.26183387953046	-0.747838364634197	-0.401072138754801	-1.02669953703129	-0.115977905624959	0.415402835592333	0.351343736026718
c.1.8	6.69685790113477	5.51678901138721	-0.219790823879735	-3.07534743557623	1.09823414489152	0.0570049556795886	1.40298039909837	-0.196845865860693	-0.410244800830206	0.649922074563431	-2.1024061786146	-0.918590118962796	-2.21231660367688	0.161320119574421	-0.780118541445444
c.1.8	3.37800543130387	3.12494687389894	-1.5374032400166	-1.02295989879708	-0.630116728530538	-0.869736053705911	-1.03481044618184	1.53989651610954	-0.118490644049814	1.25889359500705	1.5317158123492	-0.584107515603355	-0.49819073971912	-0.0169630670631334	-0.507604050607366
c.1.8	4.80137250623152	-0.0115687113172217	-0.117764430244905	0.0743518399260452	0.461545673149302	0.158338872908509	-1.92311959881046	1.6141309211469	-1.27626934633775	-0.317975468429332	-0.581293148642788	0.278207732171962	-0.26934883389122	0.548992602679302	-0.24986536333654
c.1.8	2.26165093150109	-2.94419131245698	-1.25779789336065	0.685762599750228	-2.96134258141067	-0.149251891995136	-0.0758190873741983	-0.53144097665953	0.47081346504407	-0.598594111042979	0.13244118841691	1.26726299820777	0.613412571902358	0.0866086653979578	-0.693856958457346
c.1.8	-5.23687562955333	1.61600383461892	-1.18881689391859	-2.54581814092944	-0.285175418235072	-2.49816425931266	1.39222693452033	-1.8291878616903	-0.0317951965451059	0.337960646898494	-0.0421042670526383	-0.523269469131169	1.49294616692437	0.0535061226004896	-0.350062678833356
c.1.8	5.25278019836644	1.83135103420302	0.10335956973434	-1.71760890548133	0.897117215000606	0.982569971043607	-2.21566500234349	-2.01215417327654	-0.0661907303562824	0.738442644957887	-1.33564699575295	-0.375303744724198	1.07622175938433	-0.244624193650224	0.386139945447458
c.1.8	4.13785966266327	0.927683590579632	-0.10665493837192	-2.36584666820023	-3.11138221379683	-2.27279457364832	-1.12601382521867	2.49752604522725	-0.342661296510441	2.17648663451932	0.885117839481749	-1.4741254517689	-0.139658231925783	0.805537595779254	-0.500756754747664
c.1.8	5.60911773131245	-0.804211377885193	-1.56635876780294	1.31797147207476	-0.719440763924077	-1.55370840248486	-0.133637758006179	-0.326871693081193	0.853714870068206	0.923835387830786	-0.428095130284109	0.376764171882682	0.302830612161896	-0.16216441257641	-0.666852534577825
c.1.8	6.30700152947693	1.97643511289182	-0.680664079363025	0.656542188538218	-1.71454778986924	0.261415463444901	0.128207954797814	-1.61504008409532	0.291965338265893	-0.439674028365473	1.36050919103195	0.00714459433364409	-0.294543482266848	0.979380492836308	0.505872775263527
c.1.8	2.49615724678661	-1.15265808825543	-0.37563922222262	0.0826289351561349	-0.259674863989139	-0.328914682880594	-1.55840079369138	-0.31222934415895	-0.427978775852554	0.250290053200164	0.99664048679676	-0.284281744577185	-0.902190666300979	-0.638955485345153	0.374020217165956
c.1.9	-1.71574657843795	-2.63039684620386	-1.92268363089105	-0.905763501900068	-0.174960753598625	1.38951193329977	-0.0352445232611711	-1.01986489749768	-0.594432301247508	1.24198264653526	1.10644983020488	-0.327479817795513	0.239603233218141	-0.678013722106855	-0.977727479583181
c.1.9	2.9789295112419	-1.61478973319725	-0.616222537581125	-2.84329672920524	0.574586505805769	1.33619118204297	-0.892001940949378	-1.34192115112857	-0.425437936628802	0.712330097508902	0.581121987958839	-0.139451159566977	-0.438759232699259	-0.336410706797057	-1.16414081046576
c.1.9	-2.30017413163797	0.615955978409212	0.317510287474633	0.0397897569343262	1.2533531537428	0.321521918854856	1.08754819395041	1.12151139747577	3.19381379863502	-0.364084016221489	-0.219747645691306	1.38839265720371	-0.989512716305315	0.429833383310338	-0.493552831881913
c.1.9	0.154697472337322	0.681565392570116	0.706797302915424	-3.37760880640832	0.153989300470354	1.88944327028267	0.410818109947353	0.377213713376475	3.28476605747956	-0.131401678857182	0.0906056058832297	0.932769311876133	-1.01972216341633	0.457078904562523	-0.406007185843205
c.1.9	-0.317961851881241	-1.00582721254428	0.457148813853128	0.559294306880374	-0.197686614771877	0.743581263572693	0.842720269228403	-0.107141872751159	0.869073516942699	-0.724091070358787	-0.369294878285283	0.732831643462401	-0.189019876605942	-0.0237410734037134	0.0355541099185829
c.1.9	-2.90607732167937	-2.07736641393055	-0.385125171235985	-0.143899262637357	-0.619553986096939	-0.411363546545816	-0.961193491370806	0.980353110104591	-0.310043676508593	-2.03766137739825	0.697404231711469	2.68316696338353	-1.04695650508775	1.30367785930514	0.615363159211404
c.1.9	-2.98644009454591	3.57290744415969	-1.18752411507307	-0.461897631593775	1.38519447018669	0.500116239322668	0.324418930487215	0.0614400657196829	-0.431665508789251	0.789211055386374	0.12267160191869	0.152259989150945	-0.208117144140922	-0.346421516052289	-0.409870870427601
c.1.9	2.11517797232137	-2.33903868377215	-1.49418216774174	-0.351016988343288	-0.375485233035149	2.06085913269617	0.109379212000312	-0.590015212732026	-0.342912158722835	0.141663274622564	-0.507936122636836	0.406099227081668	0.381336373051369	-0.95967268423987	-0.328829352341421
c.1.9	-7.61612307042836	4.32797756811915	-0.175894442147206	2.0673475381001	0.886726050690277	2.54748125356275	-0.0477590742350142	0.287529321419393	0.10368302371014	0.514030032538057	0.290193047340817	-0.0567533561074901	-1.32159588321034	-0.452534018681864	-0.00762208186552274
c.1.9	-0.380055993269899	0.32875687957501	1.0831442655373	-0.345364001498691	3.39071754056202	1.80770019654589	0.701753817670032	0.391444955286558	1.01191119138515	0.193572001044257	0.347273406398056	0.0192877427487159	0.531774733669401	-1.88805938269793	1.12904486643947
c.1.9	-2.10970303704889	-3.2769328775538	-1.59792035707242	-0.279005024951394	-0.45049766547401	0.151249802093069	-0.968938989617813	-0.103957742828677	-0.712062080635062	-0.750353256383978	1.72024359209655	1.2879590108473	0.584471811705556	0.338022578279253	0.602677642393962
c.1.9	-1.02352830747035	-2.90941928993401	0.580629267693674	1.33394219809294	-0.940693390820889	0.265742042161867	0.460060166106759	0.482059797756232	0.470134347821148	-0.99671775828524	0.684347582693272	1.05031961630531	0.0353698576041865	-0.133469739675854	0.321001897509321
c.1.9	-2.20320119802594	-0.787250619833366	-0.812716949846302	-0.123653411165213	0.0790165481714135	1.40206993055208	0.314466422112485	-0.0755958099254311	0.705501098263534	-1.20602591320471	1.11563263433264	0.956382400828779	-0.0956415868617149	0.192909692193588	0.363458174863462
c.1.9	-0.593730646223108	-0.791516034251672	0.421306049600129	0.619814273593915	2.69787350759226	-1.33961217192479	1.15454669405043	-0.258070252435989	2.64010637615288	-0.0187319206602874	-0.935754911123713	-1.20831283044589	-0.0728095378687994	0.115073890105954	0.1332741261786
c.1.9	-1.39404589605748	0.233687966990496	-0.320240065295843	0.367076333337007	2.55960257747861	-0.888332480729356	-0.31434272191924	0.365221763574103	1.24405428275315	-0.0757284503918065	-0.207147974202263	0.754213881333308	0.0232863726130062	0.600055280447774	0.531096112460397
c.1.9	-0.986440737902775	-4.58501740360383	-0.112302642435649	-0.313914538043966	0.570294644592786	0.0798679890912976	-0.0766519605603546	-0.060687859712613	-0.165058534569913	-0.698972913745759	0.440721077111765	0.585174370325504	0.7267253939036	-0.649353509307025	-0.0297514961074821
c.1.9	-1.50378668651146	-2.70427262708769	-0.893052464166176	1.1755119170126	0.79197238968221	1.25444925950732	-0.695385705767969	-1.53061202425729	-0.48073794516997	0.509263241913998	0.668465219628103	-0.289339459825843	-0.33046301627388	0.647742109985689	1.35674173510198
c.1.9	4.00529545171751	-1.79779353569938	-0.182887864077699	-0.268733925564052	0.353361480626363	0.203430603293114	2.04199472503751	-0.0401041935300186	0.01276929441365	0.546519887124485	1.69771187414439	0.810172166029241	-0.244003378023369	0.670131251913362	-0.928175805958963
c.1.9	-3.95109367943792	-0.849972310838987	-3.15593794404969	-1.75991861494074	0.146738562098498	0.580202940745826	0.651997290103836	-0.338284447534686	0.235238382154163	1.04599753451248	1.1596993845652	-0.666403134952383	-0.0636095187367302	-0.266352121194017	-0.555817845220975
c.1.9	0.658070998484397	-6.54345104517785	0.748430963318577	-1.87581842492662	-1.41125198813796	0.541496310937023	-0.936090439949854	-0.685462194150483	1.07771593441707	-0.160816368382902	1.30302661131103	0.77490868500853	-0.680351569198731	-0.708564489148876	0.0758619100693354
c.1.9	-5.26570024666534	3.06194944585275	1.48607265869025	-0.982043160681698	2.42446321752082	-0.222545351263791	0.839309163826604	0.669081105149033	0.833504614793322	0.159093750938619	1.37574143818539	0.895413179507784	0.566287500743046	0.522223975942783	0.359168425695425
c.1.9	-1.49792816738905	1.52611754734996	-0.59040079968727	0.0405935671958236	2.45656991664986	1.20760398632164	-0.126533477228199	-0.43821073818934	1.73988745910715	-0.269659821352081	1.27412994713585	-0.234258085750357	-0.255503947977316	-2.01416496022901	-0.49596880958136
c.1.9	-3.17047974886495	-3.49936776322813	-0.114456243356693	-0.353229416455308	-0.693245101767378	-0.188606396430016	-0.323761472088632	0.382654790332973	0.468440076467324	-1.5587673920315	1.4115609008866	0.835811261103307	-0.201461256141089	0.456420473104196	0.384247223102373
c.1.9	-3.39577688497475	-0.0530580029803983	-1.69177339734662	0.584687260858558	3.14479768731708	-2.31232905163563	0.0496699104075271	0.0826390313829459	0.779330709775716	1.06238991853297	0.481172836551615	-0.519065968050779	0.397620652664733	-0.0801072206653651	0.7993745637852
c.1.9	-1.68375812250778	1.40367330703908	-1.32526825440148	1.01206036853258	2.49501457925691	-0.159341031169763	0.359360489149796	-0.209237030342784	1.27740027308839	0.162130006251794	1.47813764338313	0.111777688411183	0.0024194076305774	-1.31542953383815	-0.611929450265585
c.1.9	-6.46654311763662	0.21133338852557	-0.393718297197844	5.68328657654541	0.741804978327329	0.994186638034952	0.305979937005174	-0.198939813318971	-0.058206154918129	-0.997686595886207	0.200266772308712	-1.2137327112277	0.340226970778661	-1.18137119704503	-0.950722062220042
c.1.9	-0.728335364437557	0.748920606873138	-2.18151953315133	-1.66856785523884	-1.2675087911396	1.44494384499341	0.106121148932027	-0.834467271908719	0.108662411433799	0.990702494139594	-0.359555912668474	-0.680440527170388	0.154147908122258	0.0597350573316078	-0.345210761177475
c.1.9	-2.17450175633407	-0.895316390551073	-0.532464416804016	0.00691090757757724	0.899142899920729	-0.724663331958651	2.62859447207465	0.192227813108884	0.552134381564463	0.617482910516068	-0.738734241237598	0.993350438777121	-0.392577709910988	-1.32706875735315	-1.20536388575749
c.1.9	4.52430097304433	-0.96346858120399	1.09309011020265	-0.196217744973285	-0.474458343644431	1.35771387356779	0.0854411159078479	-0.139664589570153	0.264896567777648	-1.59410654772568	1.11116348819123	0.388926540570881	0.946615821302274	0.510539365597253	0.637309608125293
c.1.9	-9.11661855350633	-0.84600531247116	-1.00957489078296	1.89803377629193	1.09421865110498	-1.01633016284347	0.442460606438935	-0.226963097129221	-0.163502035971851	0.515820134343088	-0.468431931761469	0.067570208470214	-0.230819782608611	-0.735503728536662	-1.49129550050535
c.1.9	-4.23175806707206	2.17154069704894	0.145244623760943	0.458582890145874	1.79491149844496	0.783179159786357	0.0961911238859864	-0.986488986761139	0.265436131964941	-1.1164876645109	1.02018368407753	0.123113670293904	1.02919762691886	0.398132504551543	-1.21800827884597
c.1.9	0.426666258381474	-3.85430731410472	0.317954198326969	-1.37941825150619	-0.872142233777271	1.57744507280698	-0.181458405053309	-0.236982701879256	1.10025903856173	-0.426021468150954	0.500074804902167	1.13775573301835	0.363279407191764	0.547968487367235	0.00450219449818444
c.1.9	-0.58217433013756	-2.41612547736349	-0.810833205832549	0.464710200861262	-0.12964164582683	-0.207395267690258	0.483846991634412	0.277014563940586	0.101948063418049	-1.39723803743111	-0.218906803403478	0.655036622196489	0.552094494714399	0.578378189221858	0.56297852259978
c.1.9	-2.95590764019539	-2.83595758511905	-1.86997732896522	-0.383381636413535	1.49805278252611	0.719514495211678	0.761288826352584	-0.0158119613359329	0.282437514384941	-0.295094775418999	-0.954591367106263	0.116398116464712	0.458263058102919	-0.113615572949913	-0.313832138492444
c.1.9	-5.79336443575356	1.93443237868349	0.268629105096551	-0.134779033372333	0.112202392032188	0.127826501223591	0.988723586462085	-0.145863148001965	0.857686865909464	-0.867137912545853	-0.370998759611114	0.810797724541008	0.516150372355479	0.0563984650453154	0.37556918800506
c.1.9	-1.20707166055073	3.14230750502717	-0.817291402777646	1.50964772548955	1.81038013517531	0.796874024020623	0.567846943752106	-0.871888655818695	-0.215983778901244	-1.38440863808194	0.956669389469941	0.338030090406693	-0.491185942682552	1.00713503252403	-0.548564701297703
c.1.9	-2.08395681158269	-3.82313187821719	-1.24450486237079	-1.06043081976078	1.28931587788731	1.85832762279084	-0.608002300621156	0.00415518954153258	0.632992320453286	0.620387150101393	-0.00649053938756107	-1.32065770866492	1.535051334191	0.583733870368829	-0.465681657337
c.1.9	2.58207439338154	-2.36663344034673	0.454074431691079	0.268674817413678	3.07077765934602	0.0436110167921987	-0.905865518773548	-2.32354808536156	1.458781670102	-0.800305323658158	-0.325260614852209	-1.39728845242882	-0.165554168628663	0.343918359733027	0.772500762072212
c.1.9	0.661987665183769	-3.37835811234784	0.576955341955081	1.65041200699921	0.855013020659179	1.32513250551438	0.546196436713703	-1.46944629353111	-0.644730963535991	-0.413702421427828	-1.124292538408	1.49697705771721	1.02984180329088	-0.71995291864411	-0.293977499524214
c.1.9	-3.23330744043526	-1.79457716455372	-1.78640791082422	0.565592003700421	1.17103850366734	1.07762359682899	-0.608941500416464	-0.854310704564525	1.24637997746477	-1.07255913158092	-0.607194165309472	-0.355042845653742	0.950250770870659	0.403725267465919	0.473330509847051
c.1.9	-5.10864089424551	1.46671823957242	-1.45536815137942	0.200933607899463	1.28175988312613	-1.33758772341129	-1.04669689081753	0.0355025087549054	0.0988534610657588	0.548160151001667	0.878366882986814	-0.561221469160393	0.568457800823636	0.346818362702409	-0.609828924394739
c.1.9	1.14336140056611	-2.38865164500662	1.97718373101409	-0.0736325818596976	-0.0232909689712714	0.505240798372409	-2.25114537099646	-0.189294872856304	2.05246687629876	-0.170713741551879	0.186587076427328	-0.709421815106185	1.79983523935435	0.286362282979808	-0.146961270949851
c.1.9	-2.4384517432885	-3.02288950053503	-1.74810593537845	-0.826299135412557	0.901583633218387	0.68911365286414	1.0188514288072	-1.74772909617358	-0.517006203144978	-0.362492240467726	-0.243021062426399	0.42228980256798	0.000658690919215926	1.18644461099919	-0.408915688758852
c.1.9	-3.13661412931528	-4.78684454374957	-1.25970021039532	-1.39398330213948	0.939994199308869	0.0170441572191685	0.99357424538431	0.00670618768812077	-1.2616210156314	0.685254984987824	-0.502732913807096	0.746926688256316	0.623125099909168	-0.0591808210777282	-0.379865684842841
c.1.9	-6.34424144163046	1.87030497762357	-1.9321518274987	0.452419508387585	0.658811636780904	1.10881767914611	0.823312280600653	2.13398858243138	0.164615415117866	0.419848637989991	0.661170858865689	-0.609653179163978	0.392330956112204	-0.834572923688893	-0.0189230391685271
c.1.9	-1.93884729176504	-1.07268016220927	-1.18748314714656	-0.275854164651648	1.04914299793949	0.31455254285529	-0.700070757738814	0.0207237473121234	-0.293183163746337	-0.140506029375739	0.777025647620528	-0.542579978831907	0.499666115942468	0.632319287458026	-0.440876655178345
c.1.9	-0.0514387484532025	-4.8193633590638	-2.50206449775372	-2.11112655724177	1.15168892280694	1.77255920478262	-0.919582036316418	0.265556793669268	1.03264639299712	-1.28430199369009	-1.06837640571629	-1.66867919981003	0.488268637795149	0.431410438508066	0.0582927367558842
c.1.9	-0.657626828221309	-0.844803622470275	0.882956293518582	-0.0834192938819474	2.86501419244959	0.758788481864754	-0.729131799866211	0.527616279946089	-1.8167174001608	0.856769949873389	1.74351057053982	-0.336291670603424	0.510071217468165	0.179498710773267	1.31659893167305
c.1.9	-1.23783827895429	0.764585822748434	-0.815437087364128	-1.76395353672793	-0.117711148964334	1.99065491539676	1.81087622250407	-0.274078678844617	1.95633066419676	0.186424572267634	1.14717372116456	1.99062484662467	-1.17378997664901	0.560549650484966	-0.683930942324151
