c.1.10	-1.96574773179906	2.31647606609327	0.465928180754975
c.1.10	5.32416060771395	-2.2855262278281	-1.27058413756899
c.1.10	-0.651394441517221	4.07029666807297	-1.27508088523825
c.1.10	-3.27126458696789	2.62237292010692	1.34867915256626
c.1.10	-0.403266879626627	1.95261235078945	0.879200310341183
c.1.10	-1.17730900004341	3.18902859810215	0.257385732280098
c.1.10	-1.27656851447839	3.25122296106401	0.110390857523398
c.1.10	6.33175210179908	3.30131383281196	0.292768944174169
c.1.10	2.33979762154199	3.5488956013906	-0.00624030800839764
c.1.10	-0.99744895723717	0.452213833135336	-0.18291118145891
c.1.10	-1.08300527810701	0.967239952382665	1.78875695612669
c.1.10	2.54930681852451	1.46716662096172	1.2957820861619
c.1.10	-0.652255451031601	0.739027139351835	0.881936294004264
c.1.10	6.04425979350321	3.94998970571581	-0.724080172862328
c.1.10	9.86368333564234	2.51146465241118	-1.91350602913537
c.1.10	6.81616611214411	2.07288994963179	1.01789955242744
c.1.10	6.11195572142116	4.2497281866558	0.703913131084387
c.1.10	-0.972234111368566	1.91586760458929	0.365360073646904
c.1.10	-0.158473018692999	-1.34431188548693	0.660562445200858
c.1.10	0.0492672280447661	-0.105143606838345	-0.873871682943178
c.1.10	4.83730000830939	-3.24772770039095	-2.25483682216816
c.1.10	-1.76788977712605	1.73504170167854	1.37784885287572
c.1.10	0.713862169388282	2.28571285379661	-0.147999464038949
c.1.10	-1.19842128048105	6.16951015030173	0.606740922767672
c.1.10	3.46957417176721	-1.01527349445098	-0.286091757481271
c.1.10	3.16269167450453	3.85330479268888	-0.418558776692094
c.1.10	0.233686770394392	-0.429662467428099	0.297890599546005
c.1.10	1.28984712930293	2.18484955252704	-0.403912249775639
c.1.10	6.45386388987162	2.62627773625397	1.78697823132949
c.1.10	0.297854512022642	1.08600485613293	0.0243797279145266
c.1.10	2.6047390790854	1.32106715098785	-0.942078140180123
c.1.10	7.35632175730068	0.564066961724382	0.193435191699081
c.1.10	6.39057948085275	0.580116883273637	0.180339924676856
c.1.10	8.52294729466114	3.24585058498811	-0.974843977483619
c.1.10	5.93773966641762	1.83164543972893	-2.40920206596361
c.1.10	8.22029350890178	5.37317798735529	0.103888848177324
c.1.10	1.29320153315834	0.37693974395344	-1.66960469371993
c.1.10	0.540384269347819	1.58301294715891	0.49769839754391
c.1.10	4.79573791513406	-0.143201241662271	-0.370734056214555
c.1.10	7.04675020280362	3.86477531607763	1.61431062616508
c.1.10	7.50332866719633	5.91118519659997	0.34152428573194
c.1.10	-1.73249596313902	2.30333619478429	0.0614753605628044
c.1.10	2.96427351201911	1.6796581441698	-1.73359101424132
c.1.10	-0.618662503948332	1.6973155680132	0.263932318902555
c.1.10	-2.22572691796017	3.64590087210524	1.06925569825748
c.1.10	2.12896392128724	2.11408005880249	1.407769702517
c.1.10	1.14076992151075	1.00547729884208	-0.914852147629215
c.1.10	-4.62483446194931	3.73170950749165	-0.340110902472183
c.1.10	6.7914888140533	0.201272004889833	-0.431658006873868
c.1.10	-0.0037947432525748	0.311440715740893	-0.151769238992836
c.1.10	-1.88319818007103	5.37393523114576	1.14594752809799
c.1.10	-5.51157370397138	5.96058567431542	-0.181264604552562
c.1.10	-2.4743323663307	0.915824369795535	0.227775589116289
c.1.10	2.19441401180391	-0.869824218818759	-0.435905524110024
c.1.2	5.91317673427818	0.512147276164768	-1.05828254622874
c.1.2	5.20671601269268	-0.475492576158454	-0.810477026809547
c.1.2	3.91328256070618	-1.16975279427341	-0.486717283016635
c.1.2	5.05382185675306	1.78594423302442	-1.6625125960035
c.1.2	5.67660645169567	-2.73777183238351	0.313157322114444
c.1.2	4.21414616437626	-0.691175595285967	-1.21196509190657
c.1.2	12.4448690170013	0.960439093986776	-5.60779518522397
c.1.2	4.04690581744428	-0.946970598014248	-0.288934289589111
c.1.2	1.29011002902192	-0.250148611849197	-0.646323296220981
c.1.2	7.99842024655979	-1.82837358548331	-3.64799660116282
c.1.2	7.40616682189588	2.36587961391112	-0.932184144222994
c.1.2	10.0348901427608	0.117833829568832	-0.283280894843039
c.1.2	5.34792960978444	2.48830346494354	0.378104803583493
c.1.2	13.4400250891589	-2.93975693105839	-1.36843925763902
c.1.2	6.65927992475839	-0.769409449091414	-1.20514319992161
c.1.2	5.82472635491723	2.02366824351319	0.14350356621081
c.1.2	2.15303489330349	4.96578979270614	1.94703858501134
c.1.2	5.11067050103043	3.08160996261642	-1.7937293215893
c.1.2	7.25428854623728	-4.41945492179154	-0.97134884761421
c.1.2	4.43758635099845	-0.289682958521412	0.173102676915321
c.1.2	7.13573823563713	-2.76968418445677	0.471493697825045
c.1.2	5.65294379277487	-2.30927503861115	1.40956117037935
c.1.2	11.8630136727648	-0.73443928601159	-1.48708093600353
c.1.2	3.61829748079442	-0.0238418978070716	1.45557333995907
c.1.2	11.7342895256369	-0.8366292245836	-0.897560025623298
c.1.2	9.36309030735879	0.626512461259795	-0.780567477280097
c.1.2	5.13380906900576	0.734732145102505	1.04961209606061
c.1.2	7.55587895978156	4.69863445063804	-1.60978419815016
c.1.2	5.97775414676269	-1.40136584875877	1.71119567051557
c.1.2	7.10639732973951	-1.24282035910048	-0.872814738160383
c.1.2	3.80524889278552	2.59485688367944	1.11893201812353
c.1.2	8.59118767531536	0.885833738489479	0.0196247237431394
c.1.2	-2.11300639483226	2.08343246765364	0.768819888397271
c.1.2	-1.69085783658961	2.10838495527293	0.641802015451598
c.1.2	6.85067231232614	-1.69929421365912	0.794593607662597
c.1.2	-2.60507385875787	2.58995367336739	1.18450300444792
c.1.8	1.29158967551832	-1.33514755041283	-0.809712360121048
c.1.8	-6.93467906901936	-2.06410868302971	-1.26315923706811
c.1.8	-6.15316149472113	-2.25900707384867	-0.0163268171262597
c.1.8	-1.59319342704298	-0.354786390060824	1.7574501088381
c.1.8	2.28107796860534	-2.01366397417933	-0.771344003840239
c.1.8	11.9735949278972	-5.05569688329031	1.66059969948441
c.1.8	-0.754926041289046	-4.37060332555601	0.688768961856978
c.1.8	-7.3109674112519	-0.704361201957801	-1.30896425287875
c.1.8	-0.818863622267926	-1.95556642640602	-1.55896522722931
c.1.8	-3.18111270724643	-3.36794884107498	-1.03536972948943
c.1.8	4.09849679377575	-2.63410373384653	-0.959275160436199
c.1.8	-3.83408619620239	-2.33405875938856	-0.690841861602072
c.1.8	-2.47957578251559	-2.14743884649773	-0.991659837503979
c.1.8	-5.43763872812892	-3.03097647491307	0.303700069778113
c.1.8	-7.24831324353128	1.2884900849009	0.844460356678403
c.1.8	-8.88326458608012	0.61696317167296	0.775379397792104
c.1.8	-0.290333191634735	-0.952484606977598	-1.32898536215684
c.1.8	-1.1512171479595	-4.0503774089476	0.0238440415858185
c.1.8	-2.43250239461445	-0.35502784247473	-0.634468313287358
c.1.8	1.90024347739614	-1.58882086077332	0.628156871181398
c.1.8	4.74889227793975	-2.04270342478168	0.459497415014634
c.1.8	0.48805472580567	-1.1618526385787	0.500864712333798
c.1.8	-1.70766940257952	1.68203336742407	-2.20193197115798
c.1.8	0.257215096881255	-1.22931637799044	1.4533244208706
c.1.8	-8.26635782819477	3.42231067460393	-0.199486743976878
c.1.8	-4.51825678789831	0.910175226229508	-2.64222069969493
c.1.8	-2.24545763547428	0.588149904098193	-0.135485169663724
c.1.8	-0.974254588022291	1.42555713218357	1.21041246578229
c.1.8	-0.657802205642165	-1.67709624720521	-0.204336553214535
c.1.8	-1.68811864021286	-2.04787116320299	0.909815423388335
c.1.8	-8.54808340415293	2.66251737522034	-1.51226650608658
c.1.8	-0.581113409910226	-2.27997779784829	-0.611848594196902
c.1.8	-2.73881859652653	-2.18721164788315	0.901880008515798
c.1.8	3.43469566538798	1.58354715620002	-0.930560268899826
c.1.8	-8.42113961857288	0.265695299870611	-2.49026120496658
c.1.8	-6.02880648132736	-0.16080244281836	-0.791365313083375
c.1.8	4.34560270634265	1.41464179537066	-0.723720916956278
c.1.8	-1.1812653329373	-1.20897032026439	2.6136831628274
c.1.8	-5.37277635963225	-1.19823203990256	0.509409348382109
c.1.8	-10.4606194768989	1.10911658892519	-0.187152462812906
c.1.8	-4.48105840920861	-1.11661641784568	-0.217668051914905
c.1.8	-2.6561101331694	-1.8233085702222	0.678943065685126
c.1.8	-2.13906240641866	-0.189045580203385	0.948847863939154
c.1.8	7.14406395356856	0.168780773189438	1.00194807063824
c.1.8	6.29203878184649	-0.231972197512101	0.0788503566690053
c.1.8	-0.986576130498002	-2.58061382557817	-0.0295601099228463
c.1.8	-2.56623278570128	-1.16273032824858	1.03720149527508
c.1.8	-3.23382063297437	-2.43249023880599	-1.18534390252055
c.1.8	-4.78456510931998	-3.10391807482869	0.484834795154861
c.1.8	-2.54250713120821	-1.44722264971438	1.26504237473029
c.1.8	2.34044428065339	-0.839662386236437	0.758063601748649
c.1.8	-10.2471447578917	4.31487449089653	-3.12507673427265
c.1.8	-3.9927545329163	0.0213979906968958	0.826192135952282
c.1.8	-3.70867619689234	-2.51100547253792	1.15873164672026
c.1.8	-1.75196888089296	-1.09364078599068	-0.196558164878504
c.1.8	-1.14747658662586	-2.29665249824719	-0.190726574362804
c.1.8	5.49450213063392	-3.79010941057628	2.23851470909029
c.1.8	-6.13228405102913	-2.10299101614807	0.16281024071407
c.1.8	6.48346983875198	1.8049980267584	0.511595943716544
c.1.8	2.39717845216128	-1.85028051329074	1.63166596690314
c.1.8	2.18162985327925	-1.38425708859606	-0.484497977667523
c.1.8	-0.0873959214321871	-0.29588133676993	0.817091695574128
c.1.8	-3.27969564387088	1.07766216677738	-0.387875969365184
c.1.8	-10.6696061436443	1.68614022679189	0.131584346685454
c.1.8	5.49406824646795	0.206304933716484	0.274688538298472
c.1.8	-3.63279026826805	-0.989964096588931	-0.713979551661369
c.1.8	-6.91234312032604	-0.635855245522629	-0.777882124393183
c.1.8	-1.49693235859171	-1.14554473736684	-0.618797269604822
c.1.8	-3.78110224394719	-2.4739413876492	0.421088179721888
c.1.8	-1.62150490591617	0.309082869360011	0.788852903101994
c.1.8	3.90813866538474	-4.92064503204023	-2.57183121420705
c.1.8	2.85946147832486	-3.52698011816022	-1.12113971979013
c.1.8	-1.16924704638009	2.03588281349275	0.342525624822788
c.1.8	-0.0839677258547846	-1.13239104125694	0.421505521678448
c.1.8	-3.69028072206286	-1.25390834782044	-0.077783202639715
c.1.8	-3.84006588498766	-1.4461124185632	0.364421812404096
c.1.8	-3.13548533525348	-2.40297653580734	-1.19440219443523
c.1.8	-6.06272655441427	0.283115237871487	-1.4793825309404
c.1.8	-5.45373342129129	-0.423903197227473	-0.468013859718369
c.1.8	-4.56825104388853	-1.50913449605337	-0.560193764459428
c.1.8	-0.844600808053004	-3.25086626316414	0.531852421824146
c.1.8	-6.9908301923985	-0.930353304553428	-0.00326886939940396
c.1.8	-6.56697211527499	-0.199135618669498	-0.830096290655187
c.1.8	-3.06794939179465	-1.48144518877707	-0.355298311406058
c.1.8	2.72424180415707	-0.0875716193142039	-1.39263056701169
c.1.8	-4.53031976437437	-0.911048589178684	-2.45711786245334
c.1.8	-4.18951176844507	0.276501101821781	0.665877764356456
c.1.8	-2.98899101818816	-0.870248660825512	-0.293202824236316
c.1.8	6.81162920576575	-2.58641249034062	2.69734412672081
c.1.8	-1.52327715346187	-2.14153966565417	-1.3742184828104
c.1.8	1.09593598951471	-3.2051734558444	-0.739765500946327
c.1.8	3.55510880229151	-2.31140073794855	1.10469971150826
c.1.8	-1.70434559402466	-2.15661814094477	0.793108212635103
c.1.8	-1.07036820410608	-2.41496063910723	0.515826423386972
c.1.8	-1.43607218614742	-1.23319642953327	0.169845209320562
c.1.8	-1.33312236720691	-1.71499759413354	1.46080917023269
c.1.8	-6.59673546163426	2.14549313232332	-1.4857509332938
c.1.8	-0.561304520471027	-3.24917903196965	-0.443382238349193
c.1.8	1.83181862793437	-2.72035093923081	-0.431101750093441
c.1.8	-3.67599514290856	-1.30768245162809	-0.0678395958711402
c.1.8	-5.63272845830264	-1.35980361177967	-0.548181170307761
c.1.8	-2.24199064785674	-2.07519823929541	-0.166160292074393
c.1.8	-6.34484265234445	-0.247689180835887	-1.09919128169049
c.1.8	-2.71264135995533	-0.620007763911631	-0.160344121166733
c.1.8	-3.2858882760285	-1.01626470081021	-0.3971750878371
c.1.8	-3.51019534912838	0.478359977963631	1.87221368280997
c.1.8	-5.588268240664	-0.354497185468549	0.96392377771379
c.1.8	-8.83773988337029	0.119424518764825	0.558129028486937
c.1.8	-7.88392989008216	-0.730274912343774	-0.959773763700374
c.1.8	-1.75499108920225	0.754954478308944	3.07388112809902
c.1.8	-1.44714643261163	1.61599485298748	1.7697153917434
c.1.8	-1.39843538394099	1.16585062436519	-0.0268588114235786
c.1.8	-4.36871349104025	1.44832597469653	-0.755761624563085
c.1.8	6.54783813746288	0.275340276118422	-0.269285258406654
c.1.8	-4.88529283583224	-0.584418324817238	-1.88299864272117
c.1.8	-2.4311770981368	-1.22947124245726	1.51490295924601
c.1.8	-2.91267675840211	-0.942254636724139	0.532576896820341
c.1.8	-2.58491866295891	-1.71034153831192	0.834353670560605
c.1.8	3.98878871294798	-0.574900282723327	0.369328627388651
c.1.8	5.6193638833692	1.8969732145302	2.01496616283525
c.1.8	-8.1601057296642	-0.23149150417445	0.401721142649361
c.1.8	-7.84702301154536	0.907665469893115	0.143095714930993
c.1.8	-0.0844116456862817	-2.91498867877609	0.808840453605158
c.1.8	-4.63290679560913	-0.957851381166937	-0.614722442747024
c.1.8	-2.99526973600579	-0.45449842870029	-0.409014696719381
c.1.8	-7.51250535835895	2.26227152835663	-0.950548697678511
c.1.8	-5.39251274982439	0.316383532264749	1.33725983424418
c.1.8	5.94538059520107	-4.96470886218285	0.549526152485194
c.1.8	-0.928608936254611	0.0882273410162442	1.88506537077956
c.1.8	-1.20161054227406	-0.587154053191774	-0.299486352958756
c.1.8	-0.5866585928174	2.70531391978438	1.46570066197078
c.1.8	0.977197552128221	0.537369638611241	2.391442434355
c.1.8	-1.73737281469758	-2.74299958360808	-0.0147364145175396
c.1.8	-2.64732099862992	-1.9369262576205	-0.845596512551017
c.1.8	0.892941980444324	-1.33539022542505	0.591440472352411
c.1.8	-3.50131640238992	0.23086610643937	-0.123891203075454
c.1.8	-2.705166852142	0.342752343570876	1.03318775069624
c.1.8	-1.50835038216079	-2.84954913250953	-0.184311184517411
c.1.8	-3.17770048010844	-1.2815181087357	-0.499503986141248
c.1.8	-1.62599975078364	-0.691889496631041	0.615518617135863
c.1.8	-0.473988769798863	-0.560854934907831	0.854792828170203
c.1.8	0.341023318594361	-0.114037890119704	0.308699643919767
c.1.8	-4.19943979259365	-2.02252838636222	-0.450722748764689
c.1.8	2.79764689387211	-2.73547802436299	0.0976245828447595
c.1.8	-1.92433041404684	0.323470925593665	0.0104357283571828
c.1.8	-8.96593416104209	-0.867123453610025	-1.56375347727982
c.1.8	-5.12325850467994	-1.90009801430908	0.706174076430951
c.1.8	-2.98907842751751	-2.06301900470464	-0.424198415536871
c.1.8	3.89578589811443	-4.26929957880328	-0.821412437385443
c.1.8	-8.21908154981364	-0.289059460529666	0.0456734288077378
c.1.8	6.71639851040207	-4.97583490540599	4.0437981384645
c.1.8	-3.60884189606234	-0.693833528315776	1.05832832956065
c.1.8	-2.93134978953834	-1.94281876240357	0.191400716101767
c.1.8	-3.26179761866314	-0.181581726533385	-0.33313672004378
c.1.8	7.13325682188729	1.5995200031761	1.33778458250972
c.1.8	0.872690075522353	-2.02384482785593	2.0194271385391
c.1.8	-1.66956005016062	0.0982863190603067	1.03988233719983
c.1.8	-4.23018930563826	-2.65673310316765	-0.0348785787585939
c.1.8	-4.19877707050516	-3.51322025460038	0.36825859064258
c.1.8	0.312893071011031	-1.85445576938884	0.265261403781014
c.1.9	-2.85780587602408	2.19310609275724	0.423584484370331
c.1.9	-1.15870504851632	0.283080509195979	2.2284928973512
c.1.9	3.0080297199922	0.916585482166675	-0.49259099432879
c.1.9	1.76624319172195	2.41315752243198	2.27281465114845
c.1.9	-0.303523963673582	0.686511097587407	-0.321937246690443
c.1.9	-0.330531428953047	1.2560460049943	-0.504255423363947
c.1.9	-1.69763960157755	1.99076953289102	-0.097830654481511
c.1.9	-3.65038013985114	0.184422027688049	0.6599954876743
c.1.9	-6.24825147993594	4.12982772146786	-1.0357319017302
c.1.9	2.6056342229457	-0.0355831784417855	0.689216166298534
c.1.9	-1.46890792139846	0.830405478194036	-0.141482897494614
c.1.9	-0.622712480972291	0.464199621449294	-1.2464332026064
c.1.9	0.357703850971611	1.42083813387203	0.583346174686205
c.1.9	4.40644760861503	-1.33150890462463	-1.13241430727336
c.1.9	3.49631381670579	-0.811058029580497	0.0498231094018782
c.1.9	1.19912757231174	-0.197382269371081	-0.0659187560857426
c.1.9	-1.22453306876605	0.000410145567565107	-0.305437894331355
c.1.9	-2.93928939645497	-1.38889691818319	-0.288197228975605
c.1.9	-3.43590036780957	2.99863879478532	0.830991901552266
c.1.9	2.77694033169816	0.674820974679368	0.999080258282376
c.1.9	4.00670524099559	2.57673237642464	-0.429519277407804
c.1.9	2.94687982352952	0.0431064138896932	0.569569643270168
c.1.9	0.604768206350933	1.5258292328527	-0.779602052871612
c.1.9	2.93602596721186	-0.124475001240768	-0.318145894395977
c.1.9	2.77058874694418	-1.10768932484225	0.206298930727335
c.1.9	-7.18227989442646	1.76317364875805	-3.67492956421976
c.1.9	-4.68187357242794	2.26644666745936	1.56184267478881
c.1.9	-0.212443378054947	0.759724257722723	-0.243199812823885
c.1.9	-0.793435104238458	-1.24404277705339	-0.143086629941724
c.1.9	2.55985476199693	2.46741045903448	-1.79655633852943
c.1.9	4.76036678007292	1.48987529578939	-0.518532829758747
c.1.9	-1.23212651447842	1.71013933836242	0.70795201842753
c.1.9	-2.6328875644807	-0.0683502612862894	-1.08317783965529
c.1.9	-0.18252373562356	1.31452806760917	0.310597397521079
c.1.9	0.141271963076084	2.70596247801211	-0.734895554698659
c.1.9	-1.03555196159936	-0.918526959506022	-0.317546803976239
c.1.9	-0.570452084110268	1.73949976328032	0.65047706137816
c.1.9	2.79721749835989	-2.70001421597887	-0.0802568701530357
c.1.9	-0.219701464619009	-0.736199856624605	-0.692696281210319
c.1.9	-0.4625831374374	1.49526467568345	0.11729702456658
c.1.9	2.17226091729532	1.23921419197713	-0.369225284332931
c.1.9	3.9924953943994	0.0692784067227631	0.0110823934691402
c.1.9	-0.430820162804142	1.31562195382185	0.524936695276059
c.1.9	0.181637348172725	2.31528159356435	0.0147088556339361
c.1.9	-5.81437761454334	3.91117582750011	-0.154153104048432
c.1.9	-1.07587823934016	0.447528618957622	0.0849575457389131
c.1.9	-1.81138330907893	1.00760563159863	1.7681543011391
c.1.9	-0.1089601573818	-0.264782941940025	-0.13765797701125
c.1.9	0.0396262634825463	1.80874014726289	1.43584082167491
