c.1.10	0.669596	0.564203	0.790514	0.662295	0.449298	0.734572	0.617351	0.504775	0.907819	0.865722	0.586769	0.821142	0.858655	0.726066	0.489567	0.644456	0.724549	0.675733	0.765228	0.239539	0.584929	0.453086	0.670168	0.678178	0.417365	0.607712	0.405845	0.514454	0.375111	
c.1.10	0.665366	0.552456	0.787008	0.658445	0.44402	0.726031	0.602038	0.483856	0.904735	0.865021	0.588667	0.81171	0.850504	0.719043	0.484327	0.648041	0.711127	0.658997	0.750464	0.241052	0.579569	0.425094	0.651015	0.658108	0.394801	0.585821	0.378988	0.486945	0.350042	
c.1.10	0.672487	0.568981	0.791002	0.659575	0.443569	0.735099	0.618593	0.510623	0.906322	0.862015	0.583104	0.815805	0.85797	0.721536	0.482195	0.640089	0.718118	0.669798	0.762869	0.239335	0.579647	0.437877	0.670818	0.674188	0.40631	0.607512	0.38546	0.521159	0.381956	
c.1.10	0.66921	0.564629	0.790404	0.663341	0.447057	0.735861	0.619754	0.506011	0.908385	0.866505	0.593305	0.823233	0.859487	0.728682	0.498452	0.644663	0.728363	0.680521	0.767652	0.246648	0.585072	0.456357	0.673931	0.683473	0.411387	0.611595	0.416714	0.517991	0.373973	
c.1.10	0.666218	0.559313	0.788183	0.66037	0.444076	0.733021	0.613362	0.501491	0.906213	0.864088	0.58824	0.821443	0.857002	0.727097	0.490442	0.642437	0.723143	0.676092	0.762345	0.238398	0.582163	0.446469	0.671193	0.674037	0.410433	0.605584	0.392253	0.513566	0.371823	
c.1.10	0.670994	0.56468	0.791243	0.663165	0.439666	0.734902	0.616321	0.5051	0.907987	0.866273	0.591199	0.82135	0.858417	0.726658	0.491896	0.635145	0.724048	0.675539	0.764515	0.225735	0.575118	0.441193	0.672151	0.676685	0.394176	0.605671	0.392133	0.515692	0.377058	
c.1.10	0.670663	0.565193	0.791031	0.66128	0.441583	0.734783	0.617423	0.505705	0.907806	0.864794	0.584548	0.820213	0.858477	0.723658	0.496228	0.638318	0.723322	0.673596	0.764675	0.243243	0.576432	0.442886	0.672747	0.679169	0.401133	0.60674	0.390721	0.516437	0.37608	
c.1.10	0.666712	0.558856	0.786434	0.651059	0.417527	0.730341	0.608645	0.494475	0.902271	0.855608	0.563006	0.812704	0.853167	0.71175	0.468727	0.617004	0.713823	0.663841	0.754588	0.181452	0.560478	0.419088	0.659136	0.665856	0.362113	0.593599	0.367496	0.500198	0.360504	
c.1.10	0.667247	0.561336	0.787775	0.655689	0.432065	0.731685	0.613254	0.503066	0.904308	0.859745	0.575555	0.81388	0.855764	0.717088	0.488373	0.629403	0.716954	0.667091	0.758997	0.209839	0.572165	0.433807	0.666709	0.67214	0.392287	0.601766	0.382359	0.5141	0.377766	
c.1.10	0.669204	0.562474	0.789717	0.662654	0.454284	0.73328	0.614383	0.500003	0.907205	0.865658	0.588873	0.819153	0.856467	0.72525	0.488166	0.651888	0.723662	0.672886	0.760662	0.258101	0.591949	0.448953	0.666414	0.673196	0.419602	0.601677	0.410325	0.504855	0.367003	
c.1.10	0.664043	0.557156	0.787244	0.663035	0.444589	0.732167	0.612675	0.499356	0.906401	0.867685	0.602695	0.822659	0.857588	0.733683	0.490025	0.645122	0.727068	0.678117	0.763696	0.226061	0.58755	0.450405	0.671004	0.675651	0.413574	0.605366	0.402412	0.510497	0.369596	
c.1.10	0.662481	0.555072	0.785988	0.654183	0.435833	0.730138	0.60931	0.494705	0.904848	0.861231	0.572769	0.818995	0.856351	0.72014	0.476848	0.636508	0.720924	0.671188	0.759962	0.244891	0.581057	0.43502	0.66578	0.672548	0.395748	0.596939	0.388132	0.504696	0.364278	
c.1.10	0.668592	0.561227	0.789664	0.660289	0.448287	0.73362	0.615791	0.496393	0.907952	0.864261	0.580106	0.8223	0.856768	0.722763	0.494419	0.64418	0.72434	0.674171	0.76223	0.249735	0.588803	0.447259	0.664041	0.678647	0.411728	0.60211	0.408345	0.504106	0.359537	
c.1.10	0.66191	0.559792	0.782357	0.646803	0.425025	0.728325	0.60982	0.503605	0.898833	0.854525	0.560214	0.807864	0.85306	0.711717	0.466236	0.633709	0.712062	0.658983	0.752678	0.242433	0.570891	0.413512	0.663611	0.667549	0.381225	0.599476	0.35187	0.513269	0.375017	
c.1.10	0.664464	0.555699	0.785021	0.646591	0.418761	0.725119	0.602441	0.492847	0.899778	0.855179	0.554317	0.80274	0.850017	0.705285	0.468813	0.624922	0.700962	0.6487	0.748377	0.176809	0.558161	0.402663	0.653886	0.65462	0.367289	0.588112	0.335909	0.495787	0.362095	
c.1.10	0.660465	0.55284	0.783543	0.64893	0.42439	0.727105	0.603789	0.492186	0.901875	0.858137	0.567444	0.812661	0.853904	0.715221	0.460179	0.629098	0.712562	0.66418	0.754025	0.15324	0.570764	0.418026	0.660787	0.663888	0.386872	0.591403	0.361066	0.498184	0.361066	
c.1.10	0.662938	0.558168	0.785078	0.645547	0.418474	0.729672	0.608688	0.498355	0.902416	0.854823	0.548145	0.814489	0.855276	0.708213	0.471851	0.617188	0.712557	0.666233	0.756014	0.188686	0.565941	0.409061	0.664052	0.66863	0.37802	0.593609	0.366212	0.506576	0.369873	
c.1.10	0.669689	0.56333	0.789882	0.662224	0.44549	0.734535	0.614989	0.502242	0.907296	0.86528	0.595132	0.821163	0.857196	0.728009	0.496679	0.640262	0.7226	0.677156	0.762236	0.22285	0.584021	0.437282	0.670886	0.674612	0.406828	0.602398	0.401756	0.511575	0.370126	
c.1.10	0.665705	0.556041	0.788415	0.661856	0.455223	0.731177	0.610637	0.491935	0.90723	0.866726	0.592245	0.820627	0.85569	0.72702	0.496125	0.653558	0.723899	0.673195	0.759173	0.267705	0.5946	0.447893	0.662017	0.673419	0.418859	0.597669	0.407714	0.499466	0.355446	
c.1.10	0.667514	0.55857	0.789337	0.662676	0.454559	0.731483	0.610112	0.498042	0.907183	0.865844	0.595571	0.817766	0.856096	0.725507	0.486326	0.655094	0.720469	0.669478	0.758741	0.263827	0.591888	0.447652	0.666213	0.667289	0.420318	0.598352	0.383435	0.505158	0.369358	
c.1.10	0.665867	0.551635	0.787723	0.661163	0.448987	0.725018	0.601571	0.483151	0.905314	0.866976	0.595511	0.810044	0.850131	0.719835	0.484698	0.654083	0.711353	0.655084	0.749979	0.292601	0.580296	0.426688	0.650022	0.657629	0.40527	0.583844	0.376237	0.488435	0.351771	
c.1.10	0.668249	0.561526	0.789731	0.662471	0.443898	0.734634	0.616548	0.500377	0.908556	0.865779	0.59449	0.823616	0.858346	0.727201	0.498716	0.640466	0.726402	0.678629	0.764892	0.244907	0.58414	0.446316	0.670292	0.681061	0.405431	0.606608	0.406786	0.511909	0.365305	
c.1.10	0.67001	0.564425	0.789634	0.662068	0.437498	0.732265	0.614978	0.502616	0.906409	0.865681	0.596572	0.815699	0.85564	0.725247	0.484097	0.636943	0.718701	0.66765	0.760001	0.206879	0.570638	0.448164	0.66598	0.671386	0.386753	0.60268	0.404378	0.51009	0.369464	
c.1.10	0.669424	0.567756	0.790151	0.654755	0.436039	0.736591	0.620735	0.51375	0.906974	0.858264	0.564898	0.819777	0.861567	0.717835	0.487836	0.629871	0.722036	0.675802	0.767218	0.227579	0.579706	0.438207	0.678339	0.680931	0.39279	0.6144	0.391484	0.524994	0.387887	
c.1.10	0.664806	0.553876	0.787108	0.655723	0.44488	0.728098	0.607508	0.487921	0.905712	0.862006	0.57799	0.81461	0.853223	0.714686	0.482416	0.647954	0.7155	0.66227	0.755955	0.273475	0.580989	0.436431	0.656118	0.667148	0.410504	0.593871	0.391125	0.495703	0.350672	
c.1.10	0.666986	0.564606	0.786402	0.652163	0.434176	0.731401	0.613938	0.505698	0.902142	0.85784	0.566134	0.812218	0.854785	0.716401	0.467082	0.634492	0.713332	0.664779	0.757933	0.200549	0.574624	0.430452	0.665332	0.670604	0.400167	0.600644	0.388581	0.512663	0.37689	
c.1.10	0.666614	0.558006	0.788396	0.662499	0.447439	0.731624	0.611044	0.494671	0.906938	0.866499	0.592748	0.818614	0.85593	0.727119	0.49008	0.647201	0.721529	0.672707	0.759843	0.266043	0.587165	0.445283	0.663648	0.670666	0.413773	0.600123	0.405018	0.499001	0.359698	
c.1.10	0.667607	0.561051	0.788556	0.659614	0.442248	0.731449	0.612345	0.501989	0.906164	0.863801	0.590258	0.816393	0.855992	0.722859	0.488368	0.643888	0.717718	0.668869	0.759179	0.207509	0.577447	0.428134	0.666001	0.671238	0.402465	0.600052	0.378113	0.513456	0.373571	
c.1.10	0.661625	0.554932	0.78332	0.649582	0.416923	0.728688	0.606871	0.492438	0.90092	0.856868	0.564678	0.814298	0.853559	0.7155	0.473536	0.617251	0.715356	0.666106	0.755103	0.173227	0.563508	0.425943	0.660582	0.667062	0.369136	0.593908	0.372704	0.501656	0.352089	
c.1.10	0.668177	0.560177	0.789718	0.659188	0.447063	0.732514	0.612292	0.498189	0.908186	0.863729	0.577831	0.82	0.856639	0.720725	0.492052	0.644259	0.719143	0.671975	0.760386	0.250802	0.584119	0.443339	0.666151	0.671686	0.408688	0.601438	0.39888	0.505867	0.364944	
c.1.10	0.668596	0.560818	0.788155	0.659079	0.440611	0.731192	0.609885	0.498329	0.90397	0.862092	0.58948	0.81276	0.854154	0.722948	0.473091	0.637524	0.713986	0.666363	0.756921	0.224072	0.57674	0.43256	0.663917	0.66433	0.407982	0.596778	0.389469	0.503886	0.366483	
c.1.10	0.66041	0.55084	0.783311	0.650137	0.425967	0.725636	0.601981	0.48783	0.900681	0.858053	0.568814	0.810478	0.851732	0.714304	0.467945	0.629998	0.710732	0.660083	0.751648	0.229247	0.568692	0.424853	0.657637	0.661212	0.382316	0.587889	0.363653	0.493065	0.356898	
c.1.10	0.662639	0.553463	0.784988	0.650076	0.430926	0.726653	0.604921	0.489027	0.902482	0.858476	0.565438	0.811767	0.85245	0.711112	0.480236	0.631321	0.711103	0.65957	0.752074	0.208139	0.572296	0.426457	0.654868	0.664424	0.390303	0.589213	0.376924	0.494436	0.354895	
c.1.10	0.664246	0.557528	0.78426	0.645233	0.420551	0.726417	0.607128	0.495834	0.897552	0.853374	0.559181	0.803266	0.851648	0.704685	0.458142	0.621959	0.704081	0.649559	0.751343	0.193174	0.563059	0.423543	0.656227	0.66017	0.369364	0.595501	0.364274	0.501129	0.362504	
c.1.10	0.670052	0.560823	0.788729	0.655004	0.432061	0.728814	0.607014	0.495737	0.903297	0.859639	0.569631	0.809368	0.85201	0.711115	0.465977	0.633459	0.707658	0.65527	0.751661	0.21808	0.566706	0.423881	0.65666	0.659027	0.386985	0.591552	0.343682	0.501966	0.359827	
c.1.10	0.661492	0.560665	0.781976	0.638581	0.415666	0.726689	0.612109	0.50232	0.897761	0.84872	0.535115	0.805091	0.851709	0.698325	0.459503	0.618942	0.707391	0.65512	0.7555	0.207123	0.560353	0.419337	0.657127	0.668184	0.369413	0.599365	0.367731	0.513403	0.369413	
c.1.10	0.671806	0.562822	0.790705	0.662096	0.451018	0.731919	0.611137	0.497356	0.905311	0.865265	0.588781	0.815043	0.854449	0.722581	0.495439	0.650189	0.715362	0.664349	0.756244	0.21761	0.587327	0.431684	0.660782	0.667124	0.410327	0.597225	0.380098	0.502395	0.363771	
c.1.10	0.66616	0.559498	0.78756	0.660788	0.439294	0.732134	0.611903	0.500388	0.904523	0.865338	0.595404	0.819146	0.856053	0.727474	0.479702	0.640171	0.722602	0.673188	0.760349	0.257428	0.578756	0.449989	0.668425	0.672127	0.393966	0.60228	0.391724	0.508311	0.37212	
c.1.10	0.66531	0.554961	0.787021	0.654285	0.439392	0.728827	0.605766	0.488869	0.903849	0.860561	0.575915	0.814309	0.853478	0.715796	0.481891	0.638839	0.71392	0.663559	0.752876	0.22107	0.582664	0.415344	0.657118	0.664549	0.399813	0.588793	0.374206	0.49636	0.349358	
c.1.10	0.659869	0.554681	0.782684	0.641935	0.419026	0.728445	0.607742	0.494957	0.900236	0.851429	0.539046	0.812474	0.8547	0.705343	0.471625	0.62037	0.71305	0.665269	0.756569	0.190552	0.567552	0.419026	0.661774	0.668898	0.380445	0.599605	0.360189	0.501859	0.360189	
c.1.10	0.661915	0.561085	0.782036	0.642054	0.414462	0.728365	0.611235	0.504659	0.896293	0.850311	0.543063	0.805749	0.853837	0.705801	0.464178	0.6196	0.710809	0.656851	0.754579	0.167243	0.56101	0.419856	0.66378	0.667883	0.374303	0.601988	0.35142	0.514484	0.372756	
c.1.10	0.669359	0.563353	0.79062	0.662815	0.447462	0.734072	0.616503	0.504792	0.908144	0.86647	0.590947	0.820229	0.858329	0.726243	0.497377	0.646586	0.722939	0.674154	0.764438	0.245535	0.584583	0.443795	0.671526	0.678179	0.409164	0.606086	0.396605	0.516316	0.377105	
c.1.10	0.668823	0.560644	0.788781	0.659619	0.441951	0.731048	0.607498	0.500417	0.902975	0.862989	0.589102	0.814622	0.85503	0.722489	0.473023	0.640892	0.715035	0.663637	0.75426	0.214831	0.581426	0.420004	0.666223	0.662416	0.403226	0.593316	0.361341	0.505811	0.374116	
c.1.10	0.666927	0.560154	0.788697	0.659817	0.448635	0.733833	0.612837	0.501862	0.905999	0.863395	0.581147	0.821379	0.857873	0.725231	0.489778	0.647216	0.724165	0.676278	0.761112	0.261125	0.590857	0.438867	0.671807	0.673569	0.416437	0.605472	0.386396	0.508874	0.373564	
c.1.10	0.669597	0.564875	0.79092	0.662228	0.439169	0.735468	0.619105	0.506814	0.908397	0.866132	0.589507	0.822387	0.859664	0.725981	0.50167	0.638349	0.72657	0.678026	0.767553	0.228359	0.579019	0.444758	0.673685	0.682858	0.393561	0.610948	0.396655	0.519317	0.377804	
c.1.10	0.66313	0.557043	0.785653	0.65464	0.43792	0.730382	0.612801	0.497711	0.903884	0.860141	0.576522	0.816722	0.855786	0.718805	0.466727	0.641151	0.720178	0.670343	0.761003	0.223514	0.577367	0.445339	0.664691	0.675759	0.406967	0.603286	0.396239	0.509419	0.366253	
c.1.10	0.668233	0.559731	0.789594	0.658553	0.446207	0.73156	0.611536	0.497994	0.90636	0.862944	0.578084	0.816809	0.855934	0.718911	0.491825	0.645646	0.717529	0.666637	0.759068	0.279025	0.585637	0.437001	0.66514	0.66982	0.404076	0.599628	0.3796	0.506873	0.365287	
c.1.10	0.676691	0.571936	0.794958	0.667328	0.451707	0.739077	0.62352	0.511445	0.909871	0.866499	0.588777	0.823756	0.860409	0.727864	0.501934	0.64377	0.728294	0.678655	0.76795	0.229735	0.586755	0.454386	0.674605	0.68315	0.419322	0.612075	0.403524	0.522421	0.381707	
c.1.10	0.661653	0.55183	0.783764	0.65043	0.431554	0.726188	0.603231	0.48894	0.900047	0.858449	0.571114	0.80919	0.851907	0.712036	0.476847	0.637173	0.71048	0.655801	0.751489	0.241607	0.575	0.420065	0.657501	0.6619	0.393284	0.590853	0.363853	0.49506	0.352559	
c.1.10	0.66906	0.560448	0.789415	0.661398	0.452163	0.732978	0.612454	0.496679	0.907313	0.864004	0.584412	0.820347	0.855703	0.723958	0.489399	0.646089	0.722535	0.672342	0.758596	0.259013	0.591018	0.440925	0.665825	0.672564	0.414458	0.598196	0.398366	0.503631	0.362655	
c.1.10	0.66868	0.566548	0.789522	0.657701	0.439303	0.736771	0.620181	0.512552	0.906373	0.860864	0.574932	0.822019	0.860958	0.722987	0.48484	0.633772	0.724916	0.679744	0.767255	0.218728	0.581336	0.439757	0.678663	0.680633	0.402818	0.614771	0.40428	0.524538	0.385932	
c.1.10	0.675781	0.575073	0.793551	0.663479	0.451743	0.741435	0.627431	0.520173	0.907742	0.862351	0.579894	0.823647	0.862146	0.725578	0.489837	0.642587	0.729126	0.683363	0.77072	0.26538	0.589168	0.451919	0.68221	0.687319	0.414197	0.620237	0.410322	0.531125	0.395106	
c.1.10	0.669647	0.562396	0.790993	0.665022	0.453876	0.734123	0.615929	0.501576	0.909193	0.868063	0.59861	0.821984	0.858036	0.728492	0.502773	0.651613	0.724859	0.674799	0.764407	0.254875	0.590816	0.447848	0.67006	0.678313	0.414654	0.60546	0.408804	0.511315	0.37031	
c.1.10	0.666905	0.556297	0.787843	0.660042	0.450954	0.729794	0.608666	0.491308	0.905515	0.863226	0.584815	0.816141	0.853073	0.721364	0.482616	0.650004	0.718058	0.666399	0.755445	0.259858	0.584736	0.443933	0.658233	0.667218	0.412275	0.597256	0.388708	0.497424	0.354611	
c.1.2	0.66544	0.554981	0.787178	0.653672	0.431277	0.72752	0.604169	0.490727	0.904288	0.860095	0.565877	0.811713	0.852887	0.711515	0.483015	0.63464	0.71064	0.657782	0.751991	0.242326	0.567526	0.430635	0.657622	0.660888	0.382197	0.586038	0.361808	0.495665	0.356177	
c.1.2	0.663963	0.553722	0.785077	0.654518	0.442316	0.728627	0.60245	0.490167	0.90077	0.860047	0.578955	0.813389	0.852557	0.718444	0.473539	0.642187	0.71251	0.663929	0.749291	0.239445	0.588672	0.415111	0.662613	0.659607	0.402046	0.585565	0.377178	0.496403	0.353899	
c.1.2	0.665593	0.554875	0.786986	0.658331	0.444927	0.727463	0.605879	0.489088	0.904943	0.863913	0.589548	0.812714	0.851905	0.721039	0.486464	0.644085	0.713102	0.661744	0.754471	0.220116	0.577349	0.437497	0.655723	0.661837	0.408463	0.590758	0.392331	0.493815	0.352975	
c.1.2	0.664719	0.557786	0.785404	0.652933	0.434785	0.728912	0.605828	0.498793	0.90073	0.859293	0.579738	0.810085	0.853191	0.716164	0.474658	0.635656	0.709719	0.660069	0.751542	0.256744	0.576452	0.406994	0.66506	0.662375	0.400911	0.596198	0.358853	0.503297	0.369686	
c.1.2	0.659713	0.547701	0.784184	0.653536	0.442335	0.725049	0.601166	0.48072	0.904107	0.862326	0.572263	0.813951	0.85285	0.715665	0.477661	0.649508	0.713931	0.661531	0.751575	0.273281	0.582194	0.431547	0.65221	0.661745	0.411322	0.586616	0.381631	0.485252	0.337447	
c.1.2	0.665877	0.556238	0.786292	0.65555	0.447527	0.729439	0.604774	0.491617	0.902184	0.860062	0.57369	0.813022	0.853077	0.718657	0.472541	0.647204	0.713779	0.663567	0.750253	0.25519	0.588168	0.424909	0.661827	0.659272	0.41499	0.588596	0.387054	0.493795	0.354169	
c.1.2	0.671188	0.559963	0.788354	0.646901	0.420739	0.723419	0.598188	0.48995	0.900724	0.855041	0.552624	0.796711	0.846948	0.695682	0.463317	0.622558	0.687254	0.632047	0.739221	0.208718	0.551147	0.398553	0.644925	0.63901	0.363405	0.574184	0.33317	0.486521	0.352406	
c.1.2	0.666065	0.555252	0.787066	0.656063	0.443784	0.72885	0.607329	0.487578	0.90424	0.860362	0.568295	0.814065	0.852592	0.71664	0.4747	0.640213	0.715565	0.662574	0.755056	0.267813	0.580065	0.43945	0.655577	0.664043	0.410834	0.59113	0.394826	0.492949	0.34462	
c.1.2	0.668692	0.55984	0.78776	0.661231	0.448737	0.732016	0.610516	0.494357	0.903067	0.863368	0.594443	0.816229	0.853606	0.724461	0.479428	0.648422	0.719643	0.66916	0.756904	0.282901	0.58379	0.444946	0.665437	0.667979	0.410286	0.597297	0.392865	0.500271	0.35638	
c.1.2	0.66809	0.554258	0.787093	0.656903	0.438957	0.724962	0.598388	0.48568	0.90016	0.862405	0.586815	0.802688	0.849409	0.717068	0.475756	0.637288	0.701669	0.64467	0.743388	0.246277	0.573212	0.418887	0.652561	0.646455	0.392575	0.578756	0.36027	0.484778	0.352068	
c.1.2	0.663553	0.557373	0.783936	0.647788	0.425174	0.726935	0.606349	0.49572	0.8989	0.855412	0.559519	0.806449	0.851858	0.708154	0.458886	0.629632	0.708461	0.655621	0.75118	0.23108	0.567304	0.42319	0.657056	0.66006	0.377236	0.594025	0.368175	0.501052	0.362373	
c.1.2	0.661315	0.55053	0.782384	0.648259	0.417736	0.725088	0.599538	0.482969	0.897753	0.855867	0.569333	0.80771	0.849891	0.712133	0.463262	0.623481	0.706917	0.655785	0.747749	0.206332	0.560669	0.39866	0.649872	0.65539	0.377385	0.582285	0.35149	0.487788	0.340603	
c.1.2	0.666093	0.558147	0.786832	0.653723	0.423545	0.729449	0.608652	0.494953	0.902895	0.858258	0.570773	0.811743	0.85418	0.715042	0.47464	0.624408	0.713106	0.661172	0.755761	0.172252	0.564187	0.438891	0.66016	0.666093	0.373333	0.59292	0.374661	0.50227	0.357824	
c.1.2	0.661613	0.545403	0.782802	0.648651	0.420848	0.720348	0.592628	0.470005	0.898863	0.858101	0.562767	0.802641	0.844437	0.705341	0.457847	0.628432	0.699514	0.644092	0.741101	0.194962	0.558656	0.405748	0.637074	0.646102	0.361211	0.569608	0.343068	0.469754	0.321257	
c.1.2	0.662113	0.552671	0.784323	0.650426	0.439172	0.724895	0.60437	0.487998	0.901595	0.858353	0.573125	0.806291	0.850338	0.70931	0.466836	0.647071	0.709205	0.65453	0.751739	0.272743	0.57919	0.427661	0.650888	0.659462	0.391918	0.589423	0.382205	0.492472	0.35561	
c.1.2	0.664258	0.557044	0.785117	0.649343	0.429597	0.729337	0.607324	0.493469	0.90119	0.856325	0.555279	0.813613	0.854349	0.712212	0.467521	0.630138	0.713227	0.664206	0.753231	0.232052	0.567467	0.413103	0.661059	0.666281	0.390013	0.594445	0.373949	0.500239	0.351048	
c.1.2	0.664799	0.560852	0.786345	0.654713	0.420558	0.733423	0.614474	0.504367	0.90296	0.860112	0.570758	0.817915	0.858088	0.721052	0.470626	0.624569	0.722206	0.675968	0.761769	0.184857	0.565513	0.437628	0.673383	0.676292	0.375244	0.606485	0.383129	0.516092	0.372835	
c.1.2	0.66681	0.560785	0.787264	0.651174	0.430525	0.729071	0.608501	0.501448	0.903441	0.858828	0.561344	0.808447	0.854292	0.708927	0.474485	0.632638	0.709304	0.65699	0.752667	0.22705	0.573054	0.417372	0.66366	0.661993	0.384744	0.595612	0.371354	0.507573	0.375418	
c.1.2	0.661424	0.546548	0.784975	0.655239	0.446536	0.722711	0.596581	0.476041	0.904622	0.863673	0.582202	0.811474	0.849669	0.715403	0.473048	0.651414	0.709688	0.653379	0.746848	0.258941	0.579248	0.430264	0.646728	0.653167	0.408858	0.576638	0.384215	0.476225	0.334902	
c.1.2	0.665235	0.554389	0.786413	0.654937	0.440054	0.729505	0.60541	0.487788	0.903124	0.860191	0.576391	0.815411	0.853377	0.718145	0.478521	0.638314	0.714362	0.666037	0.753134	0.225583	0.580585	0.429988	0.660239	0.664955	0.396586	0.590159	0.387876	0.492182	0.350322	
c.1.2	0.661108	0.547755	0.783862	0.653327	0.438812	0.725588	0.599635	0.477446	0.902426	0.860154	0.571609	0.813737	0.850455	0.717322	0.470078	0.640778	0.711633	0.661288	0.749255	0.223424	0.57666	0.426404	0.650635	0.659007	0.414188	0.581059	0.378191	0.481417	0.330391	
c.1.2	0.660106	0.547645	0.783865	0.654505	0.438556	0.726312	0.602046	0.4794	0.903623	0.861786	0.575515	0.816192	0.852379	0.71918	0.474002	0.641277	0.718466	0.664926	0.752284	0.233906	0.578787	0.430172	0.652807	0.665129	0.406327	0.58538	0.388582	0.485857	0.334998	
c.1.2	0.662211	0.549565	0.782837	0.646575	0.419069	0.72383	0.595738	0.479159	0.897758	0.854566	0.554605	0.805387	0.847241	0.707787	0.453953	0.624726	0.700711	0.652998	0.74424	0.234524	0.558439	0.393692	0.647635	0.649146	0.374469	0.575083	0.338708	0.480692	0.333555	
c.1.2	0.663926	0.553413	0.786139	0.657491	0.432664	0.730076	0.607282	0.487932	0.904731	0.862148	0.58358	0.818366	0.854011	0.723588	0.48835	0.632591	0.719766	0.670344	0.756263	0.214275	0.575901	0.43034	0.661431	0.669999	0.389272	0.591816	0.385149	0.496535	0.34514	
c.1.2	0.659994	0.548755	0.780496	0.647485	0.418555	0.723359	0.595519	0.480379	0.894198	0.855606	0.565057	0.8041	0.847837	0.711173	0.449985	0.623857	0.705733	0.651322	0.742024	0.225959	0.567251	0.404459	0.64809	0.649905	0.370267	0.577142	0.346242	0.479249	0.340202	
c.1.2	0.664513	0.553262	0.784038	0.650653	0.422595	0.726054	0.600406	0.486445	0.899085	0.856986	0.562593	0.80696	0.849142	0.7113	0.466417	0.624914	0.707181	0.653027	0.745158	0.176264	0.56143	0.412001	0.653864	0.654303	0.366989	0.583401	0.370231	0.487557	0.349501	
c.1.2	0.661645	0.553773	0.78369	0.647972	0.438684	0.728174	0.608713	0.489539	0.901045	0.854539	0.560706	0.811326	0.85291	0.710821	0.468344	0.640217	0.715603	0.663546	0.756275	0.240686	0.578779	0.431945	0.65766	0.671506	0.400225	0.59524	0.404605	0.494398	0.355734	
c.1.2	0.665688	0.560846	0.785546	0.647412	0.417185	0.72854	0.607138	0.502272	0.899588	0.85515	0.556837	0.806327	0.854288	0.709482	0.460795	0.618273	0.705946	0.653858	0.751127	0.191039	0.563186	0.408697	0.664309	0.658807	0.366091	0.594006	0.34072	0.51017	0.372282	
c.1.2	0.660947	0.549902	0.78367	0.652692	0.433813	0.725802	0.605262	0.481039	0.902649	0.860035	0.572935	0.813059	0.850603	0.716675	0.482412	0.638859	0.716415	0.661821	0.754529	0.207497	0.575372	0.438412	0.649547	0.667711	0.382713	0.588551	0.405634	0.487359	0.340506	
c.1.2	0.662926	0.552117	0.784576	0.652434	0.437093	0.724886	0.601508	0.485535	0.902312	0.860082	0.571641	0.809309	0.850126	0.713307	0.474299	0.641397	0.708752	0.65524	0.748649	0.228809	0.57728	0.429103	0.651932	0.656597	0.390625	0.58522	0.375621	0.488236	0.347876	
c.1.2	0.664262	0.557484	0.784486	0.651912	0.430082	0.731341	0.610577	0.496432	0.900456	0.85589	0.567291	0.81556	0.853602	0.717288	0.478534	0.628441	0.719519	0.669492	0.75842	0.231059	0.572625	0.432338	0.666496	0.671779	0.396278	0.600593	0.37634	0.50519	0.361382	
c.1.2	0.661905	0.553296	0.783307	0.645064	0.424414	0.72542	0.604602	0.486748	0.900283	0.854024	0.553618	0.806971	0.849981	0.703964	0.465452	0.631483	0.707533	0.65605	0.750751	0.222304	0.568008	0.42401	0.651055	0.662113	0.359896	0.584804	0.390276	0.490721	0.353328	
c.1.2	0.667147	0.562809	0.789073	0.660416	0.450882	0.734165	0.61718	0.504786	0.907472	0.864389	0.582966	0.822293	0.8591	0.726025	0.491162	0.648367	0.726582	0.676634	0.765115	0.272423	0.5882	0.448549	0.671424	0.67997	0.421243	0.608384	0.407602	0.514779	0.374944	
c.1.2	0.667724	0.562265	0.789429	0.661397	0.450165	0.734091	0.615836	0.504242	0.90743	0.864864	0.585896	0.821507	0.858737	0.727149	0.494294	0.645392	0.725145	0.675733	0.763626	0.240001	0.589055	0.444088	0.672994	0.677316	0.41935	0.606147	0.404163	0.514871	0.374256	
c.1.2	0.660936	0.548831	0.783981	0.651795	0.433976	0.726141	0.6016	0.479995	0.903133	0.859465	0.564921	0.814009	0.85127	0.714916	0.474879	0.635453	0.712813	0.663107	0.751538	0.235802	0.573676	0.425258	0.651995	0.6625	0.401902	0.584796	0.377489	0.483624	0.335526	
c.1.2	0.667799	0.563815	0.789521	0.659995	0.451948	0.735039	0.618637	0.505924	0.907686	0.863575	0.578644	0.822657	0.859686	0.725011	0.49376	0.646158	0.727192	0.678956	0.766242	0.248302	0.591264	0.450818	0.672786	0.681928	0.423974	0.610364	0.418056	0.515192	0.377491	
c.1.8	0.668918	0.558112	0.789502	0.663	0.45256	0.730257	0.609896	0.491221	0.906303	0.866155	0.589446	0.816136	0.853299	0.723891	0.495765	0.649971	0.719005	0.664083	0.756717	0.274752	0.582499	0.445546	0.659134	0.668868	0.411414	0.59497	0.396426	0.496241	0.353083	
c.1.8	0.67748	0.565959	0.796696	0.679268	0.477343	0.737978	0.617658	0.500095	0.912607	0.876532	0.619805	0.827969	0.858871	0.740888	0.514439	0.669003	0.731687	0.680499	0.764765	0.302512	0.60643	0.466863	0.670441	0.676821	0.448617	0.603534	0.422258	0.506768	0.36495	
c.1.8	0.676725	0.566589	0.795752	0.676781	0.471692	0.738155	0.619836	0.496154	0.912144	0.874071	0.617209	0.827249	0.858305	0.738746	0.513479	0.663806	0.732367	0.681911	0.765798	0.280039	0.601089	0.471228	0.665396	0.681773	0.437868	0.60164	0.437684	0.499395	0.351381	
c.1.8	0.666108	0.557982	0.788745	0.664969	0.449713	0.73252	0.614966	0.495497	0.907537	0.869272	0.605733	0.821488	0.85684	0.731317	0.498652	0.649314	0.727682	0.675357	0.763391	0.235942	0.586364	0.463145	0.66559	0.679027	0.414269	0.603688	0.419011	0.505232	0.356393	
c.1.8	0.668918	0.555735	0.789944	0.661549	0.452709	0.729538	0.606993	0.486189	0.907305	0.864977	0.585956	0.816986	0.852886	0.721248	0.497573	0.647541	0.716075	0.66386	0.756427	0.261101	0.586512	0.435789	0.656037	0.667286	0.406738	0.588515	0.395159	0.491585	0.347956	
c.1.8	0.661361	0.545013	0.779969	0.644552	0.436313	0.723701	0.59864	0.460542	0.892629	0.848444	0.551406	0.80623	0.841764	0.705457	0.473116	0.63233	0.70847	0.653458	0.7468	0.211422	0.576037	0.422844	0.633588	0.659171	0.395983	0.570534	0.400582	0.462976	0.283055	
c.1.8	0.664514	0.552062	0.789006	0.666923	0.462055	0.728855	0.607688	0.484524	0.909952	0.872587	0.607552	0.821429	0.855311	0.731746	0.504525	0.663746	0.724949	0.671358	0.759627	0.293279	0.600276	0.458665	0.65767	0.671416	0.425321	0.589613	0.419706	0.491125	0.342959	
c.1.8	0.677779	0.568853	0.796507	0.676617	0.476255	0.738788	0.620919	0.505029	0.912577	0.873833	0.614931	0.826272	0.859333	0.737315	0.513225	0.668374	0.730429	0.679924	0.766142	0.297682	0.606327	0.46905	0.672884	0.680042	0.448401	0.607721	0.429514	0.511658	0.373641	
c.1.8	0.670154	0.559163	0.790831	0.666975	0.463246	0.731693	0.609549	0.494914	0.908324	0.869243	0.603455	0.818357	0.854567	0.728856	0.502195	0.65942	0.720336	0.668707	0.757217	0.28098	0.597589	0.443012	0.664334	0.666196	0.431817	0.59548	0.397798	0.498016	0.362236	
c.1.8	0.673318	0.56143	0.793685	0.674932	0.468675	0.733974	0.612058	0.492497	0.910634	0.874695	0.620733	0.823641	0.856136	0.738188	0.510719	0.664399	0.726177	0.673835	0.759193	0.267516	0.600149	0.452935	0.661844	0.671109	0.436485	0.593254	0.41168	0.4943	0.35153	
c.1.8	0.667596	0.555057	0.787941	0.661662	0.444204	0.728408	0.604837	0.483603	0.904916	0.865783	0.596161	0.81352	0.850974	0.724216	0.485251	0.644538	0.713819	0.662299	0.752337	0.252572	0.577675	0.42678	0.653072	0.661783	0.406756	0.585621	0.388431	0.485841	0.338725	
c.1.8	0.67316	0.562626	0.79374	0.672375	0.467481	0.735494	0.613619	0.495533	0.911354	0.872463	0.609243	0.825965	0.857453	0.735839	0.512359	0.660698	0.72713	0.677734	0.761174	0.284674	0.601624	0.453655	0.665937	0.673234	0.437236	0.597166	0.412278	0.497946	0.354594	
c.1.8	0.674499	0.562988	0.794347	0.672303	0.4612	0.734656	0.613043	0.493845	0.910786	0.871994	0.608863	0.822625	0.855908	0.732821	0.514183	0.656602	0.723812	0.673025	0.760086	0.255759	0.593367	0.451969	0.662352	0.671004	0.420202	0.59401	0.413578	0.496072	0.35209	
c.1.8	0.672548	0.561492	0.793565	0.672809	0.477297	0.735768	0.61761	0.493474	0.912099	0.871887	0.608331	0.826474	0.857703	0.73429	0.510115	0.670874	0.732113	0.679516	0.764901	0.302578	0.609906	0.471453	0.664869	0.679753	0.44615	0.601299	0.442275	0.50158	0.348605	
c.1.8	0.674838	0.568223	0.795146	0.67124	0.466029	0.739656	0.624134	0.506357	0.91272	0.871128	0.600876	0.829357	0.861444	0.733208	0.514459	0.655866	0.733617	0.686332	0.770481	0.267107	0.600491	0.46902	0.675511	0.687571	0.434799	0.613671	0.433666	0.518375	0.371381	
c.1.8	0.676244	0.569588	0.795992	0.67807	0.470049	0.741127	0.624521	0.508167	0.912832	0.875464	0.618456	0.831395	0.861777	0.74334	0.514557	0.662394	0.738017	0.690167	0.770991	0.26024	0.603916	0.472446	0.677619	0.687395	0.440615	0.615292	0.435494	0.516752	0.373046	
c.1.8	0.673706	0.564158	0.792289	0.668587	0.454152	0.732527	0.612811	0.496374	0.907841	0.870282	0.605181	0.816919	0.854496	0.729035	0.489371	0.649906	0.719456	0.666287	0.757057	0.223003	0.585393	0.454716	0.659314	0.665551	0.407805	0.594719	0.417875	0.49892	0.357364	
c.1.8	0.669617	0.55639	0.791714	0.67071	0.461392	0.731089	0.609323	0.48545	0.910951	0.874082	0.614621	0.822343	0.854648	0.733349	0.507515	0.658475	0.72389	0.672134	0.759625	0.248529	0.594721	0.455818	0.656404	0.668975	0.43161	0.590739	0.410912	0.488925	0.340427	
c.1.8	0.672861	0.563414	0.792615	0.668939	0.457038	0.735154	0.614369	0.498541	0.909289	0.869479	0.603865	0.821871	0.856483	0.731618	0.500816	0.652387	0.724453	0.674807	0.7617	0.259559	0.592309	0.446822	0.667863	0.672936	0.414707	0.598462	0.420928	0.502661	0.367923	
c.1.8	0.667504	0.55586	0.788483	0.661937	0.447594	0.730021	0.609033	0.486321	0.906134	0.866396	0.588661	0.818517	0.853246	0.724207	0.495876	0.644875	0.720514	0.66686	0.758187	0.217014	0.585132	0.44349	0.658238	0.669918	0.416203	0.593636	0.393383	0.494925	0.339384	
c.1.8	0.66631	0.553903	0.787449	0.657996	0.441128	0.727213	0.607546	0.481244	0.904412	0.863459	0.583924	0.813535	0.850735	0.717256	0.484256	0.638971	0.715118	0.659927	0.755771	0.220699	0.573923	0.441128	0.647472	0.66765	0.396309	0.588624	0.398209	0.487155	0.33205	
c.1.8	0.666947	0.55694	0.788741	0.662996	0.450509	0.730592	0.611364	0.491882	0.907208	0.866905	0.596485	0.817765	0.854525	0.724991	0.494594	0.647281	0.722008	0.66916	0.759064	0.248326	0.585719	0.450302	0.659763	0.671322	0.413814	0.596303	0.421442	0.499636	0.353986	
c.1.8	0.678044	0.570721	0.794736	0.665452	0.457074	0.736869	0.61812	0.505289	0.908445	0.864365	0.586901	0.817693	0.856565	0.722039	0.494676	0.645665	0.718313	0.671002	0.75989	0.237549	0.589445	0.443587	0.666226	0.669893	0.417704	0.60129	0.406886	0.509587	0.36877	
c.1.8	0.665216	0.555406	0.787619	0.661369	0.45034	0.731817	0.611069	0.489817	0.906133	0.865996	0.590196	0.82162	0.855884	0.727599	0.493035	0.647482	0.72371	0.674507	0.759529	0.253531	0.591294	0.444164	0.663509	0.674206	0.419796	0.599755	0.413425	0.496902	0.344863	
c.1.8	0.678906	0.575139	0.796757	0.672502	0.462758	0.742118	0.628589	0.51583	0.910974	0.869854	0.600745	0.827498	0.862473	0.732955	0.512096	0.652926	0.733993	0.685695	0.772054	0.285843	0.59383	0.470858	0.67902	0.689523	0.423727	0.618646	0.43169	0.527416	0.38566	
c.1.8	0.679945	0.571163	0.797055	0.672263	0.466013	0.73807	0.618178	0.506886	0.910897	0.870732	0.598476	0.823134	0.858264	0.729954	0.506407	0.65575	0.723452	0.673811	0.762845	0.280541	0.59328	0.447618	0.671273	0.672655	0.427866	0.603677	0.403794	0.51321	0.375316	
c.1.8	0.668345	0.562419	0.789599	0.662199	0.459679	0.734044	0.616259	0.502597	0.906994	0.865811	0.588142	0.820269	0.857262	0.725757	0.498661	0.656377	0.724151	0.675871	0.76235	0.292796	0.597391	0.445611	0.669436	0.67801	0.431654	0.605783	0.407253	0.511931	0.367569	
c.1.8	0.668022	0.56126	0.789134	0.662777	0.44368	0.734164	0.616136	0.499114	0.906472	0.865807	0.594129	0.821396	0.857229	0.728032	0.487841	0.641561	0.725817	0.676853	0.763816	0.240588	0.580534	0.450679	0.667193	0.678539	0.406574	0.605879	0.405866	0.506986	0.36491	
c.1.8	0.669359	0.558698	0.79086	0.664888	0.45879	0.731861	0.611417	0.491748	0.90938	0.868508	0.59426	0.820597	0.855569	0.726108	0.492413	0.655775	0.722107	0.671123	0.759582	0.251353	0.593743	0.447876	0.660954	0.671462	0.430994	0.594402	0.414349	0.49794	0.355246	
c.1.8	0.669727	0.558476	0.791375	0.66841	0.455149	0.732478	0.613657	0.489899	0.910326	0.871127	0.604035	0.822003	0.855891	0.73077	0.504462	0.651232	0.727015	0.672564	0.763344	0.25906	0.589053	0.461172	0.661631	0.67567	0.411821	0.597565	0.424331	0.498062	0.341955	
c.1.8	0.681053	0.576606	0.79854	0.676849	0.468335	0.741998	0.626616	0.517155	0.913003	0.873405	0.612892	0.827065	0.862655	0.736987	0.513901	0.658561	0.732136	0.682238	0.769092	0.253493	0.600102	0.464968	0.677966	0.683957	0.433278	0.614254	0.420427	0.523627	0.391688	
c.1.8	0.671412	0.558723	0.790732	0.673284	0.451731	0.733056	0.608993	0.491238	0.905926	0.872438	0.622725	0.820069	0.853325	0.740839	0.502131	0.649334	0.724664	0.672726	0.756538	0.25155	0.586163	0.445386	0.663086	0.667653	0.409864	0.592609	0.392853	0.494545	0.353457	
c.1.8	0.669323	0.558659	0.790762	0.670484	0.459577	0.733832	0.613604	0.491895	0.908883	0.871848	0.612509	0.82496	0.856564	0.736258	0.506553	0.655668	0.729645	0.679008	0.76206	0.274879	0.593065	0.45288	0.664569	0.676924	0.427224	0.600377	0.416338	0.499766	0.34608	
c.1.8	0.670667	0.561944	0.789039	0.658049	0.435298	0.731617	0.610001	0.496406	0.903956	0.861335	0.575895	0.814367	0.853383	0.71995	0.482265	0.627829	0.713888	0.664163	0.75506	0.224589	0.568976	0.432673	0.663496	0.664494	0.393375	0.596191	0.378219	0.499479	0.356263	
c.1.8	0.683758	0.576271	0.799575	0.679926	0.477236	0.742314	0.624521	0.510946	0.912126	0.873657	0.619665	0.825979	0.860382	0.738546	0.514817	0.665838	0.730298	0.682057	0.766063	0.293049	0.604087	0.469485	0.674024	0.678888	0.440939	0.608313	0.429518	0.510881	0.378856	
c.1.8	0.675342	0.566538	0.795331	0.673658	0.468329	0.737477	0.618758	0.504214	0.912406	0.872962	0.612067	0.826092	0.858916	0.734739	0.51516	0.661648	0.729162	0.68038	0.766277	0.280742	0.60126	0.462285	0.672264	0.67848	0.434602	0.607253	0.420644	0.511279	0.375724	
c.1.8	0.669114	0.561035	0.787947	0.65551	0.434263	0.730003	0.610506	0.494861	0.903055	0.85995	0.576992	0.810112	0.85272	0.712983	0.470956	0.635345	0.711781	0.660244	0.755899	0.212077	0.570929	0.438722	0.657781	0.666194	0.385302	0.595333	0.391877	0.499251	0.354964	
c.1.8	0.664711	0.555196	0.788294	0.66559	0.447322	0.732406	0.612308	0.49034	0.908875	0.869765	0.602704	0.825385	0.857239	0.733273	0.500987	0.645675	0.729695	0.67978	0.763203	0.224227	0.589243	0.45456	0.664784	0.677893	0.411762	0.598514	0.418478	0.500147	0.346173	
c.1.8	0.672511	0.563863	0.793569	0.672618	0.465722	0.736521	0.617949	0.499132	0.91186	0.873323	0.613143	0.827405	0.859178	0.737306	0.509221	0.659968	0.730878	0.682181	0.766226	0.26873	0.600942	0.465594	0.667991	0.680375	0.439119	0.606151	0.422889	0.505141	0.358717	
c.1.8	0.67923	0.574005	0.797995	0.679257	0.474991	0.742774	0.627639	0.513285	0.913757	0.875814	0.622078	0.830685	0.863133	0.743404	0.521713	0.665809	0.737429	0.690384	0.772866	0.280351	0.609131	0.478053	0.678679	0.687857	0.444787	0.616944	0.439075	0.521911	0.381816	
c.1.8	0.673097	0.563559	0.79364	0.672692	0.465539	0.735994	0.616089	0.499261	0.9114	0.872463	0.612121	0.825605	0.858104	0.735555	0.509498	0.659034	0.728365	0.678647	0.76308	0.270372	0.597995	0.457898	0.668449	0.677485	0.430178	0.602438	0.42094	0.506086	0.361462	
c.1.8	0.669046	0.558695	0.791359	0.66546	0.46374	0.733593	0.615106	0.491736	0.910763	0.868025	0.59398	0.823809	0.857358	0.727852	0.503559	0.658482	0.726442	0.676745	0.764167	0.280936	0.600011	0.454301	0.662473	0.678732	0.442302	0.600927	0.421147	0.499202	0.35177	
c.1.8	0.669448	0.560843	0.790879	0.663589	0.457646	0.734613	0.615944	0.49553	0.909596	0.866306	0.589323	0.823631	0.857678	0.726934	0.496838	0.6523	0.725627	0.678494	0.763879	0.24148	0.593232	0.451332	0.665425	0.679111	0.43274	0.60173	0.418592	0.502965	0.35853	
c.1.8	0.664187	0.554052	0.784531	0.650489	0.429786	0.726652	0.606155	0.483584	0.900351	0.857932	0.567399	0.80855	0.850475	0.711199	0.477989	0.632668	0.712187	0.657944	0.75354	0.142299	0.570292	0.433254	0.65143	0.665892	0.385342	0.586525	0.390156	0.489982	0.342889	
c.1.8	0.664074	0.553923	0.784995	0.65173	0.434184	0.727487	0.60457	0.485769	0.901756	0.8585	0.566863	0.811251	0.85151	0.714205	0.476158	0.634486	0.7125	0.659832	0.753657	0.22361	0.573695	0.422017	0.654721	0.664214	0.393867	0.588405	0.378505	0.489691	0.344856	
c.1.8	0.667839	0.556812	0.789981	0.667141	0.457567	0.731985	0.608921	0.490549	0.90867	0.870618	0.603818	0.822862	0.856113	0.731932	0.507756	0.654851	0.724115	0.674491	0.758583	0.277204	0.594888	0.444982	0.662081	0.669634	0.43108	0.594089	0.401813	0.493353	0.352535	
c.1.8	0.670205	0.560276	0.791538	0.666587	0.459594	0.734053	0.616389	0.493	0.909518	0.86867	0.595573	0.823059	0.856787	0.727888	0.505608	0.654511	0.727479	0.676263	0.764441	0.254593	0.592658	0.461505	0.66374	0.679186	0.426449	0.60169	0.429163	0.502126	0.349779	
c.1.8	0.674087	0.563326	0.793628	0.672152	0.468975	0.734261	0.615137	0.495376	0.910048	0.87213	0.613213	0.821025	0.855693	0.731369	0.505824	0.662806	0.725337	0.671058	0.759755	0.284001	0.59924	0.459507	0.662599	0.673085	0.432648	0.598337	0.427015	0.4989	0.354001	
c.1.8	0.672014	0.561248	0.792872	0.675713	0.467903	0.735642	0.615009	0.493272	0.910611	0.874382	0.622027	0.826344	0.857275	0.743293	0.514585	0.662276	0.731407	0.681285	0.763149	0.275147	0.601882	0.466222	0.665653	0.677373	0.442877	0.599418	0.42394	0.497495	0.347351	
c.1.8	0.666066	0.556796	0.788926	0.666295	0.461282	0.732532	0.614446	0.494361	0.908036	0.869846	0.607152	0.822232	0.856725	0.732278	0.49895	0.660395	0.728399	0.676037	0.763286	0.268756	0.597659	0.462864	0.666844	0.678629	0.431192	0.604191	0.420972	0.504543	0.356509	
c.1.8	0.668266	0.558036	0.787854	0.658018	0.447429	0.730821	0.610601	0.487445	0.904876	0.861538	0.578107	0.817107	0.853105	0.719758	0.48573	0.63999	0.718665	0.668116	0.757877	0.223477	0.584488	0.44884	0.657909	0.671301	0.413057	0.59367	0.410039	0.493034	0.341654	
c.1.8	0.686293	0.582925	0.801354	0.679434	0.473302	0.74516	0.629938	0.526335	0.9136	0.873284	0.608677	0.827045	0.86341	0.737043	0.515559	0.661068	0.731004	0.683965	0.769664	0.280689	0.602188	0.461003	0.685829	0.682647	0.426498	0.619794	0.417588	0.533356	0.404306	
c.1.8	0.670928	0.564034	0.791839	0.669405	0.455548	0.735963	0.617263	0.501323	0.909564	0.871338	0.607544	0.825727	0.858614	0.735611	0.507416	0.650197	0.729682	0.681731	0.765081	0.259241	0.593517	0.459874	0.6692	0.678341	0.415631	0.605235	0.426513	0.506381	0.364782	
c.1.8	0.67086	0.56018	0.792067	0.672761	0.461092	0.735236	0.615182	0.491486	0.909933	0.872903	0.615581	0.8266	0.856785	0.738755	0.509794	0.656792	0.731087	0.681151	0.763885	0.260971	0.595111	0.464229	0.664042	0.679242	0.431593	0.599099	0.421618	0.497156	0.34442	
c.1.8	0.670907	0.560866	0.792125	0.667462	0.456198	0.734072	0.612344	0.495232	0.910063	0.869158	0.601173	0.823447	0.857105	0.729659	0.503197	0.651388	0.724507	0.674894	0.760804	0.263905	0.592721	0.444352	0.664811	0.672591	0.416722	0.59713	0.41047	0.498845	0.35639	
c.1.8	0.670899	0.559528	0.791337	0.669018	0.458007	0.732815	0.611758	0.490547	0.908807	0.870514	0.60784	0.822043	0.855086	0.731551	0.501105	0.652677	0.724275	0.673152	0.75919	0.262806	0.589119	0.445882	0.660561	0.671257	0.425902	0.595484	0.412251	0.494512	0.347624	
c.1.8	0.658834	0.54437	0.781466	0.659679	0.438563	0.725934	0.599821	0.475068	0.900502	0.864768	0.596856	0.816998	0.848479	0.729611	0.481501	0.640398	0.721634	0.669403	0.751528	0.230506	0.580734	0.43441	0.654671	0.663965	0.405216	0.583367	0.39682	0.484127	0.329165	
c.1.8	0.674418	0.564759	0.794454	0.674936	0.473186	0.737274	0.619278	0.497691	0.91163	0.873699	0.613157	0.827426	0.858022	0.737638	0.513204	0.66499	0.732539	0.681184	0.7657	0.293821	0.603999	0.471077	0.667708	0.681319	0.444089	0.604867	0.438748	0.502799	0.354601	
c.1.8	0.667252	0.558426	0.786302	0.650098	0.423858	0.729736	0.608876	0.489118	0.900902	0.855353	0.556692	0.811548	0.852112	0.709144	0.472101	0.616253	0.712293	0.662066	0.754963	0.209009	0.563863	0.432726	0.655375	0.667269	0.374401	0.592571	0.379818	0.492028	0.342987	
c.1.8	0.666597	0.555656	0.78823	0.65919	0.443034	0.729979	0.610161	0.483569	0.907288	0.864128	0.586693	0.819035	0.853005	0.721966	0.505454	0.639387	0.720979	0.669376	0.758449	0.212604	0.58141	0.44491	0.654003	0.672844	0.396039	0.591908	0.408916	0.489879	0.327937	
c.1.8	0.669327	0.559063	0.78865	0.662314	0.446139	0.730201	0.609592	0.489475	0.905097	0.86505	0.59487	0.814362	0.852271	0.724497	0.484731	0.644878	0.716411	0.664513	0.757707	0.245141	0.579068	0.448477	0.656407	0.666106	0.415337	0.593898	0.3997	0.494453	0.343589	
c.1.8	0.666368	0.557521	0.78825	0.662988	0.447593	0.732316	0.610923	0.494829	0.905653	0.866672	0.600359	0.820878	0.856201	0.728072	0.494601	0.646363	0.724187	0.674461	0.759529	0.241667	0.586097	0.450291	0.664769	0.673069	0.418018	0.599533	0.399395	0.499984	0.362127	
c.1.8	0.673309	0.566282	0.792878	0.667435	0.457231	0.735968	0.617987	0.503663	0.908832	0.868796	0.597788	0.822576	0.857805	0.730728	0.498334	0.651682	0.725736	0.677064	0.764111	0.2464	0.592304	0.45104	0.6692	0.67794	0.424656	0.604249	0.410667	0.511805	0.37309	
c.1.8	0.678943	0.57425	0.797771	0.677951	0.474096	0.743049	0.629108	0.514801	0.913429	0.874633	0.618137	0.830555	0.86338	0.741401	0.521427	0.664122	0.738165	0.690861	0.773725	0.28892	0.607368	0.480325	0.680782	0.690633	0.442974	0.61984	0.444163	0.525289	0.381356	
c.1.8	0.664822	0.555905	0.784563	0.652879	0.435899	0.728615	0.606646	0.488673	0.90052	0.85815	0.569726	0.812892	0.851287	0.716969	0.47187	0.634989	0.715584	0.663288	0.754405	0.22351	0.574424	0.420313	0.656548	0.664632	0.400869	0.591799	0.386387	0.494863	0.345695	
c.1.8	0.67287	0.564035	0.79307	0.669179	0.466574	0.735012	0.616339	0.499365	0.909984	0.870476	0.60371	0.823079	0.857628	0.731067	0.503703	0.661436	0.726154	0.675046	0.762617	0.278342	0.600288	0.455283	0.666096	0.674943	0.433859	0.602875	0.416358	0.505989	0.360744	
c.1.8	0.677596	0.569698	0.796681	0.674844	0.47343	0.738952	0.621924	0.504275	0.913511	0.872683	0.609158	0.826757	0.859675	0.735012	0.517388	0.663805	0.730815	0.680983	0.766729	0.276211	0.604489	0.467402	0.668249	0.681352	0.444774	0.606745	0.432611	0.508386	0.367175	
c.1.8	0.672736	0.562731	0.792539	0.667371	0.458702	0.734108	0.613744	0.494715	0.90955	0.868688	0.592383	0.821112	0.85613	0.727505	0.493451	0.6514	0.722388	0.672284	0.759956	0.265158	0.59042	0.453647	0.662014	0.673116	0.423429	0.595836	0.420404	0.496571	0.356786	
c.1.8	0.67125	0.560784	0.792001	0.668838	0.470866	0.734654	0.616418	0.492665	0.910382	0.869237	0.601799	0.824228	0.85652	0.731485	0.504731	0.664396	0.728466	0.676805	0.764101	0.288385	0.603105	0.467859	0.664006	0.67782	0.442709	0.599785	0.4366	0.500623	0.348103	
c.1.8	0.668737	0.560735	0.790236	0.664515	0.451304	0.733428	0.615288	0.497846	0.908185	0.867807	0.595084	0.820894	0.856961	0.728087	0.496101	0.650586	0.724961	0.674458	0.763339	0.24246	0.589283	0.45498	0.666748	0.6769	0.41092	0.603402	0.419145	0.507548	0.361241	
c.1.8	0.66666	0.551502	0.788429	0.665385	0.457323	0.724997	0.600478	0.481285	0.905561	0.871595	0.610588	0.812048	0.849978	0.727476	0.480072	0.658858	0.711425	0.65456	0.749124	0.295286	0.5891	0.429462	0.649007	0.655477	0.422697	0.581369	0.385413	0.484811	0.345317	
c.1.8	0.666816	0.553271	0.788533	0.663425	0.4533	0.727448	0.604717	0.484326	0.906297	0.867718	0.600165	0.81411	0.850751	0.724899	0.50149	0.654459	0.714862	0.660565	0.753058	0.259445	0.586936	0.440993	0.651991	0.662037	0.418995	0.589469	0.388588	0.486169	0.344971	
c.1.8	0.67071	0.563828	0.791305	0.663028	0.443497	0.734952	0.616042	0.501983	0.907783	0.866154	0.585941	0.821305	0.858289	0.724698	0.498801	0.639069	0.724044	0.675263	0.7634	0.233231	0.582336	0.445787	0.669494	0.675887	0.402373	0.603326	0.398253	0.510447	0.366691	
c.1.8	0.666491	0.556992	0.788878	0.664578	0.451777	0.730793	0.610802	0.493192	0.907392	0.869182	0.600816	0.81904	0.855595	0.729039	0.49032	0.651771	0.722735	0.670176	0.759832	0.246821	0.588385	0.4506	0.661927	0.671889	0.41582	0.597674	0.411968	0.499047	0.359457	
c.1.8	0.673685	0.563751	0.793524	0.669847	0.465536	0.735758	0.617324	0.496586	0.910736	0.869718	0.601354	0.823939	0.857395	0.730245	0.504403	0.657907	0.72768	0.675312	0.763324	0.270533	0.598029	0.462931	0.665502	0.677351	0.427355	0.601651	0.429	0.502783	0.352239	
c.1.8	0.671274	0.561217	0.792506	0.668975	0.466474	0.735222	0.615461	0.495708	0.911286	0.870394	0.600568	0.825328	0.857771	0.731415	0.503935	0.661263	0.728351	0.678764	0.763514	0.263603	0.601307	0.462526	0.668356	0.677419	0.438443	0.601396	0.425564	0.500805	0.359161	
c.1.8	0.674051	0.563152	0.793984	0.672993	0.465325	0.734895	0.613188	0.495006	0.910723	0.873048	0.612551	0.823875	0.856232	0.735282	0.511838	0.659084	0.724976	0.675169	0.759823	0.275724	0.595755	0.450738	0.663216	0.671281	0.4362	0.595414	0.40906	0.496317	0.356077	
c.1.8	0.677271	0.56883	0.79614	0.67284	0.471832	0.738387	0.620387	0.506032	0.912254	0.87068	0.603609	0.824902	0.859569	0.732021	0.506409	0.663184	0.728102	0.678342	0.765304	0.29209	0.601777	0.460932	0.673098	0.677853	0.439487	0.606663	0.423908	0.513037	0.376084	
c.1.8	0.677409	0.5689	0.795628	0.671829	0.470052	0.738392	0.621925	0.501509	0.911229	0.869953	0.604043	0.824668	0.857871	0.73069	0.506682	0.658623	0.728833	0.678379	0.765862	0.260713	0.601899	0.467576	0.666812	0.680945	0.437996	0.607457	0.435175	0.504302	0.360998	
c.1.8	0.673916	0.564402	0.794226	0.673085	0.467142	0.735719	0.617164	0.49886	0.91128	0.872371	0.615057	0.823606	0.857587	0.736045	0.513067	0.661507	0.727082	0.67651	0.7645	0.274455	0.599031	0.462195	0.666221	0.67626	0.4323	0.602984	0.420301	0.503797	0.358594	
c.1.8	0.667998	0.555558	0.790334	0.669414	0.457585	0.731216	0.608988	0.486434	0.909203	0.872585	0.609426	0.823546	0.855448	0.734156	0.500311	0.654764	0.725918	0.674172	0.759086	0.261795	0.592647	0.44953	0.658076	0.671892	0.421895	0.592483	0.410353	0.490714	0.346287	
c.1.8	0.67417	0.56543	0.795491	0.673305	0.475912	0.737326	0.620131	0.50208	0.914205	0.873915	0.606492	0.828409	0.860468	0.734864	0.520607	0.668128	0.730723	0.681124	0.767679	0.26816	0.609989	0.46845	0.6717	0.6827	0.448036	0.607061	0.434261	0.51078	0.368479	
c.1.8	0.67657	0.568249	0.795921	0.675322	0.470172	0.738828	0.619515	0.504961	0.913055	0.873104	0.614553	0.827905	0.860138	0.738498	0.506172	0.661809	0.730526	0.682312	0.765729	0.2868	0.602868	0.4596	0.67442	0.678306	0.431351	0.606957	0.426036	0.510628	0.3702	
c.1.8	0.672176	0.562236	0.792536	0.669944	0.464057	0.73437	0.61564	0.49591	0.91012	0.869889	0.610589	0.821906	0.856585	0.731761	0.502796	0.65997	0.725644	0.674637	0.762218	0.265485	0.595448	0.461009	0.662902	0.675045	0.430264	0.600756	0.421027	0.501722	0.36054	
c.1.8	0.66813	0.559211	0.788508	0.658973	0.444993	0.730339	0.607806	0.495063	0.905236	0.863627	0.583484	0.815252	0.853796	0.720175	0.483088	0.646222	0.714896	0.664503	0.753871	0.257481	0.580038	0.427568	0.661233	0.664132	0.410554	0.593914	0.382939	0.49519	0.362503	
c.1.8	0.677122	0.567854	0.795752	0.672754	0.473271	0.736134	0.617078	0.5037	0.91099	0.871609	0.605555	0.822224	0.857431	0.730686	0.505928	0.665885	0.723677	0.672418	0.760275	0.294669	0.603379	0.457275	0.66683	0.671794	0.43561	0.601091	0.419258	0.508484	0.371385	
c.1.8	0.672011	0.564461	0.792277	0.66793	0.46214	0.736453	0.619748	0.500572	0.908579	0.868347	0.592486	0.823494	0.858771	0.730867	0.502099	0.655864	0.729809	0.678356	0.766419	0.265163	0.597077	0.469097	0.669567	0.681701	0.430443	0.606834	0.425397	0.509538	0.362452	
c.1.8	0.670855	0.56162	0.792237	0.669626	0.460768	0.734144	0.614093	0.498096	0.909803	0.871544	0.604645	0.823469	0.85768	0.73307	0.499926	0.657235	0.726024	0.67626	0.762101	0.274668	0.594586	0.453717	0.666673	0.675263	0.424445	0.600292	0.413752	0.503713	0.366875	
c.1.8	0.658598	0.545883	0.781549	0.656975	0.431432	0.725013	0.600327	0.476798	0.900217	0.863572	0.603227	0.814852	0.849532	0.730456	0.476615	0.632209	0.716037	0.6659	0.751209	0.140833	0.574401	0.433039	0.651895	0.662917	0.386712	0.585028	0.395906	0.481745	0.33049	
c.1.8	0.673355	0.562318	0.792507	0.670272	0.461536	0.733183	0.612559	0.494177	0.908644	0.871183	0.609479	0.820446	0.854681	0.731208	0.501605	0.65473	0.722529	0.669537	0.757606	0.275585	0.592762	0.447626	0.659142	0.669075	0.423597	0.596128	0.415642	0.495432	0.356929	
c.1.8	0.667981	0.556541	0.789314	0.667604	0.454069	0.729398	0.606503	0.488362	0.906804	0.871256	0.613228	0.815884	0.853583	0.730794	0.49837	0.655768	0.719163	0.66591	0.754598	0.235252	0.589289	0.450677	0.655491	0.663208	0.415192	0.588426	0.409801	0.485188	0.354923	
c.1.8	0.66632	0.554094	0.78763	0.659545	0.446052	0.728481	0.608884	0.48144	0.905134	0.864415	0.588081	0.81495	0.851937	0.72124	0.484007	0.643903	0.717888	0.663789	0.756513	0.192257	0.58184	0.443588	0.650943	0.668526	0.40473	0.588698	0.419043	0.488619	0.329803	
c.1.8	0.665509	0.556029	0.788408	0.66723	0.459065	0.731599	0.611755	0.492553	0.90749	0.870781	0.611864	0.821378	0.856407	0.734935	0.490266	0.659902	0.727168	0.67467	0.760858	0.280961	0.596438	0.460063	0.663979	0.674955	0.429004	0.598168	0.416242	0.499805	0.357328	
c.1.8	0.669433	0.558004	0.790482	0.668935	0.45351	0.732806	0.610707	0.48914	0.909288	0.870779	0.60886	0.823609	0.855324	0.734157	0.498529	0.64967	0.726159	0.676581	0.759634	0.272687	0.587295	0.450993	0.660531	0.672284	0.415099	0.595734	0.41116	0.491945	0.345966	
c.1.8	0.668753	0.557852	0.790196	0.666123	0.457522	0.731976	0.612162	0.493451	0.907782	0.868982	0.599382	0.821512	0.855594	0.729721	0.502165	0.655459	0.723737	0.672991	0.760743	0.268154	0.593127	0.453016	0.663626	0.674159	0.426326	0.601279	0.410808	0.503414	0.360455	
c.1.8	0.664304	0.554812	0.787791	0.663673	0.457007	0.731653	0.611043	0.492006	0.90836	0.868289	0.599447	0.823923	0.85648	0.7306	0.499366	0.654616	0.72603	0.678041	0.761587	0.273735	0.59714	0.445001	0.665541	0.675972	0.43071	0.60002	0.422398	0.500152	0.353719	
c.1.8	0.679463	0.573689	0.797076	0.671245	0.467229	0.740851	0.623545	0.511929	0.911048	0.869014	0.59556	0.825066	0.861052	0.730676	0.513185	0.655966	0.728423	0.681158	0.767715	0.27343	0.600963	0.456393	0.675678	0.680704	0.434207	0.611002	0.415413	0.517616	0.381534	
c.1.8	0.670528	0.557866	0.791507	0.669159	0.459958	0.732108	0.608491	0.488115	0.908288	0.871089	0.607667	0.821197	0.854109	0.732944	0.505962	0.658517	0.722242	0.672507	0.757214	0.242522	0.596619	0.449511	0.658794	0.66754	0.421526	0.589853	0.407396	0.488576	0.34772	
c.1.8	0.664855	0.553062	0.78707	0.665064	0.450325	0.72839	0.604714	0.488527	0.905561	0.869132	0.611211	0.815742	0.852594	0.729791	0.499705	0.652475	0.719588	0.667496	0.753125	0.268014	0.583044	0.443342	0.659634	0.664789	0.416839	0.590899	0.391381	0.490337	0.356735	
c.1.8	0.673372	0.564007	0.793456	0.669777	0.465573	0.735317	0.617508	0.496965	0.910475	0.870551	0.601975	0.823299	0.857292	0.729319	0.506596	0.658855	0.727008	0.675165	0.763518	0.257852	0.598571	0.464279	0.663939	0.677141	0.431003	0.600873	0.433457	0.502198	0.355569	
c.1.8	0.674107	0.563658	0.795009	0.672971	0.473785	0.735874	0.617828	0.499228	0.91305	0.873099	0.608876	0.825412	0.85856	0.73323	0.514403	0.666356	0.728635	0.677131	0.765609	0.272495	0.606706	0.466271	0.668366	0.678785	0.443396	0.603473	0.430262	0.506877	0.371017	
c.1.8	0.669515	0.559368	0.791292	0.667193	0.462984	0.732526	0.613115	0.493452	0.909551	0.870583	0.606198	0.821192	0.856782	0.729917	0.505773	0.658632	0.724092	0.672668	0.761611	0.278114	0.598373	0.456692	0.663573	0.67402	0.434979	0.597428	0.415868	0.499391	0.355354	
c.1.8	0.678733	0.570737	0.796445	0.674026	0.473851	0.739888	0.621345	0.504902	0.91206	0.870656	0.603632	0.826692	0.859227	0.734263	0.507369	0.661509	0.729673	0.681258	0.764576	0.269125	0.605221	0.462314	0.670385	0.679231	0.4473	0.60584	0.42776	0.507882	0.36559	
c.1.8	0.66958	0.561309	0.790845	0.667076	0.459153	0.733689	0.61517	0.498507	0.908047	0.869698	0.602301	0.820975	0.857119	0.730742	0.502694	0.657903	0.725216	0.674988	0.762797	0.292075	0.594688	0.456802	0.667128	0.676601	0.427052	0.603277	0.410685	0.506746	0.364721	
c.1.8	0.672487	0.563535	0.792864	0.670892	0.459933	0.734804	0.615637	0.498734	0.910586	0.871795	0.613185	0.822803	0.857	0.733719	0.506974	0.656567	0.724963	0.6762	0.762353	0.257671	0.59416	0.457127	0.665253	0.674332	0.423319	0.600935	0.416781	0.504998	0.360156	
c.1.8	0.669169	0.561372	0.790391	0.670089	0.448433	0.735785	0.617051	0.499201	0.907944	0.872063	0.611127	0.826231	0.8582	0.73784	0.500002	0.646238	0.73211	0.682173	0.765877	0.236034	0.587302	0.465606	0.671086	0.68173	0.408882	0.606273	0.417696	0.509074	0.363763	
c.1.8	0.671695	0.563295	0.793744	0.673033	0.459868	0.736002	0.619592	0.500632	0.913185	0.873721	0.61752	0.827519	0.859944	0.736541	0.51104	0.65527	0.732631	0.681307	0.767928	0.269472	0.591893	0.471895	0.668751	0.682896	0.423401	0.607254	0.427921	0.51144	0.365046	
c.1.8	0.675334	0.567977	0.795862	0.676304	0.472757	0.74039	0.623914	0.506144	0.914205	0.87383	0.614559	0.831694	0.861924	0.740098	0.518618	0.664913	0.737266	0.688876	0.770928	0.299734	0.605959	0.471729	0.677297	0.688186	0.443126	0.61348	0.43359	0.516535	0.371818	
c.1.8	0.676899	0.569157	0.796311	0.677224	0.476806	0.738972	0.622035	0.50602	0.912988	0.875174	0.618262	0.82725	0.860202	0.738794	0.510537	0.669094	0.732436	0.682337	0.767564	0.307571	0.607946	0.470159	0.672726	0.681338	0.446477	0.610267	0.433388	0.512129	0.372211	
c.1.8	0.665032	0.557451	0.788241	0.663965	0.444602	0.733603	0.615053	0.496397	0.907537	0.868158	0.595841	0.825041	0.857978	0.731942	0.500968	0.642023	0.730597	0.681747	0.765369	0.192407	0.587122	0.462334	0.668387	0.681288	0.408257	0.607007	0.420513	0.504651	0.361588	
c.1.8	0.66764	0.560857	0.789064	0.664033	0.443147	0.73414	0.617212	0.499755	0.907101	0.866617	0.592896	0.822022	0.857353	0.728676	0.489253	0.642514	0.728174	0.677177	0.765164	0.229649	0.580835	0.455797	0.667952	0.680692	0.400404	0.607074	0.416485	0.511067	0.364201	
c.1.8	0.669744	0.562079	0.790632	0.664252	0.450672	0.734027	0.615805	0.500786	0.907735	0.866397	0.594232	0.819444	0.857158	0.727005	0.492768	0.646468	0.724074	0.672919	0.76264	0.254469	0.586945	0.447498	0.668132	0.677284	0.417562	0.603853	0.394913	0.511064	0.367843	
c.1.8	0.675873	0.568722	0.794621	0.669318	0.460228	0.737116	0.621058	0.505914	0.909611	0.869015	0.595412	0.821012	0.858775	0.728219	0.502751	0.654788	0.726224	0.674909	0.766179	0.255816	0.593731	0.468416	0.669977	0.678954	0.418423	0.609207	0.41678	0.513014	0.374744	
c.1.8	0.663691	0.554052	0.784593	0.651685	0.432771	0.726777	0.604394	0.487711	0.901804	0.859448	0.567876	0.809801	0.850891	0.713803	0.476567	0.634978	0.709796	0.658848	0.752099	0.2191	0.572466	0.419087	0.657474	0.663638	0.388216	0.590145	0.371449	0.493896	0.349193	
c.1.8	0.675646	0.566987	0.794994	0.671515	0.471954	0.735935	0.618624	0.503503	0.911643	0.871117	0.606195	0.822107	0.857562	0.730811	0.503916	0.663176	0.725003	0.672521	0.764088	0.30697	0.60252	0.458192	0.668458	0.675663	0.442796	0.604156	0.4188	0.511731	0.371245	
c.1.8	0.666804	0.557454	0.78985	0.665406	0.455707	0.733103	0.614497	0.493148	0.909898	0.86906	0.5976	0.824174	0.857684	0.730029	0.502548	0.655485	0.728205	0.678877	0.765246	0.280867	0.591998	0.459771	0.665698	0.680161	0.42568	0.60128	0.417506	0.503875	0.350326	
c.1.8	0.669162	0.560923	0.790523	0.667919	0.459921	0.733884	0.615623	0.497146	0.908355	0.870546	0.6056	0.822003	0.857166	0.733189	0.499354	0.657957	0.726647	0.675254	0.763023	0.263873	0.598278	0.457478	0.666848	0.677772	0.426054	0.603513	0.427055	0.505263	0.359478	
c.1.8	0.668929	0.55856	0.79102	0.66789	0.459366	0.733203	0.614286	0.492677	0.909916	0.870982	0.607659	0.823863	0.857105	0.731403	0.504386	0.656027	0.72781	0.676242	0.763068	0.269222	0.593478	0.458096	0.664172	0.677619	0.425261	0.601304	0.420383	0.499866	0.35312	
c.1.8	0.664895	0.555285	0.785141	0.655296	0.442546	0.728691	0.607985	0.488559	0.901437	0.85992	0.579582	0.812477	0.851515	0.718609	0.480243	0.641679	0.717011	0.664666	0.755603	0.245945	0.579388	0.434034	0.657876	0.66794	0.40948	0.594061	0.40098	0.495371	0.347549	
c.1.8	0.663343	0.555824	0.784141	0.650015	0.422685	0.729489	0.608951	0.48969	0.900619	0.856875	0.561078	0.81436	0.852886	0.713603	0.476359	0.62246	0.717202	0.665986	0.757644	0.188885	0.564191	0.437108	0.658957	0.671819	0.38096	0.595353	0.386976	0.496754	0.346157	
c.1.8	0.67428	0.566887	0.794884	0.677199	0.470589	0.738822	0.622595	0.505883	0.912831	0.875605	0.624273	0.828622	0.86061	0.742324	0.514107	0.665711	0.735593	0.685867	0.77028	0.290201	0.603718	0.473476	0.675119	0.685155	0.437248	0.612421	0.439124	0.515469	0.374844	
c.1.8	0.677279	0.570025	0.796443	0.674618	0.468428	0.740146	0.624447	0.507083	0.912582	0.872791	0.605832	0.828751	0.860846	0.73612	0.517205	0.657974	0.733867	0.68528	0.77083	0.278513	0.60085	0.474554	0.674992	0.686235	0.43657	0.612399	0.431924	0.517915	0.372741	
c.1.8	0.66532	0.553976	0.789156	0.664088	0.456841	0.7297	0.608666	0.487037	0.909553	0.869847	0.598505	0.821532	0.855919	0.728743	0.505198	0.65303	0.722869	0.670817	0.759116	0.258714	0.594442	0.454889	0.659163	0.671581	0.424251	0.59148	0.410028	0.492796	0.345428	
c.1.8	0.674117	0.565387	0.793435	0.671628	0.467717	0.736635	0.61791	0.50068	0.909948	0.870578	0.610131	0.823738	0.857483	0.734611	0.503683	0.660018	0.727641	0.6785	0.763681	0.282657	0.602625	0.460256	0.668406	0.67637	0.439096	0.60331	0.425958	0.506892	0.363124	
c.1.8	0.673207	0.564523	0.792757	0.668313	0.460142	0.735234	0.616553	0.499006	0.908691	0.869056	0.604482	0.822222	0.857176	0.730596	0.499578	0.65404	0.725494	0.675289	0.762331	0.266262	0.594194	0.456351	0.666035	0.675234	0.423842	0.601767	0.423842	0.504536	0.362192	
c.1.8	0.679492	0.574606	0.796624	0.674205	0.466895	0.740958	0.625366	0.513381	0.910585	0.870929	0.606363	0.825627	0.861224	0.7347	0.510169	0.656705	0.731793	0.681882	0.768793	0.27053	0.596446	0.468761	0.676857	0.684586	0.43187	0.612703	0.428333	0.520692	0.384412	
c.1.8	0.670799	0.563602	0.792467	0.669302	0.461421	0.736899	0.619652	0.501908	0.911557	0.869954	0.602568	0.828063	0.860261	0.734678	0.509866	0.655584	0.732864	0.683712	0.768031	0.265612	0.598592	0.462796	0.672692	0.684211	0.429197	0.608852	0.428982	0.512546	0.364541	
c.1.8	0.661004	0.545624	0.784501	0.658336	0.445538	0.723917	0.599472	0.472653	0.904273	0.864732	0.589405	0.814209	0.848371	0.722434	0.48894	0.649491	0.715576	0.659105	0.750306	0.251582	0.582513	0.436983	0.645263	0.66339	0.408436	0.575947	0.394689	0.477836	0.330931	
c.1.8	0.666274	0.557539	0.788563	0.664514	0.447005	0.732751	0.613584	0.49474	0.906969	0.867929	0.5969	0.821973	0.856859	0.73056	0.493329	0.644377	0.727352	0.676364	0.763102	0.22614	0.586618	0.458959	0.665707	0.67677	0.40182	0.603163	0.421484	0.502305	0.360127	
c.1.8	0.668735	0.559878	0.790093	0.66606	0.454544	0.731846	0.614199	0.496966	0.907332	0.869525	0.604134	0.818048	0.855516	0.72757	0.497912	0.656071	0.723701	0.669311	0.760989	0.278936	0.587804	0.451904	0.663858	0.675463	0.413788	0.601154	0.406803	0.506492	0.362636	
c.1.8	0.669843	0.563762	0.790952	0.660904	0.437631	0.734843	0.616496	0.501085	0.90885	0.864979	0.581587	0.823187	0.85869	0.723417	0.503104	0.631225	0.72445	0.677242	0.764044	0.180676	0.577951	0.443086	0.667737	0.678288	0.389156	0.602784	0.404315	0.508857	0.364999	
c.1.8	0.666839	0.558506	0.787874	0.657079	0.443181	0.732709	0.614968	0.490772	0.906377	0.861352	0.571754	0.821939	0.854935	0.718857	0.487446	0.639245	0.725867	0.674954	0.762426	0.221121	0.582213	0.448148	0.661411	0.68013	0.396421	0.601326	0.420861	0.500186	0.34077	
c.1.8	0.670562	0.558433	0.791829	0.667808	0.462501	0.732298	0.612964	0.488982	0.90936	0.870166	0.601392	0.821572	0.855112	0.728148	0.511389	0.658336	0.724137	0.670263	0.761787	0.282437	0.595146	0.460734	0.659784	0.67502	0.424195	0.595254	0.41984	0.494984	0.3473	
c.1.8	0.672394	0.561904	0.792909	0.670825	0.461936	0.734199	0.612799	0.495285	0.910187	0.871714	0.610164	0.822761	0.856518	0.733096	0.504581	0.658217	0.724373	0.6752	0.760466	0.280392	0.595635	0.456423	0.664059	0.671166	0.423956	0.596539	0.411018	0.497107	0.359345	
c.1.8	0.66533	0.556324	0.78749	0.66171	0.447859	0.7297	0.61105	0.49107	0.906068	0.86693	0.59435	0.816474	0.854184	0.725475	0.496943	0.650362	0.721697	0.668433	0.759381	0.262668	0.584839	0.451288	0.658791	0.672665	0.414282	0.595821	0.409368	0.499217	0.352253	
c.1.8	0.674193	0.565687	0.793695	0.670402	0.459279	0.735973	0.617822	0.501021	0.910603	0.870653	0.602135	0.823864	0.857428	0.731203	0.505284	0.652377	0.72713	0.676355	0.763089	0.226259	0.591013	0.45218	0.66654	0.677962	0.424134	0.604331	0.420335	0.507889	0.364544	
c.1.8	0.671702	0.563023	0.791951	0.667717	0.453365	0.736012	0.616982	0.497984	0.908666	0.868634	0.599199	0.824301	0.857736	0.73025	0.495848	0.646933	0.728718	0.678414	0.764057	0.223979	0.589159	0.459215	0.668845	0.677595	0.417174	0.604219	0.423397	0.505275	0.356685	
c.1.8	0.669999	0.55796	0.791654	0.668318	0.461631	0.732204	0.61064	0.489745	0.910386	0.871472	0.606962	0.822273	0.85558	0.730884	0.505489	0.658126	0.723047	0.673095	0.758996	0.263854	0.595618	0.452838	0.662514	0.671207	0.432303	0.594141	0.41008	0.495236	0.345319	
c.1.8	0.672366	0.562587	0.79273	0.670544	0.462193	0.734474	0.615994	0.497044	0.909906	0.870528	0.610237	0.821449	0.856673	0.73177	0.502486	0.6593	0.726174	0.673984	0.762576	0.277178	0.595161	0.46204	0.66347	0.67582	0.425725	0.601135	0.418412	0.502397	0.362732	
c.1.8	0.667977	0.55859	0.789563	0.666157	0.453868	0.733182	0.613211	0.495506	0.906128	0.86901	0.605457	0.822368	0.85632	0.731381	0.497904	0.652329	0.726549	0.676743	0.761879	0.278295	0.590107	0.449707	0.665146	0.67703	0.418041	0.601325	0.406904	0.505328	0.359908	
c.1.8	0.66678	0.557529	0.789064	0.663824	0.452313	0.731692	0.61151	0.494432	0.907696	0.868653	0.597693	0.821851	0.855801	0.728898	0.494649	0.649676	0.723564	0.674783	0.760431	0.226346	0.590547	0.44941	0.662578	0.673666	0.415654	0.599582	0.406484	0.502469	0.361092	
c.1.8	0.668957	0.558851	0.789513	0.662027	0.45029	0.732562	0.61193	0.493524	0.906564	0.864567	0.586914	0.820613	0.854925	0.724905	0.499309	0.643616	0.722807	0.67103	0.75922	0.245443	0.585798	0.440788	0.664169	0.673283	0.41466	0.600196	0.393384	0.501037	0.353403	
c.1.8	0.673881	0.563435	0.79372	0.672297	0.469043	0.735415	0.617106	0.496188	0.910422	0.871337	0.612425	0.823362	0.856673	0.732741	0.508286	0.66214	0.7285	0.674955	0.762914	0.287515	0.600028	0.464615	0.664177	0.676918	0.433135	0.601216	0.431816	0.501838	0.354946	
c.1.8	0.667359	0.554653	0.787905	0.662299	0.451093	0.730012	0.606228	0.483903	0.904717	0.865109	0.593383	0.817576	0.852009	0.726187	0.487033	0.649223	0.718547	0.667346	0.754337	0.227072	0.586519	0.433159	0.654931	0.665369	0.419713	0.589641	0.398742	0.485909	0.335984	
c.1.8	0.670156	0.56358	0.790071	0.666465	0.454665	0.734301	0.615487	0.501396	0.906739	0.867464	0.605085	0.821088	0.855969	0.733666	0.496503	0.651255	0.724076	0.676853	0.761652	0.23677	0.590331	0.447155	0.666985	0.674776	0.425229	0.599777	0.409653	0.509883	0.366978	
c.1.8	0.680669	0.572597	0.79842	0.679862	0.480156	0.741543	0.62282	0.507211	0.913717	0.875634	0.620916	0.829784	0.860791	0.741551	0.51849	0.667839	0.73367	0.685893	0.767334	0.315295	0.609926	0.466814	0.674467	0.680721	0.450852	0.607532	0.432877	0.510583	0.371437	
c.1.8	0.672818	0.562423	0.793506	0.671548	0.469393	0.73663	0.6183	0.495027	0.911166	0.870836	0.606686	0.827235	0.858353	0.733198	0.514222	0.660784	0.731924	0.680737	0.765573	0.292884	0.604172	0.468626	0.666889	0.68188	0.432132	0.603349	0.436032	0.502131	0.350666	
c.1.8	0.67209	0.561365	0.792868	0.671406	0.463959	0.734273	0.613033	0.494693	0.91041	0.871917	0.61183	0.823584	0.857042	0.734192	0.508827	0.656312	0.726146	0.675741	0.761221	0.266515	0.597337	0.459776	0.663659	0.672178	0.430157	0.598489	0.411237	0.495838	0.358496	
c.1.8	0.666039	0.552398	0.787196	0.661846	0.452938	0.727586	0.603226	0.480053	0.905432	0.866327	0.598727	0.814587	0.85055	0.724206	0.479896	0.653648	0.71453	0.662174	0.75151	0.279471	0.588204	0.428263	0.65113	0.661516	0.414214	0.583327	0.401484	0.482671	0.328817	
c.1.8	0.674134	0.566608	0.795207	0.673557	0.478097	0.738315	0.623213	0.505814	0.913823	0.873007	0.609741	0.827932	0.860811	0.735454	0.519579	0.670881	0.733076	0.682885	0.770554	0.30315	0.61028	0.473644	0.675027	0.686375	0.452894	0.61365	0.438305	0.517448	0.373395	
c.1.8	0.653859	0.539557	0.779329	0.652049	0.437555	0.723518	0.599201	0.466262	0.900934	0.861434	0.582317	0.818414	0.849352	0.722664	0.482967	0.63943	0.722036	0.669069	0.753248	0.235564	0.582793	0.437555	0.648008	0.670203	0.413002	0.580821	0.407459	0.472491	0.313666	
c.1.8	0.668837	0.560998	0.790663	0.667316	0.460304	0.73454	0.616825	0.498054	0.909474	0.869179	0.604199	0.824748	0.857947	0.732221	0.504133	0.657615	0.730052	0.680125	0.764667	0.27485	0.594827	0.460149	0.66722	0.680512	0.433419	0.60509	0.422449	0.508791	0.357323	
c.1.8	0.670577	0.559819	0.791759	0.66928	0.462129	0.734116	0.614076	0.493287	0.910023	0.870417	0.606691	0.823543	0.856313	0.733075	0.510095	0.6562	0.727069	0.677178	0.762275	0.287238	0.596986	0.453418	0.664019	0.676078	0.427248	0.599563	0.424273	0.500087	0.355914	
c.1.8	0.672848	0.564186	0.792995	0.67115	0.454972	0.735651	0.615844	0.500191	0.910488	0.871425	0.607362	0.823726	0.857318	0.73475	0.503983	0.650455	0.727324	0.677258	0.76283	0.277653	0.589654	0.45578	0.668123	0.675866	0.409265	0.602995	0.405881	0.505481	0.36328	
c.1.8	0.664272	0.554687	0.784358	0.648193	0.422282	0.728074	0.607449	0.486077	0.900749	0.854692	0.55289	0.810225	0.850818	0.709459	0.481379	0.62266	0.712555	0.66063	0.755733	0.17463	0.564882	0.431163	0.655824	0.669046	0.373584	0.591326	0.378487	0.493285	0.344197	
c.1.8	0.664145	0.553637	0.787003	0.662483	0.445116	0.730409	0.610344	0.485729	0.906106	0.867446	0.599109	0.81978	0.854272	0.730752	0.497026	0.644738	0.724758	0.673901	0.760802	0.238838	0.585192	0.455618	0.657854	0.674653	0.411876	0.594031	0.412556	0.493949	0.341909	
c.1.8	0.669287	0.560423	0.790517	0.664017	0.451063	0.734287	0.615416	0.49522	0.908839	0.866813	0.5945	0.824234	0.856616	0.727136	0.504176	0.646528	0.726719	0.67852	0.763088	0.247713	0.588829	0.448026	0.665329	0.680276	0.420215	0.602154	0.398219	0.506436	0.355308	
c.1.8	0.672515	0.56154	0.793647	0.673847	0.467654	0.735021	0.614567	0.493958	0.91162	0.873984	0.617003	0.825988	0.857315	0.737042	0.514337	0.663406	0.729015	0.678373	0.762708	0.268005	0.602222	0.459186	0.664565	0.676547	0.433258	0.598275	0.42048	0.498084	0.352726	
c.1.8	0.672611	0.561507	0.792813	0.674696	0.468118	0.735327	0.615265	0.490709	0.909999	0.873514	0.621051	0.825519	0.856234	0.740218	0.507217	0.661309	0.730858	0.679672	0.762637	0.279941	0.599714	0.467188	0.661917	0.677958	0.447886	0.596056	0.428547	0.493947	0.344283	
c.1.8	0.666435	0.555933	0.789199	0.662733	0.452542	0.729901	0.6103	0.490021	0.908913	0.868098	0.597026	0.818615	0.854923	0.724761	0.498092	0.653212	0.721067	0.668396	0.759682	0.271699	0.588035	0.447945	0.659829	0.671698	0.413617	0.59498	0.414902	0.497985	0.349914	
c.1.9	0.670142	0.563818	0.791537	0.663646	0.449881	0.736379	0.616823	0.505127	0.909744	0.865748	0.586372	0.82517	0.859759	0.72686	0.498429	0.64601	0.726673	0.680101	0.764934	0.267755	0.589739	0.446163	0.674493	0.678664	0.408879	0.607552	0.402662	0.514168	0.373887	
c.1.9	0.665349	0.557463	0.788426	0.660582	0.451538	0.733028	0.614194	0.495196	0.90815	0.865291	0.585282	0.823974	0.857662	0.725414	0.496251	0.648396	0.727293	0.678203	0.763406	0.218011	0.591753	0.455596	0.667684	0.679865	0.417066	0.602523	0.42227	0.50344	0.358547	
c.1.9	0.667335	0.559721	0.78773	0.659202	0.434898	0.730768	0.607713	0.496614	0.905337	0.864342	0.585207	0.816909	0.854084	0.723484	0.481472	0.635401	0.716339	0.668347	0.754767	0.238268	0.573377	0.427442	0.663136	0.665532	0.38675	0.593356	0.381468	0.500093	0.360915	
c.1.9	0.665736	0.559296	0.786513	0.657899	0.429332	0.733385	0.612417	0.497249	0.903932	0.861741	0.580659	0.822152	0.855323	0.726248	0.481258	0.624443	0.724912	0.67821	0.760466	0.190816	0.572315	0.440511	0.666927	0.67605	0.389723	0.601115	0.393469	0.504039	0.360249	
c.1.9	0.670391	0.562415	0.790767	0.662922	0.449028	0.733224	0.613789	0.498554	0.908939	0.865743	0.588293	0.819808	0.855729	0.724715	0.49588	0.646501	0.721897	0.672217	0.759658	0.234179	0.583619	0.444233	0.663733	0.672249	0.40653	0.597966	0.401782	0.504123	0.368183	
c.1.9	0.671035	0.563867	0.789833	0.663348	0.448994	0.734693	0.614111	0.501549	0.905911	0.864125	0.595715	0.819659	0.855006	0.727143	0.490215	0.644454	0.721518	0.675557	0.757823	0.228516	0.585103	0.432237	0.667409	0.672621	0.418698	0.600572	0.394839	0.507778	0.368306	
c.1.9	0.670234	0.564213	0.790987	0.660258	0.453234	0.734463	0.617274	0.504123	0.908919	0.863401	0.579965	0.819886	0.85838	0.719524	0.48929	0.64889	0.722497	0.672923	0.763311	0.257182	0.587482	0.45361	0.669816	0.676648	0.421339	0.60754	0.412181	0.512147	0.372025	
c.1.9	0.669989	0.562375	0.792113	0.666542	0.458006	0.734964	0.617368	0.499995	0.911907	0.86957	0.596552	0.825006	0.85959	0.729694	0.506461	0.653817	0.727699	0.677932	0.765592	0.263314	0.595486	0.455364	0.668428	0.680293	0.423896	0.606176	0.415985	0.509341	0.363291	
c.1.9	0.678367	0.574608	0.795118	0.670648	0.459271	0.741147	0.625532	0.517337	0.90757	0.867627	0.598505	0.822655	0.860826	0.733217	0.495972	0.652112	0.729756	0.679843	0.768429	0.255028	0.594277	0.459117	0.681313	0.683109	0.417672	0.616593	0.416319	0.525929	0.393484	
c.1.9	0.664925	0.55544	0.787221	0.655938	0.44554	0.730446	0.60837	0.49121	0.905774	0.86134	0.569285	0.817366	0.854864	0.718454	0.483843	0.643515	0.718524	0.669502	0.757796	0.227181	0.586029	0.438259	0.661238	0.668855	0.411077	0.594957	0.397159	0.496463	0.353757	
c.1.9	0.669716	0.562981	0.790588	0.662179	0.452083	0.733706	0.615786	0.501144	0.908714	0.865753	0.587482	0.82093	0.856782	0.724567	0.497686	0.648213	0.722019	0.67385	0.762041	0.268605	0.588957	0.449765	0.665547	0.675252	0.41923	0.604473	0.407486	0.508795	0.367156	
c.1.9	0.671232	0.563198	0.791199	0.664279	0.453539	0.73309	0.613837	0.500864	0.907815	0.866667	0.595247	0.818553	0.855249	0.72473	0.491389	0.649116	0.720005	0.669802	0.758411	0.258223	0.58954	0.441643	0.664255	0.66969	0.416727	0.600833	0.39955	0.507977	0.368372	
c.1.9	0.670175	0.562894	0.790225	0.662171	0.44406	0.733676	0.613912	0.49869	0.907379	0.865103	0.589373	0.820773	0.855853	0.725488	0.491372	0.637796	0.721716	0.673796	0.760224	0.166971	0.582032	0.437388	0.663336	0.672891	0.406696	0.598903	0.404132	0.502968	0.365065	
c.1.9	0.668538	0.557064	0.788924	0.6589	0.440257	0.728604	0.605999	0.487512	0.906361	0.86406	0.583453	0.813005	0.851285	0.715705	0.485899	0.638372	0.713142	0.661316	0.75299	0.239869	0.575052	0.429398	0.652855	0.660774	0.396228	0.588272	0.390874	0.48649	0.34656	
c.1.9	0.665336	0.554924	0.787214	0.657884	0.442274	0.728079	0.607079	0.489396	0.906214	0.863467	0.579689	0.815111	0.852675	0.719596	0.481076	0.642058	0.717121	0.66202	0.754595	0.239125	0.577283	0.444283	0.656508	0.666719	0.403431	0.592811	0.395	0.494742	0.351473	
c.1.9	0.666245	0.557611	0.788354	0.658589	0.45016	0.730495	0.610484	0.494623	0.907337	0.862824	0.582219	0.817025	0.855796	0.71997	0.486496	0.647027	0.719671	0.666425	0.759096	0.267916	0.586984	0.441752	0.661782	0.670548	0.415003	0.596509	0.40674	0.500756	0.359469	
c.1.9	0.668382	0.559749	0.790769	0.661198	0.456721	0.732671	0.613375	0.497686	0.910671	0.864933	0.581646	0.821604	0.856654	0.722368	0.497481	0.653709	0.721784	0.673555	0.762271	0.291801	0.59446	0.441985	0.665391	0.674599	0.422827	0.600709	0.405174	0.50637	0.36632	
c.1.9	0.67221	0.562633	0.792066	0.669333	0.463165	0.734953	0.616193	0.496178	0.908457	0.869205	0.603674	0.82172	0.855963	0.730881	0.497866	0.660569	0.727269	0.676111	0.761378	0.283799	0.598315	0.456993	0.663235	0.677206	0.427007	0.600295	0.423914	0.501879	0.358415	
c.1.9	0.669927	0.565527	0.790997	0.661819	0.449147	0.737377	0.619221	0.50809	0.90897	0.864299	0.585162	0.825921	0.860139	0.726071	0.500053	0.644439	0.727162	0.683423	0.766792	0.265864	0.589739	0.444591	0.676813	0.681306	0.415532	0.611777	0.409209	0.518034	0.37617	
c.1.9	0.66433	0.555294	0.786355	0.656735	0.437332	0.729681	0.610086	0.492665	0.904652	0.862282	0.579182	0.817303	0.85375	0.718555	0.486476	0.636835	0.721639	0.667356	0.757649	0.245733	0.576144	0.441285	0.660445	0.672042	0.388456	0.597644	0.396195	0.502576	0.358366	
c.1.9	0.666977	0.560761	0.786652	0.653659	0.432617	0.730471	0.611574	0.499228	0.902747	0.857992	0.572006	0.811262	0.853174	0.713991	0.467056	0.633126	0.715276	0.66279	0.757234	0.234721	0.56915	0.434475	0.66182	0.667542	0.387187	0.600184	0.383168	0.505777	0.364647	
c.1.9	0.663888	0.554839	0.786613	0.65692	0.438127	0.729633	0.607112	0.491658	0.905281	0.86336	0.585152	0.818358	0.85494	0.721493	0.478002	0.640748	0.718869	0.669544	0.757312	0.247984	0.578902	0.433554	0.661726	0.667868	0.396116	0.592604	0.389535	0.497915	0.357806	
c.1.9	0.672136	0.56461	0.79089	0.661134	0.444875	0.734185	0.614736	0.499573	0.906905	0.862896	0.580293	0.818426	0.855077	0.721205	0.485295	0.637413	0.719404	0.670701	0.759079	0.243048	0.580987	0.434402	0.663167	0.671879	0.406714	0.598359	0.396715	0.504946	0.364847	
c.1.9	0.66807	0.557575	0.789405	0.659132	0.442765	0.729309	0.609314	0.490805	0.90725	0.864395	0.579068	0.814709	0.853792	0.716007	0.488277	0.644283	0.717081	0.661462	0.756278	0.213401	0.579648	0.438495	0.65688	0.6685	0.392527	0.593302	0.393923	0.497687	0.353678	
c.1.9	0.663986	0.553716	0.787099	0.658415	0.443302	0.728333	0.607335	0.489004	0.906013	0.864754	0.581091	0.815654	0.853866	0.720102	0.487364	0.647936	0.717943	0.665438	0.756932	0.264628	0.581986	0.445234	0.657038	0.668617	0.402704	0.591381	0.395317	0.495856	0.355648	
c.1.9	0.685482	0.577504	0.799955	0.678949	0.472871	0.741771	0.622912	0.514439	0.91131	0.872653	0.612533	0.823279	0.860221	0.735581	0.496939	0.661893	0.726359	0.675162	0.764666	0.285301	0.598231	0.460128	0.678355	0.672807	0.427738	0.608093	0.419104	0.518091	0.387301	
c.1.9	0.668978	0.564754	0.790959	0.664076	0.453836	0.736743	0.620869	0.507475	0.909867	0.866856	0.589926	0.826609	0.860468	0.72802	0.501586	0.651204	0.731967	0.684028	0.768575	0.263923	0.592835	0.465793	0.674816	0.685564	0.424635	0.613754	0.420891	0.518495	0.375811	
c.1.9	0.670144	0.562849	0.789964	0.661598	0.451898	0.733496	0.613995	0.499377	0.906846	0.864472	0.584938	0.818657	0.85542	0.722853	0.487095	0.646787	0.721307	0.6725	0.759407	0.235676	0.58624	0.444427	0.665387	0.671719	0.417871	0.600756	0.414957	0.501951	0.367522	
c.1.9	0.670682	0.560044	0.791086	0.665265	0.456597	0.733215	0.61176	0.492965	0.908818	0.867583	0.592409	0.820857	0.85515	0.7264	0.50143	0.651956	0.723545	0.673853	0.759484	0.256902	0.589478	0.450446	0.663897	0.671747	0.419431	0.596814	0.407052	0.494714	0.354351	
c.1.9	0.670997	0.563407	0.789979	0.657336	0.441977	0.732189	0.61066	0.502488	0.905636	0.860676	0.572796	0.814314	0.854497	0.716649	0.479909	0.634837	0.713012	0.663287	0.755154	0.231865	0.576036	0.419197	0.668057	0.665159	0.400187	0.596479	0.386776	0.507813	0.371823	
c.1.9	0.666676	0.558171	0.787185	0.655677	0.434071	0.729006	0.607761	0.494867	0.904261	0.861417	0.573141	0.81302	0.852711	0.715813	0.464597	0.631537	0.713744	0.663063	0.754404	0.205865	0.56746	0.429771	0.659424	0.662968	0.393924	0.59339	0.379099	0.500422	0.361541	
c.1.9	0.669972	0.563578	0.790547	0.663516	0.44385	0.73437	0.61703	0.501557	0.908257	0.866259	0.596546	0.821368	0.856509	0.72664	0.495425	0.642253	0.723766	0.675821	0.763483	0.213845	0.582186	0.452787	0.666156	0.676944	0.402136	0.605054	0.405012	0.510436	0.367391	
c.1.9	0.673509	0.565353	0.792948	0.666556	0.45958	0.734976	0.616726	0.500798	0.909287	0.868164	0.598258	0.82049	0.856237	0.725374	0.500124	0.653839	0.723274	0.672725	0.762101	0.284364	0.592005	0.458409	0.665321	0.674494	0.426064	0.602808	0.412467	0.505803	0.366347	
c.1.9	0.666519	0.560128	0.788677	0.660566	0.444306	0.732135	0.613461	0.50076	0.90775	0.865578	0.587283	0.819528	0.856791	0.723504	0.487907	0.645488	0.722983	0.672516	0.760776	0.258223	0.586784	0.442541	0.666985	0.674415	0.40301	0.602125	0.40301	0.509563	0.37185	
c.1.9	0.670811	0.566349	0.789812	0.659739	0.441965	0.733974	0.616314	0.505848	0.90543	0.862327	0.581922	0.816672	0.856251	0.722681	0.48074	0.63804	0.718697	0.670189	0.76045	0.252662	0.57655	0.441724	0.66765	0.67198	0.409548	0.605613	0.399782	0.510998	0.372558	
c.1.9	0.669802	0.560523	0.790373	0.66507	0.458943	0.732796	0.612263	0.496015	0.907635	0.867603	0.596236	0.819512	0.855174	0.728318	0.496983	0.654173	0.722653	0.672657	0.760194	0.252298	0.594164	0.447536	0.665613	0.670236	0.426367	0.597662	0.414014	0.502042	0.358601	
c.1.9	0.667446	0.560945	0.789549	0.660726	0.440709	0.733246	0.614712	0.500973	0.908995	0.865236	0.58661	0.821253	0.857551	0.723749	0.495165	0.64066	0.723864	0.675097	0.761996	0.254463	0.580207	0.44708	0.667787	0.676782	0.40114	0.602548	0.396113	0.510349	0.369558	
c.1.9	0.665355	0.553381	0.787921	0.659293	0.453691	0.727537	0.60633	0.485865	0.90804	0.865298	0.586404	0.816046	0.851711	0.718038	0.493286	0.653864	0.716276	0.663884	0.754646	0.241226	0.590152	0.446147	0.653518	0.664131	0.408386	0.590795	0.410638	0.489134	0.34358	
c.1.9	0.668191	0.558899	0.789882	0.663819	0.456845	0.73124	0.610953	0.496921	0.908374	0.866779	0.593734	0.817836	0.855242	0.725031	0.496372	0.655425	0.720952	0.668557	0.758394	0.250274	0.594614	0.443074	0.663038	0.669531	0.425404	0.596433	0.401954	0.504208	0.364175	
c.1.9	0.669239	0.561876	0.790536	0.663414	0.444094	0.733117	0.613868	0.501222	0.908468	0.86689	0.595692	0.819901	0.857082	0.727068	0.493457	0.641352	0.720825	0.672567	0.761289	0.209584	0.581007	0.44324	0.666219	0.672266	0.408735	0.602205	0.400884	0.509614	0.370796	
c.1.9	0.66824	0.559745	0.78903	0.656582	0.440793	0.731053	0.611792	0.496362	0.907145	0.861041	0.570317	0.816106	0.853776	0.71472	0.487481	0.639505	0.717552	0.66595	0.758208	0.245033	0.578771	0.440793	0.661154	0.668875	0.402081	0.598869	0.392737	0.50521	0.362415	
c.1.9	0.665521	0.555691	0.787792	0.658591	0.43126	0.727713	0.606917	0.490812	0.906842	0.865263	0.590461	0.814492	0.853319	0.720566	0.498645	0.634121	0.714729	0.660353	0.755692	0.203563	0.571643	0.430972	0.656135	0.666822	0.379502	0.591837	0.381173	0.496204	0.357499	
c.1.9	0.667589	0.560933	0.788862	0.6615	0.447015	0.732314	0.615165	0.500605	0.907418	0.864745	0.587337	0.818358	0.855692	0.724342	0.491046	0.646212	0.723753	0.671277	0.761351	0.235193	0.585489	0.453955	0.665693	0.675911	0.40649	0.603616	0.408289	0.509942	0.370946	
c.1.9	0.668032	0.562374	0.789195	0.658471	0.44641	0.732711	0.614572	0.503522	0.907198	0.862642	0.581397	0.81805	0.85642	0.720075	0.487675	0.646244	0.720362	0.670733	0.760674	0.206775	0.58388	0.440206	0.66779	0.673725	0.417518	0.604383	0.393041	0.512573	0.373978	
c.1.9	0.675189	0.571821	0.794105	0.66816	0.45647	0.739547	0.624985	0.515217	0.908855	0.86743	0.592564	0.823094	0.861862	0.730422	0.496588	0.649362	0.729879	0.680719	0.769058	0.257033	0.592211	0.465223	0.679195	0.683033	0.418951	0.617511	0.420246	0.526138	0.387163	
c.1.9	0.667218	0.560565	0.788662	0.66253	0.451624	0.733112	0.613149	0.500346	0.907367	0.865577	0.595506	0.820729	0.856035	0.728031	0.496436	0.650753	0.723944	0.676088	0.760877	0.273693	0.59233	0.442697	0.668337	0.674107	0.4182	0.60105	0.396901	0.510183	0.367169	
c.1.9	0.666318	0.559463	0.789038	0.662987	0.445394	0.733605	0.615623	0.499149	0.909171	0.866479	0.595595	0.824617	0.858185	0.729675	0.49798	0.642619	0.728084	0.679155	0.764234	0.247231	0.586183	0.451656	0.667413	0.680804	0.410177	0.605331	0.411743	0.509852	0.365704	
c.1.9	0.668091	0.559548	0.789017	0.659979	0.457929	0.731907	0.613156	0.495791	0.907306	0.863133	0.58275	0.818948	0.854617	0.720855	0.485129	0.655597	0.721664	0.670665	0.760349	0.264667	0.592706	0.449077	0.662498	0.673461	0.431393	0.599665	0.404232	0.50494	0.360336	
c.1.9	0.666949	0.560417	0.787693	0.660473	0.438878	0.734176	0.613654	0.499248	0.905127	0.864063	0.588568	0.821835	0.856094	0.728172	0.48622	0.63718	0.724438	0.678402	0.761396	0.224391	0.580538	0.442171	0.670195	0.677578	0.404157	0.602265	0.399466	0.507495	0.364848	
