c.1.10	3.858176	3.250908	4.554901	3.816109	2.588832	4.232564	3.557146	2.908485	5.230804	4.988247	3.380934	4.731379	4.947527	4.183555	2.820858	3.713323	4.174815	3.893540	4.409206	1.380211	3.370328	2.610660	3.861475	3.907626	2.404834	3.501607	2.338456	2.964260	2.161368
c.1.10	3.705436	3.076640	4.382863	3.666892	2.472756	4.043284	3.352761	2.694605	5.038489	4.817321	3.278296	4.520431	4.736476	4.004364	2.697229	3.608954	3.960280	3.669967	4.179351	1.342423	3.227630	2.367356	3.625518	3.665018	2.198657	3.262451	2.110590	2.711807	1.949390
c.1.10	3.826204	3.237292	4.500511	3.752740	2.523746	4.182443	3.519566	2.905256	5.156637	4.904548	3.317646	4.641633	4.881533	4.105272	2.743510	3.641871	4.085826	3.810904	4.340444	1.361728	3.297979	2.491362	3.816705	3.835881	2.311754	3.456518	2.193125	2.965202	2.173186
c.1.10	3.883605	3.276692	4.586925	3.849542	2.594393	4.270399	3.596597	2.936514	5.271600	5.028559	3.443106	4.777441	4.987832	4.228734	2.892651	3.741152	4.226883	3.949244	4.454891	1.431364	3.395326	2.648360	3.910998	3.966376	2.387390	3.549249	2.418301	3.006038	2.170262
c.1.10	3.805433	3.194792	4.502099	3.772028	2.536558	4.187013	3.503518	2.864511	5.176282	4.935663	3.360025	4.692080	4.895190	4.153174	2.801404	3.669596	4.130591	3.861833	4.354512	1.361728	3.325310	2.550228	3.833848	3.850095	2.344392	3.459091	2.240549	2.933487	2.123852
c.1.10	3.867291	3.254548	4.560349	3.822168	2.534026	4.235629	3.552181	2.911158	5.233207	4.992788	3.407391	4.733871	4.947512	4.188113	2.835056	3.660676	4.173070	3.893484	4.406302	1.301030	3.314710	2.542825	3.873960	3.900094	2.271842	3.490801	2.260071	2.972203	2.173186
c.1.10	3.854367	3.248219	4.546135	3.800442	2.537819	4.222872	3.548389	2.906335	5.217250	4.970058	3.359456	4.713843	4.933750	4.158935	2.851870	3.668479	4.157003	3.871223	4.394662	1.397940	3.312812	2.545307	3.866346	3.903253	2.305351	3.486997	2.245513	2.968016	2.161368
c.1.10	3.674310	3.079904	4.334112	3.588047	2.301030	4.024978	3.354301	2.725095	4.972499	4.715335	3.102777	4.478884	4.701879	3.922518	2.583199	3.400365	3.933943	3.658488	4.158604	1.000000	3.088845	2.309630	3.632559	3.669596	1.995635	3.271377	2.025306	2.756636	1.986772
c.1.10	3.739731	3.146128	4.415257	3.674953	2.421604	4.100887	3.437116	2.819544	5.068390	4.818628	3.225826	4.561566	4.796318	4.019075	2.737193	3.527630	4.018326	3.738860	4.253968	1.176091	3.206826	2.431364	3.736715	3.767156	2.198657	3.372728	2.143015	2.881385	2.117271
c.1.10	3.829882	3.219060	4.519579	3.792392	2.599883	4.196591	3.516139	2.861534	5.191971	4.954194	3.370143	4.688046	4.901595	4.150634	2.793790	3.730782	4.141544	3.850952	4.353301	1.477121	3.387746	2.569374	3.813914	3.852724	2.401401	3.443419	2.348305	2.889302	2.100371
c.1.10	3.821710	3.206556	4.530763	3.815910	2.558709	4.213783	3.526081	2.873902	5.216538	4.993718	3.468643	4.734584	4.935608	4.222508	2.820201	3.712818	4.184436	3.902710	4.395239	1.301030	3.381476	2.592177	3.861773	3.888516	2.380211	3.484015	2.315970	2.938019	2.127105
c.1.10	3.733759	3.128399	4.429849	3.686994	2.456366	4.115078	3.434090	2.788168	5.099746	4.853923	3.228144	4.615876	4.826418	4.058730	2.687529	3.587374	4.063146	3.782831	4.283165	1.380211	3.274850	2.451786	3.752356	3.790496	2.230449	3.364363	2.187521	2.844477	2.053078
c.1.10	3.832062	3.216694	4.525990	3.784475	2.569374	4.204771	3.529430	2.845098	5.203965	4.953547	3.324899	4.713045	4.910598	4.142546	2.833784	3.692142	4.151584	3.864036	4.368752	1.431364	3.374748	2.563481	3.805976	3.889694	2.359835	3.451018	2.340444	2.889302	2.060698
c.1.10	3.610021	3.053078	4.266937	3.527630	2.318063	3.972249	3.325926	2.746634	4.902188	4.660533	3.055378	4.406046	4.652546	3.881670	2.542825	3.456214	3.883548	3.594061	4.105067	1.322219	3.113609	2.255273	3.619302	3.640779	2.079181	3.269513	1.919078	2.799341	2.045323
c.1.10	3.586137	2.999131	4.236789	3.489677	2.260071	3.913496	3.251395	2.659916	4.856137	4.615434	2.991669	4.332418	4.587576	3.806451	2.530200	3.372728	3.783117	3.501059	4.039017	0.954243	3.012415	2.173186	3.529045	3.533009	1.982271	3.174060	1.812913	2.675778	1.954243
c.1.10	3.642366	3.048830	4.321122	3.578754	2.340444	4.009876	3.329805	2.714330	4.973705	4.732498	3.129368	4.481701	4.709151	3.944335	2.537819	3.469380	3.929674	3.662852	4.158332	0.845098	3.147676	2.305351	3.644143	3.661245	2.133539	3.261501	1.991226	2.747412	1.991226
c.1.10	3.658870	3.080626	4.332984	3.562887	2.309630	4.027186	3.359456	2.750508	4.980594	4.717920	3.025306	4.495308	4.720416	3.908753	2.604226	3.406370	3.932727	3.677059	4.172574	1.041393	3.123525	2.257679	3.665018	3.690285	2.086360	3.276232	2.021189	2.795880	2.041393
c.1.10	3.842796	3.232488	4.532487	3.799961	2.556303	4.214897	3.528917	2.881955	5.206229	4.965136	3.414973	4.711984	4.918743	4.177450	2.850033	3.673942	4.146407	3.885644	4.373850	1.278754	3.351216	2.509203	3.849665	3.871047	2.334454	3.456670	2.305351	2.935507	2.123852
c.1.10	3.808346	3.180986	4.510344	3.786325	2.604226	4.182899	3.493319	2.814248	5.190060	4.958344	3.388101	4.694623	4.895207	4.159116	2.838219	3.738860	4.141262	3.851197	4.343054	1.531479	3.401573	2.562293	3.787248	3.852480	2.396199	3.419129	2.332438	2.857332	2.033424
c.1.10	3.808211	3.186674	4.503219	3.780605	2.593286	4.173157	3.480725	2.841359	5.175535	4.939694	3.397766	4.665403	4.884081	4.139060	2.774517	3.737352	4.110320	3.819412	4.328665	1.505150	3.376759	2.553883	3.800786	3.806926	2.397940	3.413635	2.187521	2.881955	2.107210
c.1.10	3.717254	3.079543	4.397523	3.690993	2.506505	4.047470	3.358316	2.697229	5.053985	4.839962	3.324488	4.522131	4.745925	4.018534	2.705864	3.651472	3.971183	3.657056	4.186815	1.633468	3.239550	2.382017	3.628797	3.671265	2.262451	3.259355	2.100371	2.726727	1.963788
c.1.10	3.860877	3.244277	4.562757	3.827499	2.564666	4.244426	3.562174	2.890980	5.249277	5.002131	3.434729	4.758526	4.959185	4.201479	2.881385	3.700358	4.196867	3.920853	4.419245	1.414973	3.374932	2.578639	3.872681	3.934902	2.342423	3.504743	2.350248	2.957607	2.110590
c.1.10	3.808953	3.208710	4.489002	3.763802	2.487138	4.162863	3.496099	2.857332	5.152857	4.921322	3.391464	4.637179	4.864244	4.122969	2.752048	3.620968	4.085754	3.795532	4.320541	1.176091	3.244030	2.547775	3.786041	3.816771	2.198657	3.426186	2.298853	2.899821	2.100371
c.1.10	3.826981	3.245759	4.517156	3.743118	2.492760	4.210960	3.548635	2.937016	5.185009	4.906545	3.229426	4.686520	4.925426	4.103735	2.788875	3.600864	4.127753	3.863442	4.386053	1.301030	3.314078	2.505150	3.877947	3.892762	2.245513	3.512418	2.238046	3.001301	2.217484
c.1.10	3.722963	3.101747	4.407867	3.672098	2.491362	4.077404	3.402089	2.732394	5.072055	4.827298	3.236789	4.561876	4.778115	4.002296	2.701568	3.628593	4.006851	3.708761	4.233402	1.531479	3.253580	2.444045	3.674310	3.736078	2.298853	3.325721	2.190332	2.775974	1.963788
c.1.10	3.704751	3.136086	4.368045	3.622421	2.411620	4.062544	3.410102	2.808886	5.010923	4.764848	3.144574	4.511442	4.747878	3.979230	2.594393	3.524266	3.962180	3.692494	4.209917	1.113943	3.191730	2.390935	3.695569	3.724849	2.222716	3.336260	2.158362	2.847573	2.093422
c.1.10	3.804889	3.184975	4.499989	3.781396	2.553883	4.175946	3.487704	2.823474	5.176601	4.945789	3.383277	4.672467	4.885463	4.150234	2.797268	3.694078	4.118331	3.839667	4.337020	1.518514	3.351410	2.541579	3.787956	3.828015	2.361728	3.425371	2.311754	2.848189	2.053078
c.1.10	3.783761	3.179839	4.469262	3.738463	2.506505	4.145600	3.470557	2.845098	5.135819	4.895721	3.345374	4.627028	4.851466	4.096910	2.767898	3.649335	4.067777	3.790918	4.302764	1.176091	3.272770	2.426511	3.774663	3.804344	2.281033	3.400883	2.143015	2.910091	2.117271
c.1.10	3.644636	3.056905	4.315004	3.578295	2.296665	4.014058	3.343014	2.712650	4.962814	4.720151	3.110590	4.485650	4.701922	3.941412	2.608526	3.400192	3.940616	3.669317	4.159567	0.954243	3.104146	2.346353	3.638888	3.674586	2.033424	3.271609	2.053078	2.763428	1.939519
c.1.10	3.813381	3.197005	4.507032	3.762078	2.551450	4.180556	3.494433	2.843233	5.183145	4.929419	3.297761	4.679855	4.888960	4.113275	2.808211	3.676876	4.104248	3.835056	4.339630	1.431364	3.333649	2.530200	3.801815	3.833402	2.332438	3.432488	2.276462	2.887054	2.082785
c.1.10	3.745543	3.141763	4.415324	3.692230	2.468347	4.096215	3.416641	2.791691	5.064136	4.829529	3.302331	4.553167	4.785059	4.050032	2.650308	3.571476	3.999826	3.733037	4.240350	1.255273	3.230960	2.423246	3.719331	3.721646	2.285557	3.343212	2.181844	2.822822	2.053078
c.1.10	3.616160	3.016197	4.289121	3.559907	2.332438	3.973313	3.296226	2.671173	4.931793	4.698379	3.114611	4.437877	4.663767	3.911264	2.562293	3.449633	3.891705	3.614370	4.115744	1.255273	3.113943	2.326336	3.600973	3.620552	2.093422	3.219060	1.991226	2.699838	1.954243
c.1.10	3.648848	3.047664	4.322571	3.579669	2.372912	4.001344	3.331022	2.692847	4.969556	4.727232	3.113609	4.470028	4.694052	3.915769	2.644439	3.476397	3.915716	3.631951	4.141324	1.146128	3.151370	2.348305	3.606059	3.658679	2.149219	3.244525	2.075547	2.722634	1.954243
c.1.10	3.580925	3.005609	4.227912	3.478422	2.267172	3.916085	3.273001	2.673021	4.838667	4.600505	3.014521	4.330373	4.591198	3.798927	2.469822	3.352954	3.795672	3.501744	4.050457	1.041393	3.035430	2.283301	3.537693	3.558948	1.991226	3.210319	1.963788	2.701568	1.954243
c.1.10	3.699664	3.096562	4.354934	3.616581	2.385606	4.024116	3.351603	2.737193	4.987519	4.746463	3.145196	4.468894	4.704339	3.926394	2.572872	3.497621	3.907304	3.618048	4.150265	1.204120	3.129045	2.340444	3.625724	3.638789	2.136721	3.266232	1.897627	2.771587	1.986772
c.1.10	3.557627	3.015360	4.205610	3.434409	2.235528	3.908270	3.292034	2.701568	4.828325	4.564571	2.877947	4.329926	4.580651	3.755722	2.471292	3.328787	3.804480	3.523356	4.063221	1.113943	3.013680	2.255273	3.534153	3.593618	1.986772	3.223496	1.977724	2.761176	1.986772
c.1.10	3.798651	3.182415	4.470954	3.743745	2.550228	4.138555	3.455606	2.812245	5.118982	4.892545	3.329194	4.608569	4.831383	4.085754	2.801404	3.676419	4.044932	3.756484	4.276094	1.230449	3.320977	2.440909	3.736317	3.772175	2.320146	3.376942	2.149219	2.840733	2.056905
c.1.10	3.784332	3.178401	4.473983	3.753813	2.495544	4.159116	3.476107	2.842609	5.138426	4.915822	3.382377	4.653415	4.863079	4.132644	2.725095	3.636688	4.104965	3.824256	4.319398	1.462398	3.287802	2.556303	3.797198	3.818226	2.238046	3.421439	2.225309	2.887617	2.113943
c.1.10	3.703033	3.088845	4.380465	3.641672	2.445604	4.056562	3.371622	2.720986	5.030713	4.789778	3.205475	4.532347	4.750354	3.984032	2.682145	3.555699	3.973590	3.693287	4.190416	1.230449	3.243038	2.311754	3.657438	3.698796	2.225309	3.277151	2.082785	2.762679	1.944483
c.1.10	3.606274	3.031408	4.277472	3.508260	2.290035	3.981048	3.321391	2.705008	4.919909	4.653174	2.945961	4.440279	4.671052	3.854792	2.577492	3.390405	3.896912	3.635785	4.134751	1.041393	3.101747	2.290035	3.616686	3.655619	2.079181	3.276921	1.968483	2.742725	1.968483
c.1.10	3.574263	3.029789	4.222898	3.467016	2.238046	3.933082	3.300595	2.725095	4.839874	4.591577	2.932474	4.350945	4.610618	3.811240	2.506505	3.345766	3.838282	3.546913	4.074634	0.903090	3.029384	2.267172	3.584331	3.606489	2.021189	3.250664	1.897627	2.778151	2.012837
c.1.10	3.857393	3.246499	4.556194	3.819676	2.578639	4.230321	3.552790	2.909021	5.233463	4.993304	3.405517	4.726825	4.946388	4.185202	2.866287	3.726156	4.166164	3.885022	4.405312	1.414973	3.368845	2.557507	3.869877	3.908217	2.357935	3.492760	2.285557	2.975432	2.173186
c.1.10	3.748731	3.142389	4.421094	3.697142	2.477121	4.097500	3.405005	2.804821	5.061143	4.837026	3.301898	4.565930	4.792413	4.049528	2.651278	3.592177	4.007748	3.719663	4.227604	1.204120	3.258877	2.354108	3.734160	3.712818	2.260071	3.325516	2.025306	2.835056	2.096910
c.1.10	3.809021	3.199206	4.504484	3.768416	2.562293	4.191143	3.500099	2.866287	5.174432	4.931112	3.319106	4.691143	4.899574	4.142014	2.797268	3.696444	4.135927	3.862430	4.346939	1.491362	3.374565	2.506505	3.836894	3.846955	2.378398	3.458033	2.206826	2.906335	2.133539
c.1.10	3.877026	3.270679	4.579498	3.834357	2.542825	4.258422	3.584670	2.934498	5.259699	5.014982	3.413300	4.761695	4.977532	4.203495	2.904716	3.696094	4.206907	3.925828	4.444201	1.322219	3.352568	2.575188	3.900695	3.953808	2.278754	3.537441	2.296665	3.006894	2.187521
c.1.10	3.724194	3.128399	4.412293	3.676511	2.459392	4.101884	3.441538	2.795185	5.076284	4.830621	3.237795	4.586779	4.806166	4.036868	2.621176	3.600755	4.044579	3.764699	4.273857	1.255273	3.242541	2.501059	3.732956	3.795115	2.285557	3.388101	2.225309	2.860937	2.056905
c.1.10	3.783403	3.169086	4.470528	3.728597	2.526339	4.141951	3.462398	2.819544	5.131635	4.885819	3.273001	4.624612	4.846133	4.070333	2.784617	3.655523	4.062507	3.774371	4.297695	1.579784	3.315760	2.474216	3.765892	3.792392	2.287802	3.394977	2.149219	2.869818	2.068186
c.1.10	3.954146	3.342028	4.645226	3.899437	2.639486	4.318689	3.643453	2.988559	5.316700	5.063262	3.440437	4.813501	5.027680	4.253168	2.932981	3.761778	4.255682	3.965625	4.487407	1.342423	3.428621	2.655138	3.941958	3.991890	2.450249	3.576572	2.357935	3.052694	2.230449
c.1.10	3.620968	3.019947	4.289232	3.559548	2.361728	3.974143	3.301247	2.675778	4.925606	4.697953	3.125481	4.428378	4.662153	3.896692	2.609594	3.486997	3.888179	3.588944	4.112605	1.322219	3.146748	2.298853	3.598243	3.622318	2.152288	3.233504	1.991226	2.709270	1.929419
c.1.10	3.815578	3.196176	4.501949	3.771881	2.578639	4.180097	3.492760	2.832509	5.174313	4.927324	3.332842	4.678354	4.879984	4.128658	2.790988	3.684576	4.120541	3.834294	4.326192	1.477121	3.370513	2.514548	3.797129	3.835564	2.363612	3.411451	2.271842	2.872156	2.068186
c.1.10	3.837525	3.251395	4.531032	3.774517	2.521138	4.228298	3.559188	2.941511	5.201632	4.940457	3.299507	4.717529	4.940999	4.149188	2.782473	3.637189	4.160258	3.901022	4.403241	1.255273	3.336260	2.523746	3.894814	3.906119	2.311754	3.528145	2.320146	3.010300	2.214844
c.1.10	3.931915	3.345962	4.617137	3.860338	2.628389	4.313909	3.650599	3.026533	5.281540	5.017438	3.374015	4.792245	5.016248	4.221649	2.850033	3.738781	4.242293	3.976029	4.484300	1.544068	3.427973	2.629410	3.969323	3.999043	2.409933	3.608740	2.387390	3.090258	2.298853
c.1.10	3.880928	3.259355	4.584184	3.854124	2.630428	4.254596	3.569608	2.906874	5.269212	5.030843	3.469233	4.763795	4.972735	4.221962	2.913814	3.776411	4.200905	3.910784	4.430107	1.477121	3.424065	2.595496	3.883321	3.931153	2.403121	3.508934	2.369216	2.963316	2.146128
c.1.10	3.753123	3.130655	4.433722	3.714497	2.537819	4.107040	3.425371	2.764923	5.095940	4.857953	3.291147	4.592976	4.800813	4.059601	2.716003	3.658011	4.040998	3.750277	4.251395	1.462398	3.290702	2.498311	3.704322	3.754883	2.320146	3.361161	2.187521	2.799341	1.995635
c.1.2	3.686368	3.074451	4.360764	3.621176	2.389166	4.030276	3.346939	2.718502	5.009523	4.764707	3.134814	4.496681	4.724775	3.941611	2.675778	3.515741	3.936765	3.643946	4.165838	1.342423	3.143951	2.385606	3.643058	3.661150	2.117271	3.246499	2.004321	2.745855	1.973128
c.1.2	3.666424	3.057666	4.335217	3.614264	2.442480	4.023499	3.326745	2.706718	4.974079	4.749203	3.197005	4.491558	4.707843	3.967267	2.614897	3.546172	3.934498	3.666237	4.137607	1.322219	3.250664	2.292256	3.658965	3.642366	2.220108	3.233504	2.082785	2.741152	1.954243
c.1.2	3.720655	3.101747	4.399241	3.680063	2.487138	4.066512	3.386856	2.733999	5.058620	4.829265	3.295567	4.543062	4.762138	4.030600	2.719331	3.600428	3.986234	3.699144	4.217484	1.230449	3.227372	2.445604	3.665487	3.699664	2.283301	3.302331	2.193125	2.760422	1.973128
c.1.2	3.663418	3.074085	4.328543	3.598462	2.396199	4.017200	3.338855	2.748963	4.964128	4.735759	3.195069	4.464564	4.702129	3.946943	2.615950	3.503246	3.911424	3.637790	4.141920	1.414973	3.176959	2.243038	3.665299	3.650502	2.209515	3.285782	1.977724	2.773786	2.037426
c.1.2	3.665769	3.043362	4.357401	3.631444	2.457882	4.028815	3.340444	2.671173	5.023767	4.791606	3.179839	4.522809	4.738955	3.976671	2.654177	3.609061	3.967033	3.675870	4.176207	1.518514	3.235023	2.397940	3.624076	3.677059	2.285557	3.259594	2.120574	2.696356	1.875061
c.1.2	3.692142	3.084219	4.359817	3.634880	2.481443	4.044579	3.353339	2.725912	5.002417	4.768860	3.180986	4.508031	4.730128	3.984797	2.620136	3.588608	3.957751	3.679337	4.159988	1.414973	3.261263	2.356026	3.669689	3.655523	2.301030	3.263636	2.146128	2.737987	1.963788
c.1.2	3.582177	2.988559	4.207500	3.452553	2.245513	3.860937	3.192567	2.614897	4.807224	4.563410	2.949390	4.252100	4.520221	3.712902	2.472756	3.322633	3.667920	3.373280	3.945272	1.113943	2.941511	2.127105	3.442009	3.410440	1.939519	3.064458	1.778151	2.596597	1.880814
c.1.2	3.709100	3.092018	4.382917	3.653405	2.471292	4.058730	3.382017	2.715167	5.035422	4.791080	3.164650	4.533264	4.747808	3.990738	2.643453	3.565139	3.984752	3.689664	4.204663	1.491362	3.230193	2.447158	3.650696	3.697839	2.287802	3.291813	2.198657	2.745075	1.919078
c.1.2	3.760799	3.148603	4.430446	3.718834	2.523746	4.116940	3.433610	2.780317	5.078950	4.855677	3.343212	4.590563	4.800772	4.074451	2.696356	3.646796	4.047353	3.763428	4.256910	1.591065	3.283301	2.502427	3.742489	3.756788	2.307496	3.359266	2.209515	2.813581	2.004321
c.1.2	3.641672	3.021189	4.290346	3.580697	2.392697	3.951677	3.261739	2.647383	4.906658	4.700859	3.198657	4.375353	4.630021	3.908646	2.593286	3.473779	3.824711	3.514016	4.052117	1.342423	3.124504	2.283301	3.557026	3.523746	2.139879	3.154728	1.963788	2.642465	1.919078
c.1.2	3.604550	3.027757	4.258494	3.518909	2.309630	3.948853	3.293804	2.692847	4.883002	4.646766	3.039414	4.380790	4.627458	3.846832	2.492760	3.420286	3.848497	3.561459	4.080554	1.255273	3.081707	2.298853	3.569257	3.585574	2.049218	3.226858	2.000000	2.721811	1.968483
c.1.2	3.570309	2.972203	4.223937	3.499824	2.255273	3.914608	3.236789	2.607455	4.846788	4.620656	3.073718	4.360669	4.588395	3.844664	2.501059	3.366049	3.816506	3.540455	4.036948	1.113943	3.026942	2.152288	3.508530	3.538322	2.037426	3.143639	1.897627	2.633468	1.838849
c.1.2	3.690019	3.092018	4.358886	3.621488	2.346353	4.040998	3.371806	2.741939	5.001850	4.754570	3.161967	4.496888	4.731983	3.961184	2.629410	3.459091	3.950462	3.662758	4.186759	0.954243	3.125481	2.431364	3.657152	3.690019	2.068186	3.284656	2.075547	2.782473	1.982271
c.1.2	3.534026	2.913284	4.181358	3.464788	2.247973	3.847758	3.165541	2.510545	4.801301	4.583573	3.006038	4.287331	4.510585	3.767601	2.445604	3.356790	3.736476	3.440437	3.958612	1.041393	2.984077	2.167317	3.402949	3.451172	1.929419	3.042576	1.832509	2.509203	1.716003
c.1.2	3.620448	3.022016	4.288696	3.556544	2.401401	3.963741	3.304706	2.668386	4.929940	4.693490	3.133858	4.408816	4.649666	3.878522	2.552668	3.538197	3.877947	3.578983	4.110522	1.491362	3.167022	2.338456	3.559068	3.605951	2.143015	3.222976	2.089905	2.692847	1.944483
c.1.2	3.660486	3.069668	4.326500	3.578295	2.367356	4.019116	3.346744	2.719331	4.966137	4.718900	3.059942	4.483530	4.708013	3.924744	2.576341	3.472464	3.930338	3.660201	4.150787	1.278754	3.127105	2.276462	3.642860	3.671636	2.149219	3.275772	2.060698	2.756636	1.934498
c.1.2	3.745153	3.159567	4.429881	3.688331	2.369216	4.131747	3.461649	2.841359	5.086837	4.845452	3.215373	4.607734	4.834045	4.062055	2.651278	3.518514	4.068557	3.808076	4.291435	1.041393	3.185825	2.465383	3.793511	3.809896	2.113943	3.416641	2.158362	2.907411	2.100371
c.1.2	3.686547	3.100371	4.352491	3.600101	2.380211	4.030762	3.364176	2.772322	4.994788	4.748141	3.103462	4.469601	4.723061	3.919392	2.623249	3.497621	3.921478	3.632255	4.161218	1.255273	3.168203	2.307496	3.669131	3.659916	2.127105	3.292920	2.053078	2.806180	2.075547
c.1.2	3.656194	3.021189	4.339153	3.622007	2.468347	3.994977	3.297761	2.631444	5.000538	4.774181	3.218273	4.485636	4.696767	3.954580	2.614897	3.600864	3.922985	3.611723	4.128399	1.431364	3.201943	2.378398	3.574957	3.610554	2.260071	3.187521	2.123852	2.632457	1.851258
c.1.2	3.701741	3.084934	4.376047	3.644439	2.448706	4.059374	3.368845	2.714330	5.025490	4.786588	3.207365	4.537403	4.748669	3.996161	2.662758	3.551938	3.975110	3.706206	4.190864	1.255273	3.230704	2.392697	3.673942	3.700184	2.206826	3.283979	2.158362	2.738781	1.949390
c.1.2	3.640879	3.016616	4.316913	3.598024	2.416641	3.995986	3.302331	2.629410	4.969872	4.737073	3.147985	4.481443	4.683659	3.950462	2.588832	3.528917	3.919130	3.641871	4.126326	1.230449	3.175802	2.348305	3.583199	3.629308	2.281033	3.200029	2.082785	2.651278	1.819544
c.1.2	3.671636	3.046105	4.360006	3.640481	2.439333	4.039890	3.348694	2.666518	5.026125	4.793420	3.201124	4.539816	4.741096	4.000217	2.636488	3.566909	3.996249	3.698449	4.184351	1.301030	3.219323	2.392697	3.631038	3.699578	2.260071	3.255996	2.161368	2.702431	1.863323
c.1.2	3.544440	2.941511	4.190079	3.460748	2.243038	3.874250	3.188647	2.564666	4.805188	4.574008	2.968483	4.310778	4.534800	3.788381	2.429752	3.343802	3.750508	3.495128	3.983491	1.255273	2.989005	2.107210	3.466423	3.474508	2.004321	3.078094	1.812913	2.572872	1.785330
c.1.2	3.730944	3.109916	4.417721	3.694781	2.431364	4.102674	3.412629	2.741939	5.084151	4.844856	3.279439	4.598823	4.799127	4.066214	2.744293	3.554852	4.044736	3.767007	4.249834	1.204120	3.236285	2.418301	3.716921	3.765072	2.187521	3.325721	2.164353	2.790285	1.939519
c.1.2	3.517064	2.924279	4.159206	3.450403	2.230449	3.854731	3.173478	2.559907	4.765117	4.559464	3.011147	4.284994	4.518066	3.789792	2.397940	3.324488	3.760799	3.470851	3.954194	1.204120	3.022841	2.155336	3.453624	3.463296	1.973128	3.075547	1.845098	2.553883	1.812913
c.1.2	3.597476	2.995196	4.244549	3.522444	2.287802	3.930643	3.250420	2.633468	4.867379	4.639467	3.045714	4.368640	4.597004	3.850769	2.525045	3.383097	3.828467	3.535294	4.034067	0.954243	3.039414	2.230449	3.539829	3.542203	1.986772	3.158362	2.004321	2.639486	1.892095
c.1.2	3.634779	3.042182	4.305244	3.559667	2.409933	4.000260	3.343999	2.689309	4.949936	4.694456	3.080266	4.457064	4.685509	3.904932	2.572872	3.517064	3.931204	3.645226	4.154637	1.322219	3.179552	2.372912	3.612890	3.688953	2.198657	3.269980	2.222716	2.716003	1.954243
c.1.2	3.628797	3.057286	4.282169	3.529174	2.274158	3.971415	3.309630	2.737987	4.903833	4.661595	3.035430	4.395449	4.656893	3.867526	2.511883	3.370328	3.848251	3.564311	4.094541	1.041393	3.070038	2.227887	3.621280	3.591287	1.995635	3.238046	1.857332	2.781037	2.029384
c.1.2	3.650793	3.037426	4.328665	3.605197	2.396199	4.009026	3.343212	2.657056	4.985853	4.750470	3.164650	4.490997	4.698370	3.958612	2.664642	3.528788	3.957176	3.655619	4.167701	1.146128	3.178113	2.421604	3.587823	3.688153	2.113943	3.250908	2.240549	2.691965	1.880814
c.1.2	3.636889	3.028978	4.304275	3.579326	2.397940	3.976808	3.299943	2.663701	4.950185	4.718510	3.136086	4.439964	4.663889	3.913284	2.602060	3.518777	3.888292	3.594724	4.107176	1.255273	3.167022	2.354108	3.576572	3.602169	2.143015	3.210586	2.060698	2.678518	1.908485
c.1.2	3.676236	3.085291	4.341593	3.607884	2.380211	4.047470	3.379124	2.747412	4.983405	4.736763	3.139564	4.513564	4.724104	3.969695	2.648360	3.477989	3.982045	3.705179	4.197336	1.278754	3.169086	2.392697	3.688598	3.717837	2.193125	3.323871	2.082785	2.795880	2.000000
c.1.2	3.585235	2.996949	4.242815	3.494015	2.298853	3.929266	3.274850	2.636488	4.876420	4.625858	2.998695	4.370994	4.603956	3.813047	2.521138	3.420451	3.832381	3.553519	4.066475	1.204120	3.076640	2.296665	3.526469	3.586362	1.949390	3.167613	2.113943	2.658011	1.913814
c.1.2	3.840420	3.239800	4.542290	3.801678	2.595496	4.226213	3.552790	2.905796	5.223849	4.975845	3.355834	4.733518	4.945400	4.179351	2.827369	3.732313	4.182557	3.895036	4.404372	1.568202	3.385964	2.582063	3.865045	3.914237	2.424882	3.502154	2.346353	2.963316	2.158362
c.1.2	3.839981	3.233504	4.539891	3.803594	2.588832	4.221649	3.541579	2.899821	5.218499	4.973705	3.369401	4.724366	4.938470	4.181729	2.842609	3.711554	4.170203	3.886039	4.391500	1.380211	3.387568	2.553883	3.870287	3.895146	2.411620	3.485863	2.324282	2.960946	2.152288
c.1.2	3.646698	3.028164	4.325598	3.596267	2.394452	4.006466	3.319314	2.648360	4.983017	4.742081	3.116940	4.491278	4.696863	3.944532	2.620136	3.506099	3.932930	3.658679	4.146593	1.301030	3.165244	2.346353	3.597366	3.655331	2.217484	3.226600	2.082785	2.668386	1.851258
c.1.2	3.849604	3.250176	4.551279	3.804616	2.605305	4.237217	3.566202	2.916454	5.232460	4.978176	3.335658	4.742301	4.955755	4.179408	2.846337	3.724849	4.191982	3.913920	4.417090	1.431364	3.408410	2.598791	3.878349	3.931051	2.444045	3.518514	2.409933	2.969882	2.176091
c.1.8	3.789016	3.161368	4.472054	3.755494	2.563481	4.136467	3.454692	2.782473	5.133657	4.906243	3.338855	4.622918	4.833421	4.100405	2.808211	3.681693	4.072728	3.761627	4.286344	1.556303	3.299507	2.523746	3.733598	3.788734	2.330414	3.370143	2.245513	2.810904	2.000000
c.1.8	4.044971	3.379124	4.756765	4.055646	2.850033	4.406182	3.687796	2.985875	5.448827	5.233433	3.700617	4.943485	5.127985	4.423557	3.071514	3.994361	4.368622	4.062995	4.566119	1.806180	3.620760	2.787460	4.002943	4.041037	2.678518	3.603469	2.521138	3.025715	2.178977
c.1.8	4.018118	3.364176	4.724849	4.018451	2.800717	4.382863	3.680336	2.945961	5.415939	5.189880	3.664736	4.911866	5.096263	4.386374	3.048830	3.941412	4.348500	4.048908	4.546999	1.662758	3.569023	2.797960	3.950851	4.048092	2.599883	3.572291	2.598791	2.965202	2.086360
c.1.8	3.844415	3.220370	4.552206	3.837841	2.595496	4.227707	3.549249	2.859739	5.237810	5.016967	3.495960	4.741183	4.945212	4.220762	2.877947	3.747489	4.199783	3.897792	4.405875	1.361728	3.384174	2.673021	3.841422	3.918973	2.390935	3.484157	2.418301	2.915927	2.056905
c.1.8	3.784261	3.143951	4.468938	3.742568	2.561101	4.127202	3.433930	2.750508	5.132884	4.893418	3.314920	4.621924	4.825017	4.080302	2.814913	3.663324	4.051037	3.755646	4.279325	1.477121	3.318063	2.465383	3.711385	3.775028	2.301030	3.329398	2.235528	2.781037	1.968483
c.1.8	3.484585	2.871573	4.109511	3.396025	2.298853	3.813047	3.154120	2.426511	4.703094	4.470293	2.905256	4.247875	4.435095	3.716921	2.492760	3.331630	3.732796	3.442950	3.934751	1.113943	3.035029	2.227887	3.338257	3.473049	2.086360	3.006038	2.110590	2.439333	1.491362
c.1.8	3.849542	3.198107	4.570730	3.863501	2.676694	4.222274	3.520353	2.806858	5.271372	5.054916	3.519566	4.758556	4.954836	4.239024	2.922725	3.845098	4.199645	3.889190	4.400538	1.698970	3.477411	2.657056	3.809896	3.889526	2.463893	3.415641	2.431364	2.845098	1.986772
c.1.8	4.031974	3.383995	4.738265	4.025060	2.833147	4.394907	3.693727	3.004321	5.428745	5.198261	3.658107	4.915331	5.112005	4.386142	3.053078	3.976029	4.345178	4.044736	4.557627	1.770852	3.606919	2.790285	4.002857	4.045440	2.667453	3.615213	2.555094	3.043755	2.222716
c.1.8	3.846585	3.209515	4.539252	3.828338	2.658965	4.199810	3.498724	2.840733	5.213648	4.989325	3.463744	4.697247	4.905089	4.183526	2.882525	3.784974	4.134623	3.838282	4.346314	1.612784	3.430075	2.542825	3.813181	3.823865	2.478566	3.417970	2.283301	2.858537	2.079181
c.1.8	3.947041	3.291147	4.652643	3.956505	2.747412	4.302612	3.587935	2.887054	5.338207	5.127532	3.638789	4.828247	5.018738	4.327318	2.993877	3.894759	4.256910	3.950073	4.450449	1.568202	3.518119	2.655138	3.879784	3.934094	2.558709	3.477700	2.413300	2.897627	2.060698
c.1.8	3.740047	3.109579	4.414254	3.706803	2.488551	4.080735	3.388456	2.709270	5.069579	4.850346	3.339849	4.557555	4.767379	4.057248	2.718502	3.610873	3.999000	3.710371	4.214791	1.414973	3.236285	2.390935	3.658679	3.707485	2.278754	3.280806	2.176091	2.721811	1.897627
c.1.8	3.953953	3.304706	4.662210	3.949341	2.745855	4.320084	3.604226	2.910624	5.353041	5.124602	3.578525	4.851491	5.036441	4.322116	3.009451	3.880756	4.270958	3.980821	4.470925	1.672098	3.533772	2.664642	3.911530	3.954387	2.568202	3.507586	2.421604	2.924796	2.082785
c.1.8	3.933082	3.282849	4.631931	3.920280	2.689309	4.283866	3.574726	2.879669	5.310899	5.084698	3.550351	4.796824	4.990902	4.273163	2.998259	3.828724	4.220631	3.924486	4.432151	1.491362	3.459995	2.635484	3.862251	3.912700	2.450249	3.463744	2.411620	2.892651	2.053078
c.1.8	3.968296	3.313023	4.682344	3.969835	2.816241	4.341316	3.644143	2.911690	5.381743	5.144471	3.589391	4.876518	5.060781	4.332600	3.009876	3.958421	4.319751	4.009408	4.513218	1.785330	3.598681	2.781755	3.922985	4.010809	2.632457	3.547898	2.609594	2.959518	2.056905
c.1.8	4.019781	3.384712	4.736412	3.998347	2.775974	4.405875	3.717754	3.016197	5.436760	5.189013	3.579212	4.940198	5.131327	4.367468	3.064458	3.906766	4.369902	4.088242	4.589492	1.591065	3.576917	2.793790	4.023787	4.095623	2.589950	3.655427	2.583199	3.087781	2.212188
c.1.8	4.075036	3.432328	4.796637	4.086039	2.832509	4.466022	3.763353	3.062206	5.500717	5.275537	3.726809	5.009978	5.193058	4.479359	3.100715	3.991580	4.447282	4.158935	4.645982	1.568202	3.639188	2.846955	4.083323	4.142233	2.655138	3.707740	2.624282	3.113943	2.247973
c.1.8	3.863204	3.235023	4.543186	3.833848	2.604226	4.200495	3.514016	2.846337	5.205789	4.990419	3.470263	4.684423	4.899897	4.180470	2.806180	3.726727	4.125546	3.820661	4.341157	1.278754	3.356790	2.607455	3.780677	3.816440	2.338456	3.410271	2.396199	2.860937	2.049218
c.1.8	3.899109	3.239800	4.610064	3.905472	2.686636	4.257054	3.548021	2.826723	5.304370	5.089683	3.578868	4.788416	4.976520	4.270213	2.955207	3.834230	4.215135	3.913761	4.423213	1.447158	3.462997	2.654177	3.822168	3.895367	2.513218	3.439806	2.392697	2.846955	1.982271
c.1.8	3.901840	3.267172	4.596278	3.879096	2.650308	4.263068	3.562650	2.890980	5.272858	5.042004	3.501744	4.765929	4.966644	4.242566	2.904174	3.783117	4.201015	3.913125	4.417006	1.505150	3.434729	2.591065	3.872855	3.902275	2.404834	3.470410	2.440909	2.914872	2.133539
c.1.8	3.784689	3.151676	4.470631	3.753123	2.537819	4.139155	3.453165	2.757396	5.137699	4.912392	3.337659	4.640918	4.837828	4.106191	2.811575	3.656386	4.085255	3.781037	4.298853	1.230449	3.317646	2.514548	3.732152	3.798374	2.359835	3.365862	2.230449	2.806180	1.924279
c.1.8	3.714833	3.088136	4.390211	3.668479	2.459392	4.054383	3.387212	2.683047	5.042308	4.813988	3.255514	4.535649	4.743047	3.998869	2.699838	3.562412	3.986951	3.679246	4.213597	1.230449	3.199755	2.459392	3.609808	3.722305	2.209515	3.281715	2.220108	2.716003	1.851258
c.1.8	3.800305	3.173478	4.494294	3.777789	2.567026	4.162953	3.483587	2.802774	5.169322	4.939674	3.398808	4.659669	4.869132	4.131041	2.818226	3.688242	4.114044	3.812913	4.325187	1.414973	3.337459	2.565848	3.759366	3.825231	2.357935	3.397766	2.401401	2.846955	2.017033
c.1.8	3.886829	3.271609	4.555759	3.814647	2.620136	4.224041	3.543323	2.896526	5.207586	4.954898	3.364363	4.687359	4.910187	4.139029	2.835691	3.701222	4.117669	3.846461	4.356007	1.361728	3.378943	2.542825	3.819083	3.840106	2.394452	3.446848	2.332438	2.921166	2.113943
c.1.8	3.797060	3.170262	4.495739	3.775100	2.570543	4.177219	3.487986	2.795880	5.172217	4.943113	3.368845	4.689815	4.885395	4.153144	2.814248	3.695832	4.130945	3.850095	4.335398	1.447158	3.375115	2.535294	3.787319	3.848374	2.396199	3.423410	2.359835	2.836324	1.968483
c.1.8	4.035230	3.418467	4.735703	3.997168	2.750508	4.410946	3.736157	3.065953	5.414577	5.170174	3.570660	4.918418	5.126304	4.356485	3.043755	3.880814	4.362652	4.075583	4.588876	1.698970	3.529559	2.798651	4.035910	4.098332	2.518514	3.677059	2.565848	3.134814	2.292256
c.1.8	3.983220	3.345962	4.669270	3.938219	2.729974	4.323726	3.621384	2.969416	5.336175	5.100880	3.505964	4.822044	5.027843	4.276186	2.966611	3.841485	4.238096	3.947287	4.468864	1.643453	3.475526	2.622214	3.932423	3.940516	2.506505	3.536432	2.365488	3.006466	2.198657
c.1.8	3.837652	3.229426	4.533899	3.802363	2.639486	4.214897	3.538574	2.885926	5.207984	4.971508	3.377124	4.710007	4.922419	4.167317	2.863323	3.768934	4.158091	3.880871	4.377434	1.681241	3.430236	2.558709	3.843918	3.893151	2.478566	3.478422	2.338456	2.939519	2.110590
c.1.8	3.832317	3.219846	4.527114	3.802226	2.545307	4.211761	3.534661	2.863323	5.200262	4.966972	3.408410	4.712195	4.917763	4.176583	2.798651	3.680517	4.163877	3.882980	4.381873	1.380211	3.330414	2.585461	3.827563	3.892651	2.332438	3.475816	2.328380	2.908485	2.093422
c.1.8	3.853820	3.216694	4.553361	3.828080	2.641474	4.213677	3.520221	2.831230	5.235738	5.000421	3.421439	4.724571	4.925925	4.180556	2.835056	3.775610	4.157517	3.863977	4.373280	1.447158	3.418467	2.578639	3.805433	3.865933	2.481443	3.422261	2.385606	2.866878	2.045323
c.1.8	3.891147	3.244772	4.597925	3.883491	2.644439	4.255731	3.565376	2.846337	5.289038	5.061287	3.509471	4.775872	4.972767	4.245809	2.930949	3.783689	4.223989	3.907626	4.435064	1.505150	3.422426	2.679428	3.844104	3.925673	2.392697	3.471878	2.465383	2.893762	1.986772
c.1.8	4.079760	3.454082	4.783546	4.054575	2.805501	4.444841	3.753660	3.097951	5.469222	5.232015	3.671451	4.954421	5.167619	4.414823	3.078457	3.945025	4.385767	4.086858	4.607144	1.518514	3.594834	2.785330	4.061264	4.097153	2.595496	3.679610	2.518514	3.136721	2.346353
c.1.8	3.862608	3.214314	4.549052	3.873379	2.598791	4.217247	3.503518	2.826075	5.211764	5.019108	3.582518	4.717829	4.909149	4.262024	2.888741	3.735599	4.168969	3.870170	4.352337	1.447158	3.372175	2.562293	3.814714	3.840984	2.357935	3.409257	2.260071	2.845098	2.033424
c.1.8	3.900968	3.255996	4.608740	3.907734	2.678518	4.276944	3.576226	2.866878	5.297178	5.081333	3.569842	4.808056	4.992253	4.291080	2.952308	3.821382	4.252538	3.957416	4.441459	1.602060	3.456518	2.639486	3.873262	3.945272	2.489958	3.499137	2.426511	2.912753	2.017033
c.1.8	3.748498	3.140822	4.410102	3.677972	2.432969	4.089163	3.409426	2.774517	5.052401	4.814181	3.218798	4.551670	4.769739	4.023952	2.695482	3.509068	3.990072	3.712144	4.220187	1.255273	3.180126	2.418301	3.708421	3.713994	2.198657	3.332236	2.113943	2.791691	1.991226
c.1.8	4.078964	3.437751	4.769872	4.056104	2.846955	4.428281	3.725585	3.048053	5.441299	5.211809	3.696618	4.927386	5.132621	4.405807	3.071145	3.972064	4.356599	4.068816	4.569959	1.748188	3.603686	2.800717	4.020900	4.049915	2.630428	3.628900	2.562293	3.047664	2.260071
c.1.8	3.999870	3.355452	4.710532	3.989895	2.773786	4.367878	3.664736	2.986324	5.403935	5.170315	3.625107	4.892718	5.087128	4.351661	3.051153	3.918764	4.318627	4.029708	4.538448	1.662758	3.561101	2.737987	3.981637	4.018451	2.574031	3.596597	2.491362	3.028164	2.225309
c.1.8	3.710625	3.111263	4.369624	3.635182	2.408240	4.048286	3.385606	2.744293	5.007961	4.768919	3.199755	4.492537	4.728824	3.953905	2.611723	3.523356	3.947238	3.661434	4.191898	1.176091	3.166134	2.432969	3.647774	3.694430	2.136721	3.301464	2.173186	2.768638	1.968483
c.1.8	3.856850	3.221414	4.573915	3.861952	2.595496	4.249639	3.552790	2.845098	5.273561	5.046636	3.497068	4.789129	4.973954	4.254669	2.906874	3.746401	4.233909	3.944285	4.428329	1.301030	3.418964	2.637490	3.857272	3.933335	2.389166	3.472756	2.428135	2.902003	2.008600
c.1.8	3.981728	3.338456	4.698475	3.982362	2.757396	4.360707	3.658679	2.955207	5.398839	5.170669	3.630224	4.898807	5.086922	4.365357	3.014940	3.907465	4.327298	4.038978	4.536584	1.591065	3.557988	2.756636	3.954966	4.028287	2.599883	3.588832	2.503791	2.990783	2.123852
c.1.8	4.116242	3.478566	4.835982	4.116408	2.878522	4.501333	3.803594	3.110590	5.537518	5.307575	3.769894	5.034087	5.230727	4.505150	3.161667	4.034909	4.468938	4.183839	4.683695	1.698970	3.691435	2.897077	4.112906	4.168527	2.695482	3.738781	2.660865	3.162863	2.313867
c.1.8	3.960994	3.316390	4.670357	3.958612	2.739572	4.331123	3.625518	2.938019	5.363345	5.134209	3.602169	4.858465	5.049710	4.328543	2.998259	3.878234	4.286232	3.993657	4.490520	1.591065	3.519040	2.694605	3.933639	3.986817	2.531479	3.545183	2.477121	2.978181	2.127105
c.1.8	3.890086	3.248464	4.601256	3.869232	2.696356	4.265384	3.576457	2.859138	5.295517	5.047022	3.453624	4.789933	4.985000	4.232004	2.927883	3.828660	4.223807	3.934852	4.443153	1.633468	3.488692	2.641474	3.851870	3.946403	2.571709	3.494015	2.448706	2.902547	2.045323
c.1.8	3.875466	3.246745	4.578433	3.841547	2.649335	4.252707	3.565730	2.868644	5.265695	5.015083	3.411620	4.768038	4.965136	4.208253	2.876218	3.776193	4.200686	3.927832	4.422130	1.397940	3.434249	2.612784	3.852175	3.931407	2.505150	3.483445	2.423246	2.911690	2.075547
c.1.8	3.632052	3.029789	4.290146	3.557146	2.350248	3.973636	3.314710	2.644439	4.923498	4.691532	3.102777	4.421489	4.650754	3.889134	2.613842	3.459694	3.894538	3.597914	4.120673	0.778151	3.118595	2.369216	3.562293	3.641375	2.107210	3.207365	2.133539	2.679428	1.875061
c.1.8	3.654177	3.048053	4.319564	3.586250	2.389166	4.003116	3.326745	2.673021	4.962061	4.724038	3.119256	4.464042	4.685572	3.930032	2.620136	3.491362	3.920645	3.630835	4.147120	1.230449	3.156852	2.322219	3.602711	3.654946	2.167317	3.237795	2.082785	2.694605	1.897627
c.1.8	3.859679	3.218010	4.565576	3.855640	2.644439	4.230398	3.519171	2.835056	5.251524	5.031606	3.489677	4.755608	4.947782	4.230091	2.934498	3.784617	4.184918	3.898122	4.384120	1.602060	3.438067	2.571709	3.826399	3.870053	2.491362	3.433450	2.322219	2.851258	2.037426
c.1.8	3.888460	3.250664	4.592421	3.867467	2.666518	4.258901	3.576226	2.860338	5.276933	5.039933	3.455454	4.775305	4.970993	4.223132	2.933487	3.797406	4.220762	3.923607	4.435207	1.477121	3.438542	2.677607	3.850952	3.940566	2.474216	3.490941	2.489958	2.913284	2.029384
c.1.8	3.923969	3.279211	4.619834	3.912700	2.729974	4.274250	3.580811	2.883661	5.297535	5.076808	3.569608	4.779315	4.981121	4.257415	2.944483	3.858297	4.222300	3.906335	4.422655	1.653213	3.488269	2.674861	3.857091	3.918135	2.518514	3.483016	2.485721	2.904174	2.060698
c.1.8	3.964590	3.311118	4.677598	3.986413	2.760422	4.339968	3.628287	2.910091	5.372208	5.158474	3.669689	4.875073	5.057548	4.385106	3.035830	3.907143	4.314983	4.019282	4.502250	1.623249	3.550840	2.750508	3.927062	3.996205	2.612784	3.536306	2.501059	2.935003	2.049218
c.1.8	3.857031	3.224274	4.568483	3.858357	2.671173	4.241920	3.558108	2.862728	5.258218	5.037072	3.515874	4.761349	4.961089	4.240449	2.889302	3.824191	4.217984	3.914766	4.420005	1.556303	3.460898	2.680336	3.861534	3.929776	2.496930	3.498724	2.437751	2.921686	2.064458
c.1.8	3.753660	3.134496	4.425387	3.696094	2.513218	4.105033	3.429752	2.737987	5.082703	4.839271	3.247237	4.589704	4.791901	4.042890	2.728354	3.594834	4.036749	3.752816	4.257006	1.255273	3.283075	2.521138	3.695482	3.770705	2.320146	3.334655	2.303196	2.769377	1.919078
c.1.8	4.132580	3.510143	4.825433	4.091280	2.850033	4.487053	3.793231	3.169380	5.501330	5.258565	3.665206	4.980135	5.199105	4.438178	3.104487	3.980685	4.401814	4.118562	4.634608	1.690196	3.626135	2.775974	4.129787	4.110623	2.568202	3.732152	2.514548	3.211654	2.434569
c.1.8	3.929981	3.303844	4.638220	3.921062	2.668386	4.310927	3.615634	2.936514	5.327798	5.103889	3.558709	4.836723	5.029359	4.308863	2.972203	3.808549	4.274135	3.993260	4.481486	1.518514	3.476542	2.693727	3.919862	3.973405	2.434569	3.545183	2.498311	2.966142	2.136721
c.1.8	3.936865	3.287354	4.648155	3.948022	2.705864	4.314647	3.610128	2.884229	5.339837	5.122530	3.612466	4.850805	5.027945	4.335297	2.991669	3.854306	4.290302	3.997255	4.482774	1.531479	3.492341	2.724276	3.896857	3.986055	2.532754	3.515741	2.474216	2.917506	2.021189
c.1.8	3.893373	3.254790	4.596817	3.873379	2.647383	4.259928	3.553519	2.873902	5.281227	5.043849	3.488692	4.778585	4.973903	4.234315	2.920123	3.780101	4.204418	3.916507	4.415057	1.531479	3.439648	2.578639	3.857995	3.903144	2.418301	3.465234	2.382017	2.894870	2.068186
c.1.8	3.876507	3.232996	4.572407	3.865637	2.646404	4.234264	3.534787	2.834421	5.251159	5.029899	3.512151	4.749829	4.940755	4.226961	2.895423	3.771220	4.184918	3.889526	4.386659	1.518514	3.403978	2.576341	3.816771	3.878579	2.460898	3.440752	2.382017	2.857332	2.008600
c.1.8	3.654946	3.019947	4.335257	3.659631	2.432969	4.027186	3.327563	2.635484	4.995622	4.797385	3.311118	4.532372	4.707016	4.047586	2.671173	3.552668	4.003331	3.713575	4.169175	1.278754	3.221675	2.409933	3.631849	3.683407	2.247973	3.236285	2.201397	2.685742	1.826075
c.1.8	3.994713	3.345178	4.705710	3.997779	2.802774	4.367020	3.668106	2.947924	5.399765	5.175091	3.631849	4.901011	5.082236	4.369179	3.039811	3.938870	4.338974	4.034789	4.535395	1.740363	3.577607	2.790285	3.954966	4.035590	2.630428	3.582745	2.598791	2.978181	2.100371
c.1.8	3.658965	3.062206	4.311796	3.564903	2.324282	4.001604	3.338855	2.682145	4.940218	4.690444	3.052694	4.450234	4.672670	3.888685	2.588832	3.379306	3.905958	3.630530	4.139942	1.146128	3.092018	2.372912	3.593840	3.659060	2.053078	3.249443	2.082785	2.698101	1.880814
c.1.8	3.775392	3.147058	4.464281	3.733438	2.509203	4.134368	3.455758	2.738781	5.138590	4.894144	3.322839	4.638749	4.831146	4.088986	2.862728	3.621280	4.083395	3.791129	4.295611	1.204120	3.292920	2.519828	3.704065	3.810770	2.243038	3.352375	2.315970	2.774517	1.857332
c.1.8	3.768490	3.147676	4.440311	3.729003	2.511883	4.111229	3.432167	2.755875	5.095936	4.870462	3.349278	4.585077	4.798513	4.079109	2.729165	3.630835	4.033585	3.741388	4.266091	1.380211	3.260310	2.525045	3.695744	3.750354	2.338456	3.343802	2.250420	2.783904	1.934498
c.1.8	3.805773	3.184123	4.501867	3.786467	2.556303	4.182415	3.489114	2.826075	5.172381	4.949751	3.428783	4.688215	4.889951	4.158181	2.824776	3.691524	4.135991	3.851992	4.337838	1.380211	3.347330	2.571709	3.796644	3.844042	2.387390	3.424065	2.281033	2.855519	2.068186
c.1.8	3.911317	3.289589	4.605908	3.877199	2.656098	4.275311	3.589950	2.925828	5.279496	5.046920	3.472610	4.778426	4.983076	4.244871	2.894870	3.785686	4.215875	3.933133	4.438795	1.431364	3.440752	2.620136	3.887449	3.938219	2.466868	3.510143	2.385606	2.973128	2.167317
c.1.8	4.108125	3.474653	4.827130	4.102125	2.868644	4.496016	3.806587	3.114944	5.526948	5.292201	3.740205	5.025494	5.224111	4.486048	3.155032	4.018451	4.466467	4.180241	4.681630	1.748188	3.675045	2.906335	4.119256	4.178862	2.680336	3.750508	2.687529	3.178401	2.307496
c.1.8	3.659916	3.060320	4.319106	3.594171	2.399674	4.011105	3.339650	2.690196	4.957464	4.724210	3.136403	4.475061	4.686431	3.946992	2.597695	3.495683	3.939369	3.651472	4.153083	1.230449	3.162266	2.313867	3.614370	3.658870	2.206826	3.257918	2.127105	2.724276	1.903090
c.1.8	3.924072	3.289366	4.625065	3.902547	2.720986	4.286479	3.594393	2.912222	5.306888	5.076480	3.520745	4.800071	5.001556	4.263470	2.937518	3.857393	4.234821	3.936765	4.447468	1.623249	3.500785	2.655138	3.884569	3.936162	2.530200	3.515874	2.428135	2.950851	2.103804
c.1.8	4.031691	3.389698	4.740244	4.015318	2.816904	4.396757	3.700444	3.000434	5.435381	5.192456	3.624488	4.919198	5.115058	4.373317	3.078457	3.949634	4.348344	4.051847	4.562031	1.643453	3.596707	2.781037	3.976075	4.054038	2.646404	3.610128	2.574031	3.024896	2.184691
c.1.8	3.885531	3.250176	4.577480	3.854549	2.649335	4.240000	3.544812	2.857332	5.253304	5.017296	3.421439	4.742513	4.944764	4.201861	2.850033	3.762303	4.172311	3.882923	4.389290	1.531479	3.410102	2.620136	3.823605	3.887730	2.445604	3.441381	2.428135	2.868056	2.060698
c.1.8	3.913284	3.269279	4.617242	3.899218	2.745075	4.282917	3.593618	2.872156	5.307383	5.067513	3.508395	4.805120	4.993374	4.264440	2.942504	3.873321	4.246843	3.945665	4.454586	1.681241	3.516006	2.727541	3.871047	3.951580	2.580925	3.496653	2.545307	2.918555	2.029384
c.1.8	3.855701	3.232996	4.556218	3.831358	2.602060	4.228683	3.547529	2.870404	5.236268	5.003465	3.431042	4.732980	4.940930	4.197887	2.860338	3.751048	4.179868	3.888685	4.401142	1.397940	3.397592	2.623249	3.844229	3.902764	2.369216	3.478999	2.416641	2.926342	2.082785
c.1.8	3.753966	3.105510	4.439648	3.746790	2.575188	4.082462	3.381296	2.710117	5.099218	4.907959	3.438226	4.572651	4.786233	4.096423	2.703291	3.710033	4.006038	3.685831	4.218325	1.662758	3.317227	2.418301	3.654562	3.690993	2.380211	3.273696	2.170262	2.729974	1.944483
c.1.8	3.758609	3.118595	4.444685	3.739493	2.555094	4.100371	3.408579	2.729974	5.108480	4.891024	3.382917	4.588854	4.795386	4.086004	2.826723	3.688953	4.029424	3.723374	4.244722	1.462398	3.308351	2.485721	3.675045	3.731669	2.361728	3.322633	2.190332	2.740363	1.944483
c.1.8	3.860458	3.245266	4.554574	3.816241	2.552668	4.230219	3.545802	2.889302	5.224996	4.985386	3.372544	4.727248	4.940118	4.171200	2.870989	3.678336	4.167435	3.886660	4.393961	1.342423	3.351796	2.565848	3.853455	3.890253	2.315970	3.472610	2.292256	2.938019	2.110590
c.1.8	3.820858	3.193125	4.522483	3.809896	2.589950	4.189490	3.501607	2.827369	5.201897	4.982850	3.444357	4.695394	4.904959	4.179437	2.810904	3.736476	4.143296	3.841985	4.355968	1.414973	3.373096	2.583199	3.794697	3.851809	2.383815	3.426349	2.361728	2.860937	2.060698
c.1.8	3.933993	3.292034	4.633792	3.911584	2.718502	4.296468	3.604874	2.899821	5.318255	5.078732	3.511616	4.811401	5.006770	4.264275	2.945469	3.841860	4.249296	3.943495	4.457443	1.579784	3.492201	2.703291	3.886209	3.955399	2.495544	3.513351	2.505150	2.936011	2.056905
c.1.8	3.932017	3.287354	4.642138	3.918555	2.732394	4.306597	3.605089	2.903633	5.337900	5.098374	3.517855	4.834395	5.024432	4.284295	2.951823	3.873379	4.266349	3.975891	4.472318	1.544068	3.522183	2.709270	3.914925	3.968016	2.568202	3.522705	2.492760	2.933487	2.103804
c.1.8	3.942702	3.294025	4.644222	3.936514	2.721811	4.298591	3.586700	2.895423	5.327060	5.106687	3.582972	4.819063	5.008328	4.300856	2.993877	3.855156	4.240574	3.949244	4.444404	1.612784	3.484727	2.636488	3.879325	3.926497	2.551450	3.482731	2.392697	2.903090	2.082785
c.1.8	3.998085	3.357935	4.699794	3.971925	2.785330	4.358867	3.662286	2.987219	5.385245	5.139822	3.563244	4.869584	5.074231	4.321288	2.989450	3.914925	4.298154	4.004407	4.517763	1.724276	3.552425	2.720986	3.973451	4.001517	2.594393	3.581267	2.502427	3.028571	2.220108
c.1.8	3.979230	3.341830	4.673675	3.946452	2.761176	4.337459	3.653309	2.945961	5.352736	5.110270	3.548267	4.844260	5.039303	4.292212	2.976350	3.868879	4.281306	3.984932	4.498820	1.531479	3.535674	2.746634	3.916980	4.000000	2.572872	3.568319	2.556303	2.962369	2.120574
c.1.8	3.960138	3.316599	4.667117	3.955255	2.745075	4.323314	3.626648	2.931458	5.354967	5.126323	3.614264	4.839767	5.039446	4.325228	3.014940	3.887223	4.272561	3.975386	4.492439	1.612784	3.520090	2.716003	3.914925	3.973913	2.540329	3.543323	2.469822	2.960471	2.107210
c.1.8	3.874656	3.222456	4.584252	3.882866	2.654177	4.241347	3.532372	2.821514	5.273740	5.061343	3.534914	4.776897	4.961943	4.258398	2.902003	3.797890	4.210613	3.910464	4.403000	1.518514	3.437592	2.607455	3.817102	3.897242	2.447158	3.436640	2.380211	2.846337	2.008600
c.1.8	4.027676	3.378034	4.752486	4.022511	2.843233	4.404988	3.704837	2.999565	5.461715	5.221007	3.623353	4.949146	5.140671	4.390281	3.110253	3.991580	4.365544	4.069224	4.586328	1.602060	3.644242	2.798651	4.012922	4.078638	2.676694	3.626751	2.594393	3.051538	2.201397
c.1.8	4.028205	3.383277	4.738804	4.020775	2.799341	4.398877	3.688509	3.006466	5.436204	5.198341	3.658965	4.929230	5.121143	4.396914	3.013680	3.940317	4.349452	4.062394	4.559044	1.707570	3.589391	2.736397	4.015402	4.038541	2.568202	3.613736	2.536558	3.040207	2.204120
c.1.8	3.909396	3.269980	4.609413	3.896416	2.698970	4.271121	3.580583	2.884229	5.293290	5.059302	3.551206	4.780231	4.981927	4.255948	2.924279	3.838408	4.220370	3.923710	4.433081	1.544068	3.463146	2.681241	3.855459	3.926085	2.502427	3.494015	2.448706	2.918030	2.096910
c.1.8	3.755189	3.143015	4.431766	3.703721	2.501059	4.104828	3.416141	2.782473	5.087828	4.853966	3.279439	4.582075	4.798713	4.047703	2.715167	3.632052	4.018034	3.734800	4.237091	1.447158	3.260071	2.403121	3.716421	3.732715	2.307496	3.338058	2.152288	2.783189	2.037426
c.1.8	3.962227	3.322839	4.656395	3.936665	2.769377	4.307539	3.610873	2.947434	5.330718	5.100281	3.543447	4.811300	5.017317	4.275657	2.960471	3.896471	4.234644	3.934700	4.448799	1.724276	3.530712	2.675778	3.902003	3.931051	2.549003	3.517328	2.453318	2.975432	2.173186
c.1.8	3.913178	3.286905	4.613493	3.889414	2.691081	4.288428	3.608847	2.914872	5.290731	5.056455	3.450095	4.795275	5.000699	4.255899	2.923762	3.819149	4.249736	3.950121	4.462922	1.544068	3.476832	2.731589	3.898944	3.969602	2.506505	3.533645	2.477121	2.967080	2.110590
c.1.8	3.912913	3.275772	4.620896	3.905742	2.687529	4.282055	3.581836	2.905256	5.306629	5.083470	3.526727	4.803068	5.002611	4.275795	2.915927	3.833466	4.234694	3.944433	4.445121	1.602060	3.468052	2.646404	3.888516	3.938620	2.475671	3.501333	2.413300	2.938019	2.139879
c.1.8	3.638988	3.016197	4.318335	3.630021	2.383815	4.005952	3.317018	2.634477	4.974019	4.771543	3.333044	4.502345	4.693964	4.036030	2.633468	3.493179	3.956361	3.679337	4.150695	0.778151	3.173769	2.392697	3.601951	3.662852	2.136721	3.232488	2.187521	2.661813	1.826075
c.1.8	3.887561	3.246499	4.575477	3.869760	2.664642	4.232971	3.536558	2.853090	5.245979	5.029704	3.518777	4.736779	4.934428	4.221571	2.895975	3.780029	4.171463	3.865519	4.373978	1.591065	3.422261	2.584331	3.805501	3.862847	2.445604	3.441695	2.399674	2.860338	2.060698
c.1.8	3.811709	3.175802	4.504076	3.809560	2.591065	4.162176	3.460898	2.786751	5.174510	4.971665	3.499275	4.655695	4.870813	4.170144	2.843855	3.742018	4.103770	3.799892	4.305974	1.342423	3.362671	2.571709	3.740442	3.784475	2.369216	3.357744	2.338456	2.768638	2.025306
c.1.8	3.740205	3.110253	4.421143	3.702172	2.503791	4.089128	3.417804	2.702431	5.080720	4.852157	3.301030	4.574494	4.782114	4.048481	2.716838	3.614370	4.029668	3.725993	4.246474	1.079181	3.265996	2.489958	3.653888	3.752586	2.271842	3.304491	2.352183	2.742725	1.851258
c.1.8	3.844974	3.212454	4.555022	3.854913	2.652246	4.226806	3.534407	2.845718	5.243013	5.030927	3.535041	4.745504	4.947884	4.246080	2.832509	3.812579	4.201206	3.897902	4.395850	1.623249	3.445915	2.658011	3.836134	3.899547	2.478566	3.455910	2.404834	2.887617	2.064458
c.1.8	3.878292	3.232742	4.579578	3.875409	2.627366	4.245439	3.538071	2.833784	5.267873	5.044771	3.527372	4.771499	4.955235	4.253265	2.888179	3.763802	4.206934	3.919706	4.400866	1.579784	3.402433	2.612784	3.826723	3.894814	2.404834	3.451326	2.382017	2.850033	2.004321
c.1.8	3.850769	3.212188	4.550057	3.835627	2.634477	4.214817	3.524915	2.841359	5.227136	5.003719	3.451326	4.730378	4.926631	4.201834	2.891537	3.774225	4.167376	3.875177	4.380465	1.544068	3.415307	2.608526	3.821251	3.881898	2.454845	3.462248	2.365488	2.898725	2.075547
c.1.8	3.833848	3.201943	4.546518	3.830204	2.637490	4.222534	3.526469	2.839478	5.242350	5.011092	3.459543	4.755044	4.942935	4.216456	2.881955	3.777934	4.190079	3.913125	4.395291	1.579784	3.446226	2.568202	3.840984	3.901186	2.485721	3.462847	2.437751	2.886491	2.041393
c.1.8	4.007705	3.383815	4.701430	3.959232	2.755875	4.369791	3.677881	3.019532	5.373671	5.125741	3.512818	4.866524	5.078783	4.309779	3.026942	3.869114	4.296490	4.017701	4.528248	1.612784	3.544688	2.691965	3.985382	4.015024	2.561101	3.603902	2.450249	3.053078	2.250420
c.1.8	3.865045	3.215638	4.562388	3.857152	2.651278	4.220003	3.507451	2.813581	5.235536	5.021115	3.502700	4.733526	4.923239	4.224818	2.916454	3.795811	4.163132	3.876449	4.364720	1.397940	3.439017	2.591065	3.797406	3.847819	2.429752	3.400020	2.348305	2.816241	2.004321
c.1.8	3.766933	3.133539	4.459377	3.768120	2.551450	4.126910	3.426186	2.767898	5.130723	4.924326	3.462997	4.621830	4.830627	4.134846	2.831230	3.696793	4.077041	3.781899	4.267054	1.518514	3.303412	2.511883	3.737352	3.766562	2.361728	3.347915	2.217484	2.778151	2.021189
c.1.8	3.930643	3.292256	4.631606	3.909663	2.717671	4.292234	3.604550	2.900913	5.314678	5.081628	3.513883	4.805807	5.004231	4.257222	2.957128	3.845904	4.243732	3.941114	4.456852	1.505150	3.494015	2.710117	3.875582	3.952647	2.515874	3.507451	2.530200	2.931458	2.075547
c.1.8	3.989761	3.336059	4.705333	3.983040	2.804139	4.355337	3.656673	2.954725	5.403969	5.167515	3.603686	4.885276	5.081466	4.339690	3.044540	3.943890	4.312495	4.007662	4.531326	1.612784	3.590842	2.759668	3.955784	4.017451	2.624282	3.571709	2.546543	3.000000	2.195900
c.1.8	3.882525	3.243782	4.588709	3.869056	2.684845	4.247924	3.555457	2.861534	5.274495	5.048516	3.515344	4.762101	4.968483	4.232793	2.932981	3.819412	4.199014	3.900804	4.416591	1.612784	3.469969	2.648360	3.848066	3.908646	2.522444	3.464490	2.411620	2.895975	2.060698
c.1.8	4.012669	3.374198	4.708582	3.984842	2.801404	4.374217	3.673390	2.984977	5.392099	5.147315	3.568671	4.887403	5.079745	4.340959	2.999565	3.910838	4.313825	4.027594	4.520169	1.591065	3.578066	2.733197	3.963316	4.015611	2.644439	3.581722	2.528917	3.002598	2.161368
c.1.8	3.874772	3.248219	4.576514	3.860278	2.657056	4.245759	3.559907	2.884795	5.254749	5.032828	3.485437	4.750871	4.960033	4.228708	2.909021	3.807197	4.196729	3.906066	4.414204	1.690196	3.441381	2.643453	3.860578	3.915400	2.471292	3.491081	2.376577	2.932474	2.110590
c.1.8	3.928242	3.291813	4.631403	3.918921	2.686636	4.292256	3.596157	2.913284	5.319064	5.092468	3.581836	4.806289	5.006047	4.285917	2.961421	3.835247	4.234770	3.949926	4.453181	1.505150	3.470704	2.670246	3.885983	3.939020	2.472756	3.510277	2.434569	2.949878	2.103804
c.1.8	3.912966	3.282622	4.621810	3.918345	2.622214	4.302504	3.608205	2.919078	5.309200	5.099387	3.573568	4.831383	5.018322	4.314520	2.923762	3.778874	4.281011	3.989005	4.478465	1.380211	3.434249	2.722634	3.924176	3.986413	2.390935	3.545183	2.442480	2.976808	2.127105
c.1.8	3.993348	3.348889	4.718950	4.001301	2.733999	4.375664	3.683587	2.976350	5.429048	5.194428	3.671265	4.919747	5.112525	4.378870	3.038223	3.895699	4.355624	4.050496	4.565470	1.602060	3.518909	2.805501	3.975845	4.059942	2.517196	3.610234	2.544068	3.040602	2.170262
c.1.8	4.069520	3.422590	4.795811	4.075364	2.848805	4.461544	3.759668	3.049993	5.508938	5.265641	3.703291	5.011731	5.193895	4.459784	3.125156	4.006723	4.442715	4.151125	4.645560	1.806180	3.651472	2.842609	4.081347	4.146965	2.670246	3.696793	2.612784	3.112605	2.240549
c.1.8	4.046924	3.402777	4.760845	4.048869	2.850646	4.418036	3.718917	3.025306	5.458413	5.232338	3.696356	4.945818	5.142827	4.416973	3.052309	4.000260	4.378961	4.079435	4.588977	1.838849	3.634679	2.810904	4.021974	4.073462	2.669317	3.648555	2.591065	3.061829	2.225309
c.1.8	3.850217	3.227372	4.563540	3.844042	2.574031	4.247212	3.560863	2.873902	5.254207	5.026223	3.449633	4.776592	4.967286	4.237594	2.900367	3.717004	4.229810	3.946992	4.431122	1.113943	3.399154	2.676694	3.869642	3.944335	2.363612	3.514282	2.434569	2.921686	2.093422
c.1.8	3.843980	3.229170	4.543087	3.823213	2.551450	4.226858	3.553640	2.877371	5.222690	4.989606	3.413635	4.732844	4.936267	4.195401	2.816904	3.699317	4.192512	3.898890	4.405483	1.322219	3.344196	2.624282	3.845780	3.919130	2.305351	3.495267	2.397940	2.942504	2.096910
c.1.8	3.848928	3.230193	4.543658	3.817367	2.589950	4.218352	3.538951	2.877947	5.216630	4.979066	3.414973	4.709236	4.925972	4.177998	2.831870	3.715167	4.161158	3.867173	4.382791	1.462398	3.373096	2.571709	3.839667	3.892262	2.399674	3.470263	2.269513	2.937016	2.113943
c.1.8	3.940218	3.315551	4.632498	3.902003	2.683047	4.297257	3.620656	2.949390	5.302872	5.066207	3.471145	4.786354	5.006505	4.245389	2.930949	3.817301	4.233757	3.934599	4.466690	1.491362	3.461348	2.730782	3.905850	3.958181	2.439333	3.551572	2.429752	2.990783	2.184691
c.1.8	3.647481	3.044932	4.311923	3.581495	2.378398	3.994185	3.321598	2.680336	4.956087	4.723308	3.120903	4.450465	4.676282	3.922881	2.619093	3.489677	3.900859	3.620864	4.133347	1.204120	3.146128	2.303196	3.613313	3.647187	2.133539	3.243286	2.041393	2.714330	1.919078
c.1.8	3.960376	3.323458	4.659945	3.936162	2.766413	4.313762	3.626135	2.951338	5.343696	5.106147	3.553276	4.818872	5.026693	4.283731	2.953760	3.887280	4.249687	3.942058	4.478783	1.799341	3.531734	2.685742	3.918240	3.960471	2.595496	3.541330	2.454845	2.999565	2.176091
c.1.8	3.878004	3.242044	4.593618	3.869877	2.650308	4.263589	3.573800	2.868056	5.291795	5.054287	3.475526	4.793238	4.988126	4.245710	2.922725	3.812178	4.235099	3.948217	4.450526	1.633468	3.442950	2.673942	3.871573	3.955688	2.475671	3.496930	2.428135	2.930440	2.037426
c.1.8	3.883718	3.255514	4.588081	3.876507	2.669317	4.259355	3.572988	2.885361	5.271960	5.052521	3.514813	4.770786	4.974866	4.255321	2.898176	3.818688	4.217352	3.919078	4.428475	1.531479	3.472318	2.655138	3.870287	3.933690	2.472756	3.502700	2.478566	2.932474	2.086360
c.1.8	3.896471	3.253580	4.607648	3.890421	2.675778	4.270865	3.578181	2.869818	5.300208	5.073421	3.539578	4.798954	4.992589	4.260381	2.938019	3.821317	4.239450	3.939070	4.444825	1.568202	3.456973	2.668386	3.868762	3.947090	2.477121	3.502564	2.448706	2.911690	2.056905
c.1.8	3.681332	3.074451	4.347096	3.628185	2.450249	4.034548	3.366236	2.705008	4.990996	4.761123	3.208979	4.498448	4.714590	3.978728	2.658965	3.552790	3.969882	3.680063	4.183555	1.361728	3.207904	2.403121	3.642465	3.698188	2.267172	3.289143	2.220108	2.742725	1.924279
c.1.8	3.657247	3.064458	4.323252	3.583765	2.330414	4.021933	3.357363	2.699838	4.965437	4.724259	3.093422	4.489860	4.702267	3.934347	2.626340	3.431846	3.954194	3.671821	4.177161	1.041393	3.110590	2.409933	3.633064	3.703979	2.100371	3.282396	2.133539	2.738781	1.908485
c.1.8	4.043716	3.399674	4.766993	4.061226	2.822168	4.430784	3.733759	3.033826	5.474331	5.251086	3.743823	4.969323	5.161155	4.451786	3.083144	3.992333	4.411418	4.113208	4.619438	1.740363	3.620552	2.839478	4.048752	4.108937	2.622214	3.672744	2.633468	3.091315	2.247973
c.1.8	4.043441	3.403121	4.754868	4.027553	2.796574	4.418765	3.728029	3.027350	5.448233	5.210672	3.616895	4.947747	5.139363	4.394732	3.087781	3.928191	4.381278	4.091210	4.601951	1.662758	3.587149	2.833147	4.029789	4.096910	2.606381	3.656098	2.578639	3.092018	2.225309
c.1.8	3.835247	3.193403	4.549101	3.828144	2.633468	4.206367	3.508664	2.807535	5.243132	5.014247	3.450095	4.735735	4.933963	4.200850	2.912222	3.764400	4.166992	3.866937	4.375938	1.491362	3.426674	2.622214	3.799754	3.871339	2.445604	3.409595	2.363612	2.840733	1.991226
c.1.8	3.942801	3.306854	4.640670	3.928242	2.735599	4.308458	3.614053	2.928396	5.322139	5.091867	3.568554	4.817909	5.015276	4.296621	2.945961	3.860338	4.255851	3.968436	4.466645	1.653213	3.524656	2.691965	3.909396	3.955976	2.568202	3.528660	2.491362	2.964731	2.123852
c.1.8	3.903958	3.273696	4.597234	3.875582	2.668386	4.263660	3.575419	2.893762	5.269541	5.039696	3.505421	4.768105	4.970807	4.236764	2.897077	3.792812	4.207176	3.916033	4.420797	1.544068	3.445760	2.646404	3.862370	3.915716	2.457882	3.489677	2.457882	2.925828	2.100371
c.1.8	4.023911	3.402777	4.717554	3.992598	2.764923	4.387906	3.703377	3.040207	5.392428	5.157584	3.590842	4.889313	5.100115	4.350849	3.021189	3.888965	4.333629	4.038064	4.552741	1.602060	3.532117	2.775974	4.008302	4.054077	2.557507	3.628389	2.536558	3.083503	2.276462
c.1.8	3.960471	3.327563	4.678810	3.951629	2.724276	4.350732	3.658488	2.963316	5.381929	5.136299	3.557627	4.888971	5.079073	4.337619	3.010300	3.870638	4.326909	4.036709	4.534534	1.568202	3.534153	2.732394	3.971647	4.039652	2.534026	3.594724	2.532754	3.026125	2.152288
c.1.8	3.672929	3.031812	4.359152	3.658107	2.475671	4.022511	3.331022	2.626340	5.024679	4.804964	3.275081	4.524227	4.714053	4.014268	2.716838	3.608954	3.976167	3.662380	4.169145	1.397940	3.236789	2.428135	3.585461	3.686189	2.269513	3.200303	2.193125	2.655138	1.838849
c.1.8	3.833211	3.207634	4.536760	3.823083	2.571709	4.215664	3.530072	2.846337	5.217978	4.993374	3.434090	4.728978	4.929685	4.203060	2.838219	3.707229	4.184606	3.891259	4.390281	1.301030	3.374932	2.640481	3.829947	3.893595	2.311754	3.470116	2.424882	2.889862	2.071882
c.1.8	3.840859	3.215638	4.537869	3.825491	2.610660	4.203332	3.527630	2.854306	5.211227	4.994088	3.469822	4.698431	4.913628	4.178776	2.859739	3.768120	4.156549	3.844166	4.370717	1.602060	3.376029	2.595496	3.812847	3.879497	2.376577	3.452706	2.336460	2.909021	2.082785
c.1.8	3.860877	3.249443	4.558936	3.809358	2.522444	4.235528	3.553398	2.888179	5.238480	4.985615	3.352183	4.744731	4.949366	4.169674	2.899821	3.638290	4.175628	3.903524	4.403841	1.041393	3.331225	2.553883	3.848743	3.909556	2.243038	3.474362	2.330414	2.932981	2.103804
c.1.8	3.785543	3.170555	4.472639	3.730136	2.515874	4.159477	3.491081	2.786041	5.145367	4.889767	3.245759	4.666022	4.853339	4.080843	2.767156	3.628900	4.120640	3.831614	4.328176	1.255273	3.305136	2.544068	3.754730	3.860996	2.250420	3.413635	2.389166	2.839478	1.934498
c.1.8	3.878177	3.229682	4.579521	3.862251	2.674861	4.235225	3.545060	2.828015	5.259257	5.032583	3.478133	4.751541	4.945518	4.211227	2.957607	3.807467	4.188028	3.876449	4.405773	1.633468	3.442009	2.664642	3.815843	3.903958	2.453318	3.442637	2.428135	2.862728	2.008600
c.1.8	3.917138	3.273464	4.619219	3.908002	2.691081	4.277196	3.569959	2.885361	5.302439	5.078308	3.554610	4.793127	4.989783	4.270772	2.939519	3.834548	4.219951	3.933487	4.430220	1.633468	3.469969	2.658965	3.868586	3.909984	2.469822	3.475235	2.394452	2.895975	2.093422
c.1.8	3.777572	3.158664	4.471160	3.757016	2.542825	4.143046	3.469380	2.788168	5.144415	4.922201	3.374565	4.635725	4.849831	4.119058	2.821514	3.692583	4.097604	3.795185	4.311563	1.491362	3.320562	2.562293	3.740442	3.819215	2.352183	3.382917	2.324282	2.834421	2.000000
c.1.8	3.939869	3.305781	4.638220	3.917716	2.683947	4.300900	3.610447	2.927883	5.321410	5.087948	3.518777	4.814521	5.010665	4.273024	2.952792	3.812379	4.249223	3.952502	4.459362	1.322219	3.453777	2.642465	3.895146	3.961895	2.478566	3.531607	2.456366	2.968016	2.130334
c.1.8	3.901731	3.270446	4.600221	3.878579	2.633468	4.275288	3.583879	2.892651	5.278186	5.045652	3.480582	4.788133	4.982348	4.241820	2.880242	3.757851	4.232920	3.940716	4.438194	1.301030	3.422261	2.667453	3.885135	3.935960	2.423246	3.509740	2.459392	2.935003	2.071882
c.1.8	3.888853	3.238548	4.594967	3.879096	2.679428	4.249907	3.544316	2.842609	5.284119	5.058251	3.522966	4.772688	4.966010	4.242243	2.933993	3.819939	4.196756	3.906820	4.405415	1.531479	3.457125	2.628389	3.845408	3.895864	2.509203	3.448552	2.380211	2.874482	2.004321
c.1.8	3.912222	3.273464	4.612572	3.901622	2.689309	4.273603	3.584218	2.892095	5.294367	5.065247	3.550717	4.779676	4.984631	4.257870	2.923762	3.836197	4.225309	3.921634	4.437116	1.612784	3.462997	2.688420	3.860458	3.932322	2.477121	3.497759	2.434569	2.923244	2.110590
c.1.8	3.845346	3.215638	4.545282	3.834866	2.612784	4.220709	3.530072	2.852480	5.216311	5.002633	3.485437	4.734127	4.929582	4.210345	2.866287	3.755265	4.182529	3.895809	4.385910	1.602060	3.397071	2.588832	3.829046	3.897462	2.406540	3.461649	2.342423	2.909021	2.071882
c.1.8	3.832637	3.204663	4.535522	3.815644	2.599883	4.205746	3.514946	2.841985	5.217416	4.992995	3.435526	4.723981	4.919120	4.189687	2.843233	3.734320	4.159025	3.878637	4.370938	1.301030	3.394452	2.583199	3.808481	3.872215	2.389166	3.446382	2.336460	2.888179	2.075547
c.1.8	3.810098	3.182985	4.496736	3.770631	2.564666	4.172369	3.485295	2.810904	5.163412	4.924212	3.342817	4.673868	4.869296	4.128755	2.843855	3.665769	4.116807	3.821906	4.324200	1.397940	3.336460	2.510545	3.782831	3.834739	2.361728	3.418467	2.240549	2.853698	2.012837
c.1.8	3.940516	3.294687	4.641276	3.931254	2.742725	4.300335	3.608526	2.901458	5.323689	5.095141	3.581153	4.814607	5.009391	4.284701	2.972203	3.871865	4.259904	3.946796	4.461138	1.681241	3.508664	2.716838	3.883775	3.958277	2.532754	3.515609	2.525045	2.934498	2.075547
c.1.8	3.758230	3.123525	4.437084	3.729732	2.540329	4.111061	3.413970	2.725095	5.094911	4.871859	3.341632	4.604172	4.798084	4.089517	2.742725	3.656098	4.046495	3.758155	4.248047	1.278754	3.302980	2.439333	3.688242	3.747023	2.363612	3.320562	2.245513	2.736397	1.892095
c.1.8	3.854245	3.241297	4.543907	3.833020	2.614897	4.223158	3.539829	2.883661	5.214897	4.989018	3.480007	4.722297	4.922907	4.219506	2.855519	3.745543	4.164353	3.892762	4.380465	1.361728	3.395152	2.571709	3.836007	3.880814	2.445604	3.449478	2.356026	2.932474	2.110590
c.1.8	4.096667	3.446226	4.805358	4.091808	2.889862	4.463041	3.748498	3.052694	5.499283	5.270078	3.737034	4.994128	5.180742	4.463086	3.120574	4.019449	4.415658	4.128108	4.618268	1.897627	3.670895	2.809560	4.059336	4.096979	2.713491	3.656482	2.605305	3.072985	2.235528
c.1.8	3.961041	3.311118	4.671562	3.953566	2.763428	4.336720	3.640084	2.914343	5.364253	5.126819	3.571709	4.870135	5.053332	4.316515	3.027350	3.890197	4.309012	4.007662	4.507113	1.724276	3.556905	2.758912	3.926137	4.014395	2.544068	3.552060	2.567026	2.956168	2.064458
c.1.8	3.924641	3.278067	4.629919	3.920645	2.709270	4.287757	3.579784	2.888741	5.316304	5.091523	3.572755	4.809284	5.004661	4.287287	2.971276	3.832509	4.240300	3.945961	4.445121	1.556303	3.488127	2.684845	3.875409	3.925157	2.511883	3.494850	2.401401	2.895423	2.093422
c.1.8	3.737352	3.099681	4.417206	3.713826	2.541579	4.082714	3.384891	2.693727	5.080666	4.861236	3.359646	4.570905	4.772703	4.063746	2.692847	3.667826	4.009451	3.715669	4.216957	1.568202	3.300595	2.403121	3.653695	3.711976	2.324282	3.273233	2.252853	2.708421	1.845098
c.1.8	4.031489	3.388456	4.755539	4.028042	2.859138	4.415307	3.726972	3.024896	5.464887	5.220798	3.646404	4.951240	5.147868	4.398201	3.107210	4.012035	4.383977	4.083825	4.608109	1.812913	3.649627	2.832509	4.036828	4.104692	2.708421	3.669782	2.621176	3.094471	2.232996
c.1.8	3.611298	2.980003	4.304275	3.601299	2.416641	3.996030	3.309417	2.575188	4.975909	4.757745	3.216166	4.520143	4.691020	3.991315	2.667453	3.531607	3.987845	3.695307	4.160228	1.301030	3.218798	2.416641	3.578983	3.701568	2.281033	3.207904	2.250420	2.609594	1.732394
c.1.8	3.898561	3.269980	4.608665	3.889694	2.683047	4.281533	3.595386	2.903090	5.301199	5.066326	3.521792	4.807339	5.000855	4.268016	2.938520	3.833147	4.255369	3.964354	4.457140	1.602060	3.467164	2.682145	3.889134	3.966611	2.526339	3.526985	2.462398	2.965672	2.082785
c.1.8	3.903633	3.258877	4.609071	3.896085	2.690196	4.273511	3.574726	2.871573	5.297524	5.066963	3.531734	4.794097	4.984860	4.267453	2.969416	3.819939	4.232488	3.942058	4.437433	1.672098	3.475235	2.639486	3.865459	3.935658	2.487138	3.490239	2.469822	2.911158	2.071882
c.1.8	3.933690	3.298416	4.636107	3.923762	2.659916	4.300856	3.600428	2.924279	5.323013	5.094639	3.550840	4.815770	5.012162	4.295589	2.946452	3.802774	4.252173	3.959471	4.459754	1.623249	3.447313	2.664642	3.906066	3.951338	2.392697	3.525304	2.372912	2.955207	2.123852
c.1.8	3.629817	3.031004	4.286007	3.541953	2.307496	3.978454	3.319314	2.656098	4.922009	4.670339	3.021189	4.427356	4.649169	3.876737	2.630428	3.402433	3.893651	3.609914	4.129593	0.954243	3.086716	2.356026	3.583652	3.655906	2.041393	3.231215	2.068186	2.695482	1.880814
c.1.8	3.786609	3.156549	4.487082	3.777137	2.537819	4.164412	3.479863	2.769377	5.166146	4.945725	3.415808	4.673960	4.870615	4.166371	2.833784	3.675962	4.132196	3.842235	4.337699	1.361728	3.336460	2.597695	3.750740	3.846523	2.348305	3.386856	2.352183	2.816241	1.949390
c.1.8	3.867350	3.238297	4.567849	3.836894	2.606381	4.242939	3.556061	2.861534	5.251551	5.008711	3.435207	4.762679	4.949790	4.201616	2.913284	3.735838	4.199206	3.920697	4.409358	1.431364	3.402433	2.588832	3.844477	3.930847	2.428135	3.479431	2.301030	2.926342	2.053078
c.1.8	3.964212	3.310056	4.678236	3.972064	2.756636	4.332661	3.622628	2.911690	5.373640	5.151793	3.636989	4.868874	5.053532	4.344569	3.031812	3.910518	4.297257	3.998739	4.495863	1.579784	3.549861	2.706718	3.917348	3.987979	2.553883	3.526598	2.478566	2.936011	2.079181
c.1.8	3.948706	3.296446	4.654379	3.960946	2.748188	4.316893	3.612042	2.880814	5.342340	5.128150	3.646011	4.846387	5.026701	4.345609	2.977724	3.882354	4.290658	3.990161	4.477223	1.643453	3.520745	2.742725	3.885926	3.980094	2.629410	3.499275	2.515874	2.899821	2.021189
c.1.8	3.817367	3.184407	4.520562	3.796158	2.592177	4.180900	3.495822	2.806858	5.206289	4.972499	3.419791	4.689060	4.897033	4.151462	2.853090	3.741624	4.130302	3.828595	4.351487	1.556303	3.368287	2.565848	3.779524	3.847511	2.369216	3.408070	2.376577	2.852480	2.004321
c.1.9	3.895146	3.277151	4.600744	3.857393	2.614897	4.280146	3.585235	2.936011	5.287815	5.032091	3.408240	4.796234	4.997282	4.224818	2.897077	3.754883	4.223730	3.953034	4.446118	1.556303	3.427811	2.593286	3.920436	3.944680	2.376577	3.531351	2.340444	2.988559	2.173186
c.1.9	3.830973	3.209783	4.539628	3.803525	2.599883	4.220657	3.536432	2.851258	5.228983	4.982203	3.369958	4.744309	4.938279	4.176814	2.857332	3.733358	4.187634	3.904986	4.395571	1.255273	3.407221	2.623249	3.844415	3.914555	2.401401	3.469233	2.431364	2.898725	2.064458
c.1.9	3.759819	3.153510	4.438131	3.713994	2.450249	4.117205	3.423901	2.797960	5.100739	4.869771	3.297104	4.602527	4.811977	4.076167	2.712650	3.579898	4.035910	3.765520	4.252416	1.342423	3.230449	2.408240	3.736157	3.749659	2.178977	3.343014	2.149219	2.817565	2.033424
c.1.9	3.765147	3.163161	4.448211	3.720821	2.428135	4.147738	3.463594	2.812245	5.112290	4.873675	3.283979	4.649773	4.837374	4.107380	2.721811	3.531607	4.099819	3.835691	4.300900	1.079181	3.236789	2.491362	3.771881	3.823474	2.204120	3.399674	2.225309	2.850646	2.037426
c.1.9	3.842983	3.224015	4.533034	3.800167	2.574031	4.203169	3.518514	2.857935	5.210447	4.962833	3.372360	4.699508	4.905423	4.154394	2.842609	3.706035	4.138240	3.853455	4.354704	1.342423	3.345570	2.546543	3.804821	3.853637	2.330414	3.427811	2.303196	2.889862	2.110590
c.1.9	3.820464	3.210319	4.496833	3.776701	2.556303	4.182899	3.496376	2.855519	5.157708	4.919805	3.391641	4.666640	4.867886	4.139911	2.790988	3.669131	4.107888	3.846213	4.314583	1.301030	3.331225	2.460898	3.799823	3.829497	2.383815	3.419295	2.247973	2.890980	2.096910
c.1.9	3.849481	3.240549	4.543024	3.792181	2.603144	4.218378	3.545307	2.895423	5.220367	4.958932	3.331022	4.709007	4.930093	4.132580	2.810233	3.726890	4.149650	3.864926	4.384067	1.477121	3.374198	2.605305	3.847079	3.886321	2.419956	3.489396	2.367356	2.941511	2.136721
c.1.9	3.928805	3.297761	4.644941	3.908592	2.685742	4.309822	3.620240	2.931966	5.347410	5.099149	3.498173	4.837822	5.040622	4.278914	2.969882	3.833975	4.267219	3.975386	4.489424	1.544068	3.491922	2.670246	3.919653	3.989227	2.485721	3.554610	2.439333	2.986772	2.130334
c.1.9	3.966986	3.360215	4.649724	3.921842	2.685742	4.334112	3.658011	3.025306	5.307325	5.073748	3.499962	4.810757	5.033974	4.287735	2.900367	3.813448	4.267500	3.975616	4.493653	1.491362	3.475235	2.684845	3.984212	3.994713	2.442480	3.605736	2.434569	3.075547	2.301030
c.1.9	3.742725	3.126456	4.431106	3.692142	2.507856	4.111531	3.424392	2.764923	5.098419	4.848306	3.204391	4.600788	4.811856	4.044030	2.723456	3.622214	4.044422	3.768490	4.265478	1.278754	3.298635	2.466868	3.721975	3.764848	2.313867	3.348889	2.235528	2.794488	1.991226
c.1.9	3.849849	3.236285	4.544676	3.806519	2.598791	4.217694	3.539829	2.880814	5.223719	4.976763	3.377124	4.719099	4.925193	4.165155	2.860937	3.726238	4.150511	3.873611	4.380573	1.544068	3.385606	2.585461	3.825880	3.881670	2.409933	3.474799	2.342423	2.924796	2.110590
c.1.9	3.839667	3.221675	4.525913	3.799892	2.594393	4.193514	3.511349	2.865104	5.192999	4.957617	3.405005	4.682389	4.892301	4.145694	2.810904	3.713154	4.118661	3.831486	4.338357	1.477121	3.372360	2.526339	3.799754	3.830845	2.383815	3.436957	2.285557	2.905796	2.107210
c.1.9	3.830075	3.216957	4.516165	3.784332	2.537819	4.192985	3.508530	2.850033	5.185704	4.944093	3.368287	4.690745	4.891231	4.146190	2.808211	3.645029	4.124635	3.850769	4.344707	0.954243	3.326336	2.499687	3.790988	3.845594	2.324282	3.422754	2.309630	2.874482	2.086360
c.1.9	3.741467	3.117603	4.415207	3.687529	2.463893	4.077622	3.391464	2.728354	5.072437	4.835703	3.265290	4.549971	4.764206	4.005438	2.719331	3.572639	3.991093	3.701050	4.214102	1.342423	3.218273	2.403121	3.653695	3.698014	2.217484	3.292256	2.187521	2.722634	1.939519
c.1.9	3.735120	3.115278	4.419328	3.693287	2.482874	4.087355	3.408070	2.747412	5.087384	4.847406	3.254306	4.575938	4.786822	4.039731	2.700704	3.604442	4.025838	3.716504	4.236210	1.342423	3.240799	2.494155	3.685563	3.742882	2.264818	3.327972	2.217484	2.777427	1.973128
c.1.9	3.776193	3.160469	4.468288	3.732796	2.551450	4.140351	3.460146	2.803457	5.142671	4.890376	3.299943	4.630794	4.850542	4.080699	2.757396	3.667266	4.079000	3.777209	4.302461	1.518514	3.326950	2.503791	3.750894	3.800580	2.352183	3.380934	2.305351	2.838219	2.037426
c.1.9	3.850952	3.225051	4.556097	3.809560	2.631444	4.221362	3.534026	2.867467	5.246924	4.983401	3.351216	4.733759	4.935704	4.161997	2.866287	3.766413	4.158634	3.880756	4.391905	1.681241	3.425045	2.546543	3.833721	3.886773	2.436163	3.461048	2.334454	2.917506	2.110590
c.1.9	3.892707	3.258158	4.586779	3.876045	2.682145	4.256044	3.568319	2.873321	5.260789	5.033488	3.495822	4.758503	4.956802	4.232462	2.883093	3.825296	4.211548	3.915294	4.409070	1.643453	3.464788	2.646404	3.840733	3.921634	2.472756	3.476252	2.454845	2.906335	2.075547
c.1.9	3.890756	3.284431	4.593895	3.843669	2.608526	4.282486	3.596267	2.950851	5.279051	5.019615	3.398461	4.796727	4.995455	4.216825	2.904174	3.742725	4.223158	3.969136	4.453318	1.544068	3.425045	2.582063	3.930745	3.956840	2.413300	3.553033	2.376577	3.008600	2.184691
c.1.9	3.731347	3.118926	4.416724	3.688687	2.456366	4.098401	3.426674	2.767156	5.081164	4.843183	3.253096	4.590552	4.795261	4.035910	2.732394	3.576917	4.053232	3.748343	4.255490	1.380211	3.236033	2.478566	3.709524	3.774663	2.181844	3.356790	2.225309	2.822822	2.012837
c.1.9	3.696968	3.108227	4.360309	3.623146	2.397940	4.048908	3.389875	2.767156	5.003814	4.755738	3.170555	4.496722	4.729035	3.957559	2.588832	3.509337	3.964684	3.673758	4.197253	1.301030	3.154728	2.408240	3.668386	3.700098	2.146128	3.326745	2.123852	2.803457	2.021189
c.1.9	3.742489	3.127753	4.434313	3.703205	2.469822	4.113107	3.422426	2.771587	5.103273	4.866955	3.298635	4.613271	4.819491	4.067220	2.694605	3.612042	4.052425	3.774371	4.269139	1.397940	3.263399	2.444045	3.730298	3.764923	2.232996	3.340642	2.195900	2.806858	2.017033
c.1.9	3.816904	3.206286	4.491278	3.754425	2.526339	4.169263	3.490941	2.836957	5.150102	4.900181	3.295347	4.647647	4.855780	4.095553	2.755875	3.619719	4.085326	3.808751	4.310630	1.380211	3.299289	2.466868	3.765966	3.815445	2.309630	3.397940	2.252853	2.867467	2.071882
c.1.9	3.769599	3.146128	4.454235	3.719165	2.498311	4.115144	3.438067	2.769377	5.119180	4.877366	3.267406	4.597015	4.817539	4.040088	2.755112	3.635383	4.046144	3.732313	4.267313	1.204120	3.270679	2.474216	3.706462	3.772028	2.214844	3.347720	2.222716	2.808211	1.995635
c.1.9	3.742018	3.120574	4.435844	3.710625	2.498311	4.104658	3.422754	2.755875	5.106007	4.873483	3.274850	4.596773	4.812124	4.058274	2.746634	3.651569	4.046105	3.750200	4.265832	1.491362	3.279895	2.509203	3.702861	3.768120	2.269513	3.332842	2.227887	2.794488	2.004321
c.1.9	4.060962	3.421275	4.739129	4.022263	2.801404	4.394434	3.690285	3.047664	5.398823	5.169813	3.628797	4.877308	5.096159	4.357763	2.943989	3.921218	4.303131	3.999826	4.530072	1.690196	3.544068	2.725912	4.018742	3.985875	2.534026	3.602494	2.482874	3.069298	2.294466
c.1.9	3.913814	3.304059	4.627458	3.885135	2.655138	4.310268	3.632356	2.968950	5.323120	5.071492	3.451326	4.836026	5.034119	4.259235	2.934498	3.809829	4.282327	4.001863	4.496501	1.544068	3.468347	2.725095	3.947973	4.010851	2.484300	3.590730	2.462398	3.033424	2.198657
c.1.9	3.817169	3.206016	4.499673	3.768490	2.574031	4.178027	3.497344	2.844477	5.165437	4.924072	3.331832	4.663107	4.872512	4.117404	2.774517	3.684127	4.108599	3.830589	4.325618	1.342423	3.339253	2.531479	3.790074	3.826140	2.380211	3.421933	2.363612	2.859138	2.093422
c.1.9	3.856245	3.220108	4.548537	3.825101	2.625312	4.215796	3.517460	2.834421	5.225467	4.988376	3.406199	4.719712	4.916891	4.176612	2.883093	3.748576	4.160198	3.874482	4.366834	1.477121	3.389343	2.589950	3.817235	3.862370	2.411620	3.431525	2.340444	2.844477	2.037426
c.1.9	3.765072	3.161368	4.432697	3.688420	2.480007	4.108430	3.426511	2.819544	5.081668	4.829394	3.214049	4.569245	4.794718	4.021231	2.692847	3.562174	4.000824	3.721811	4.237292	1.301030	3.232234	2.352183	3.748576	3.732313	2.245513	3.346939	2.170262	2.849419	2.086360
c.1.9	3.711639	3.107549	4.382557	3.650405	2.416641	4.058654	3.383636	2.755112	5.034368	4.795838	3.190892	4.526391	4.747365	3.985202	2.586587	3.516006	3.973682	3.691524	4.200057	1.146128	3.159266	2.392697	3.671265	3.690993	2.193125	3.303628	2.110590	2.786041	2.012837
c.1.9	3.854974	3.242790	4.548758	3.817830	2.553883	4.225516	3.550351	2.885926	5.226056	4.984401	3.432488	4.726099	4.928299	4.181043	2.850646	3.695482	4.164502	3.888629	4.393031	1.230449	3.349860	2.605305	3.833020	3.895091	2.313867	3.481443	2.330414	2.937016	2.113943
c.1.9	3.892484	3.267406	4.582768	3.852297	2.656098	4.247728	3.564311	2.894316	5.255142	5.017476	3.457579	4.741947	4.948545	4.192233	2.890421	3.778802	4.180097	3.887955	4.404492	1.643453	3.421439	2.649335	3.845160	3.898176	2.462398	3.483872	2.383815	2.923244	2.117271
c.1.9	3.812713	3.204120	4.511496	3.778658	2.541579	4.188056	3.509203	2.864511	5.192632	4.951396	3.359456	4.687975	4.901131	4.138682	2.790988	3.692406	4.135705	3.847017	4.351893	1.477121	3.356599	2.531479	3.815378	3.857875	2.305351	3.444357	2.305351	2.914872	2.127105
c.1.9	3.800236	3.208441	4.474391	3.737511	2.503791	4.158061	3.491502	2.865696	5.129380	4.885197	3.296665	4.626556	4.850775	4.094087	2.723456	3.614581	4.071514	3.796713	4.308052	1.431364	3.266232	2.502427	3.782329	3.806858	2.320146	3.430881	2.264818	2.894870	2.110590
c.1.9	3.841922	3.215109	4.533505	3.814780	2.632457	4.203251	3.511883	2.845098	5.206110	4.976492	3.419956	4.700643	4.905202	4.177565	2.850646	3.752279	4.145072	3.858297	4.360404	1.447158	3.408070	2.567026	3.817896	3.844415	2.445604	3.428135	2.374748	2.879669	2.056905
c.1.9	3.835817	3.223755	4.537542	3.797198	2.532754	4.213969	3.532754	2.879096	5.223997	4.972518	3.371253	4.719745	4.928350	4.159387	2.845718	3.681874	4.160048	3.879784	4.379197	1.462398	3.334454	2.569374	3.837778	3.889470	2.305351	3.462847	2.276462	2.932981	2.123852
c.1.9	3.755951	3.123852	4.447840	3.721728	2.561101	4.106972	3.422754	2.742725	5.125917	4.884637	3.310268	4.606607	4.807934	4.053347	2.784617	3.691081	4.043402	3.747645	4.260000	1.361728	3.331427	2.518514	3.689131	3.749040	2.305351	3.335057	2.318063	2.761176	1.939519
c.1.9	3.821514	3.196453	4.517486	3.796505	2.612784	4.182101	3.494155	2.841985	5.195163	4.957277	3.395676	4.677361	4.891292	4.146593	2.838849	3.748498	4.123263	3.823605	4.337399	1.431364	3.400711	2.534026	3.792041	3.829175	2.432969	3.411114	2.298853	2.883661	2.082785
c.1.9	3.844974	3.228144	4.541866	3.811508	2.551450	4.211974	3.526856	2.879669	5.219417	4.980540	3.422426	4.710574	4.924191	4.177219	2.835056	3.684756	4.141356	3.864096	4.373831	1.204120	3.338058	2.546543	3.827628	3.862370	2.348305	3.459845	2.303196	2.927883	2.130334
c.1.9	3.764027	3.152900	4.444404	3.698362	2.482874	4.117835	3.446071	2.795880	5.109720	4.850027	3.212454	4.596916	4.809102	4.025838	2.745855	3.602169	4.041787	3.751125	4.270795	1.380211	3.260071	2.482874	3.724112	3.767601	2.264818	3.373280	2.212188	2.845718	2.041393
c.1.9	3.747101	3.128722	4.435526	3.708081	2.428135	4.097257	3.417139	2.763428	5.105813	4.871713	3.324488	4.585855	4.804460	4.057019	2.807535	3.570309	4.024157	3.718003	4.254790	1.146128	3.218536	2.426511	3.694254	3.754425	2.136721	3.332236	2.146128	2.793790	2.012837
c.1.9	3.810434	3.201670	4.502632	3.775683	2.551450	4.179868	3.511215	2.857332	5.179319	4.935754	3.352375	4.670988	4.884081	4.134368	2.802774	3.688420	4.131009	3.831486	4.345609	1.342423	3.341830	2.591065	3.799616	3.857935	2.320146	3.445293	2.330414	2.910624	2.117271
c.1.9	3.799616	3.198657	4.488762	3.745231	2.539076	4.167495	3.495544	2.863917	5.159937	4.906513	3.306854	4.652884	4.871123	4.095623	2.773786	3.675687	4.097257	3.814980	4.326541	1.176091	3.320977	2.503791	3.798236	3.831998	2.374748	3.437592	2.235528	2.915400	2.127105
c.1.9	3.953808	3.348500	4.650162	3.912647	2.673021	4.330678	3.659821	3.017033	5.322124	5.079543	3.469969	4.819919	5.046936	4.277242	2.907949	3.802568	4.274065	3.986189	4.503491	1.505150	3.467904	2.724276	3.977266	3.999739	2.453318	3.616055	2.460898	3.080987	2.267172
c.1.9	3.823018	3.211921	4.518869	3.796158	2.587711	4.200577	3.513218	2.866878	5.199023	4.959576	3.412124	4.702603	4.904899	4.171463	2.844477	3.728678	4.148047	3.873844	4.359665	1.568202	3.393926	2.536558	3.829432	3.862489	2.396199	3.443889	2.274158	2.923244	2.103804
c.1.9	3.857694	3.239049	4.568190	3.838408	2.578639	4.247261	3.564192	2.889862	5.263712	5.016544	3.448242	4.774181	4.968525	4.224507	2.883093	3.720490	4.215294	3.932017	4.424588	1.431364	3.393751	2.614897	3.864036	3.941561	2.374748	3.504607	2.383815	2.951823	2.117271
c.1.9	3.799409	3.182129	4.487110	3.753277	2.604226	4.162325	3.486997	2.819544	5.159814	4.908603	3.314078	4.657324	4.860176	4.099473	2.758912	3.728354	4.104077	3.814048	4.324077	1.505150	3.370698	2.553883	3.767601	3.829947	2.453318	3.410271	2.298853	2.871573	2.049218
c.1.9	3.800786	3.193681	4.488875	3.763877	2.501059	4.183896	3.497068	2.845098	5.158106	4.924093	3.354108	4.683443	4.878677	4.149681	2.770852	3.631139	4.128399	3.866051	4.339014	1.278754	3.308351	2.519828	3.819281	3.861355	2.303196	3.432167	2.276462	2.892095	2.079181
