c.1.10	342	0.105263	0.0409357	0.0497076	0.0321637	0.0175439	0.0409357	0.0760234	0.0877193	0.0116959	0.0497076	0.111111	0.0730994	0.00584795	0.0292398	0.0409357	0.0438596	0.0730994	0.0116959	0.0233918	0.0760234	
c.1.10	266	0.0864662	0.0300752	0.037594	0.0639098	0.0075188	0.0488722	0.056391	0.0789474	0.018797	0.0601504	0.0864662	0.0789474	0.037594	0.056391	0.0526316	0.0488722	0.0300752	0	0.0150376	0.105263	
c.1.10	358	0.0893855	0.0167598	0.0502793	0.0586592	0.0111732	0.0418994	0.0614525	0.0865922	0.0363128	0.0586592	0.075419	0.0698324	0.0195531	0.0363128	0.0391061	0.0698324	0.047486	0.0111732	0.0363128	0.0837989	
c.1.10	357	0.0952381	0.0672269	0.0308123	0.022409	0.0252101	0.0364146	0.0784314	0.0896359	0.022409	0.0364146	0.092437	0.0644258	0.0280112	0.022409	0.0448179	0.0560224	0.0532213	0.0140056	0.0420168	0.0784314	
c.1.10	293	0.0853242	0.0273038	0.0443686	0.0477816	0.00682594	0.0238908	0.0819113	0.0887372	0.0136519	0.0750853	0.109215	0.0921502	0.0273038	0.0511945	0.0238908	0.0443686	0.0511945	0.00341297	0.0443686	0.0580205	
c.1.10	361	0.121884	0.0443213	0.0443213	0.0526316	0.0110803	0.0470914	0.0637119	0.0803324	0.0138504	0.0526316	0.0969529	0.0720222	0.00554017	0.0249307	0.0415512	0.0526316	0.0581717	0.00831025	0.033241	0.0720222	
c.1.10	363	0.112948	0.0413223	0.0495868	0.0385675	0.0220386	0.0578512	0.0606061	0.0798898	0.0247934	0.0523416	0.0909091	0.0688705	0.0137741	0.0275482	0.0385675	0.0550964	0.0606061	0.00826446	0.030303	0.0661157	
c.1.10	252	0.119048	0.047619	0.0277778	0.0674603	0	0.0396825	0.047619	0.0515873	0.0357143	0.0714286	0.0873016	0.0436508	0.0555556	0.031746	0.031746	0.0595238	0.0714286	0.00396825	0.0198413	0.0873016	
c.1.10	273	0.10989	0.0512821	0.040293	0.0549451	0.018315	0.025641	0.0659341	0.0586081	0.03663	0.0622711	0.0805861	0.047619	0.021978	0.040293	0.040293	0.0659341	0.047619	0.003663	0.029304	0.0989011	
c.1.10	329	0.130699	0.0790274	0.0364742	0.0729483	0	0.0334347	0.0668693	0.0699088	0.0151976	0.0486322	0.0911854	0.0273556	0.0303951	0.0303951	0.0486322	0.0516717	0.0364742	0.00607903	0.0395137	0.0851064	
c.1.10	295	0.0847458	0.0440678	0.0237288	0.0542373	0.0135593	0.0711864	0.0576271	0.0915254	0.0169492	0.0576271	0.111864	0.0542373	0.020339	0.0338983	0.0372881	0.0508475	0.0474576	0.00338983	0.0440678	0.0813559	
c.1.10	252	0.154762	0.047619	0.0277778	0.0753968	0.015873	0.015873	0.0634921	0.0674603	0.0198413	0.0753968	0.0873016	0.0714286	0.0238095	0.031746	0.031746	0.0357143	0.0674603	0.00396825	0.0198413	0.0634921	
c.1.10	323	0.133127	0.0712074	0.0185759	0.0650155	0.0154799	0.0278638	0.0835913	0.0681115	0.0185759	0.0650155	0.0835913	0.0464396	0.0402477	0.0371517	0.0340557	0.0619195	0.0402477	0.00309598	0.0278638	0.0557276	
c.1.10	220	0.159091	0.0272727	0.0136364	0.05	0.00909091	0.0590909	0.0363636	0.0818182	0.0136364	0.0590909	0.113636	0.05	0.0318182	0.0227273	0.05	0.0454545	0.0590909	0.00454545	0.0227273	0.0909091	
c.1.10	216	0.143519	0.0601852	0.0277778	0.0509259	0.0231481	0.0185185	0.0648148	0.0925926	0.00462963	0.087963	0.0925926	0.0277778	0.0324074	0.0324074	0.0555556	0.0462963	0.0462963	0.0138889	0.0138889	0.0648148	
c.1.10	225	0.0888889	0.04	0.0222222	0.0355556	0.0177778	0.00444444	0.12	0.0577778	0.0355556	0.0977778	0.0755556	0.102222	0.00888889	0.0355556	0.0266667	0.0711111	0.04	0.00444444	0.0222222	0.0933333	
c.1.10	234	0.102564	0.0512821	0.0042735	0.0598291	0.00854701	0.017094	0.0555556	0.0982906	0.0042735	0.0470085	0.128205	0.0598291	0.0042735	0.017094	0.0470085	0.0940171	0.0512821	0.0042735	0.0213675	0.123932	
c.1.10	343	0.110787	0.0437318	0.0466472	0.058309	0.0204082	0.03207	0.0612245	0.0845481	0.03207	0.0728863	0.0991254	0.0699708	0.0204082	0.0233236	0.0408163	0.0524781	0.0408163	0.0116618	0.0145773	0.0641399	
c.1.10	289	0.124567	0.0588235	0.0311419	0.0761246	0.0103806	0.0276817	0.0519031	0.0968858	0.0449827	0.0519031	0.0865052	0.0346021	0.0415225	0.0207612	0.0242215	0.0553633	0.0449827	0.00346021	0.0346021	0.0795848	
c.1.10	295	0.0610169	0.0542373	0.0610169	0.040678	0.00677966	0.0237288	0.0847458	0.0779661	0.0101695	0.0474576	0.115254	0.0610169	0.0169492	0.0237288	0.0474576	0.0474576	0.0644068	0.00338983	0.0338983	0.115254	
c.1.10	269	0.0780669	0.0260223	0.0446097	0.0669145	0.0185874	0.0483271	0.0557621	0.0743494	0.0148699	0.070632	0.0817844	0.0780669	0	0.0520446	0.0483271	0.0594796	0.0334572	0	0.0185874	0.0966543	
c.1.10	339	0.0943953	0.0501475	0.0648968	0.0560472	0.0147493	0.0383481	0.0530973	0.0914454	0.0235988	0.0737463	0.0914454	0.0560472	0.0147493	0.0235988	0.0353982	0.0560472	0.0648968	0.00589971	0.020649	0.0707965	
c.1.10	340	0.1	0.0617647	0.0352941	0.0705882	0.0264706	0.0176471	0.0529412	0.0764706	0.0264706	0.0764706	0.1	0.0441176	0.0176471	0.0411765	0.0588235	0.0558824	0.0382353	0.00588235	0.0411765	0.0529412	
c.1.10	316	0.123418	0.0506329	0.0348101	0.0664557	0.00949367	0.0474684	0.0791139	0.0537975	0.00632911	0.0822785	0.10443	0.0696203	0.0126582	0.0221519	0.0316456	0.0506329	0.0537975	0.0126582	0.0379747	0.0506329	
c.1.10	258	0.0891473	0.0426357	0.0193798	0.0348837	0.0116279	0.0310078	0.104651	0.0697674	0.0193798	0.0736434	0.0930233	0.0852713	0.0155039	0.0581395	0.0387597	0.0542636	0.0465116	0.0116279	0.0232558	0.0775194	
c.1.10	276	0.134058	0.0688406	0.0144928	0.0543478	0.0217391	0.0253623	0.0652174	0.0615942	0.0217391	0.0434783	0.119565	0.0362319	0.0289855	0.0362319	0.0652174	0.0362319	0.0362319	0.0108696	0.0362319	0.0833333	
c.1.10	303	0.0924092	0.0561056	0.0330033	0.0759076	0.0165017	0.029703	0.0594059	0.0660066	0.0330033	0.0528053	0.0792079	0.0594059	0	0.0264026	0.0330033	0.0561056	0.0627063	0.00990099	0.0363036	0.0693069	
c.1.10	299	0.137124	0.0802676	0.0267559	0.0334448	0	0.00668896	0.110368	0.0869565	0.0267559	0.0501672	0.100334	0.0535117	0.0234114	0.0334448	0.0401338	0.0434783	0.0401338	0	0.0200669	0.0869565	
c.1.10	230	0.0478261	0.0217391	0.0521739	0.073913	0.00869565	0.073913	0.0521739	0.0521739	0.0304348	0.1	0.1	0.0608696	0.0304348	0.0434783	0.0304348	0.0434783	0.0695652	0.00434783	0.0304348	0.073913	
c.1.10	310	0.0935484	0.0903226	0.0419355	0.0612903	0.0258065	0.0419355	0.0741935	0.0645161	0.016129	0.0645161	0.0677419	0.016129	0	0.0419355	0.0612903	0.0451613	0.0580645	0.0129032	0.0290323	0.0774194	
c.1.10	291	0.127148	0.0618557	0.0412371	0.0756014	0.0137457	0.0378007	0.04811	0.0687285	0.00687285	0.0515464	0.103093	0.0618557	0	0.0309278	0.0412371	0.0584192	0.0206186	0.0103093	0.0171821	0.0859107	
c.1.10	211	0.180095	0.0758294	0	0.042654	0.00947867	0.0189573	0.0853081	0.0900474	0.0189573	0.028436	0.118483	0.042654	0.00947867	0.028436	0.042654	0.0331754	0.042654	0.00473934	0.0331754	0.0947867	
c.1.10	226	0.154867	0.0884956	0.00884956	0.0442478	0.00884956	0.00884956	0.079646	0.0752212	0.0132743	0.0663717	0.0840708	0.0486726	0.00884956	0.0176991	0.0530973	0.0353982	0.039823	0.00884956	0.0442478	0.110619	
c.1.10	212	0.113208	0.0377358	0.0518868	0.0518868	0.00943396	0.0330189	0.0566038	0.0707547	0.00471698	0.113208	0.108491	0.0566038	0	0.0330189	0.0566038	0.0424528	0.0424528	0.00943396	0.0141509	0.0754717	
c.1.10	286	0.136364	0.027972	0.0314685	0.0594406	0.013986	0.034965	0.0734266	0.048951	0.027972	0.0769231	0.0804196	0.0629371	0	0.0454545	0.0594406	0.0664336	0.041958	0.00699301	0.0244755	0.0524476	
c.1.10	207	0.0821256	0.0338164	0.0338164	0.0531401	0.00483092	0.0144928	0.0917874	0.0676329	0.0241546	0.0821256	0.0772947	0.0676329	0.0531401	0.0338164	0.0434783	0.0386473	0.0531401	0.00966184	0.0289855	0.10628	
c.1.10	338	0.0710059	0.056213	0.0295858	0.0532544	0.0118343	0.0177515	0.0887574	0.0828402	0.0207101	0.0769231	0.100592	0.0769231	0.0177515	0.0325444	0.0414201	0.0621302	0.035503	0	0.035503	0.0887574	
c.1.10	293	0.0580205	0.0341297	0.0443686	0.0648464	0.00682594	0.0136519	0.0716724	0.0614334	0.0170648	0.0921502	0.109215	0.0989761	0.0136519	0.0341297	0.0546075	0.0477816	0.0580205	0	0.0546075	0.0648464	
c.1.10	250	0.116	0.056	0.028	0.056	0.004	0.012	0.076	0.096	0.008	0.052	0.088	0.072	0.016	0.048	0.048	0.044	0.036	0.012	0.04	0.092	
c.1.10	202	0.0841584	0.019802	0.019802	0.0247525	0.019802	0.0148515	0.10396	0.0940594	0.019802	0.049505	0.0693069	0.113861	0.0247525	0.0643564	0.049505	0.0346535	0.049505	0.0049505	0.0049505	0.133663	
c.1.10	211	0.161137	0.0473934	0.0189573	0.0331754	0.00947867	0.0189573	0.0900474	0.0663507	0.028436	0.0663507	0.118483	0.042654	0.0236967	0.0236967	0.042654	0.042654	0.0616114	0.00947867	0.00947867	0.0853081	
c.1.10	342	0.111111	0.0584795	0.0380117	0.0497076	0.0204678	0.0409357	0.0701754	0.0789474	0.0175439	0.0555556	0.0877193	0.0614035	0.00877193	0.0263158	0.0526316	0.0497076	0.0526316	0.00877193	0.0321637	0.0789474	
c.1.10	292	0.0890411	0.0273973	0.0342466	0.0547945	0	0.0342466	0.0547945	0.0719178	0.0171233	0.0684932	0.0787671	0.0513699	0.0410959	0.0273973	0.0513699	0.0616438	0.0890411	0	0.0239726	0.123288	
c.1.10	296	0.168919	0.0540541	0.0168919	0.0709459	0.0101351	0.027027	0.0304054	0.101351	0.0236486	0.0506757	0.118243	0.0236486	0.0202703	0.0168919	0.0506757	0.0540541	0.0709459	0.00337838	0.0202703	0.0675676	
c.1.10	363	0.115702	0.0413223	0.0385675	0.0385675	0.0220386	0.0440771	0.0661157	0.0826446	0.030303	0.0550964	0.0936639	0.0716253	0.00826446	0.0192837	0.0523416	0.0578512	0.0606061	0.00826446	0.0330579	0.0606061	
c.1.10	250	0.06	0.02	0.076	0.06	0.02	0.012	0.076	0.044	0.008	0.112	0.088	0.12	0.004	0.04	0.028	0.06	0.072	0.004	0.028	0.068	
c.1.10	292	0.106164	0.0445205	0.0445205	0.0582192	0.0171233	0.0273973	0.0479452	0.0787671	0.0308219	0.0616438	0.10274	0.0445205	0.0308219	0.0239726	0.0445205	0.0513699	0.0787671	0.00342466	0.0171233	0.0856164	
c.1.10	449	0.11804	0.0757238	0.0334076	0.0623608	0.00890869	0.0445434	0.0601336	0.0668151	0.0356347	0.0400891	0.10245	0.0200445	0	0.0267261	0.0623608	0.0445434	0.0579065	0.0111359	0.0200445	0.0801782	
c.1.10	213	0.140845	0.0328638	0.0234742	0.028169	0.0140845	0.0234742	0.0704225	0.0938967	0.00469484	0.0610329	0.103286	0.0610329	0.0187793	0.028169	0.0657277	0.0422535	0.0610329	0.00938967	0.0187793	0.0985915	
c.1.10	319	0.109718	0.0532915	0.0282132	0.0815047	0.00940439	0.0250784	0.0783699	0.0658307	0.0188088	0.0626959	0.0752351	0.0532915	0.0407524	0.0407524	0.0438871	0.0470219	0.0438871	0.00626959	0.0344828	0.0815047	
c.1.10	319	0.112853	0.0376176	0.0282132	0.0626959	0.00940439	0.0407524	0.0752351	0.0658307	0.015674	0.0658307	0.100313	0.0940439	0.0219436	0.0438871	0.031348	0.0532915	0.0501567	0.00940439	0.0282132	0.0532915	
c.1.10	410	0.112195	0.0609756	0.0292683	0.0463415	0.0195122	0.0512195	0.0756098	0.0512195	0.0341463	0.0780488	0.0780488	0.0341463	0	0.0365854	0.0390244	0.0512195	0.0487805	0.0121951	0.0414634	0.0756098	
c.1.10	357	0.0952381	0.0644258	0.0308123	0.0252101	0.0168067	0.0448179	0.0728291	0.0868347	0.0196078	0.0364146	0.0952381	0.0532213	0.0364146	0.0252101	0.047619	0.0728291	0.0532213	0.0112045	0.0420168	0.070028	
c.1.10	280	0.0857143	0.0392857	0.0571429	0.0571429	0.0214286	0.0178571	0.0857143	0.0821429	0.0285714	0.1	0.075	0.0607143	0.0321429	0.0285714	0.0464286	0.0607143	0.0357143	0	0.0357143	0.05	
c.1.2	247	0.048583	0.0850202	0.0566802	0.0445344	0	0.0161943	0.109312	0.0445344	0	0.117409	0.117409	0.0688259	0.0202429	0.0323887	0.0364372	0.0890688	0.0242915	0.00404858	0.0364372	0.048583	
c.1.2	237	0.109705	0.0337553	0.0253165	0.0421941	0.00843882	0.0421941	0.0886076	0.0590717	0.0168776	0.0590717	0.101266	0.0801688	0.0295359	0.0295359	0.0464135	0.0675105	0.0506329	0.00421941	0.0168776	0.0886076	
c.1.2	267	0.0898876	0.0524345	0.0187266	0.0749064	0.0149813	0.0299625	0.0636704	0.101124	0.0187266	0.0524345	0.0973783	0.082397	0.0224719	0.0299625	0.0262172	0.0449438	0.0636704	0.011236	0.0337079	0.071161	
c.1.2	241	0.0871369	0.0580913	0.0290456	0.0497925	0.00414938	0.00829876	0.0788382	0.0788382	0.0165975	0.0705394	0.103734	0.0829876	0.0124481	0.0539419	0.0414938	0.0456432	0.0497925	0.00414938	0.0373444	0.0871369	
c.1.2	220	0.109091	0.0409091	0.0272727	0.05	0.00909091	0.0227273	0.0727273	0.0863636	0.0227273	0.0545455	0.0818182	0.05	0.0454545	0.0363636	0.0681818	0.0772727	0.0318182	0.00909091	0.0136364	0.0909091	
c.1.2	252	0.138889	0.0753968	0.015873	0.0595238	0.00396825	0.015873	0.0873016	0.103175	0.0119048	0.0674603	0.0753968	0.0396825	0.00793651	0.0277778	0.0238095	0.0436508	0.0357143	0.00793651	0.0277778	0.130952	
c.1.2	251	0.0916335	0.0756972	0.0318725	0.0756972	0.00398406	0.0119522	0.103586	0.0398406	0.0119522	0.0996016	0.0996016	0.0796813	0.0159363	0.0358566	0.0318725	0.0517928	0.0318725	0.0119522	0.0159363	0.0796813	
c.1.2	259	0.119691	0.0540541	0.03861	0.0656371	0.019305	0.0617761	0.0540541	0.042471	0.027027	0.0733591	0.104247	0.046332	0.015444	0.03861	0.034749	0.0617761	0.027027	0.003861	0.03861	0.0733591	
c.1.2	305	0.0819672	0.0393443	0.0327869	0.0786885	0.0229508	0.0295082	0.0754098	0.0983607	0.0131148	0.052459	0.0819672	0.0721311	0.00983607	0.0262295	0.0360656	0.042623	0.0590164	0.00655738	0.0491803	0.0918033	
c.1.2	251	0.14741	0.0836653	0.0119522	0.063745	0.00398406	0.00796813	0.0796813	0.0996016	0.0318725	0.0398406	0.103586	0.0358566	0.0119522	0.0358566	0.0358566	0.0358566	0.0239044	0.00796813	0.0119522	0.12749	
c.1.2	224	0.133929	0.0535714	0.0223214	0.0758929	0.0133929	0.0535714	0.0357143	0.0625	0.0178571	0.0357143	0.0982143	0.0401786	0.0357143	0.0491071	0.0535714	0.0401786	0.0535714	0.00446429	0.0133929	0.107143	
c.1.2	205	0.0634146	0.0731707	0.0390244	0.0585366	0.0097561	0.0097561	0.0829268	0.0682927	0.0097561	0.0682927	0.0829268	0.0634146	0.0146341	0.0585366	0.0585366	0.0682927	0.0195122	0.00487805	0.0341463	0.112195	
c.1.2	254	0.122047	0.0590551	0.0354331	0.0669291	0.011811	0.0629921	0.0511811	0.0393701	0.0275591	0.0748031	0.106299	0.0433071	0.015748	0.0393701	0.0354331	0.0629921	0.0314961	0.00393701	0.0393701	0.0708661	
c.1.2	198	0.141414	0.040404	0.0454545	0.0606061	0.020202	0.0656566	0.0505051	0.106061	0.020202	0.030303	0.111111	0.0353535	0.00505051	0.030303	0.0252525	0.0454545	0.030303	0.010101	0.030303	0.0959596	
c.1.2	213	0.140845	0.056338	0.0187793	0.0751174	0.0187793	0.0422535	0.0610329	0.0751174	0.0140845	0.084507	0.0798122	0.0469484	0.0187793	0.028169	0.0234742	0.0328638	0.0516432	0.028169	0.0187793	0.084507	
c.1.2	241	0.0580913	0.0580913	0.0248963	0.0414938	0	0.0165975	0.124481	0.0788382	0.0207469	0.0788382	0.120332	0.0871369	0	0.0373444	0.0248963	0.0580913	0.0414938	0.00414938	0.0207469	0.0912863	
c.1.2	265	0.143396	0.0566038	0.0415094	0.0490566	0.0113208	0.0377358	0.0603774	0.0754717	0.0188679	0.0716981	0.0981132	0.0301887	0.0188679	0.045283	0.0641509	0.0603774	0.0264151	0	0.0264151	0.0641509	
c.1.2	261	0.114943	0.045977	0.0306513	0.0421456	0.0114943	0.0229885	0.0651341	0.0804598	0.0114943	0.0574713	0.0996169	0.0574713	0.0344828	0.0153257	0.0689655	0.0613027	0.0498084	0.00766284	0.0268199	0.0957854	
c.1.2	230	0.0826087	0.0347826	0.0347826	0.0695652	0.0130435	0.0304348	0.0478261	0.0826087	0.0217391	0.1	0.073913	0.0652174	0.0130435	0.0304348	0.0608696	0.0782609	0.0304348	0.00869565	0.0130435	0.108696	
c.1.2	253	0.0869565	0.055336	0.0237154	0.0671937	0.00395257	0.0158103	0.0869565	0.0909091	0.0158103	0.0790514	0.0948617	0.0671937	0.0197628	0.0513834	0.0197628	0.0513834	0.055336	0.00395257	0.0158103	0.0948617	
c.1.2	217	0.101382	0.0460829	0.0506912	0.0645161	0.0138249	0.0184332	0.0645161	0.0599078	0.0276498	0.0875576	0.0921659	0.0506912	0.0184332	0.0276498	0.0737327	0.0460829	0.0276498	0.0138249	0.0138249	0.101382	
c.1.2	221	0.0497738	0.0226244	0.0678733	0.0497738	0.00904977	0.0316742	0.0633484	0.0497738	0.0271493	0.0859729	0.0950226	0.0769231	0.040724	0.0452489	0.0452489	0.0633484	0.0588235	0.00904977	0.0271493	0.081448	
c.1.2	200	0.17	0.1	0.005	0.025	0.005	0.02	0.105	0.09	0.005	0.035	0.135	0.03	0.01	0.035	0.09	0.025	0.01	0.015	0.02	0.07	
c.1.2	254	0.129921	0.0984252	0.011811	0.0354331	0	0.00393701	0.114173	0.0866142	0.011811	0.0314961	0.165354	0.0314961	0.011811	0.0275591	0.0629921	0.0511811	0.023622	0	0.015748	0.0866142	
c.1.2	189	0.0529101	0.0529101	0.031746	0.0634921	0.015873	0	0.0899471	0.0634921	0.026455	0.0952381	0.0952381	0.100529	0.026455	0.042328	0.042328	0.0582011	0.031746	0.010582	0.015873	0.0846561	
c.1.2	224	0.151786	0.0625	0.0223214	0.0803571	0.0133929	0.0133929	0.0714286	0.107143	0.00892857	0.0357143	0.125	0.0357143	0.00446429	0.00892857	0.0267857	0.0401786	0.0669643	0.0178571	0.0178571	0.0892857	
c.1.2	212	0.117925	0.0801887	0.0283019	0.0707547	0.0141509	0.0141509	0.0754717	0.0990566	0.00943396	0.103774	0.0707547	0.0283019	0.0377358	0.0424528	0.0424528	0.0424528	0.0330189	0	0.0188679	0.0707547	
c.1.2	238	0.142857	0.0420168	0.0294118	0.0462185	0.012605	0.0378151	0.0714286	0.0630252	0.0168067	0.0840336	0.105042	0.0546218	0.0210084	0.0504202	0.0672269	0.0378151	0.0252101	0	0.0252101	0.0672269	
c.1.2	222	0.0900901	0.036036	0.0225225	0.0720721	0.0135135	0.045045	0.0720721	0.0585586	0.027027	0.0810811	0.0855856	0.0540541	0	0.027027	0.036036	0.0495495	0.0675676	0	0.036036	0.0945946	
c.1.2	230	0.121739	0.0347826	0.0173913	0.0565217	0.0130435	0.0434783	0.0782609	0.0869565	0.0130435	0.117391	0.073913	0.073913	0.026087	0.0217391	0.0565217	0.0347826	0.0521739	0	0.0217391	0.0565217	
c.1.2	245	0.138776	0.0612245	0.0285714	0.044898	0.00816327	0.0163265	0.102041	0.0897959	0.0244898	0.0571429	0.0653061	0.0489796	0.0408163	0.0244898	0.0367347	0.0285714	0.0367347	0	0.0204082	0.126531	
c.1.2	206	0.11165	0.0679612	0.0339806	0.0582524	0	0.00485437	0.0776699	0.092233	0.00970874	0.140777	0.0631068	0.0679612	0.0242718	0.0242718	0.0485437	0.0242718	0.0242718	0.00485437	0.0339806	0.0873786	
c.1.2	318	0.0283019	0.0220126	0.132075	0.0628931	0.0157233	0.0188679	0.072327	0.0377358	0.00628931	0.106918	0.0628931	0.110063	0.0345912	0.0660377	0.0220126	0.0503145	0.0440252	0	0.0691824	0.0377358	
c.1.2	318	0.0597484	0.0345912	0.0628931	0.0566038	0.0283019	0.0503145	0.072327	0.0597484	0.0220126	0.0597484	0.0943396	0.0880503	0.0283019	0.0566038	0.0283019	0.0440252	0.0345912	0	0.0597484	0.0597484	
c.1.2	217	0.129032	0.0322581	0.0322581	0.0691244	0.0138249	0.0322581	0.0599078	0.0691244	0.0276498	0.0691244	0.078341	0.0506912	0.0276498	0.0460829	0.0368664	0.0460829	0.0552995	0.00460829	0.0230415	0.0967742	
c.1.2	323	0.0464396	0.0185759	0.123839	0.0526316	0.0185759	0.0278638	0.0650155	0.0402477	0.00928793	0.0990712	0.0743034	0.102167	0.0340557	0.0588235	0.0278638	0.0433437	0.0402477	0	0.0804954	0.0371517	
c.1.8	306	0.140523	0.0261438	0.0784314	0.0196078	0.00653595	0.0326797	0.0196078	0.107843	0.0228758	0.0359477	0.0555556	0.0294118	0.0359477	0.0457516	0.0588235	0.0751634	0.0490196	0.0130719	0.0490196	0.0980392	
c.1.8	500	0.08	0.054	0.05	0.062	0.01	0.05	0.056	0.092	0.028	0.042	0.078	0.042	0.028	0.046	0.068	0.04	0.036	0.02	0.05	0.068	
c.1.8	475	0.105263	0.0421053	0.0863158	0.0610526	0.00842105	0.0505263	0.0294737	0.0968421	0.0105263	0.0273684	0.0589474	0.0147368	0.0210526	0.0442105	0.04	0.0863158	0.08	0.0273684	0.0631579	0.0463158	
c.1.8	302	0.109272	0.0231788	0.0794702	0.0596026	0.00662252	0.0231788	0.0264901	0.0860927	0.0198675	0.0695364	0.0728477	0.0662252	0.00993377	0.0298013	0.0298013	0.0860927	0.0629139	0.0231788	0.0430464	0.0695364	
c.1.8	304	0.0690789	0.0460526	0.0493421	0.0460526	0.00986842	0.0526316	0.0625	0.0559211	0.0427632	0.0427632	0.0855263	0.0625	0.0263158	0.0526316	0.0493421	0.0526316	0.0328947	0.0230263	0.0625	0.0756579	
c.1.8	179	0.0726257	0.0446927	0.0391061	0.0837989	0	0.0391061	0.0446927	0.100559	0.0558659	0.0446927	0.0558659	0.0670391	0.0111732	0.0391061	0.027933	0.0502793	0.0614525	0.0391061	0.0670391	0.0558659	
c.1.8	302	0.0860927	0.0331126	0.0728477	0.0629139	0.00662252	0.0364238	0.0562914	0.10596	0.0364238	0.0596026	0.0629139	0.0231788	0.0165563	0.0298013	0.0331126	0.0695364	0.0596026	0.0298013	0.0463576	0.0728477	
c.1.8	490	0.0734694	0.0530612	0.0571429	0.0632653	0.0102041	0.0183673	0.0489796	0.0755102	0.0265306	0.0469388	0.0897959	0.0653061	0.0183673	0.0632653	0.0530612	0.0612245	0.0408163	0.0244898	0.0673469	0.0428571	
c.1.8	332	0.0481928	0.0421687	0.0662651	0.0722892	0.0150602	0.0240964	0.0963855	0.0481928	0.0271084	0.0783133	0.0843373	0.0813253	0.0240964	0.060241	0.0331325	0.0451807	0.0240964	0.0240964	0.060241	0.0451807	
c.1.8	406	0.0862069	0.0320197	0.0985222	0.08867	0.00492611	0.0246305	0.0172414	0.0689655	0.0221675	0.0492611	0.0615764	0.0492611	0.0246305	0.0640394	0.0344828	0.0738916	0.0837438	0.0172414	0.0517241	0.046798	
c.1.8	283	0.0636042	0.0530035	0.0424028	0.0636042	0.0282686	0.0459364	0.0600707	0.0742049	0.0106007	0.0636042	0.109541	0.04947	0.00353357	0.0424028	0.0530035	0.0671378	0.0459364	0.0176678	0.0636042	0.0424028	
c.1.8	406	0.091133	0.0369458	0.0935961	0.0763547	0.00492611	0.0418719	0.0246305	0.0763547	0.0246305	0.0591133	0.0591133	0.044335	0.0246305	0.0566502	0.0394089	0.0615764	0.0714286	0.0147783	0.0517241	0.046798	
c.1.8	402	0.0597015	0.0472637	0.0995025	0.0895522	0.00497512	0.0348259	0.0273632	0.0820896	0.0223881	0.0497512	0.0671642	0.039801	0.0422886	0.0572139	0.0348259	0.0671642	0.0472637	0.0174129	0.0497512	0.0597015	
c.1.8	393	0.0687023	0.0407125	0.0534351	0.0763359	0	0.0559796	0.0559796	0.0788804	0.0305344	0.0356234	0.0636132	0.0687023	0.0127226	0.0483461	0.0356234	0.0610687	0.0559796	0.0356234	0.0585242	0.0636132	
c.1.8	447	0.0559284	0.0559284	0.0559284	0.0626398	0.0111857	0.0559284	0.0559284	0.0872483	0.0380313	0.0671141	0.0693512	0.0201342	0.0268456	0.0514541	0.0402685	0.0469799	0.049217	0.033557	0.0514541	0.064877	
c.1.8	499	0.0440882	0.0360721	0.0621242	0.0761523	0.0160321	0.0300601	0.0400802	0.0841683	0.0240481	0.0641283	0.0721443	0.0521042	0.0160321	0.0541082	0.0521042	0.0761523	0.0661323	0.0200401	0.0741483	0.0400802	
c.1.8	382	0.0680628	0.0471204	0.0314136	0.0942408	0.013089	0.039267	0.0549738	0.0680628	0.0366492	0.039267	0.0890052	0.0602094	0.0157068	0.078534	0.0549738	0.0314136	0.0549738	0.0235602	0.039267	0.0602094	
c.1.8	358	0.0586592	0.0363128	0.0670391	0.0726257	0.0111732	0.0558659	0.0195531	0.0921788	0.0167598	0.0530726	0.0837989	0.0251397	0.0139665	0.0335196	0.0586592	0.0726257	0.0614525	0.0502793	0.0530726	0.0642458	
c.1.8	380	0.0605263	0.0342105	0.107895	0.0657895	0.0184211	0.0315789	0.0342105	0.0736842	0.0184211	0.0763158	0.0473684	0.0552632	0.0342105	0.0473684	0.0368421	0.0631579	0.0473684	0.0289474	0.05	0.0684211	
c.1.8	311	0.073955	0.022508	0.0482315	0.0707395	0.00643087	0.0482315	0.0385852	0.102894	0.0192926	0.0418006	0.0932476	0.0868167	0.022508	0.0578778	0.0514469	0.0514469	0.0450161	0.0192926	0.0353698	0.0643087	
c.1.8	265	0.120755	0.0415094	0.0716981	0.0716981	0	0.0490566	0.0301887	0.0943396	0.0113208	0.0339623	0.0754717	0.0339623	0.00754717	0.0377358	0.0377358	0.0641509	0.0603774	0.00754717	0.0603774	0.090566	
c.1.8	291	0.113402	0.0343643	0.103093	0.04811	0	0.0274914	0.0584192	0.0756014	0.0137457	0.0687285	0.0412371	0.0687285	0.0137457	0.0274914	0.0343643	0.0859107	0.0446735	0.0343643	0.0446735	0.0618557	
c.1.8	400	0.04	0.04	0.05	0.0825	0.005	0.025	0.0825	0.0825	0.0275	0.08	0.065	0.08	0.0125	0.06	0.0375	0.045	0.0325	0.0125	0.0675	0.0725	
c.1.8	282	0.0921986	0.0212766	0.0744681	0.0602837	0.0035461	0.0425532	0.0177305	0.0957447	0.0035461	0.070922	0.0531915	0.0744681	0.035461	0.035461	0.0425532	0.0744681	0.0673759	0.0212766	0.0602837	0.0531915	
c.1.8	500	0.108	0.082	0.016	0.04	0.002	0.02	0.1	0.09	0.026	0.022	0.108	0.034	0.02	0.062	0.076	0.028	0.03	0.042	0.036	0.058	
c.1.8	498	0.0803213	0.0401606	0.0562249	0.0722892	0.0120482	0.0401606	0.0562249	0.0843373	0.0160643	0.0461847	0.0783133	0.062249	0.0341365	0.0461847	0.0582329	0.0421687	0.0361446	0.0240964	0.0441767	0.0702811	
c.1.8	314	0.0605096	0.0796178	0.0477707	0.0541401	0.0127389	0.0477707	0.0732484	0.0605096	0.0127389	0.0382166	0.0923567	0.0636943	0.0254777	0.0477707	0.0509554	0.044586	0.0414013	0.0318471	0.0541401	0.0605096	
c.1.8	312	0.144231	0.0448718	0.0448718	0.0833333	0.0128205	0.0448718	0.0448718	0.0769231	0.0160256	0.025641	0.0608974	0.0576923	0.0160256	0.0512821	0.0320513	0.0544872	0.0480769	0.0224359	0.0320513	0.0865385	
c.1.8	334	0.0838323	0.0149701	0.0508982	0.0748503	0.00898204	0.0299401	0.0598802	0.0718563	0.00898204	0.0479042	0.122754	0.0269461	0.00898204	0.0239521	0.0389222	0.0988024	0.0778443	0.0329341	0.0628743	0.0538922	
c.1.8	358	0.0893855	0.0307263	0.0810056	0.0642458	0	0.0223464	0.0865922	0.0949721	0.0307263	0.0502793	0.0670391	0.0307263	0.0251397	0.0307263	0.0586592	0.0586592	0.0418994	0.0307263	0.0446927	0.0614525	
c.1.8	554	0.0866426	0.0631769	0.0559567	0.0830325	0.0108303	0.0523466	0.0433213	0.066787	0.0288809	0.0487365	0.0956679	0.0252708	0.0234657	0.0505415	0.0487365	0.0595668	0.0361011	0.0252708	0.0451264	0.0505415	
c.1.8	354	0.0819209	0.0338983	0.0819209	0.0621469	0.0169492	0.0451977	0.0451977	0.10452	0.0282486	0.0367232	0.0508475	0.0225989	0.0169492	0.0536723	0.0367232	0.079096	0.0508475	0.0225989	0.0508475	0.079096	
c.1.8	354	0.0819209	0.0649718	0.0649718	0.0932203	0.0112994	0.0508475	0.0282486	0.115819	0.0282486	0.039548	0.0423729	0.0282486	0.0169492	0.0480226	0.0536723	0.0508475	0.0254237	0.0508475	0.0480226	0.0564972	
c.1.8	306	0.140523	0.0424837	0.0882353	0.0392157	0.00326797	0.0359477	0.0261438	0.0980392	0.00326797	0.0555556	0.0718954	0.0326797	0.0163399	0.0424837	0.0490196	0.0784314	0.0490196	0.00653595	0.0522876	0.0686275	
c.1.8	572	0.0541958	0.0472028	0.0332168	0.0751748	0.00524476	0.013986	0.0856643	0.0524476	0.0192308	0.0629371	0.106643	0.0891608	0.0174825	0.0594406	0.0804196	0.041958	0.0332168	0.0192308	0.0472028	0.0559441	
c.1.8	448	0.138393	0.078125	0.0245536	0.0803571	0.00446429	0.0223214	0.0446429	0.0870536	0.0357143	0.0245536	0.100446	0.0178571	0.00669643	0.0334821	0.0647321	0.0424107	0.0602679	0.03125	0.0424107	0.0602679	
c.1.8	289	0.121107	0.0380623	0.0657439	0.0519031	0.00692042	0.0449827	0.0346021	0.0588235	0.017301	0.0588235	0.0795848	0.0380623	0.0207612	0.0519031	0.0553633	0.0553633	0.0657439	0.0207612	0.0484429	0.0657439	
c.1.8	305	0.0819672	0.0196721	0.0688525	0.0721311	0.00655738	0.042623	0.0393443	0.0852459	0.00983607	0.0786885	0.052459	0.0295082	0.0327869	0.0393443	0.0491803	0.0786885	0.0786885	0.0393443	0.0459016	0.0491803	
c.1.8	422	0.0829384	0.0734597	0.056872	0.0781991	0	0.042654	0.042654	0.101896	0.0308057	0.0379147	0.0758294	0.0260664	0	0.0402844	0.0521327	0.0473934	0.0473934	0.028436	0.049763	0.049763	
c.1.8	553	0.0994575	0.0669078	0.0470163	0.0560579	0.00180832	0.0560579	0.045208	0.0759494	0.0307414	0.0379747	0.074141	0.034358	0.0271248	0.0488246	0.0596745	0.0524412	0.045208	0.034358	0.0488246	0.0578662	
c.1.8	408	0.0612745	0.0367647	0.0661765	0.0906863	0.0171569	0.0441176	0.0612745	0.0759804	0.0245098	0.0710784	0.0833333	0.0343137	0.0122549	0.0416667	0.0318627	0.0661765	0.0318627	0.0367647	0.0661765	0.0465686	
c.1.8	332	0.0813253	0.0451807	0.0903614	0.0512048	0.0060241	0.0421687	0.0301205	0.0662651	0.0180723	0.0391566	0.0753012	0.0331325	0.0271084	0.0331325	0.0512048	0.0843373	0.0421687	0.0512048	0.0512048	0.0813253	
c.1.8	332	0.0933735	0.0331325	0.0903614	0.0512048	0.0060241	0.0331325	0.0301205	0.0662651	0.0150602	0.060241	0.0753012	0.0391566	0.0180723	0.0301205	0.0512048	0.0993976	0.0572289	0.0481928	0.0391566	0.063253	
c.1.8	239	0.0627615	0.0543933	0.041841	0.0669456	0.0125523	0.0334728	0.0251046	0.0753138	0.0334728	0.0585774	0.0962343	0.0585774	0.0209205	0.0585774	0.041841	0.0878661	0.0711297	0.0251046	0.0460251	0.0292887	
c.1.8	245	0.102041	0.0326531	0.0571429	0.0571429	0.00816327	0.0734694	0.044898	0.0693878	0.0163265	0.0204082	0.106122	0.0612245	0.0204082	0.0530612	0.0367347	0.0530612	0.0734694	0.0244898	0.0408163	0.0489796	
c.1.8	329	0.0516717	0.0455927	0.0364742	0.0699088	0.00303951	0.0151976	0.0759878	0.0881459	0.0212766	0.0303951	0.0881459	0.0790274	0.00911854	0.0516717	0.0577508	0.0334347	0.0486322	0.0516717	0.0820669	0.0577508	
c.1.8	347	0.100865	0.037464	0.0432277	0.0951009	0.0115274	0.0317003	0.0288184	0.106628	0.0317003	0.0518732	0.0634006	0.0518732	0.0317003	0.0403458	0.0461095	0.0489914	0.037464	0.0432277	0.037464	0.0605187	
c.1.8	393	0.0687023	0.0356234	0.0483461	0.0839695	0.00254453	0.0381679	0.0356234	0.0788804	0.0203562	0.0381679	0.0712468	0.0610687	0.0254453	0.0534351	0.0458015	0.0534351	0.0712468	0.0407125	0.0712468	0.0559796	
c.1.8	403	0.0595533	0.0645161	0.0744417	0.0595533	0.0248139	0.0198511	0.0496278	0.104218	0.0198511	0.0496278	0.0521092	0.0421836	0.0223325	0.044665	0.044665	0.057072	0.0421836	0.0397022	0.0421836	0.0843672	
c.1.8	303	0.115512	0.0330033	0.0825083	0.0561056	0.00660066	0.0594059	0.0231023	0.0693069	0.0132013	0.0561056	0.0726073	0.0462046	0.00990099	0.029703	0.0429043	0.0660066	0.0726073	0.0264026	0.029703	0.0858086	
c.1.8	305	0.137705	0.0196721	0.0852459	0.0754098	0.00655738	0.0295082	0.0229508	0.0819672	0.0131148	0.0622951	0.0622951	0.0557377	0.00327869	0.0295082	0.0590164	0.0491803	0.0688525	0.0327869	0.042623	0.0622951	
c.1.8	653	0.0275651	0.0490046	0.0612557	0.0750383	0.00306279	0.0290965	0.0765697	0.0444104	0.0199081	0.0872894	0.093415	0.0643185	0.0260337	0.0520674	0.0260337	0.0689127	0.0413476	0.0122511	0.0612557	0.0520674	
c.1.8	382	0.0471204	0.0549738	0.0445026	0.0837696	0.0157068	0.039267	0.0628272	0.0628272	0.0366492	0.0549738	0.078534	0.0497382	0.0235602	0.0706806	0.0628272	0.039267	0.0471204	0.0287958	0.0418848	0.0549738	
c.1.8	378	0.0608466	0.047619	0.0820106	0.0820106	0.0185185	0.0396825	0.042328	0.116402	0.0238095	0.047619	0.0582011	0.0238095	0.0291005	0.0502646	0.0449735	0.0608466	0.0343915	0.0185185	0.0449735	0.0714286	
c.1.8	356	0.117978	0.0533708	0.011236	0.0814607	0.00561798	0.0224719	0.0533708	0.0926966	0.0252809	0.0280899	0.0786517	0.0421348	0.0140449	0.0224719	0.0646067	0.0477528	0.0561798	0.0337079	0.0674157	0.0814607	
c.1.8	357	0.0812325	0.0644258	0.0644258	0.0952381	0.0112045	0.0532213	0.0252101	0.117647	0.0280112	0.0392157	0.0420168	0.0280112	0.0168067	0.047619	0.0532213	0.0532213	0.0252101	0.0504202	0.047619	0.0560224	
c.1.8	217	0.119816	0.0552995	0.0737327	0.0506912	0.00921659	0.0230415	0.00921659	0.105991	0.0230415	0.0368664	0.0276498	0.0276498	0.0184332	0.0414747	0.0322581	0.101382	0.0921659	0.0506912	0.0460829	0.0552995	
c.1.8	432	0.0717593	0.0277778	0.099537	0.0717593	0	0.0486111	0.0138889	0.0902778	0.0138889	0.0439815	0.0555556	0.0393519	0.0138889	0.0486111	0.0486111	0.0856481	0.0787037	0.0324074	0.0740741	0.0416667	
c.1.8	258	0.0658915	0.0387597	0.0581395	0.0813953	0.00775194	0.0310078	0.0465116	0.0620155	0.0348837	0.0387597	0.131783	0.0581395	0.00387597	0.0503876	0.0542636	0.0658915	0.0348837	0.00775194	0.0620155	0.0658915	
c.1.8	292	0.0582192	0.0650685	0.0582192	0.0684932	0.0171233	0.0547945	0.0445205	0.0787671	0.0445205	0.0410959	0.0856164	0.0308219	0.0342466	0.0273973	0.0719178	0.0410959	0.0410959	0.0342466	0.0410959	0.0616438	
c.1.8	318	0.132075	0.0220126	0.0754717	0.0786164	0.00628931	0.0408805	0.0125786	0.119497	0.00943396	0.0345912	0.081761	0.0786164	0.00943396	0.0471698	0.0440252	0.0628931	0.0471698	0.0283019	0.0345912	0.0345912	
c.1.8	293	0.0750853	0.0682594	0.0443686	0.0784983	0.0273038	0.0546075	0.0477816	0.0853242	0.00682594	0.0580205	0.0989761	0.0307167	0.0375427	0.0273038	0.0614334	0.0477816	0.0375427	0.0375427	0.0409556	0.0341297	
c.1.8	393	0.114504	0.0966921	0.0178117	0.0458015	0.0152672	0.0305344	0.086514	0.0737913	0.0381679	0.0152672	0.0916031	0.0178117	0.0178117	0.0559796	0.0763359	0.0305344	0.0381679	0.0381679	0.0407125	0.0585242	
c.1.8	534	0.0617978	0.0561798	0.0449438	0.071161	0.00749064	0.0449438	0.0599251	0.0805243	0.0355805	0.0636704	0.0636704	0.0468165	0.0187266	0.0486891	0.0430712	0.0430712	0.0561798	0.0299625	0.0580524	0.0655431	
c.1.8	257	0.07393	0.0233463	0.0622568	0.0817121	0.0077821	0.0233463	0.0350195	0.07393	0.0194553	0.0389105	0.0894942	0.101167	0.0233463	0.0505837	0.0583658	0.0661479	0.0466926	0.0272374	0.0544747	0.0428016	
c.1.8	391	0.0383632	0.056266	0.0358056	0.0792839	0.00511509	0.0204604	0.0716113	0.0767263	0.0332481	0.056266	0.0818414	0.0613811	0.028133	0.0792839	0.0409207	0.0588235	0.0306905	0.0332481	0.0460358	0.0664962	
c.1.8	478	0.0481172	0.0732218	0.0690377	0.0857741	0	0.0502092	0.0481172	0.0523013	0.0251046	0.0564854	0.0585774	0.0543933	0.0292887	0.0606695	0.0502092	0.0585774	0.0481172	0.0313808	0.0585774	0.041841	
c.1.8	371	0.0673854	0.06469	0.0539084	0.0754717	0	0.0269542	0.0592992	0.083558	0.0512129	0.0350404	0.102426	0.032345	0.0269542	0.0592992	0.0377358	0.0350404	0.0431267	0.0404313	0.0539084	0.0512129	
c.1.8	361	0.0692521	0.033241	0.0470914	0.0831025	0.00831025	0.0193906	0.0581717	0.0941828	0.0277008	0.0609418	0.0637119	0.0470914	0.0110803	0.0526316	0.0387812	0.0443213	0.0387812	0.0581717	0.0803324	0.0637119	
c.1.8	330	0.0757576	0.069697	0.0333333	0.0787879	0.0121212	0.0424242	0.0727273	0.0454545	0.0454545	0.0636364	0.0757576	0.0454545	0.0242424	0.0636364	0.0424242	0.0484848	0.0363636	0.0272727	0.0272727	0.069697	
c.1.8	289	0.0346021	0.0276817	0.0588235	0.0761246	0.00346021	0.0311419	0.0726644	0.0588235	0.0311419	0.083045	0.0761246	0.0795848	0.00346021	0.0588235	0.0588235	0.0692042	0.0588235	0.0138408	0.0380623	0.0657439	
c.1.8	277	0.0722022	0.032491	0.0541516	0.0433213	0.00361011	0.0433213	0.0361011	0.0902527	0.0108303	0.0577617	0.0758123	0.0577617	0.0288809	0.0216606	0.0541516	0.119134	0.0469314	0.032491	0.0649819	0.0541516	
c.1.8	349	0.0487106	0.0515759	0.0286533	0.0716332	0.0143266	0.0372493	0.0515759	0.0659026	0.0229226	0.0630372	0.0888252	0.0630372	0.0143266	0.0601719	0.0544413	0.0687679	0.0573066	0.0286533	0.0487106	0.0601719	
c.1.8	302	0.13245	0.0430464	0.0562914	0.0728477	0.013245	0.0430464	0.0331126	0.0860927	0.0264901	0.0264901	0.0562914	0.0496689	0.0165563	0.0463576	0.0298013	0.0827815	0.0529801	0.0198675	0.0331126	0.0794702	
c.1.8	391	0.0639386	0.0409207	0.0434783	0.0792839	0	0.0409207	0.0511509	0.0818414	0.0460358	0.0383632	0.0690537	0.0690537	0.0153453	0.0485934	0.0332481	0.0511509	0.0588235	0.0358056	0.0664962	0.0664962	
c.1.8	379	0.0897098	0.055409	0.055409	0.0712401	0	0.0527704	0.0501319	0.0765172	0.0158311	0.0474934	0.060686	0.0369393	0.0105541	0.0474934	0.055409	0.0395778	0.0633245	0.0343008	0.0474934	0.0897098	
c.1.8	406	0.0738916	0.0369458	0.0935961	0.0812808	0.00492611	0.0394089	0.0295567	0.0788177	0.0270936	0.0591133	0.0615764	0.0418719	0.0246305	0.0566502	0.0394089	0.0665025	0.0665025	0.0147783	0.0566502	0.046798	
c.1.8	454	0.0726872	0.030837	0.0462555	0.0837004	0.00440529	0.0220264	0.0792952	0.0770925	0.0396476	0.061674	0.061674	0.0704846	0.0176211	0.0550661	0.0440529	0.0286344	0.0418502	0.0198238	0.0814978	0.061674	
c.1.8	443	0.0812641	0.0564334	0.0383747	0.0790068	0.00902935	0.0541761	0.0677201	0.0790068	0.027088	0.0406321	0.0519187	0.0632054	0.0248307	0.0496614	0.0519187	0.0564334	0.0361174	0.027088	0.0474041	0.0586907	
c.1.8	407	0.0712531	0.029484	0.0909091	0.0859951	0	0.036855	0.029484	0.0859951	0.027027	0.044226	0.0737101	0.0540541	0.019656	0.0540541	0.027027	0.0540541	0.0835381	0.019656	0.0614251	0.0515971	
c.1.8	344	0.0813953	0.0145349	0.0813953	0.0523256	0.0232558	0.0581395	0.0232558	0.0988372	0.0203488	0.0377907	0.0523256	0.0290698	0.00581395	0.0465116	0.0290698	0.0843023	0.0959302	0.0436047	0.0523256	0.0697674	
c.1.8	449	0.0668151	0.0467706	0.0445434	0.0757238	0.0111359	0.0244989	0.0601336	0.10245	0.0289532	0.064588	0.091314	0.0378619	0.0311804	0.0356347	0.0423163	0.0489978	0.0378619	0.0356347	0.0668151	0.0467706	
c.1.8	481	0.0602911	0.049896	0.0561331	0.0602911	0.004158	0.018711	0.0686071	0.0727651	0.024948	0.047817	0.0873181	0.0602911	0.022869	0.045738	0.0623701	0.0561331	0.022869	0.035343	0.0582121	0.0852391	
c.1.8	367	0.0817439	0.0463215	0.0544959	0.0626703	0.0163488	0.0217984	0.0708447	0.0708447	0.0354223	0.0681199	0.0708447	0.0572207	0.0299728	0.0245232	0.0463215	0.0408719	0.0381471	0.0299728	0.0572207	0.0762943	
c.1.8	292	0.0719178	0.0410959	0.0513699	0.0924658	0.0342466	0.0513699	0.0445205	0.0719178	0.0205479	0.0547945	0.0890411	0.0410959	0.0410959	0.0410959	0.0479452	0.0582192	0.0273973	0.0445205	0.0410959	0.0342466	
c.1.8	434	0.0806452	0.0460829	0.0437788	0.0875576	0.00230415	0.0299539	0.0506912	0.0691244	0.0345622	0.0529954	0.0875576	0.0529954	0.0230415	0.0414747	0.0414747	0.0576037	0.0599078	0.0115207	0.0460829	0.078341	
c.1.8	371	0.0754717	0.0377358	0.0592992	0.0781671	0	0.0512129	0.0619946	0.0539084	0.0242588	0.0700809	0.0619946	0.097035	0.0188679	0.0404313	0.0566038	0.0296496	0.032345	0.0242588	0.0539084	0.0727763	
c.1.8	370	0.0459459	0.027027	0.0702703	0.0513514	0.00810811	0.0594595	0.0324324	0.0837838	0.0162162	0.0567568	0.0810811	0.0702703	0.027027	0.0567568	0.0378378	0.0756757	0.0594595	0.027027	0.0540541	0.0594595	
c.1.8	213	0.13615	0.0751174	0.0516432	0.0516432	0.0187793	0.0422535	0.0469484	0.0657277	0.00469484	0.0375587	0.0657277	0.0328638	0	0.0422535	0.0657277	0.028169	0.0422535	0.0328638	0.056338	0.103286	
c.1.8	382	0.0759162	0.0602094	0.0340314	0.0863874	0.0157068	0.0340314	0.0549738	0.0602094	0.0366492	0.0471204	0.0890052	0.0575916	0.0209424	0.0680628	0.065445	0.026178	0.0445026	0.026178	0.0445026	0.052356	
c.1.8	314	0.0987261	0.022293	0.0732484	0.0923567	0.022293	0.0191083	0.0254777	0.0859873	0.022293	0.044586	0.0923567	0.044586	0.022293	0.0318471	0.0414013	0.0828025	0.0541401	0.0382166	0.0318471	0.0541401	
c.1.8	274	0.080292	0.0437956	0.0364964	0.0693431	0.0145985	0.0218978	0.0255474	0.116788	0.040146	0.0218978	0.0839416	0.0583942	0.0145985	0.0364964	0.0474453	0.0729927	0.0510949	0.0328467	0.0620438	0.0693431	
c.1.8	301	0.112957	0.0232558	0.0730897	0.0697674	0.00996678	0.0365449	0.0431894	0.0697674	0.0232558	0.0465116	0.0797342	0.0431894	0.013289	0.0332226	0.0232558	0.109635	0.0431894	0.0299003	0.0431894	0.0730897	
c.1.8	354	0.0932203	0.0254237	0.0564972	0.0508475	0.0141243	0.0254237	0.0536723	0.115819	0.0282486	0.0564972	0.0734463	0.0310734	0.00847458	0.0649718	0.059322	0.0706215	0.0367232	0.019774	0.0677966	0.0480226	
c.1.8	330	0.121212	0.0575758	0.0242424	0.0515152	0.00909091	0.0636364	0.0757576	0.0848485	0.030303	0.0515152	0.0969697	0.0363636	0	0.0393939	0.0424242	0.0515152	0.0181818	0.0121212	0.0272727	0.069697	
c.1.8	293	0.112628	0.0204778	0.0853242	0.0614334	0	0.0307167	0.0546075	0.0921502	0.0238908	0.0716724	0.0477816	0.0409556	0.0102389	0.0443686	0.0238908	0.0648464	0.0853242	0.0341297	0.0341297	0.0614334	
c.1.8	485	0.0412371	0.0721649	0.043299	0.043299	0.00206186	0.014433	0.117526	0.0639175	0.0185567	0.043299	0.123711	0.0804124	0.0103093	0.0742268	0.0494845	0.0412371	0.0226804	0.0309278	0.0556701	0.0515464	
c.1.8	344	0.0843023	0.0406977	0.0784884	0.0755814	0.00290698	0.0465116	0.0465116	0.0755814	0.0290698	0.0610465	0.0523256	0.0406977	0.0174419	0.0377907	0.0261628	0.0959302	0.0610465	0.0348837	0.0465116	0.0465116	
c.1.8	273	0.0842491	0.043956	0.0805861	0.0695971	0.021978	0.040293	0.0512821	0.0989011	0.014652	0.043956	0.0549451	0.043956	0.03663	0.029304	0.029304	0.0842491	0.047619	0.040293	0.043956	0.040293	
c.1.8	390	0.0717949	0.0435897	0.0769231	0.107692	0	0.0435897	0.0538462	0.0794872	0.0307692	0.0410256	0.0666667	0.0333333	0.0230769	0.0487179	0.0282051	0.0461538	0.0410256	0.0461538	0.0641026	0.0538462	
c.1.8	426	0.129108	0.100939	0.0211268	0.0492958	0.00469484	0.0117371	0.0798122	0.0868545	0.0234742	0.028169	0.107981	0.0117371	0.00704225	0.0469484	0.0798122	0.0305164	0.0328638	0.0305164	0.0539906	0.0633803	
c.1.8	346	0.0404624	0.0375723	0.0491329	0.0578035	0.0115607	0.017341	0.0895954	0.066474	0.0260116	0.066474	0.0606936	0.0693642	0.0144509	0.083815	0.0549133	0.0462428	0.0462428	0.0231214	0.0693642	0.0693642	
c.1.8	479	0.0208768	0.0375783	0.0647182	0.0730689	0.00417537	0.0313152	0.106472	0.0688935	0.0313152	0.0605428	0.0626305	0.0793319	0.0563674	0.0313152	0.0313152	0.0501044	0.0417537	0.0334029	0.0605428	0.0542797	
c.1.8	346	0.083815	0.0491329	0.0433526	0.0809249	0.00289017	0.0260116	0.0606936	0.066474	0.0433526	0.0606936	0.0953757	0.083815	0.0260116	0.0462428	0.0375723	0.0404624	0.0462428	0.0260116	0.0346821	0.0462428	
c.1.8	387	0.108527	0.0258398	0.0594315	0.0645995	0	0.0361757	0.0516796	0.100775	0.0232558	0.0361757	0.0620155	0.0697674	0.0129199	0.0413437	0.0361757	0.0542636	0.0620155	0.0284238	0.0516796	0.0749354	
c.1.8	364	0.10989	0.0274725	0.0906593	0.0824176	0.010989	0.0357143	0.0357143	0.043956	0.0302198	0.0467033	0.0631868	0.0494505	0.0274725	0.0412088	0.0384615	0.0521978	0.0686813	0.0192308	0.043956	0.0824176	
c.1.8	410	0.0902439	0.0414634	0.0634146	0.0634146	0	0.0439024	0.0780488	0.0707317	0.0195122	0.0439024	0.0634146	0.0463415	0.0390244	0.0390244	0.0365854	0.0512195	0.0560976	0.0390244	0.0536585	0.0609756	
c.1.8	483	0.057971	0.0641822	0.057971	0.0662526	0.00207039	0.0165631	0.0600414	0.0807453	0.0269151	0.0455487	0.0766046	0.047619	0.0227743	0.047619	0.0538302	0.0641822	0.0393375	0.0351967	0.0703934	0.0641822	
c.1.8	491	0.0549898	0.0427699	0.0672098	0.0733198	0.0101833	0.0183299	0.0610998	0.0814664	0.0203666	0.0549898	0.0773931	0.0610998	0.0264766	0.0529532	0.0610998	0.0610998	0.0468432	0.0244399	0.0651731	0.0386965	
c.1.8	302	0.119205	0.0596026	0.0728477	0.0629139	0.013245	0.0562914	0.0331126	0.0827815	0.0165563	0.0364238	0.0529801	0.0298013	0.0231788	0.0397351	0.0231788	0.089404	0.0596026	0.0298013	0.0331126	0.0662252	
c.1.8	316	0.117089	0.0632911	0.0443038	0.0696203	0.0126582	0.0664557	0.0316456	0.0917722	0.0158228	0.0411392	0.0411392	0.0443038	0.028481	0.0379747	0.028481	0.0601266	0.0601266	0.0316456	0.0348101	0.0791139	
c.1.8	324	0.0617284	0.0462963	0.058642	0.0555556	0.00925926	0.0185185	0.104938	0.0524691	0.0246914	0.0802469	0.0679012	0.0833333	0.0185185	0.0524691	0.037037	0.0401235	0.0339506	0.0308642	0.058642	0.0648148	
c.1.8	417	0.0791367	0.0191847	0.0719424	0.0527578	0.00719424	0.0335731	0.059952	0.0839329	0.0143885	0.0455635	0.0815348	0.0791367	0.0311751	0.0479616	0.0455635	0.0551559	0.0551559	0.0239808	0.0647482	0.0479616	
c.1.8	245	0.0530612	0.0326531	0.0408163	0.0734694	0.0122449	0.0408163	0.0530612	0.0734694	0.0204082	0.0734694	0.0938776	0.0734694	0.0204082	0.0408163	0.0612245	0.077551	0.044898	0.0163265	0.0612245	0.0367347	
c.1.8	423	0.0638298	0.0591017	0.0401891	0.0449173	0.00236407	0.0212766	0.0803783	0.0591017	0.0260047	0.0614657	0.0921986	0.0827423	0.0260047	0.0661939	0.0449173	0.0425532	0.0378251	0.035461	0.0661939	0.0472813	
c.1.8	325	0.0276923	0.0584615	0.0492308	0.0584615	0.0123077	0.0153846	0.0923077	0.0615385	0.0369231	0.0923077	0.0861538	0.0676923	0	0.0676923	0.0492308	0.0461538	0.0369231	0.0461538	0.0369231	0.0430769	
c.1.8	346	0.109827	0.0549133	0.0867052	0.0693642	0.00578035	0.0520231	0.0346821	0.0722543	0.0202312	0.0462428	0.066474	0.0260116	0.017341	0.0433526	0.0491329	0.0693642	0.0404624	0.0202312	0.0433526	0.0722543	
c.1.8	347	0.0605187	0.0461095	0.037464	0.0605187	0.00864553	0.0230548	0.0691643	0.0634006	0.037464	0.054755	0.0806916	0.0605187	0.0115274	0.0806916	0.0576369	0.0461095	0.0461095	0.0230548	0.0576369	0.074928	
c.1.8	260	0.0923077	0.0307692	0.0730769	0.0769231	0.00384615	0.0423077	0.0269231	0.0730769	0.0230769	0.0269231	0.111538	0.05	0.0153846	0.0384615	0.05	0.0692308	0.05	0.0230769	0.0576923	0.0653846	
c.1.8	245	0.102041	0.0326531	0.0571429	0.0571429	0.00816327	0.0693878	0.0489796	0.0693878	0.0163265	0.0204082	0.106122	0.0612245	0.0204082	0.0530612	0.0367347	0.0530612	0.0734694	0.0244898	0.0408163	0.0489796	
c.1.8	462	0.047619	0.0281385	0.0649351	0.0670996	0.00649351	0.0238095	0.0584416	0.0714286	0.0194805	0.0692641	0.0779221	0.0844156	0.017316	0.0519481	0.0562771	0.0562771	0.0519481	0.030303	0.0714286	0.0454545	
c.1.8	490	0.0632653	0.0387755	0.0612245	0.0653061	0.0122449	0.0428571	0.0591837	0.0795918	0.022449	0.055102	0.0979592	0.0591837	0.022449	0.0408163	0.0612245	0.0469388	0.0346939	0.022449	0.0489796	0.0653061	
c.1.8	297	0.0909091	0.047138	0.0875421	0.0707071	0	0.03367	0.047138	0.104377	0.023569	0.0673401	0.0673401	0.020202	0.020202	0.026936	0.020202	0.0606061	0.0673401	0.043771	0.040404	0.0606061	
c.1.8	409	0.0488998	0.0415648	0.0537897	0.0757946	0	0.0268949	0.0733496	0.0929095	0.0317848	0.0635697	0.0586797	0.0611247	0.0146699	0.0611247	0.0537897	0.0366748	0.0440098	0.0268949	0.0806846	0.0537897	
c.1.8	382	0.0811518	0.078534	0.0287958	0.078534	0.0052356	0.0340314	0.078534	0.0628272	0.026178	0.0471204	0.0890052	0.0366492	0.0209424	0.078534	0.052356	0.0366492	0.0497382	0.026178	0.039267	0.0497382	
c.1.8	523	0.0726577	0.0535373	0.042065	0.0783939	0.00382409	0.0382409	0.0650096	0.0745698	0.0172084	0.0707457	0.0975143	0.0516252	0.0133843	0.0458891	0.0650096	0.0669216	0.0305927	0.0344168	0.0267686	0.0516252	
c.1.8	388	0.0850515	0.056701	0.0412371	0.0695876	0.0128866	0.0335052	0.0412371	0.0979381	0.0180412	0.0695876	0.064433	0.056701	0.0438144	0.0309278	0.0438144	0.0515464	0.056701	0.0103093	0.0386598	0.0773196	
c.1.8	230	0.0913043	0.0391304	0.0695652	0.0565217	0.0173913	0.0130435	0.0782609	0.0652174	0.0391304	0.0869565	0.1	0.0565217	0.0173913	0.0521739	0.0304348	0.0608696	0.0347826	0.00869565	0.0434783	0.0391304	
c.1.8	303	0.115512	0.0561056	0.0693069	0.0660066	0.0132013	0.0528053	0.029703	0.10231	0.0165017	0.039604	0.0528053	0.0330033	0.019802	0.039604	0.019802	0.0792079	0.0693069	0.029703	0.0330033	0.0627063	
c.1.8	320	0.06875	0.04375	0.103125	0.0625	0.01875	0.0375	0.05	0.0625	0.015625	0.071875	0.059375	0.046875	0.040625	0.05	0.05	0.05	0.040625	0.021875	0.05625	0.05	
c.1.8	344	0.0697674	0.0319767	0.0639535	0.0755814	0	0.0406977	0.0610465	0.0639535	0.0319767	0.0813953	0.0843023	0.0784884	0.0174419	0.0465116	0.0261628	0.0668605	0.0581395	0.0145349	0.0465116	0.0406977	
c.1.8	297	0.0774411	0.0808081	0.037037	0.0808081	0.010101	0.013468	0.0707071	0.0942761	0.047138	0.030303	0.0639731	0.016835	0.037037	0.043771	0.047138	0.0639731	0.043771	0.023569	0.037037	0.0808081	
c.1.8	348	0.0517241	0.0545977	0.045977	0.0747126	0.0143678	0.0114943	0.0833333	0.0689655	0.0201149	0.0603448	0.0948276	0.0718391	0	0.0517241	0.0488506	0.0517241	0.045977	0.0316092	0.0344828	0.0632184	
c.1.8	381	0.0734908	0.023622	0.0577428	0.0944882	0.0183727	0.0288714	0.0393701	0.0734908	0.0183727	0.0656168	0.0734908	0.023622	0.015748	0.0341207	0.0393701	0.0892388	0.0682415	0.0288714	0.0761155	0.0577428	
c.1.8	285	0.0526316	0.0491228	0.0526316	0.077193	0.00350877	0.0280702	0.108772	0.0631579	0	0.0842105	0.0666667	0.0491228	0	0.045614	0.045614	0.0701754	0.0175439	0.0350877	0.0701754	0.0631579	
c.1.8	411	0.0948905	0.0705596	0.026764	0.0705596	0.00486618	0.0340633	0.0754258	0.0948905	0.0510949	0.0194647	0.109489	0.0170316	0.0170316	0.0462287	0.0486618	0.0316302	0.0608273	0.0243309	0.0559611	0.0462287	
c.1.8	366	0.122951	0.0437158	0.0327869	0.0874317	0	0.0136612	0.0519126	0.117486	0.0191257	0.0382514	0.0737705	0.0191257	0.00546448	0.0628415	0.0409836	0.0546448	0.079235	0.0218579	0.0382514	0.0765027	
c.1.8	350	0.0685714	0.0371429	0.0714286	0.0457143	0.00571429	0.0457143	0.0485714	0.102857	0.0542857	0.0342857	0.0685714	0.0485714	0.0342857	0.0485714	0.0228571	0.0942857	0.0514286	0.0342857	0.0371429	0.0457143	
c.1.8	370	0.072973	0.0486486	0.0567568	0.0810811	0.0189189	0.0216216	0.0621622	0.0675676	0.0243243	0.0783784	0.0675676	0.0675676	0.0324324	0.0324324	0.0459459	0.0513514	0.0297297	0.027027	0.0540541	0.0594595	
c.1.8	317	0.0788644	0.044164	0.0599369	0.0883281	0	0.0283912	0.0630915	0.0662461	0.0252366	0.0599369	0.0504732	0.0599369	0.0378549	0.044164	0.0473186	0.0504732	0.0504732	0.0283912	0.0567823	0.0599369	
c.1.8	310	0.0709677	0.0419355	0.0677419	0.0677419	0.00645161	0.0387097	0.0580645	0.0612903	0.0225806	0.0612903	0.0677419	0.0612903	0.0225806	0.0354839	0.0612903	0.0580645	0.0451613	0.0387097	0.0580645	0.0548387	
c.1.8	312	0.112179	0.0416667	0.0801282	0.0288462	0.00320513	0.0576923	0.0320513	0.0897436	0.00320513	0.0544872	0.0801282	0.0160256	0.0128205	0.0416667	0.0673077	0.0961538	0.025641	0.00961538	0.0576923	0.0897436	
c.1.8	394	0.0659898	0.0532995	0.0888325	0.0685279	0	0.0329949	0.0507614	0.0812183	0.035533	0.035533	0.0532995	0.0482234	0.0228426	0.0431472	0.035533	0.0482234	0.0583756	0.0406091	0.0659898	0.071066	
c.1.8	285	0.0947368	0.0280702	0.0982456	0.0596491	0.00350877	0.0315789	0.0245614	0.0631579	0.0140351	0.0350877	0.0912281	0.0631579	0.0210526	0.045614	0.0491228	0.077193	0.0666667	0.00350877	0.0631579	0.0666667	
c.1.8	338	0.0769231	0.0532544	0.0325444	0.0680473	0.0266272	0.0266272	0.0473373	0.0798817	0.0266272	0.0295858	0.0798817	0.0591716	0.0236686	0.0680473	0.0532544	0.056213	0.0443787	0.0473373	0.0473373	0.0532544	
c.1.8	563	0.0888099	0.0461812	0.044405	0.0905861	0.0071048	0.053286	0.0479574	0.0728242	0.0195382	0.0408526	0.0852575	0.044405	0.0248668	0.035524	0.0373002	0.0781528	0.0674956	0.0159858	0.0373002	0.062167	
c.1.8	394	0.0659898	0.0482234	0.0888325	0.0786802	0	0.0380711	0.0507614	0.0786802	0.035533	0.0329949	0.0634518	0.0482234	0.0228426	0.0456853	0.035533	0.0431472	0.0532995	0.0406091	0.0634518	0.0659898	
c.1.8	381	0.0813648	0.0209974	0.0603675	0.0971129	0.0183727	0.0419948	0.0262467	0.0761155	0.0183727	0.0577428	0.0682415	0.0367454	0.0183727	0.0367454	0.0419948	0.0656168	0.0761155	0.023622	0.0761155	0.0577428	
c.1.8	273	0.0732601	0.025641	0.0769231	0.0512821	0.021978	0.040293	0.014652	0.117216	0.00732601	0.0732601	0.0842491	0.0512821	0.00732601	0.032967	0.0512821	0.0915751	0.047619	0.025641	0.0622711	0.043956	
c.1.8	442	0.0656109	0.0497738	0.0542986	0.0633484	0.00226244	0.020362	0.0769231	0.081448	0.0271493	0.0678733	0.0656109	0.0656109	0.0113122	0.0565611	0.0452489	0.0384615	0.0294118	0.0339367	0.0588235	0.0859729	
c.1.8	189	0.0687831	0.021164	0.0740741	0.0899471	0.010582	0.0634921	0.037037	0.0634921	0.015873	0.0634921	0.0687831	0.037037	0.026455	0.0634921	0.047619	0.0634921	0.047619	0.015873	0.0687831	0.0529101	
c.1.8	348	0.0632184	0.0574713	0.0574713	0.0545977	0.00862069	0.0316092	0.0747126	0.0689655	0.0229885	0.0402299	0.0718391	0.045977	0.0373563	0.0632184	0.0517241	0.0603448	0.0402299	0.0344828	0.0632184	0.0517241	
c.1.8	354	0.0847458	0.0367232	0.0423729	0.0536723	0.00847458	0.0367232	0.039548	0.0677966	0.0423729	0.0451977	0.115819	0.0451977	0.0169492	0.0564972	0.0649718	0.0621469	0.059322	0.0310734	0.039548	0.0508475	
c.1.8	394	0.0532995	0.0329949	0.0862944	0.0634518	0.0101523	0.0634518	0.0482234	0.0888325	0.0279188	0.0456853	0.0812183	0.035533	0.00507614	0.0532995	0.0406091	0.0507614	0.0482234	0.0507614	0.0456853	0.0685279	
c.1.8	238	0.0756303	0.0672269	0.0462185	0.0630252	0.012605	0.0252101	0.0378151	0.0672269	0.0294118	0.0588235	0.10084	0.0504202	0.012605	0.0546218	0.0420168	0.0756303	0.0714286	0.0252101	0.0462185	0.0378151	
c.1.8	273	0.102564	0.043956	0.0805861	0.0512821	0.003663	0.03663	0.0512821	0.0695971	0.018315	0.0879121	0.032967	0.043956	0.010989	0.03663	0.029304	0.0732601	0.0549451	0.0549451	0.0622711	0.0549451	
c.1.8	339	0.0855457	0.0471976	0.0530973	0.0766962	0.00589971	0.0265487	0.0560472	0.079646	0.0176991	0.0324484	0.079646	0.0560472	0.0324484	0.0383481	0.0560472	0.0884956	0.0471976	0.0294985	0.0501475	0.0412979	
c.1.8	406	0.0566502	0.0369458	0.0862069	0.0862069	0	0.0295567	0.0221675	0.0812808	0.0221675	0.0615764	0.0566502	0.0320197	0.0295567	0.0615764	0.0394089	0.0714286	0.0935961	0.0147783	0.0689655	0.0492611	
c.1.8	403	0.0645161	0.0645161	0.0794045	0.0669975	0.0223325	0.0198511	0.044665	0.101737	0.0248139	0.0471464	0.0496278	0.0471464	0.0248139	0.0471464	0.0471464	0.0620347	0.0397022	0.0248139	0.0421836	0.0769231	
c.1.8	300	0.08	0.0266667	0.0666667	0.0833333	0	0.04	0.0833333	0.0833333	0.0266667	0.07	0.0533333	0.0333333	0.0233333	0.0333333	0.0366667	0.0733333	0.0366667	0.0366667	0.0433333	0.07	
c.1.9	349	0.0659026	0.0429799	0.0401146	0.0573066	0.0143266	0.0229226	0.100287	0.0630372	0.0315186	0.0458453	0.0888252	0.0802292	0.025788	0.0372493	0.0515759	0.0429799	0.0515759	0.0114613	0.0429799	0.0830946	
c.1.9	291	0.0687285	0.0584192	0.04811	0.0721649	0.0137457	0.0549828	0.0584192	0.0756014	0.0343643	0.0618557	0.0996564	0.0309278	0.0446735	0.0446735	0.024055	0.04811	0.0652921	0	0.0378007	0.0584192	
c.1.9	300	0.11	0.0366667	0.0466667	0.07	0.00666667	0.0266667	0.06	0.0933333	0.0466667	0.0833333	0.0433333	0.0466667	0.0333333	0.0333333	0.0366667	0.0533333	0.0933333	0.01	0.0166667	0.05	
c.1.9	283	0.120141	0.0424028	0.0318021	0.0600707	0.0176678	0.0318021	0.0565371	0.0989399	0.04947	0.0742049	0.0777385	0.0141343	0.024735	0.0176678	0.0459364	0.0459364	0.0918728	0.0141343	0.0141343	0.0671378	
c.1.9	335	0.101493	0.0447761	0.0208955	0.0597015	0.0179104	0.0238806	0.0716418	0.0835821	0.0298507	0.0507463	0.0835821	0.0626866	0.0238806	0.0537313	0.0447761	0.0477612	0.0716418	0.00895522	0.038806	0.0567164	
c.1.9	325	0.0892308	0.0338462	0.0338462	0.0553846	0.0123077	0.0492308	0.0861538	0.101538	0.0276923	0.0646154	0.0861538	0.0553846	0.0369231	0.0307692	0.0523077	0.0430769	0.0369231	0.00923077	0.0184615	0.0738462	
c.1.9	331	0.117825	0.0785498	0.0181269	0.0574018	0.0060423	0.0302115	0.0483384	0.0785498	0.021148	0.0755287	0.0996979	0.0241692	0.0151057	0.0453172	0.0422961	0.0755287	0.0725076	0.0120846	0.0151057	0.0664653	
c.1.9	369	0.0758808	0.0704607	0.0487805	0.0704607	0.0162602	0.0433604	0.0542005	0.0704607	0.0271003	0.0325203	0.105691	0.0271003	0.0216802	0.0352304	0.0433604	0.0731707	0.0542005	0.0135501	0.0298103	0.0867209	
c.1.9	451	0.0576497	0.0576497	0.0443459	0.0643016	0.00665188	0.0133038	0.0931264	0.0576497	0.0354767	0.0421286	0.097561	0.0709534	0.0310421	0.0465632	0.0421286	0.0465632	0.0532151	0.0288248	0.0354767	0.075388	
c.1.9	260	0.0576923	0.05	0.0384615	0.0615385	0.00769231	0.0192308	0.111538	0.05	0.05	0.0576923	0.0846154	0.0730769	0	0.0615385	0.05	0.05	0.0346154	0.00384615	0.0269231	0.107692	
c.1.9	332	0.0753012	0.0240964	0.0361446	0.063253	0.0180723	0.0361446	0.0753012	0.0963855	0.0240964	0.0572289	0.105422	0.0753012	0.0120482	0.0421687	0.0421687	0.0331325	0.0753012	0.0150602	0.0271084	0.063253	
c.1.9	334	0.10479	0.0269461	0.0299401	0.0598802	0.0149701	0.0359281	0.0598802	0.0838323	0.0209581	0.0538922	0.0778443	0.0598802	0.0239521	0.0359281	0.0508982	0.0658683	0.0718563	0.0149701	0.0359281	0.0718563	
c.1.9	330	0.112121	0.0545455	0.0272727	0.0666667	0.0151515	0.0181818	0.069697	0.0757576	0.0333333	0.0424242	0.0727273	0.0484848	0.0272727	0.0424242	0.0393939	0.0424242	0.0757576	0.00909091	0.030303	0.0939394	
c.1.9	288	0.0520833	0.0416667	0.0208333	0.0555556	0.0138889	0.00694444	0.0833333	0.0833333	0.0347222	0.0555556	0.118056	0.0833333	0	0.0451389	0.0347222	0.0833333	0.0659722	0	0.0208333	0.0798611	
c.1.9	271	0.095941	0.0479705	0.0258303	0.0553506	0.00738007	0.0184502	0.0553506	0.110701	0.0295203	0.0627306	0.103321	0.0332103	0.0110701	0.0258303	0.0516605	0.0811808	0.0701107	0.00369004	0.0147601	0.0922509	
c.1.9	281	0.0782918	0.0462633	0.0569395	0.0498221	0.0106762	0.0177936	0.0782918	0.0818505	0.0355872	0.0427046	0.117438	0.0533808	0.0391459	0.0569395	0.0355872	0.0462633	0.0498221	0.0106762	0.0355872	0.0569395	
c.1.9	320	0.090625	0.05	0.046875	0.053125	0.009375	0.053125	0.059375	0.078125	0.05625	0.053125	0.103125	0.03125	0.025	0.0375	0.034375	0.0375	0.065625	0.01875	0.028125	0.06875	
c.1.9	358	0.120112	0.0614525	0.0139665	0.0642458	0.0111732	0.0223464	0.0642458	0.0837989	0.0391061	0.0502793	0.100559	0.0307263	0.0335196	0.0335196	0.0670391	0.0502793	0.0586592	0.00837989	0.027933	0.0586592	
c.1.9	349	0.0716332	0.0458453	0.034384	0.0687679	0.0143266	0.0286533	0.0888252	0.0573066	0.0315186	0.0458453	0.0916905	0.0744986	0.0200573	0.034384	0.0515759	0.0487106	0.0573066	0.0114613	0.0458453	0.0773639	
c.1.9	257	0.0661479	0.0428016	0.0272374	0.0622568	0.0272374	0.0311284	0.0622568	0.0894942	0.0350195	0.105058	0.0894942	0.0661479	0.0194553	0.0311284	0.0428016	0.0505837	0.0661479	0	0.0194553	0.0661479	
c.1.9	260	0.119231	0.0653846	0.0307692	0.0576923	0.0269231	0.0461538	0.0769231	0.0576923	0.0346154	0.0538462	0.107692	0.0230769	0.0192308	0.0423077	0.0538462	0.0423077	0.0576923	0.0230769	0.0115385	0.05	
c.1.9	265	0.090566	0.0754717	0.0264151	0.090566	0.0188679	0.0301887	0.0716981	0.0528302	0.0415094	0.0339623	0.113208	0.0339623	0.0150943	0.0377358	0.0377358	0.0377358	0.0528302	0	0.0377358	0.101887	
c.1.9	332	0.0993976	0.0391566	0.0301205	0.0572289	0.0120482	0.0361446	0.0692771	0.0933735	0.0240964	0.0512048	0.0873494	0.063253	0.0150602	0.0481928	0.0391566	0.0542169	0.0692771	0.0150602	0.0301205	0.0662651	
c.1.9	296	0.114865	0.0405405	0.0608108	0.0472973	0.0236486	0.0202703	0.0641892	0.0912162	0.0236486	0.0641892	0.10473	0.0540541	0.0236486	0.027027	0.0371622	0.0304054	0.0641892	0.00337838	0.0304054	0.0743243	
c.1.9	259	0.104247	0.0694981	0.027027	0.0579151	0.011583	0.0656371	0.0656371	0.0656371	0.034749	0.03861	0.131274	0.03861	0.015444	0.046332	0.0656371	0.034749	0.03861	0.003861	0.023166	0.0617761	
c.1.9	616	0.0600649	0.0503247	0.0470779	0.0681818	0.0162338	0.0422078	0.0633117	0.0357143	0.0438312	0.0503247	0.108766	0.0616883	0.0162338	0.0551948	0.0503247	0.0568182	0.0422078	0.012987	0.0454545	0.0730519	
c.1.9	357	0.0532213	0.0336134	0.0588235	0.0812325	0.00840336	0.00560224	0.0756303	0.0448179	0.0504202	0.0812325	0.109244	0.092437	0.0196078	0.0532213	0.0196078	0.0672269	0.0308123	0.0112045	0.0392157	0.0644258	
c.1.9	325	0.0984615	0.0769231	0.04	0.08	0.00615385	0.04	0.0615385	0.0584615	0.0338462	0.0584615	0.107692	0.0307692	0.0246154	0.0553846	0.0676923	0.0276923	0.0430769	0.0246154	0.0276923	0.0369231	
c.1.9	343	0.0932945	0.0670554	0.0408163	0.0553936	0.0174927	0.0291545	0.0670554	0.0553936	0.0408163	0.0437318	0.0962099	0.0233236	0.0291545	0.0466472	0.058309	0.0437318	0.0699708	0.0058309	0.0262391	0.0874636	
c.1.9	306	0.0784314	0.0326797	0.0359477	0.0816993	0	0.0555556	0.0392157	0.0522876	0.0392157	0.0522876	0.120915	0.0359477	0	0.0392157	0.0784314	0.0457516	0.0588235	0.00653595	0.0555556	0.0718954	
c.1.9	271	0.099631	0.0848708	0.0184502	0.0479705	0.00738007	0.0664207	0.0590406	0.103321	0.0405904	0.0221402	0.147601	0.00738007	0	0.0369004	0.0442804	0.0516605	0.0295203	0.0184502	0.0258303	0.0701107	
c.1.9	334	0.0808383	0.0538922	0.0359281	0.0688623	0.0269461	0.0329341	0.0628743	0.0898204	0.0329341	0.0628743	0.0419162	0.0508982	0.0389222	0.0449102	0.0389222	0.0419162	0.0568862	0.0239521	0.0239521	0.0868263	
c.1.9	376	0.0718085	0.0319149	0.037234	0.0585106	0.018617	0.037234	0.0585106	0.0771277	0.0265957	0.0531915	0.0744681	0.0505319	0.037234	0.0265957	0.0505319	0.0771277	0.0771277	0.00531915	0.0585106	0.0691489	
c.1.9	300	0.11	0.0266667	0.0166667	0.05	0.00333333	0.0433333	0.0866667	0.09	0.0333333	0.0533333	0.116667	0.0633333	0.0233333	0.0333333	0.0366667	0.0633333	0.0666667	0.00333333	0.0266667	0.0533333	
c.1.9	326	0.0736196	0.0429448	0.0398773	0.0674847	0.0184049	0.0337423	0.0613497	0.0674847	0.0276074	0.0766871	0.0766871	0.0582822	0	0.0429448	0.0736196	0.0460123	0.0490798	0.0153374	0.0398773	0.0613497	
c.1.9	331	0.10574	0.0483384	0.0422961	0.0694864	0.0151057	0.0392749	0.0543807	0.0755287	0.0302115	0.0543807	0.0906344	0.0483384	0.0392749	0.0574018	0.0574018	0.0543807	0.021148	0.0241692	0.0120846	0.060423	
c.1.9	310	0.0451613	0.0193548	0.0774194	0.0451613	0.016129	0.0129032	0.0483871	0.0741935	0.0290323	0.0709677	0.1	0.1	0.0322581	0.0451613	0.0354839	0.0806452	0.0548387	0.00645161	0.0516129	0.0548387	
c.1.9	267	0.0861423	0.0224719	0.0449438	0.0749064	0.00749064	0.0449438	0.071161	0.0786517	0.0337079	0.082397	0.071161	0.071161	0	0.0374532	0.0337079	0.0299625	0.0599251	0.0149813	0.0299625	0.0786517	
c.1.9	306	0.117647	0.0849673	0.0196078	0.0522876	0.00980392	0.0196078	0.0653595	0.0882353	0.0392157	0.0196078	0.114379	0.00653595	0.0196078	0.0326797	0.0849673	0.0261438	0.0620915	0.0163399	0.0228758	0.0980392	
c.1.9	325	0.0738462	0.0676923	0.0461538	0.0615385	0.0246154	0.0215385	0.0646154	0.0953846	0.0276923	0.04	0.0953846	0.0523077	0	0.0523077	0.0523077	0.0646154	0.0430769	0.00923077	0.04	0.0523077	
c.1.9	289	0.131488	0.0380623	0.0311419	0.0415225	0.00346021	0.0415225	0.0588235	0.114187	0.0346021	0.0657439	0.103806	0.0138408	0	0.0138408	0.0415225	0.0519031	0.083045	0.00346021	0.0207612	0.0795848	
c.1.9	282	0.141844	0.0886525	0.0141844	0.0531915	0.0106383	0.0212766	0.0638298	0.0780142	0.0425532	0.035461	0.102837	0.0177305	0.0319149	0.0283688	0.0460993	0.0567376	0.0460993	0.0177305	0.0248227	0.0780142	
c.1.9	301	0.152824	0.0564784	0.0265781	0.0498339	0.013289	0.0199336	0.076412	0.0830565	0.0199336	0.0365449	0.139535	0.0365449	0.0199336	0.0232558	0.0365449	0.0431894	0.076412	0	0.0265781	0.0631229	
c.1.9	301	0.136213	0.0564784	0.013289	0.0431894	0.013289	0.0365449	0.076412	0.0830565	0.0265781	0.0498339	0.119601	0.0332226	0	0.0299003	0.0531561	0.0431894	0.0598007	0.00332226	0.0232558	0.076412	
c.1.9	415	0.0554217	0.0674699	0.053012	0.0698795	0.00963855	0.0313253	0.0891566	0.0409639	0.0289157	0.0554217	0.0963855	0.0481928	0.0385542	0.0481928	0.0409639	0.0554217	0.0385542	0.0313253	0.0240964	0.0771084	
c.1.9	310	0.119355	0.0322581	0.0258065	0.0580645	0	0.0451613	0.0612903	0.103226	0.0258065	0.0580645	0.0354839	0.0741935	0	0.0387097	0.0387097	0.0451613	0.0612903	0.00645161	0.0387097	0.0935484	
c.1.9	313	0.0607029	0.0447284	0.0607029	0.0447284	0.0159744	0.0191693	0.0766773	0.0607029	0.0319489	0.0511182	0.111821	0.057508	0.0191693	0.0415335	0.0255591	0.086262	0.0766773	0.00319489	0.0415335	0.0702875	
c.1.9	303	0.105611	0.039604	0.0594059	0.0627063	0.00660066	0.0132013	0.0660066	0.105611	0.039604	0.0759076	0.049505	0.0594059	0.0429043	0.0363036	0.019802	0.0561056	0.0561056	0.00990099	0.0165017	0.0792079	
c.1.9	303	0.105611	0.0363036	0.0429043	0.0693069	0.00330033	0.0231023	0.0627063	0.105611	0.0462046	0.0858086	0.0660066	0.039604	0.0363036	0.0264026	0.0528053	0.0528053	0.0693069	0.00990099	0.00660066	0.0561056	
