c.1.10	133.64	44.281	116.72	131.45	5.8685	114.27	100.13	41.292	78.565	28.264	-14.235	28.647	24.438	8.4458	-5.171	17.439	2.3522	-15.369	36.825	-6.4371	-8.2832	1.71	7.765	-3.6983	10.889	-15.959	-1.8774	-16.291	4.0891	0.36065	22.673
c.1.10	122.9	51.642	136.52	137.82	15.296	124.97	109.96	69.09	92.336	64.009	-1.2118	49.609	52.526	31.32	-15.761	37.321	8.7866	-39.094	61.042	17.734	-29.017	32.364	-2.1313	0.61008	7.5234	-13.14	18.062	12.582	29.57	-19.144	20.762
c.1.10	135.69	51.264	87.236	119.92	-5.4183	105.6	88.456	47.138	71.944	36.888	-13.134	33.738	20.663	26.185	-10.709	19.719	16.667	-19.491	33.721	-11.531	16.218	-11.552	2.0417	2.6075	14.658	-15.9	20.123	8.9518	0.5293	-10.121	18.093
c.1.10	135.57	43.38	104.08	132.42	7.9981	114.18	102.91	36.914	79.116	23.816	-11.521	23.444	23.888	3.3062	-2.0191	14.273	2.5294	-12.32	33.823	-9.8907	-9.9869	-0.87146	4.6964	0.12521	8.0995	-14.877	1.31	-15.085	3.4177	-5.4261	21.388
c.1.10	126.93	48.947	119.73	117.9	-7.3912	107.52	77.539	64.361	79.223	48.252	-18.087	35.784	47.393	23.232	-12.736	36.072	4.6535	-27.813	57.341	-9.7841	-10.253	5.9853	19.933	-3.1137	21.687	3.5871	18.716	-29.865	20.748	6.9018	24.441
c.1.10	135.94	31.791	119.54	138.92	13.508	117.99	121.66	38.206	80.756	29.27	-9.0517	28.766	21.356	2.353	-0.86779	15.474	-0.79544	-17.075	36.724	-5.4517	0.53088	-1.3438	1.6888	-2.0871	3.0661	-17.476	-8.2192	-9.7378	-8.0351	9.3942	26.537
c.1.10	136.32	40.565	106.87	128.61	3.4242	110.07	98.607	39.274	76.315	25.963	-9.9052	25.593	23.832	5.5358	-1.5933	16.31	1.5414	-13.736	36.21	-8.5894	-9.8979	-0.76316	7.1544	-1.2269	7.3868	-15.36	0.6536	-11.646	4.4306	-0.56412	22.907
c.1.10	120.71	76.727	128.32	128.7	7.6773	117.37	120.7	93.128	90.696	73.259	-6.069	50.085	85.1	47.411	-28.52	59.926	28.791	-51.741	58.665	8.4083	-29.613	51.119	16.924	-0.7299	19.827	13.8	26.299	-16.754	21.868	-13.739	20.57
c.1.10	123.97	33.947	131.89	127.93	-0.75234	116.43	104.76	73.844	78.176	67.889	-14.212	55.528	34.962	29.452	-22.122	42.135	4.6582	-49.956	54.276	-10.722	17.163	17.077	-5.9272	8.4512	37.798	-15.291	-1.4481	4.0369	17.678	-28.191	25.625
c.1.10	131.92	109.47	95.439	123.83	4.3386	114.42	102.71	61.815	82.274	35.184	-11.682	36.59	46.855	37.402	-21.556	31.411	30.191	-29.491	33.275	-10.129	7.171	-0.16816	3.2793	-13.11	15.693	3.2909	29.061	-4.0428	20.989	-21.213	12.225
c.1.10	127.21	51.267	124.05	119.74	-3.7093	109.82	75.218	64.138	81.872	51.482	-18.573	37.435	44.911	24.596	-15.076	35.167	7.078	-26.612	59.078	-10.585	-5.2179	2.0348	20.619	0.030714	26.315	2.49	18.214	-34.122	22.004	8.5462	23.751
c.1.10	120.55	128.99	103.59	123.85	-2.2318	115.84	130.44	77.577	78.52	54.84	-16.919	42.422	41.722	50.705	-16.731	38.381	47.47	18.503	67.896	-15.263	-21.582	-12.269	28.473	-3.953	29.147	-18.51	45.279	-18.182	29.525	-11.352	30.671
c.1.10	130.98	130.02	98.472	125.59	6.1227	116.81	105.01	65.634	83.543	39.442	-10.091	35.873	52.284	43.167	-20.913	32.979	36.216	-23.414	33.147	-6.8755	-9.507	2.98	0.24293	-15.645	18.082	6.6422	32.881	-10.154	26.781	-24.325	10.197
c.1.10	115.36	89.885	107.53	111.64	-10.823	101.46	96.464	84.961	78.324	50.375	-17.032	45.294	49.195	48.408	-16.743	45.129	27.629	-16.731	72.657	15.165	-18.783	5.0594	34.869	-6.4712	7.9722	-28.174	29.615	-12.586	28.761	-15.386	29.579
c.1.10	114.66	45.792	134.84	123.29	2.1862	113.1	93.761	85.623	84.232	76.378	-13.632	55.153	51.943	36.788	-23.812	51.388	-8.1707	-41.907	73.863	30.947	-21.192	36.702	11.993	7.2435	28.795	-23.646	12.352	-22.842	28.188	-20.953	29.081
c.1.10	116.23	120.52	117.42	123.6	0.36263	114.12	115.53	84.729	81.662	54.204	-12.949	49.532	51.879	50.773	-11.771	44.961	40.837	-11.249	67.721	-8.6934	-29.553	10.927	21.273	-5.2592	20.566	-8.4791	40.318	-8.2807	30.127	-21.931	25.203
c.1.10	117.76	107.38	106.37	122.89	-0.033244	115.99	128.5	83.56	81.186	61.918	-18.12	50.34	45.922	51.704	-16.021	44.144	38.745	-27.806	49.174	-7.0863	-21.293	14.588	-21.515	-3.8362	26.52	6.4273	34.315	3.4929	11.973	-27.649	23.879
c.1.10	133.77	23.001	116.83	137.2	17.009	120.75	110.34	61.803	87.152	47.435	-5.8099	43.754	60.339	12.149	-23.966	37.665	-2.3063	-61.677	37.272	6.3837	24.396	15.892	4.1059	-6.4563	-11.397	15.433	-5.4617	-27.366	11.241	-0.84732	21.484
c.1.10	126.35	63.152	148.98	132.66	10.272	119.05	139.02	86.282	89.977	65.266	-12.521	56.99	68.315	41.573	-37.473	53.275	33.119	-65.166	50.796	-16.152	5.1427	36.055	36.736	-11.629	-8.6151	0.25378	23.249	-8.6215	3.4712	-4.5121	24.327
c.1.10	126.93	59.705	131.07	123.4	-0.23374	112.95	92.414	69.683	83.053	56.505	-18.002	39.348	49.002	33.381	-18.86	37.716	12.65	-26.392	63.482	-0.56199	-1.0507	11.097	21.323	2.2204	33.626	-5.7852	22.208	-37.466	24.067	12.191	23.59
c.1.10	121.97	58.271	149.85	141.73	21.265	128.89	113.19	72.586	97.767	68.858	4.442	54.849	57.024	34.442	-18.031	39.039	12.76	-40.688	63.786	17.432	-30.402	35.276	3.0384	-0.69502	4.6467	-10.819	20.358	8.778	29.649	-19.647	21.723
c.1.10	133.25	18.722	119.45	139.93	20.458	122.97	108.19	60.092	89.866	47.197	-5.0438	45.493	60.195	6.9579	-21.672	36.974	-5.517	-58.33	37.641	8.4858	19.122	15.166	5.1763	-5.8362	-13.338	13.533	-9.3216	-26.275	11.833	-3.0536	23.146
c.1.10	133.38	108.75	91.911	121.72	1.8677	111.13	98.638	58.569	80.177	35.262	-9.1269	31.052	44.517	39.178	-20.235	28.28	33.157	-23.485	29.935	-7.2017	-6.9008	1.9753	2.5977	-15.045	14.507	4.8462	28.482	-10.071	20.225	-17.376	10.386
c.1.10	130.16	19.32	77.116	119.16	-11.496	104.34	49.474	49.567	70.954	45.218	-19.32	31.883	33.221	2.6799	-0.54908	27.363	-8.0566	-7.5205	46.385	-0.46305	-23.441	-5.4398	32.116	-7.3015	10.653	-6.2103	-13.92	-8.5666	32.035	-20.227	4.4653
c.1.10	121.66	28.471	150.7	134.98	13.223	122.48	81.563	65.145	92.564	54.134	-3.6566	59.488	43.536	21.012	-15.906	36.461	-5.956	-42.72	57.807	22.004	-25.691	29.518	-6.4427	-6.7646	3.6717	-11.337	-1.5212	12.946	31.44	-21.971	14.717
c.1.10	124.42	108.2	113.05	124.37	4.2701	116.14	109.37	87.325	88.044	64.487	-7.2406	54.277	62.519	50.502	-13.559	50.89	35.659	-37.787	45.513	-5.2698	-17.521	6.769	12.349	-14.867	26.409	8.4253	35.159	-8.1146	28.142	-22.643	18.629
c.1.10	126.05	61.126	135.79	129.48	7.7903	121.24	139.44	88.589	86.349	69.035	-0.32041	47.7	80.482	39.851	-44.23	56.099	28.908	-89.686	46.081	-22.306	24.399	34.866	30.406	-7.9275	-13.943	21.339	27.719	-20.388	-13.922	-17.584	19.524
c.1.10	127.79	40.262	141.84	132.08	5.4664	118.24	109.68	80.271	82.477	70.898	-13.027	64.882	41.108	36.923	-32.327	47.724	20.451	-67.504	48.347	-14.876	36.477	18.984	-0.86713	-1.6314	44.477	6.2051	6.6703	-23.008	19.924	-24.149	17.975
c.1.10	117.09	94.11	153.32	133.68	14.805	121.45	114.54	100.02	95.739	76.401	-0.68713	68.768	82.638	49.982	-26.843	66.896	28.298	-49.787	65.426	10.373	-34.273	43.324	21.871	-12.986	14.604	9.1005	26.939	-12.029	29.667	-19.723	16.945
c.1.10	128.64	90.988	136.82	131.46	9.384	118.51	129.86	94.452	87.551	65.275	-8.537	61.656	75.315	51.151	-32.405	60.105	43.389	-55.503	54.802	-2.911	-35.514	47.713	30.846	-12.722	11.495	8.8577	34.213	-21.786	27.749	-21.559	20.346
c.1.10	125.02	31.978	123.37	132.48	8.0836	118.79	81.654	41.628	87.682	35.274	-1.4301	25.564	31.208	8.4978	-12.406	14.393	2.893	-18.563	48.585	2.9088	-11.737	13.354	12.092	6.3431	17.287	-17.744	-11.498	-28.57	17.531	-16.286	21.955
c.1.10	113.77	134.66	126.16	128.79	10.055	118.82	135.38	88.485	89.263	55.797	-12.355	56.244	59.485	51.959	-15.076	47.786	34.741	-8.4041	79.579	9.5405	-25.789	8.591	24.72	-3.4026	29.428	-18.014	40.935	-28.172	28.37	-11.256	32.328
c.1.10	116.4	154.91	127.03	126.08	5.5092	117.85	127.61	91.265	86.242	60.726	-11.022	55.806	54.465	60.162	-19.944	47.636	45.323	20.948	84.337	21.35	-26.572	1.294	36.826	-2.581	28.151	-23.656	49.786	-42.719	31.423	0.56805	28.158
c.1.10	113.23	47.225	138.26	124.87	6.812	116.34	105.45	92.46	87.249	81.826	-9.7271	61.448	61.329	37.175	-22.155	59.544	-9.6925	-46.138	82.996	26.336	-18.277	32.079	-1.7079	2.4847	36.871	-14.476	13.369	-31.698	29.631	-17.367	31.117
c.1.10	124.72	43.011	147.67	141.49	18.129	121.58	115.78	79.13	97.053	73.403	1.0763	54.899	71.486	25.605	-28.513	49.721	-0.78575	-47.929	69.864	10.36	-29.124	47.974	1.5395	7.9303	30.465	4.0704	11.215	-16.907	25.043	-5.9184	28.062
c.1.10	112.86	87.064	109.66	114.71	-5.2448	105.44	116.21	100.5	79.86	62.844	-12.466	56.617	64.111	54.24	-25.578	63.498	33.493	-42.367	73.11	14.531	-16.793	23.531	29.895	-7.5839	9.2711	-22.164	28.57	1.8407	22.555	-18.425	28.991
c.1.10	133.12	47.258	76.003	122.76	6.277	106.4	98.38	56.937	88.602	52.846	-1.3063	25.024	58.238	37.864	-13.097	27.362	20.948	-43.427	29.291	9.8412	-31.732	38.276	-17.352	-7.1442	-2.7207	8.6198	23.354	8.1136	12.185	-19.441	10.845
c.1.10	126.93	77.231	129.81	118.92	-4.5849	109.45	74.854	71.959	81.477	53.965	-17.027	37.623	50.154	42.057	-21.8	37.452	28.01	-15.71	58.355	7.5952	-21.253	15.845	25.259	0.47328	21.42	1.9823	34.423	-33.954	22.56	7.9552	18.307
c.1.10	120.39	63.552	129.13	128.56	5.5993	117.98	101.06	71.416	87.002	58.282	-9.5578	48.493	45.701	36.218	-21.452	37.747	14.643	-28.982	54.087	16.009	-26.755	28.027	17.502	-2.146	27.029	-20.686	13.886	-27.818	22.852	-12.958	23.195
c.1.10	112.13	50.452	139.5	124.78	8.413	116.64	94.246	89.412	88.542	78.866	-13.989	61.472	57.948	37.036	-19.121	55.867	-7.7347	-39.712	79.619	27.355	-16.938	26.648	11.355	-0.77338	30.048	-17.328	15.164	-27.345	30.071	-16.346	29.3
c.1.10	113.77	122.87	114.3	115.91	-3.7053	107.3	109.96	94.922	81.705	57.09	-14.316	49.706	61.133	58.45	-24.269	52.859	40.75	-12.698	79.515	21.858	-24.934	12.403	38.949	-2.3967	17.837	-30.424	36.489	-23.054	28.668	-14.026	27.405
c.1.10	133.64	41.943	114.8	132.94	6.6276	115.23	98.171	37.826	78.199	27.042	-13.113	25.727	20.947	4.2195	-1.0634	14.607	0.85286	-10.506	36.156	-8.8601	-11.488	0.13348	4.5295	-1.8834	10.552	-17.486	-1.4595	-12.189	7.6142	-4.4113	21.763
c.1.10	126.78	55.353	129.23	122.02	-1.7345	111.27	85.764	67.051	82.85	54.07	-17.041	36.636	50.501	28.879	-17.366	36.698	8.5136	-28.148	59.776	-3.548	-3.9863	8.836	23.519	-0.24461	20.421	1.4312	20.732	-34.911	21.254	8.7868	25.487
c.1.10	127.36	56.968	127.39	120.93	-2.4694	109.6	83.718	72.607	83.052	55.356	-20.848	38.221	58.539	31.854	-19.666	40.523	13.086	-33.102	60.27	-2.4587	-9.6755	13.593	24.532	1.8653	24.145	3.8693	22.38	-36.72	19.432	9.1516	24.296
c.1.10	136.32	25.638	115.28	135.57	10.221	113.92	101.79	34.082	80.222	26.589	-9.6278	26.42	16.363	-2.8557	3.1546	12.679	-0.074506	-11.501	37.031	-7.1609	-12.167	2.7864	-3.1521	-0.32596	4.2159	-18.843	-11.371	7.4122	3.5305	1.7837	26.008
c.1.10	120.39	138.35	103.93	123.05	-4.6555	113.56	125.71	76.964	76.795	49.769	-16.703	42.635	38.428	51.741	-16.831	37.491	47.832	19.798	67.253	-6.4591	-24.876	-5.7046	23.279	-7.6985	26.7	-17.818	48.383	-18.094	30.415	-13.641	30.628
c.1.10	126.78	54.304	123.84	123.96	2.5403	114.98	86.241	68.265	85.536	57.202	-16.77	40.325	51.777	28.626	-16.63	37.957	13.121	-29.156	57.896	-9.6745	1.517	1.127	20.017	-3.1777	27.48	4.9615	20.284	-33.698	22.019	11.075	24.043
c.1.10	145.02	21.038	78.693	142.21	21.478	115.1	95.04	33.079	83.065	33.014	-4.8009	8.7359	36.994	5.9366	-7.2669	10.434	-6.5339	-34.381	31.611	8.7153	12.517	9.6465	9.2595	-0.13661	-12.766	7.9238	-7.0471	-27.143	-16.189	14.088	20.626
c.1.10	114.13	49.168	142.99	128.3	8.8928	118.48	103.97	86.655	88.199	82.957	-11.958	56.481	56.17	37.893	-24.405	51.711	-10.839	-40.895	77.844	38.29	-20.584	37.558	14.432	3.8156	32.383	-25.373	12.437	-29.28	28.985	-18.848	30.358
c.1.10	130.57	128.24	103.16	127.97	8.2682	117.79	108.85	63.611	85.368	37.534	-8.7111	35.657	51.769	40.057	-20.383	31.53	32.271	-24.199	35.931	-9.3461	-2.3045	-4.7317	3.4003	-13.366	18.017	5.8137	33.094	-14.211	23.488	-22.696	12.824
c.1.10	130.57	39.68	86.909	121.41	-7.021	106.58	58.293	54.746	74.102	47.617	-20.354	33.797	36.856	17.92	1.0735	29.892	-4.5355	-8.3716	42.299	-3.859	-24.286	-2.4174	30.71	-7.8318	8.3761	-4.7251	5.3956	-8.5026	31.721	-20.188	6.3892
c.1.10	140.8	35.55	87.467	113.84	-5.6167	99.581	43.673	42.923	74.24	30.444	-17.581	39.303	15.273	22.698	-5.1773	18.089	4.1811	-14.46	29.152	2.7234	4.4749	2.9888	-7.8982	-1.9182	20.9	-12.919	13.767	-9.8582	21.846	-1.7622	12.903
c.1.10	135.57	44.14	104.96	133.25	9.157	115	103.59	36.451	79.835	23.184	-9.8299	23.697	23.255	2.798	-1.2539	13.864	2.6293	-11.637	33.61	-10.364	-10.745	-1.204	4.5706	0.10042	7.7332	-15.546	1.2118	-13.839	1.7434	-5.6594	21.746
c.1.10	125.02	77.011	141.86	135.23	10.769	121.37	102.11	80.664	88.495	72.189	-4.6899	46.134	64.676	43.955	-24.143	45.55	29.981	-42.792	52.767	8.1163	-37.042	44.793	11.138	-5.1546	8.409	9.6119	27.793	5.7207	25.952	-2.7834	9.1597
c.1.2	119.9	22.519	97.876	136.68	11.742	121.38	134.04	82.841	89.933	90.323	-2.4836	60.155	61.517	27.858	-34.85	53.647	-12.054	-65.591	46.456	21.096	-0.60266	42.82	-29.322	-10.255	40.187	-27.466	-15.602	20.987	11.597	-21.154	26.05
c.1.2	118.26	86.458	137.35	123.6	3.2012	113.39	101.11	87.221	88.339	60.849	-8.5953	57.272	57.655	48.977	-22.69	48.914	26.989	-35.575	66.395	13.41	-13.2	19.288	15.262	-5.5539	36.456	0.17731	35.516	-41.906	23.542	5.8175	19.196
c.1.2	123.05	76.51	118.41	126.69	6.0187	119.85	95.137	89.97	87.224	83.852	-10.161	55.992	63.668	52.119	-23.94	54.725	32.635	-42.442	44.364	16.421	-19.149	33.764	18.627	2.7804	30.071	-3.2885	30.965	-17.116	23.196	-15.203	6.3458
c.1.2	118.92	64.637	137.41	126.02	2.1188	115.65	104.88	79.573	84.021	67.497	-13.335	53.856	41.692	41.331	-18.923	42.531	7.7447	-27.439	67.58	21.591	-16.637	19.132	3.3253	5.5752	43.893	-30.534	11.458	-14.406	26.896	-12.27	22.897
c.1.2	115.19	73.127	153.95	133.64	16.841	122.8	94.888	88.672	97.084	75.837	-5.7708	77.188	50.692	49.77	-21.607	49.758	25.82	-30.7	73.367	39.448	-26.101	27.854	17.106	-6.8658	30.868	-29.691	21.996	7.1167	31.702	-17.458	21.484
c.1.2	120.71	165.7	134.5	135.27	22.954	130.35	106.53	57.505	103.54	30.834	-4.6607	36.916	49.362	29.714	-9.3477	24.584	4.1324	2.3681	61.231	-4.7887	-28.688	-14.648	15.479	1.2863	3.3622	-10.216	46.573	-29.906	25.509	-26.465	22.594
c.1.2	120.55	31.283	115.33	138.57	11.271	122.36	129.38	80.379	87.451	89.413	0.26245	57.644	52.551	33.735	-33.909	48.168	0.18924	-58.815	46.17	14.281	-16.029	44.587	-20.808	-6.7896	39.116	-30.001	-9.7874	21.098	8.6573	-23.689	28.229
c.1.2	121.81	28.017	108.59	132.77	6.1297	117.83	131.62	78.441	85.915	81.357	-8.8403	51.913	53.897	30.876	-36.415	47.279	-2.5274	-61.445	45.305	17.253	-3.4922	44.742	-14.054	2.2173	35.785	-29.58	-14.218	17.467	-10.206	-16.054	31.728
c.1.2	128.64	152.66	100.2	130.6	24.056	127.99	81.797	30.913	103.9	-7.804	1.3513	11.363	31.191	-0.001315	-5.9374	-0.49238	-11.395	5.1418	42.849	-7.7557	7.9997	-23.948	16.646	-6.1627	-18.564	-2.6815	37.114	-37.175	21.525	-27.441	17.267
c.1.2	120.55	142.04	127.98	133.31	20.284	127.14	105.74	56.768	102.55	27.473	-3.3336	36.391	52.666	25.642	-3.6915	25.764	3.7978	-9.464	53.407	-2.5099	-26.525	-11.727	14.776	-2.9507	2.7642	-15.798	29.7	-25.713	28.321	-26.925	23.118
c.1.2	116.06	42.168	111.96	116.27	-4.185	108.24	89.392	85.008	82.685	62.746	-14.676	57.311	55.189	29.449	-18.94	53.733	-15.382	-49.289	70.051	16.328	3.3285	16.816	6.6958	-0.82055	29.57	6.3418	1.8576	-30.924	27.451	-13.949	23.885
c.1.2	112.68	116.94	159.78	134.77	23.337	127.18	107.08	86.428	103.35	72.334	-1.7205	88.748	31.812	59.949	-12.766	40.457	36.568	-14.635	75.727	46.782	-10.81	-2.2511	0.51931	-5.5358	32.277	-38.484	32.857	27.155	32.931	-23.892	12.711
c.1.2	121.02	32.939	110.07	133.47	6.8869	118.49	130.93	79.184	86.183	82.4	-8.6776	51.342	54.959	33.089	-35.758	47.239	-0.09651	-57.553	46.217	17.841	-6.653	42.925	-8.6836	0.61763	40.315	-29.788	-12.066	4.7232	-1.3146	-19.635	28.901
c.1.2	111.38	111.74	181.66	141.57	29.99	129.11	109.9	88.465	108.83	74.925	4.0602	91.977	39.396	56.901	-10.228	43.733	28.437	-18.313	81.19	47.574	-15.462	7.0355	26.868	-7.6026	26.243	-41.569	26.163	17.573	34.487	-22.239	12.406
c.1.2	114.13	79.461	137.8	123.98	3.86	114.4	92.788	81.918	85.162	64.388	-11.112	52.759	45.156	45.512	-5.9218	42.141	13.643	0.70873	81.246	18.581	-26.536	5.0458	23.796	-3.8899	28.898	-25.265	32.304	-26.857	33.214	-21.466	29.006
c.1.2	118.43	147.02	124.49	126.45	11.416	118.42	93.084	66.181	96.894	43.976	-5.5083	31.659	59.337	34.49	-14.321	31.201	13.633	10.464	71.929	-5.1592	-25.232	-18.076	28.9	-0.90209	22.874	-10.535	40.637	-47.95	31.479	-9.4815	23.678
c.1.2	122.75	51.726	136.31	128.97	3.7366	118.49	95.38	70.666	83.502	63.138	-14.46	53.604	35.113	34.274	-20.047	38.094	-0.46472	-35.215	51.987	20.73	-15.569	23.42	-15.836	6.5019	41.84	-23.864	-2.9447	-10.492	21.553	-19.764	14.205
c.1.2	122.13	50.22	136.22	127.2	0.52267	115.52	98.546	75.629	81.734	65.594	-13.813	56.971	35.499	35.444	-16.169	41.297	-2.1292	-34.501	60.588	23.295	-14.411	19.057	-13.137	-1.8664	40.729	-25.58	1.1468	-10.209	29.54	-20.375	17.991
c.1.2	117.09	51.587	148.56	137.25	18.1	124.6	124.17	87.974	97.257	83.606	-1.9394	77.692	51.611	40.497	-26.853	52.708	5.1607	-47.221	79.818	24.954	-8.7282	31.965	5.3302	-5.1007	36.067	-30.595	5.4279	16.574	25.879	-5.5276	35.913
c.1.2	120.87	139.99	132.4	132.77	18.593	126.15	112.21	60.711	100.57	31.516	-3.8753	39.287	52.18	30.057	-4.6609	27.898	4.706	-5.647	62.744	5.2185	-29.132	-9.3337	14.904	4.3251	7.5693	-18.129	35.216	-28.361	28.492	-22.717	23.576
c.1.2	114.84	86.106	159.04	134.11	18.155	123.79	117.41	93.469	98.299	81.634	-3.2169	80.147	50.166	54.038	-23.222	52.759	29.518	-25.956	88.565	46.272	-25.644	26.849	22.125	1.2292	35.706	-36.869	25.871	12.752	29.643	-7.7858	32.026
c.1.2	115.54	71.097	158.24	134.26	16.169	122.72	94.961	84.948	95.743	71.915	-4.651	73.556	46.967	47.256	-18.711	45.805	23.865	-22.206	79.782	38.103	-31.023	28.917	16.197	-2.0666	30.638	-30.572	24.038	1.0688	32.341	-14.044	26.728
c.1.2	111.76	133.61	168.53	137.15	27.134	128.25	104.59	88.956	107.14	71.535	0.56079	90.147	38.052	61.004	-9.5464	42.888	38.558	-7.1811	76.55	48.884	-21.107	0.0016702	25.135	-5.4365	28.821	-38.736	31.087	17.004	34.611	-24.638	9.4553
c.1.2	121.02	28.323	103.14	141.07	15.511	125.38	136.51	77.303	90.771	91.087	-2.4987	54.055	57.784	28.821	-32.012	46.546	-8.6263	-57.52	44.128	15.68	-6.2866	38.161	-23.091	-6.5263	42.771	-29.418	-13.73	20.685	0.77875	-19.842	27.915
c.1.2	109.67	140.63	127.22	118.68	7.9454	115.82	112.79	107.97	88.596	73.898	-6.1049	62.577	75.018	66.778	-18.071	65.941	45.06	-16.1	94.736	36.579	-29.671	14.784	21.017	-5.6213	41.724	-22.662	55.534	-34.107	31.508	-18.274	28.888
c.1.2	116.06	131.77	134.88	128.4	15.836	123.31	104.71	75.132	98.627	52.486	-3.8775	45.932	59.423	39.299	-11.215	37.575	17.159	-5.7055	72.021	1.1579	-28.249	-10.192	12.872	0.91396	29.923	-13.941	36.853	-37.23	30.294	-19.192	25.144
c.1.2	113.95	64.762	121.36	120.32	2.6837	112.24	92.674	87.721	86.653	69.988	-14.57	53.224	60.489	43.48	-16.103	51.594	10.528	-31.065	68.844	17.437	-18.264	14.698	18.906	-8.322	35.541	-13.573	23.871	-33.131	30.198	-15.779	19.873
c.1.2	118.43	49.189	132.23	124.34	0.23215	117.1	98.104	76.836	80.288	70.275	-12.008	47.326	44.504	33.601	-18.784	42.641	-3.6789	-32.616	63.268	16.648	-13.879	18.644	-12.934	0.59181	40.61	-11.816	11.535	-36.314	28.557	-22.651	23.067
c.1.2	114.48	70.945	127.41	129.61	16.056	121.37	134.64	86.785	98.625	58.612	-0.047879	63.277	73.79	39.554	-33.268	52.799	22.068	-60.031	48.838	10.398	-2.3915	36.738	18.313	-16.569	6.8878	-12.452	9.0333	-19.322	-2.5603	-4.8338	26.004
c.1.2	117.09	59.135	113.19	126.49	8.46	118.84	134.04	81.877	90.672	55.065	-6.3763	54.971	69.914	34.736	-29.932	49.621	20.004	-58.687	45.973	-1.3912	6.7954	29.522	-2.0516	-10.282	13.81	-0.023792	7.7181	-14.603	-11.631	-1.6154	30.192
c.1.2	119.58	92.935	126.69	124.76	5.4894	116.08	102.85	72.672	89.871	51.906	-7.2397	50.552	42.154	44.097	-26.685	36.945	25.251	-29.234	40.265	22.608	6.3737	14.263	17.343	-11.951	21.362	-20.247	13.728	-23	15.309	-15.737	15.909
c.1.2	112.86	95.158	126.65	119.95	3.097	112.39	90.706	89.496	86.203	66.832	-13.644	56.497	52.065	52.289	-9.3236	48.901	27.797	-12.782	71.195	22.545	-25.983	-0.61848	22.16	-7.9307	27.413	-22.118	35.02	-22.608	30.837	-19.257	18.52
c.1.2	130.44	39.047	85.363	111.6	-14.916	99.875	72.125	53.875	72.72	41.084	-20.962	29.348	34.767	14.969	-3.5477	28.505	-10.185	-15.855	48.868	1.7136	-8.4896	-6.3816	8.5183	4.1035	29.938	-15.762	5.8966	-16.621	23.681	-8.0526	18.699
c.1.2	130.44	36.831	86.979	113.25	-12.369	102.3	69.478	51.238	73.926	40.579	-19.828	26.986	34.867	10.19	-6.3033	26.693	-8.6136	-16.432	46.372	-5.1928	-7.2661	-7.671	10.236	2.5559	30.857	-11.001	2.4456	-25.663	25.149	-10.502	16.497
c.1.2	114.84	96.085	160.31	136.99	20.483	126.96	109.86	88.233	98.428	77.018	-2.839	76.1	48.09	52.729	-20.185	46.698	28.969	-19.354	81.33	44.056	-25.217	20.524	15.423	-4.7356	34.322	-33.921	29.127	3.7589	32.068	-15.628	25.981
c.1.2	131.12	35.371	84.949	113.14	-12.535	101.75	72.587	55.014	73.232	43.989	-21.024	29.573	38.052	13.008	-6.4454	30.205	-11.455	-21.034	45.995	0.73614	-5.8532	-5.7292	8.6744	1.8436	30.511	-11.752	0.61177	-21.497	23.665	-10.082	17.514
c.1.8	128.78	114.27	133.88	128.96	10.067	118.55	89.859	67.322	89.466	38.732	-7.2697	56.765	35.615	37.063	-13.574	34.761	17.5	-15.14	48.356	16.211	-35.761	18.86	24.462	-6.4723	6.5824	-10.631	26.429	-31.014	29.139	-10.305	15.089
c.1.8	151.68	228.16	138.67	141.97	35.96	121.51	56.433	46.139	87.693	29.92	-7.5434	25.513	24.895	43.689	-27.018	12.885	41.154	25.635	21.917	20.09	-12.781	-11.281	-9.4222	-8.7088	8.5421	-5.2603	24.008	-23.964	27.682	-59.626	3.5027
c.1.8	149.1	4.7457	74.752	129.75	30.62	118.81	43.966	31.743	91.613	27.842	-6.0119	14.985	42.281	-6.4386	-11.428	14.382	-4.2755	-36.284	19.189	3.0284	16.905	1.7055	10.702	-5.9375	6.5733	1.9142	-10.646	-21.301	-1.3962	-17.438	9.4674
c.1.8	128.07	42.603	105.35	128.29	6.0977	115.51	103.93	61.529	87.203	45.47	-12.795	47.724	43.54	16.834	-17.039	35.707	-10.467	-39.875	36.415	14.552	-12.727	14.139	16.727	-11.574	6.6569	-14.12	-16.974	-13.257	29.775	-23.139	5.8515
c.1.8	128.49	43.939	136.62	134.89	14.255	119.23	108.84	67.42	92.707	65.018	-5.2357	37.622	63.623	26.043	-20.594	38.105	4.9991	-43.53	52.251	-2.7258	-17.913	24.703	16.186	-4.6245	22.096	14.811	7.7996	-35.514	28.428	-20.225	24.647
c.1.8	107.7	18.814	6.8497	120.49	10.928	97.133	19.019	-13.297	102.63	-27.948	12.14	16.489	-32.794	25.742	-10.425	-27.323	-8.7795	-14.117	27.744	-9.3525	32.792	4.5916	-2.3155	-17.211	12.005	-37.158	8.0017	28.05	5.4947	-11.255	12.072
c.1.8	128.21	63.865	147.17	139.34	21.049	125.61	127.69	91.879	97.116	82.99	-7.624	51.267	97.961	46.286	-22.641	58.779	21.763	-65.345	55.119	19.697	-42.214	59.78	16.895	-11.199	24.248	18.817	18.606	-39.402	31.311	-29.147	22.1
c.1.8	150.66	72.237	119.53	136.13	29.139	121.42	69.863	46.954	82.638	37.733	-7.1774	49.784	12.765	41.544	-16.755	14.806	34.055	-21.947	26.439	18.198	16.15	-10.009	-2.3171	-6.5488	-4.3442	-15.901	20.978	20.726	6.7836	1.6601	12.139
c.1.8	132.32	48.581	121.17	124.06	3.0345	110.58	85.624	61.975	82.293	42.193	-9.8626	43.197	42.229	21.133	-16.094	35.822	-3.1201	-32.289	39.445	2.837	-15.322	16.72	7.6069	-9.4502	21.017	6.7808	6.3627	-37.414	30.622	-17.663	19.063
c.1.8	141.5	30.284	74.139	130.71	25.864	120.49	45.188	43.623	94.225	39.407	-6.2041	30.772	49.554	-5.0257	3.326	24.201	-12.278	-32.232	27.948	-0.54698	9.3632	-18.463	12.649	-8.042	-0.19199	4.0472	-9.4001	-12.911	21.691	-21.169	9.7361
c.1.8	125.47	175.59	157.55	137.23	21.911	126.44	114.67	96.329	102	71.41	-2.4259	68.944	76.337	64.101	-28.887	55.304	50.465	-25.895	59.94	39.565	-25.165	25.093	30.62	-8.8736	39.687	-21.027	37.608	-43.942	30.806	-12.499	13.265
c.1.8	141.5	29.571	74.685	131.55	26.529	120.94	45.667	44.113	94.533	40.111	-7.4615	31.17	50.811	-5.6789	3.6321	24.702	-12.242	-31.689	29.036	-0.66608	7.1314	-18.69	12.767	-7.946	2.8666	2.7549	-10.185	-11.427	22.907	-21.099	10.159
c.1.8	141.04	29.408	75.116	131.72	25.746	120.61	45.381	42.831	94.071	40.736	-5.6733	28.654	48.827	-4.8756	5.8509	23.172	-13.607	-28.634	29.377	2.3816	8.3724	-19.605	12.822	-7.9865	1.9773	3.8569	-9.3946	-17.229	22.741	-21.948	10.754
c.1.8	139.98	75.672	66.051	132.29	30.955	126.06	61.107	28.627	99.522	-10.2	-0.99401	0.9585	63.09	9.2606	-24.973	1.3257	26.578	-39.796	33.522	-12.208	13.581	16.658	8.3027	-9.1334	7.9646	13.539	13.12	-40.073	21.828	-10.404	14.969
c.1.8	146.12	56.55	131.49	138.08	27.035	122.43	73.931	39.969	86.137	27.357	-8.1883	50.075	5.2155	33.767	-17.794	8.1658	22.999	-23.808	33.012	20.559	28.862	-10.14	-1.6768	-8.0739	-11.881	-23.698	15.376	27.149	18.786	2.5962	16.315
c.1.8	151.57	68.815	117.24	137.76	32.995	124.32	65.163	46.598	83.501	36.529	-10.711	55.442	10.82	37.472	-22.662	16.161	30.084	-35.158	27.612	15.444	38.18	-14.798	10.857	-9.2667	0.47584	-18.816	19.01	21.3	12.103	12.235	11.065
c.1.8	138.66	56.181	88.155	125.24	15.23	118.58	43.425	38.131	86.426	32.629	-11.95	16.509	36.377	4.2742	-2.546	15.54	-10.293	-17.053	35.606	1.5019	9.8727	-9.2025	18.546	-9.5506	4.8272	-3.0041	8.9369	-29.529	28.858	-22.041	16.04
c.1.8	135.69	106.3	126.95	142.52	33.752	130.97	107.36	58.758	101.26	50.195	-1.1498	27.655	72.761	33.046	-11.708	29.543	19.953	-40.911	31.695	-11.032	-10.175	1.5709	17.402	-16.015	-11.453	17.279	21.234	-27.509	30.221	-36.822	9.3969
c.1.8	138.42	139.26	105.77	134.18	18.27	122.25	117.2	67.318	84.332	55.234	-5.565	26.889	63.399	45.598	-4.487	34.606	32.446	-13.052	37.604	10.063	-20.11	5.8708	28.359	-0.4341	-3.5265	13.47	37.434	-33.425	32.147	-28.279	9.3069
c.1.8	129.47	69.994	94.08	129.3	4.8385	107.64	125.45	61.227	87.778	33.237	-3.6971	35.967	57.995	31.946	-19.981	33.264	16.546	-31.746	35.784	14.611	17.157	8.6721	14.869	-14.547	31.832	-4.7674	4.5605	-26.259	13.353	-3.3812	6.2831
c.1.8	122.75	115.35	156.77	141.38	22.614	135.14	128.13	64.849	94.369	56.874	2.6897	33.578	58.756	34.574	-11.613	31.833	9.6683	-24.115	37.104	-0.53003	-14.435	-12.048	8.2048	-16.162	1.6843	-7.1448	15.172	-29.044	-8.9559	-18.423	16.945
c.1.8	126.64	83.214	139.58	143.53	24.615	129.52	136.88	79.165	99.573	73.691	-6.3554	54.452	67.832	48.919	-1.6904	41.035	35.269	-38.836	44.075	11.483	-46.98	29.424	-6.3659	-19.267	16.526	7.5915	24.993	-3.8128	31.401	-37.931	17.619
c.1.8	140.8	24.58	99.064	126.42	15.994	114.35	57.331	49.815	87.696	42.505	-10.743	32.746	48.873	6.6732	-22.574	28	2.7584	-46.456	28.145	-0.18242	11.063	10.846	15.203	-11.831	8.0616	10.941	-6.8754	-31.621	13.416	-9.6608	12.156
c.1.8	125.32	147.26	118.59	130.78	12.943	121.12	88.571	74.361	94.135	48.678	-7.6919	53.962	51.644	49.023	-29.855	35.546	35.48	-20.991	53.79	22.453	-31.925	19.491	21.71	-18.046	24.79	-22.178	35.104	-15.973	32.091	-18.106	3.7717
c.1.8	151.68	58.951	51.233	122.75	22.036	112.59	26.558	7.8735	82.331	-8.8627	-15.057	-13.915	22.35	-12.193	4.2038	-3.8943	24.786	22.287	24.59	-28.792	-12.115	-11.306	3.5104	-3.7974	21.246	5.147	8.7542	-36.609	19.877	-7.7412	10.614
c.1.8	151.47	179.3	121.64	139.99	33.399	120.34	50.593	46.066	86.05	32.01	-5.9912	25.593	30.004	39.508	-20.922	15.81	38.123	0.2736	16.533	-1.5831	-16.259	-5.8765	5.6028	-11.508	5.561	3.2543	22.572	-12.015	31.293	-67.575	-4.8822
c.1.8	129.89	65.228	97.981	114.94	-14.106	100.39	73.423	50.428	72.491	25.843	-17.362	38.521	20.4	31.613	-15.442	21.803	16.359	-4.5655	36.862	21.346	-10.43	11.938	9.2103	-4.2179	12.852	-21.648	17.764	-10.103	21.903	8.8892	11.881
c.1.8	129.61	41.702	116.86	128.1	5.6103	112.74	91.289	60.587	86.262	43.551	-13.203	50.677	36.8	21.873	-19.703	34.187	-4.1281	-41.986	31.486	11.389	-2.5593	14.297	14.537	-9.8736	5.3199	-9.4865	-11.885	-23.216	15.056	-13.106	9.6868
c.1.8	132.59	77.505	139.86	134.31	18.755	124.01	76.977	52.571	90.188	44.336	-7.8128	36.057	34.173	28.489	-19.138	23.619	11.284	-22.89	30.969	7.8049	-14.05	6.3577	5.8005	-16.204	16.893	0.65496	13.055	-35.053	25.572	-20.509	2.3732
c.1.8	135.69	59.432	117.74	140.97	31.379	126.46	135.34	74.756	101.33	72.64	-1.1987	46.339	78.477	38.97	-21.741	41.892	24.859	-51.849	37.642	11.154	-24.546	27.65	6.0767	-9.6251	22.834	14.973	16.477	-25.603	21.836	-16.707	11.079
c.1.8	156.95	-5.856	49.662	121.34	25.388	103.91	6.1975	12.555	78.862	10.684	-18.191	6.7629	14.794	7.3712	-6.7096	-6.0008	0.75201	-26.921	16.444	-2.7682	19.29	8.4174	1.5031	-4.2529	7.4652	-2.2708	-7.8691	-9.595	-2.402	-6.4368	7.5691
c.1.8	135.18	37.196	95.449	128.26	19.56	119.71	60.598	57.262	93.728	50.03	-5.1127	36.289	67.137	10.718	-17.142	34.499	-9.6819	-43.761	34.083	-1.8215	14.578	1.4101	16.408	-0.36984	23.743	4.4187	-10.505	-28.888	20.137	-9.5427	11.559
c.1.8	135.18	52.088	80.213	127.29	15.766	119.55	72.151	46.988	89.068	37.151	-10.621	14.999	64.331	11.449	-15.91	23.697	5.947	-36.918	32.013	-11.28	-2.9604	10.352	20.495	-6.4405	6.3371	7.1569	-2.3925	-28.944	13.795	-9.5527	17.283
c.1.8	128.78	109.73	134.38	130.62	12.494	120.36	89.991	65.757	90.904	39.163	-5.7176	58.433	34.459	35.564	-12.658	33.877	15.324	-17.118	46.63	14.238	-34.254	17.751	21.768	-8.1552	6.3384	-11.065	25.65	-27.848	29.434	-11.84	14.024
c.1.8	158.63	11.852	19.491	126.78	41.838	115.06	28.347	2.9991	88.096	-8.4507	-7.2881	-16.411	26.735	-4.666	-5.0237	-6.4057	10.335	-9.9037	15.529	-3.8036	10.583	7.0072	4.5328	9.8748	-5.3592	7.1359	-4.6092	-35.144	-14.487	-18.623	8.6466
c.1.8	146.12	60.537	139.77	139.71	29.617	124.32	73.264	50.905	87.733	45.243	-8.0567	55.126	17.569	35.46	-10.181	21.65	17.798	-23.638	30.999	18.498	-13.449	8.1687	8.1282	-7.1214	4.3114	-15.051	16.548	9.2037	16.573	1.044	14.877
c.1.8	126.35	107.29	103.67	120.13	-6.8122	100.57	103.91	62.831	83.365	31.54	-7.2187	44.143	31.201	38.243	-15.367	29.856	18.857	-2.8218	53.778	18.404	-18.824	7.585	22.813	-0.2488	26.046	-24.823	25.702	-31.522	26.339	0.92944	18.409
c.1.8	128.64	108.57	141.14	139.63	19.775	126.88	113.15	60.125	92.999	34.141	-7.5004	36.673	59.009	26.642	-8.5748	31.012	4.9715	-32.533	46.426	6.496	-28.747	17.459	-13.397	-10.636	-6.1133	13.174	25.974	-23.767	32.494	-28.978	14.07
c.1.8	141.62	32.253	81.308	132	25.675	120.1	49.719	47.06	93.56	43.919	-4.1782	29.525	55.878	-1.619	0.54732	27.07	-11.623	-29.585	27.296	1.4501	4.1879	-17.651	11.83	-9.0637	5.1817	4.1609	-6.8575	-16.713	21.689	-21.357	9.9983
c.1.8	156.86	47.027	109.48	124.86	30.531	100.43	72.027	50.669	85.613	27.944	-16.362	40.657	33.762	27.017	-15.997	25.283	13.003	-38.423	31.673	5.0454	-10.406	17.542	25.18	-1.1089	0.66511	-3.8409	14.954	-8.26	0.69041	11.168	12.829
c.1.8	141.74	40.809	120.74	127.02	10.957	110.19	95.904	77.625	82.613	62.472	-12.538	46.826	62.959	32.321	-37.575	49.285	15.767	-63.459	35.591	8.2779	-12.238	50.44	10.417	-5.0318	26.039	-1.4697	-3.5112	-15.594	-2.6352	8.2154	17.938
c.1.8	132.32	90.911	147.41	136.37	20.854	124.9	81.051	54.548	92.035	45.28	-8.1231	37.255	35.418	31.727	-20.967	24.626	16.55	-21.404	32.712	7.7371	-15.381	7.5208	10.182	-15.491	15.866	-1.051	17.392	-35.898	25.615	-20.786	2.3789
c.1.8	132.32	85.506	146.64	135.69	20.21	124.33	80.247	54.741	91.801	45.837	-8.3045	37.769	35.279	31.38	-21.392	25.004	16.06	-23.5	32.438	7.9055	-15.117	8.8194	10.16	-15.456	15.637	-0.52036	16.369	-35.848	24.768	-21.164	3.3098
c.1.8	118.59	116.27	102.93	119.24	-7.0736	100.74	114.41	70.035	83.131	29.598	-3.6603	39.692	44.801	41.92	-16.683	33.722	20.099	-8.1595	63.557	19.179	4.9787	-8.257	24.068	-1.6194	29.151	-25.446	26.898	-37.056	29.164	-6.5077	17.506
c.1.8	119.58	115.63	105.31	120.21	-7.3973	101.2	115.16	75.729	82.335	34.744	-6.1951	39.873	53.757	44.58	-15.502	38.796	21.448	-13.664	59.931	20.782	2.7054	-5.1829	24.338	-2.6233	33.512	-21.782	24.902	-42.055	28.483	-1.9898	15.218
c.1.8	131.79	66.561	120.46	133.93	11.21	120.08	74.398	64.292	83.421	64.92	-4.5433	36.886	48.328	34.23	-16.277	33.892	-2.4988	-25.662	48.776	29.296	-19.38	20.067	-4.2455	11.075	21.406	-15.64	21.686	-13.984	11.21	-4.2132	22.089
c.1.8	134.29	71.184	88.345	122.24	15.293	116.89	65.665	38.854	93.364	12.591	-9.1908	14.313	50.795	1.6202	-6.5449	14.759	2.3469	-25.451	38.488	-7.6374	-6.3088	-7.027	16.564	-7.3888	-1.0993	4.3536	9.6324	-28.205	27.281	-14.694	16.146
c.1.8	139.98	69.84	65.343	131.04	28.67	124.84	61.16	29.143	97.137	-9.5049	0.80237	2.4257	62.397	8.9392	-25.847	2.1553	27.435	-42.448	32.946	-13.778	14.738	17.457	9.1945	-8.9012	10.066	12.08	9.4934	-37.935	20.529	-12.531	15.86
c.1.8	141.04	48.937	103.62	135.01	29.628	124.69	47.705	36.368	95.777	39.224	-3.4611	24.218	29.48	14.114	-7.9704	11.686	-3.8523	-26.601	34.037	-12.627	25.466	-10.171	18.044	4.2167	27.523	-9.3292	0.50689	-21.649	21.43	-6.5844	10.414
c.1.8	128.21	31.14	103.94	127.33	4.9114	115.58	106.5	61.674	85.716	47.318	-14.109	47.27	44.898	11.828	-19.442	36.652	-15.505	-41.899	38.032	17.588	-9.9788	16.036	18.247	-11.853	6.6849	-17.005	-19.404	-10.853	30.598	-21.635	7.1233
c.1.8	128.64	107.99	91.628	128.39	6.6988	112.33	103.99	53.06	89.223	17.688	-0.68379	25.828	58.929	29.009	-13.635	24.138	23.655	-16.781	35.516	2.5481	2.2142	-16.743	17.519	-12.328	27.645	-3.549	15.682	-34.755	15.963	1.7072	3.0826
c.1.8	164.17	28.6	67.68	114.95	36.972	101.25	36.525	29.889	77.381	16.604	-13.868	21.562	24.033	4.9614	-5.3745	11.96	-1.2507	-24.666	15.851	-3.096	8.0004	-0.40906	8.5466	-3.5573	8.0429	1.5794	0.48886	-16.142	15.815	-10.996	6.2238
c.1.8	138.66	48.891	81.641	123.69	14.051	116.1	45.636	37.51	87.212	30.962	-11.82	17.103	36.919	4.6071	-4.9149	15.461	-7.4807	-22.31	30	-1.7579	10.609	-5.6781	13.338	-9.716	5.5765	-2.1029	4.088	-25.646	25.432	-20.536	13.86
c.1.8	138.05	54.013	109.07	136.37	29.449	125.93	60.136	43.495	97.574	46.723	-2.6514	29.479	36.397	17.29	-5.8869	18.515	-6.7485	-27.829	36.528	-6.3912	19.965	-8.8674	14.888	4.3038	30.723	-10.514	0.45694	-21.957	20.84	-3.2473	12.702
c.1.8	135.44	78.834	142.72	135.91	23.897	121.04	87.816	74.825	95.558	57.146	-5.9099	53.378	65.073	41.36	-23.082	41.081	18.638	-39.586	49.465	21.214	-8.7587	25.7	28.059	-5.5028	23.933	2.0003	28.495	-39.009	29.332	0.079453	12.127
c.1.8	135.57	54.974	77.968	127.26	15.361	119.42	70.931	46.154	88.231	36.075	-8.9899	13.735	63.412	12.488	-18.021	22.715	10.406	-37.243	31.574	-13.436	-1.6056	12.134	21.52	-5.737	5.989	6.8147	-0.37126	-28.272	13.608	-9.0495	16.905
c.1.8	114.84	-62.311	147.76	144.27	28.917	138.46	11.826	37.978	100.37	61.64	3.5624	68.779	-0.7856	6.8831	36.215	9.0103	-27.471	-28.924	34.704	-7.4231	18.895	-32.308	19.908	-8.8931	30.48	-32.041	-30.37	28.264	18.563	-21.942	8.7618
c.1.8	144.46	54.325	79.243	126.95	26.052	119.44	48.204	38.179	93.198	33.105	-10.542	21.847	37.198	13.967	-14.4	14.781	-1.627	-30.536	27.891	8.1576	9.5005	7.5076	12.65	-6.5843	4.7737	-3.1034	6.2545	-13.087	22.849	-21.105	9.1457
c.1.8	121.66	118.06	111.32	124.65	-4.386	103.28	120.09	72.991	83.715	33.423	-1.9149	40.286	52.423	43.373	-17.311	37.405	22.047	-14.746	57.427	18.463	6.284	1.3109	25.72	3.7312	32.77	-24.275	23.138	-36.327	19.857	7.0099	19.433
c.1.8	126.78	54.755	129.88	131.98	15.073	120.88	106.7	58.39	96.224	59.941	1.0922	35.581	47.496	29.031	-18.885	28.994	14.893	-34.635	44.66	-1.6521	-10.779	13.298	9.3149	-9.0305	22.141	9.7891	14.917	-29.565	22.669	-18.96	20.201
c.1.8	130.44	119.56	112.74	130.71	9.9112	113.09	120.51	72.831	89.728	42.125	-2.0066	40.586	64.039	48.239	-38.696	37.366	35.063	-40.53	42.877	30.523	15.908	34.303	20.704	1.0749	34.781	-15.232	21.945	-35.679	19.624	-0.42696	14.989
c.1.8	126.93	68.141	140.54	127.1	5.3124	116.96	89.988	77.721	86.519	56.489	-12.532	45.008	65.834	35.994	-27.796	44.995	13.353	-49.289	50.814	18.97	-26.121	40.427	17.213	-14.608	8.1755	7.1841	18.044	-30.792	28.716	-5.9826	20.568
c.1.8	139.98	54.698	84.461	118.25	1.4569	106.93	57.892	39.057	77.481	16.83	-14.303	24.558	30.745	13.865	-14.861	15.232	8.3029	-26.727	27.021	-1.5897	-1.4913	11.374	11.011	-9.0496	-7.1594	-1.2125	9.8261	-22.742	26.776	-9.5713	3.7812
c.1.8	155.04	43.984	104.84	126.45	27.596	101.66	72.07	46.294	85.447	25.8	-16.468	39.467	30.006	23.31	-12.229	21.784	7.8912	-35.79	29.89	4.1996	-5.1873	13.092	21.92	-2.9383	1.1271	-6.9367	12.053	-6.6869	0.16456	8.2946	13.429
c.1.8	121.5	116.86	106.44	122.87	-5.3296	103.5	116.33	66.977	83.135	26.406	-1.624	31.85	58.007	36.646	-8.8452	32.963	12.078	-3.2674	67.823	13.189	-1.4569	-13.154	17.723	0.57319	35.356	-12.586	31.786	-47.813	28.852	0.73057	20.375
c.1.8	139.74	45.826	83.332	120.03	15.594	114.75	31.898	30.192	90.395	15.192	-10.223	6.1243	43.933	-1.0376	-23.443	8.9341	20.633	-38.36	28.336	-19.949	17.889	12.318	17.029	-9.7723	7.192	15.988	6.5819	-33.445	27.553	-16.548	6.1741
c.1.8	149.42	30.76	66.951	122.91	24.415	113.89	13.379	10.07	88.67	-4.7259	-11.206	-0.94106	17.301	-3.7142	-13.993	-7.0613	22.26	-15.596	23.933	-19.602	14.339	6.6301	12.326	-7.3779	1.9234	0.4616	-0.66013	-19.953	28.068	-17.501	4.7345
c.1.8	137.32	18.84	87.464	116.55	0.2835	105.43	59.822	40.89	79.951	31.057	-14.951	21.006	36.392	-4.3165	-9.3245	20.858	1.2491	-30.762	30.563	-7.2256	21.395	-16.716	17.74	-9.3011	7.369	4.0965	-14.203	-24.193	22.986	-27.519	15.491
c.1.8	136.07	45.095	77.874	122.78	18.755	116.44	50.829	36.544	96.265	24.1	-5.4952	24.796	36.101	6.8089	-23.91	11.804	11.032	-43.695	37.137	-2.6573	19.361	14.484	19.794	-10.004	11.434	-10.983	-5.0866	-1.3952	22.696	-11.842	14.165
c.1.8	132.06	28.97	99.006	123.9	3.0235	110.57	83.495	43.422	82.737	28.631	-11.911	39.017	22.723	7.5081	-6.7251	18.955	-8.0556	-28.448	36.627	9.5519	5.8613	-2.2519	11.153	-7.0755	0.64843	-17.324	-14.328	-2.6739	18.915	-5.7945	12.546
c.1.8	126.35	74.797	149.12	136.41	12.538	118	105.55	55.664	92.285	32.431	-1.5021	34.307	48.106	15.608	6.0988	27.263	-5.2876	-15.899	60.22	-18.785	-13.238	-19.578	19.335	-4.217	25.427	-17.967	14.105	-37.435	28.666	-13.52	23.961
c.1.8	124.57	134.06	157.14	139.83	23.606	132.34	108.08	91.976	99.091	71.34	-3.6811	74.529	70.71	56.144	-30.834	54.075	39.697	-56.317	46.154	34.199	-28.419	50.841	22.745	-11.623	10.89	-18.488	23.152	-5.8168	30.932	-37.059	13.297
c.1.8	134.55	77.357	127.18	123.42	6.1413	112.12	77.395	62	83.438	39.752	-10.575	46.96	34.025	40.015	-22.858	30.014	26.524	-13.316	50.999	23.518	-21.434	21.232	28.684	0.30141	14.946	-21.486	24.807	-21.866	28.783	10.739	14.071
c.1.8	128.21	50.699	112.26	128.4	6.1589	113.94	97.803	64.449	88.06	46.739	-12.352	45.77	49.367	23.858	-15.842	36.681	-2.6555	-38.958	37.219	12.751	-15.316	15.094	15.306	-11.8	10.969	-0.87722	-9.0974	-27.414	27.318	-21.645	12.066
c.1.8	139.74	75.566	67.564	132.04	30.265	125.83	62.084	29.701	98.915	-8.9734	0.24911	1.8426	63.792	10.087	-26.181	2.2432	26.898	-41.043	34.239	-12.157	13.879	17.335	9.5183	-9.1987	8.1063	13.593	13.43	-40.397	22.318	-11.028	15.536
c.1.8	138.3	141.15	104.63	138.53	27.237	130.05	99.157	63.089	89.588	61.561	-6.7758	28.47	60.105	45.921	-20.179	29.551	36.993	-29.527	33.759	-3.3413	-30.709	18.501	18.672	-9.2661	16.166	11.87	32.122	-21.12	29.496	-45.161	8.1332
c.1.8	141.5	30.487	73.698	130.74	25.703	120.58	44.04	44.362	93.915	40.448	-5.9749	31.454	50.28	-4.85	4.036	24.817	-12.629	-31.226	29.066	0.0014579	7.2982	-18.871	12.965	-7.7307	2.3893	2.9403	-9.0558	-11.274	22.548	-20.695	10.27
c.1.8	146.87	56.842	128.05	135.18	24.641	121.57	66.945	46.453	83.559	37.949	-9.448	51.906	12.67	34.931	-14.926	16.842	21.765	-25.726	27.759	17.693	12.536	-0.16437	1.0593	-8.0617	-5.1605	-17.681	15.046	13.927	9.073	3.3154	16.422
c.1.8	145.68	68.052	125.51	133.2	26.584	117.38	55.912	64.962	91.28	53.178	-3.2916	61.229	35.714	43.794	-31.781	34.136	31.483	-48.125	30.744	19.729	10.194	33.029	21.432	-2.8286	28.373	-7.2359	18.08	-22.106	12.895	9.636	5.3193
c.1.8	141.62	37.118	76.259	131.97	26.759	120.87	37.452	40.679	94.637	37.606	-8.0548	23.07	50.322	-2.9006	1.8137	20.668	-9.848	-27.704	30.274	-6.0577	13.121	-17.725	15.558	-8.18	9.1539	5.7236	-6.1872	-22.214	24.635	-17.296	11.855
c.1.8	133.9	55.819	130.77	137.45	23.646	124.97	120.24	84.959	93.559	79.385	-2.7517	52.174	82.226	42.161	-33.847	53.042	24.183	-74.221	36.695	4.9932	-25.842	52.36	0.68022	-13.873	21.727	17.147	12.95	-19.617	19.225	-20.858	10.991
c.1.8	146.33	53.255	129.59	137.03	27.006	122.34	69.811	39.656	86.29	27.442	-9.791	50.676	5.0855	32.964	-15.218	8.589	20.213	-22.86	31.231	21.23	26.131	-9.2685	-3.1274	-6.9512	-12.749	-22.604	14.63	24.46	17.548	3.1608	15.919
c.1.8	149.73	63.651	126.86	138.75	32.867	122.13	80.459	45.38	88.147	32.637	-8.1091	46.869	19.974	32.679	-20.045	16.944	24.805	-27.556	32.12	15.909	1.7375	14.189	14.524	2.0519	-5.865	-19.67	12.651	20.871	-5.3144	6.9216	22.683
c.1.8	136.82	82.741	148.73	136.4	18.563	122.92	73.183	60.489	84.783	54.646	-8.639	42.416	34.746	38.803	-25.696	29.725	30.276	-28.911	36.289	9.8181	-18.944	20.188	11.093	-9.5921	17.707	-14.71	18.105	8.2122	27.159	-18.192	13.24
c.1.8	126.78	68.226	139.25	126.14	3.7532	116.12	87.543	74.365	85.407	52.284	-11.172	42.747	61.593	34.41	-24.544	41.647	10.081	-45.455	50.071	18.931	-26.543	36.089	15.574	-16.289	1.4917	6.2425	18.127	-28.677	28.926	-5.6169	19.425
c.1.8	144.57	33.884	64.674	118.62	11.981	109.73	8.8254	12.944	84.756	1.8257	-16.268	11.967	5.5348	14.1	-19.881	-12.652	20.866	-21.521	25.368	-14.14	24.324	9.2594	7.5816	-7.9796	9.8604	-11.291	1.987	-5.5788	16.254	-0.69611	8.816
c.1.8	137.32	-18.564	89.969	122.52	8.4401	109.86	71.583	32.147	85.407	26.122	-10.529	44.866	0.75961	15.611	11.481	2.7696	-22.584	-47.998	32.627	15.355	52.029	-16.226	9.0319	-5.9365	-12.091	-24.425	-19.104	23.304	23.767	-15.355	9.1762
c.1.8	137.19	40.312	119.2	130.39	15.465	117.47	96.366	66.461	86.704	54.925	-11.946	37.489	66.487	25.018	-30.382	39.023	-2.5808	-65.923	32.559	14.156	-13.347	39.904	-7.4963	-10.292	10.589	11.262	-10.366	-22.699	21.866	-19.729	11.168
c.1.8	114.13	-80.5	163.1	152.19	38.742	144.84	65.067	54.25	110.1	78.411	5.2719	89.651	29.358	-9.2442	11.426	34.067	-25.5	-47.197	24.658	28.485	-22.525	19.346	-59.694	-19.116	5.6561	-14.422	-31.982	40.421	29.269	-19.323	-21.03
c.1.8	138.66	48.802	80.497	123.87	13.484	116.45	44.305	36.747	86.182	30.333	-12.217	15.268	37.269	3.0913	-7.455	14.884	-6.4601	-22.42	30.221	-2.0208	11.873	-4.9352	15.632	-9.9149	5.4687	-1.0053	3.8275	-27.777	26.056	-22.12	13.643
c.1.8	129.89	69.546	135.36	130.09	12.646	121.17	93.446	69.915	89.173	55.247	-8.688	37.341	67.336	31.786	-24.317	39.498	6.9654	-45.874	39.368	12.268	-13.603	27.343	20.275	-13.141	11.175	0.67796	7.0362	-28.957	24.835	-4.3407	17.028
c.1.8	124.12	113.13	167.85	143.14	25.825	133.02	111.2	97.342	101.03	92.976	1.7732	69.08	83.027	56.497	-39.81	60.898	30.8	-62.367	39.574	18.092	-12.814	43.057	-10.368	-19.865	39.557	-2.128	21.864	-39.076	30.967	-26.815	-1.8998
c.1.8	128.07	41.53	109.4	126.36	4.2344	114.52	106.55	66.415	86.135	47.432	-14.325	49.051	49.158	20.183	-21.645	38.988	-8.9164	-45.353	37.463	14.767	-7.3727	18.158	19.426	-12.457	5.1811	-12.333	-15.978	-17.239	29.206	-21.162	9.3065
c.1.8	135.18	47.463	149.15	141.29	25.039	123.03	105.68	63.015	93.501	60.603	-3.5354	38.417	59.112	28.941	-28.898	34.549	2.2644	-53.514	36.838	16.026	-16.905	37.996	12.41	2.9872	15.381	1.6901	-9.6899	-35.485	18.271	-22.974	17.089
c.1.8	130.3	11.499	106.51	131.94	15.655	124.42	74.539	66.842	89.739	60.036	-3.1438	60.867	53.722	9.2296	-22.623	41.891	-21.5	-53.543	35.627	18.22	-0.56161	19.216	8.4478	-13.532	32.926	-13.274	-13.953	-21.028	30.857	-31.272	4.3372
c.1.8	126.93	64.871	141.73	143.55	24.44	128.44	135.24	75.798	99.907	71.194	-6.7072	54.801	64.707	42.915	-8.9986	40.271	22.402	-43.496	43.807	19.978	-38.961	34.216	-14.532	-18.527	21.078	5.7042	17.024	-14.738	30.787	-31.013	16.535
c.1.8	150.14	66.625	43.317	122.11	19.681	112.22	26.236	8.0132	82.996	-9.0348	-12.789	-14.21	22.284	-9.7815	-4.772	-5.5966	22.137	22.933	24.939	-23.742	-12.211	-4.6979	2.1835	-2.4835	17.614	3.2987	15.174	-39.125	19.955	-10.491	9.5784
c.1.8	133.9	40.519	96.206	130.97	19.811	120.37	59.425	50.776	94.077	50.038	-6.8914	38.381	41.788	14.749	-0.75014	26.319	-9.7993	-32.239	36.452	2.4308	12.781	-13.862	14.373	-2.9664	22.68	-14.154	-9.9819	-2.4157	19.845	-6.9846	14.143
c.1.8	123.97	71.908	148.74	131.5	10.872	121.98	97.402	72.062	90.484	53.835	-10.271	37.286	70.987	28.937	-24.541	40.648	5.6998	-44.545	49.857	8.924	-17.197	26.741	19.108	-15.651	5.8063	6.5538	9.8094	-32.65	28.477	-8.5999	19.145
c.1.8	139.62	68.687	65.249	131.55	29.599	125.27	61.18	28.616	98.593	-10.41	-1.0651	3.093	62.066	8.3059	-24.759	1.5309	27.26	-42.149	34.147	-13.775	15.134	16.977	9.2084	-8.5738	8.4468	13.186	9.679	-38.745	20.785	-10.023	16.732
c.1.8	143.79	54.579	150.69	139.83	26.892	121.5	71.851	42.729	88.745	26.71	-6.7231	54.79	8.4576	35.366	-18.967	10.526	22.209	-29.443	34.847	28.171	28.823	-2.2374	0.40923	-4.2638	-12.466	-24.773	14.183	21.501	11.552	1.9553	18.705
c.1.8	134.16	100.2	119.11	134.07	18.734	121.85	85.925	43.359	89.805	19.652	-5.5203	28.24	33.5	22.517	-22.013	14.691	23.949	-17.275	38.077	-5.0742	-10.432	11.198	12.519	-11.027	-6.6038	-6.7022	23.199	-22.274	32.685	-33.837	15.767
c.1.8	149.52	33.247	65.219	122.8	24.651	114.02	12.792	8.4644	88.726	-7.6655	-10.099	-2.1865	15.825	-2.7915	-14.722	-8.0572	24.111	-12.088	23.784	-20.299	12.474	7.2497	11.685	-6.6713	2.6665	-0.75894	-0.78976	-20.571	28.5	-18.486	5.0174
c.1.8	134.16	31.49	102.46	122.29	1.0056	107.09	86.231	47.252	80.26	30.715	-13.482	39.151	25.93	13.507	-7.2258	22.34	-8.5545	-27.864	37.609	10.576	-0.57387	4.7905	15.121	-2.7809	2.717	-19.213	-11.984	-1.7465	22.087	-6.2286	14.229
c.1.8	139.14	161.64	137.14	142.11	28.232	128.74	98.217	60.271	89.515	54.462	-6.6753	30.09	48.356	45.672	-15.666	27.846	40.063	-22.591	29.411	0.21882	-22.188	6.6678	9.7867	-14.367	-8.2647	16.989	32.793	-22.905	22.294	-18.785	7.2559
c.1.8	136.45	12.541	95.768	126.23	9.591	114.02	91.942	50.912	83.676	44.261	-13.197	45.548	28.615	10.385	-16.316	27.474	-17.743	-37.127	32.86	19.02	5.2094	13.069	17.575	-12.574	5.3773	-17.587	-18.918	-10.96	19.127	4.4067	10.148
c.1.8	141.97	37.528	124.02	138.58	25.02	119.29	98.832	61.463	90.118	51.839	-12.255	47.996	50.462	26.774	-20.019	35.317	-1.7894	-52.545	30.795	20.122	-25.966	36.205	3.2741	-9.2291	-4.0268	-0.03263	-5.6005	-11.922	20.374	-22.754	20.287
c.1.8	149.94	55.905	127.66	141.55	35.478	123.96	79.882	44.841	89.154	34.312	-6.799	50.967	17.321	30.5	-15.893	17.419	18.525	-29.909	29.747	15.353	1.8427	13.767	8.3328	4.8937	-8.829	-20.37	6.6945	28.775	-15.341	12.117	24.61
c.1.8	150.66	81.346	112.5	135.96	30.005	121.66	68.376	49	83.771	36.606	-10.351	52.549	15.863	39.08	-23.66	18.573	33.71	-33.134	26.667	13.539	20.14	3.0385	2.3861	-7.9151	1.3921	-14.616	20.811	19.797	12.646	5.9614	11.83
c.1.8	128.21	44.785	114.46	127.12	5.3121	115.34	103	67.941	86.578	49.695	-12.765	49.211	51.03	22.434	-22.797	39.625	-5.9823	-46.015	37.935	11.625	-0.35848	16.468	19.943	-12.838	9.2556	-11.538	-13.192	-18.031	28.898	-20.328	11.031
c.1.8	130.16	34.186	112.9	127.94	5.7379	111.98	99.504	57.216	86.248	41.36	-13.709	47.187	36.217	17.258	-17.107	31.94	-8.1601	-38.277	37.258	12.733	3.5643	10.48	19.727	-8.0324	7.1568	-14.551	-13.037	-17.427	15.89	-6.7282	14.128
c.1.8	131.25	22.373	110.54	123.9	-0.036516	108.48	92.254	56.75	80.726	40.457	-14.06	43.792	35.775	11.135	-18.08	32.734	-12.046	-39.956	36.604	14.999	1.5455	13.137	17.673	-9.2462	5.6325	-13.78	-18.488	-21.397	20.768	-9.9605	12.966
c.1.8	142.77	97.625	87.116	128.55	15.486	117.18	84.074	42.954	82.4	18.927	-12.612	19.416	41.167	28.475	-24.295	15.567	25.89	-22.114	23.582	-5.81	-0.24573	13.076	9.2202	-7.0373	19.156	-1.9009	12.396	-26.718	21.645	-20.004	3.3153
c.1.8	119.58	114.79	103.75	119.24	-8.7534	100.07	114.77	75.751	81.551	34.567	-7.0273	39.631	52.679	44.964	-16.031	38.644	22.112	-12.193	61.259	21.035	3.5197	-6.2163	25.352	-2.8364	34.02	-22.435	25.848	-42.649	28.813	-0.4455	15.608
c.1.8	143.45	28.541	126.18	135.1	22.721	121.11	63.668	38.444	85.781	25.353	-7.0346	51.279	8.2508	24.923	-8.0494	9.6815	-1.0312	-36.634	31.909	25.745	24.062	3.9016	-9.6743	-7.4148	-16.566	-22.016	-4.8568	27.988	16.114	-5.6688	18.234
c.1.8	130.71	59.849	142.28	133.96	17.508	119.61	84.701	61.613	94.384	53.058	-1.8546	57.513	32.11	32.989	-14.584	30.955	1.3889	-40.27	45.079	13.287	10.686	11.836	10.136	-13.043	22.991	-15.824	15.813	-15.491	29.883	-7.781	14.989
c.1.8	134.16	41.599	108.6	125.47	8.5346	111.72	83.673	58.229	86.361	41.018	-12.152	52.472	33.976	23.434	-16.225	32.139	-5.7941	-37.444	33.93	14.275	-15.658	15.913	19.977	-10.394	-1.8493	-12.897	-0.36864	-12.437	12.26	6.5877	10.593
c.1.8	134.29	98.15	117.45	133.75	18.934	121.86	85.627	41.225	90.08	15.816	-5.3571	27.102	32.051	20.347	-21.254	12.743	22.913	-17.036	37.862	-4.2247	-7.809	9.6045	10.898	-11.7	-10.262	-7.5148	22.447	-21.577	32.792	-34.206	15.166
c.1.8	121.97	105.01	107.76	124.4	-3.7853	104.47	118.85	64.492	84.045	24.972	-2.4659	32.768	56.523	33.11	-7.5335	31.987	8.9106	-10.3	63.881	8.9073	0.25491	-13.53	13.783	-2.6041	33.649	-12.166	27.736	-44.816	27.683	-3.7451	21.556
c.1.8	119.58	114.63	104	119.08	-8.3924	100.38	112.89	76.482	81.996	34.816	-6.5566	40.075	54.348	44.909	-15.137	39.338	21.527	-14.815	59.955	20.518	3.3827	-5.7888	24.832	-1.9694	33.816	-21.318	25.093	-41.898	28.246	-1.2656	15.3
c.1.8	147.73	59.98	130.63	135.07	25.705	120.54	51.04	39.177	84.429	25.285	-11.855	48.38	6.0491	33.301	-20.339	8.3294	23.832	-24.9	29.688	19.644	28.751	-6.5415	7.6507	-8.7065	-13.008	-20.573	17.299	13.642	21.752	5.171	14.131
c.1.8	150.66	203.97	127.72	140.39	33.179	120.36	49.385	47.668	87.232	31.318	-8.3417	26.357	30.108	42.348	-23.364	15.981	40.484	7.4567	18.924	10.578	-17.792	-5.0294	-0.78906	-12.383	4.9519	1.3245	23.613	-17.146	29.633	-62.752	2.1494
c.1.8	127.5	66.493	146.11	141.14	22.813	127.24	130.54	79.186	98.811	67.18	-8.6046	44.169	86.863	38.927	-11.807	45.061	15.982	-45.514	54.373	15.609	-39.662	38.623	12.184	-10.541	18.718	17.99	19.797	-40.919	31.934	-28.413	21.915
c.1.8	141.85	29.672	88.769	122.92	18.657	116.61	37.442	31.599	89.965	17.466	-8.1782	16.238	37.526	-3.1071	-20.748	11.285	16.578	-43.071	27.888	-14.172	17.724	13.393	18.337	-10.555	-5.0471	12.255	-5.8683	-23.265	24.562	-20.81	9.5184
c.1.8	138.66	51.797	80.015	122.53	13.285	115.9	42.633	36.695	86.84	28.897	-10.763	15.92	36.672	3.6727	-4.482	14.472	-8.8267	-22.362	31.568	1.4122	10.801	-4.8916	14.386	-9.4091	2.0425	-1.1006	6.272	-27.774	28.121	-21.429	12.925
c.1.8	153.97	55.315	40.176	120.27	21.596	110.08	26.458	9.0078	78.967	-6.5975	-12.296	-10.906	21.836	-8.5649	-3.0856	-4.5309	20.543	15.049	21.074	-22.005	-8.8236	-5.4796	7.7407	-3.0934	15.816	2.0163	9.2674	-34.041	14.441	-14.726	9.7457
c.1.8	139.38	-32.934	69.51	127.08	9.3569	116.91	79.518	43.404	78.05	35.465	-18.22	40.488	32.03	-9.6487	-9.0246	24.932	-17.35	-44.23	29.656	23.87	7.7251	9.7619	-26.379	-15.932	23.734	-13.909	-19.971	10.018	33.826	-31.842	-0.93791
c.1.8	117.09	75.163	187.07	144.44	25.66	129.71	107.54	85.434	103.1	77.23	4.3654	81.336	46.919	48.21	-25.32	45.523	6.2575	-37.037	50.266	43.704	-7.1973	12.528	16.87	-26.336	26.119	-17.925	29.116	-54.22	27.943	-12.007	3.4575
c.1.8	128.35	41.011	112.32	126.31	5.2581	114.85	97.741	68.134	87.018	48.373	-13.491	50.744	52.848	19.254	-21.155	40.457	-7.2902	-45.837	38.144	12.331	-6.1958	15.512	19.225	-12.349	6.7363	-10.816	-13.706	-14.995	28.982	-20.973	11.714
c.1.8	130.71	34.878	107.59	123.68	0.52807	108.84	95.728	59.447	82.143	40.632	-12.325	45.525	38.238	18.178	-19.542	34.059	-7.4823	-41.918	35.553	12.676	4.5935	13.797	16.67	-8.968	7.7187	-10.388	-14.099	-24.02	16.416	-8.8483	13.531
c.1.8	133.9	69.542	129.73	125.97	9.8863	115.63	72.222	53.588	85.834	38.803	-10.43	43.844	26.51	31.31	-13.16	23.246	2.9862	-7.1343	52.169	23.46	-15.156	5.3999	21.497	1.2039	22.298	-26.778	20.945	-17.135	29.859	0.50229	14.326
c.1.8	127.5	56.302	124.09	127.79	8.8449	116.93	99.979	55.911	90.884	54.139	-0.52829	32.942	40.475	28.306	-13.939	26.654	9.5702	-26.213	45.366	6.8009	-19.467	14.617	8.3636	-7.4167	20.309	5.1074	13.714	-32.718	23.181	-12.872	22.297
c.1.8	133.51	63.651	122.15	134.62	26.359	121	56.134	44.504	102.97	35.702	2.7834	36.19	34.312	21.4	-31.608	17.22	25.646	-43.602	35.306	-14.889	23.167	17.423	21.872	-11.405	7.7115	2.4774	9.1988	-25.156	21.255	-3.4749	10.31
c.1.8	138.54	42.154	87.974	130.15	21.215	120.21	41.717	36.027	91.233	33.854	-6.4338	15.873	38.897	-7.6345	9.828	16.333	-12.279	-13.732	33.751	-5.0515	12.976	-22.356	20.116	-10.27	-2.7	4.4122	1.7048	-29.757	25.537	-21.968	17.686
c.1.8	125.02	110.37	109.2	124.27	4.5308	115	85.973	62.375	89.157	40.744	-4.2268	42.424	38.708	43.693	-24.821	28.124	30.549	-16.036	42.052	16.623	-7.6224	16.219	8.2062	-3.8365	24.701	-15.99	26.035	-26.53	28.983	-5.6305	0.3561
c.1.8	142.08	9.924	89.749	126.96	15.915	113.35	56.849	41.636	86.773	32.692	-8.6684	24.476	46.672	-7.468	-16.078	22.956	-2.0716	-41.671	25.449	1.3857	8.0258	3.7517	9.4881	-10.09	-4.4201	9.2668	-12.717	-28.22	1.8178	-7.8831	13.445
c.1.8	136.7	117.88	116.34	137.93	25.811	129.91	93.567	67.997	89.558	63.055	-10.414	27.765	75.428	38.342	-21.385	36.584	24.041	-45.135	33.186	-20.235	-16.231	18.267	21.007	-9.3112	27.762	15.521	25.104	-33.634	30.301	-48.288	8.8971
c.1.8	134.67	90.467	149.11	140.38	28.626	127.22	122.76	86.168	97.647	80.537	-5.4535	43.922	90.923	50.548	-35.04	50.614	47.103	-69.377	38.583	-9.821	-17.624	43.638	19.202	-14.003	30.46	18.998	18.632	-33.949	23.98	-19.583	19.331
c.1.8	137.19	85.616	151.01	135.61	17.795	121.62	70.78	59.877	84.654	53.978	-9.9607	42.189	33.332	40.324	-24.993	28.713	31.675	-23.754	37.364	14.312	-19.354	19.03	19.229	-8.921	14.462	-17.565	19.123	7.0998	28.475	-16.369	12.837
c.1.8	130.3	70.722	146.07	130.26	8.1479	114.26	106.59	63.88	86.921	46.965	-10.993	54.323	28.031	40.142	-11.969	31.107	24.466	16.394	56.877	19.968	-26.659	13.505	32.99	1.1959	15.607	-25.228	24.08	-32.696	25.862	4.5297	29.884
c.1.8	129.33	77.144	156.64	132.49	9.0936	116.83	123.8	70.349	86.831	55.428	-10.781	56.002	30.806	45.461	-16.142	34.595	28.952	21.136	67.767	25.06	-26.328	13.994	39.109	0.3131	21.605	-27.524	27.264	-42.232	28.344	8.7318	34.189
c.1.8	129.61	114.03	129.2	127.5	8.8895	117.62	87.503	67.323	87.941	39.213	-9.628	57.443	33.877	38.085	-14.972	34.616	20.754	-13.28	46.789	18.148	-36.3	18.999	25.532	-8.32	9.0435	-12.074	25.591	-31.732	30.058	-11.228	13.182
c.1.8	140.1	59.886	65.112	132.03	30.158	125.67	55.833	27.576	98.399	-8.8721	-1.2584	2.0838	62.224	3.5262	-22.661	2.3832	24.863	-42.472	33.564	-12.119	15.041	16.624	11.284	-8.7406	7.1825	13.643	2.8987	-38.048	23.008	-12.287	14.946
c.1.8	125.76	123.45	151.75	139.36	21.819	132.79	142.16	74.976	94.668	61.426	3.3623	35.921	76.094	43.513	-17.789	39.105	25.306	-40.143	35.989	3.776	-2.4102	-2.6604	6.9824	-14.285	-4.7581	4.6599	18.822	-25.986	-15.999	-12.559	14.964
c.1.8	133.12	43.892	91.912	121.25	2.8984	114.18	54.82	34.514	80.171	20.039	-11.435	18.997	29.126	4.0455	-20.392	12.309	20.918	-25.86	31.261	-14.834	4.2442	14.738	18.7	-5.2426	7.1476	-11.465	-11.012	-12.156	21.533	-11.647	17.345
c.1.8	157.8	4.6655	61.977	125.88	35.257	114.09	43.172	34.467	82.278	32.235	-14.16	31.137	25.703	-0.99377	-3.7221	16.29	-11.611	-33.604	17.757	12.569	9.6047	0.12098	0.087525	-5.7739	-2.4144	-5.1928	-10.282	-3.7146	-5.1665	-4.2046	10.882
c.1.8	140.1	60.037	65.069	131.13	29.288	125.04	55.713	27.828	97.817	-8.8092	-3.1803	2.3314	62.122	3.4012	-22.64	2.7562	24.947	-42.349	33.829	-12.621	15.051	16.403	11.41	-8.4052	7.3947	13.686	3.0938	-38.07	23.037	-11.947	15.149
c.1.8	138.54	41.419	89.121	129.97	21.203	120.39	42.304	36.401	91.168	34.038	-8.7717	15.334	40.688	-8.8926	9.898	17.103	-12.296	-13.794	33.698	-6.4824	12.919	-23.144	20.313	-9.9038	-2.1408	6.5146	0.99421	-31.452	24.307	-22.898	17.981
c.1.8	123.97	138.69	165.14	141.09	23.824	126.51	102.72	91.832	103.96	71.969	-0.91273	67.966	77.3	56.816	-31.436	53.652	36.224	-41.109	43.912	33.773	-17.407	31.725	20.212	-15.925	33.716	-12.164	24.546	-42.551	31.127	-20.425	0.72842
c.1.8	145.57	64.982	133.31	136.86	25.539	121.85	70.545	39.513	85.746	26.828	-9.4948	49.227	2.0408	35.238	-19.124	6.48	25.888	-12.658	32.722	21.475	25.059	-12.645	3.2573	-6.9717	-13.031	-24.478	18.329	23.533	16.959	0.10218	16.529
c.1.8	109.67	12.778	156.96	143.84	32.236	134.38	62.566	50.069	106.25	50.061	5.5674	66.1	22.859	9.637	10.186	25.12	-4.1304	-24.329	32	6.0966	-18.731	4.7818	-11.889	-2.5338	11.963	-17.316	-15.457	12.207	23.184	-24.143	-13.507
c.1.8	134.42	32.697	112.9	124.29	2.7668	107.56	86.742	60.365	81.171	54.585	-11.947	32.42	50.493	23.063	-19.469	34.232	5.0203	-41.739	40.912	-1.114	-18.382	26.27	10.739	2.5389	12.547	18.552	0.53345	-33.644	17.636	-13.698	23.978
c.1.8	135.18	101.88	153.02	141.51	28.246	128.69	91.246	69.943	94.357	58.496	-5.9635	54.323	49.968	42.486	-27.892	36.861	29.317	-42.811	34.899	12.636	-20.549	28.446	18.361	2.2525	25.304	-13.51	14.204	-26.783	23.225	-27.738	10.622
c.1.8	140.1	35.446	117.27	126.79	9.6277	110.29	84.999	77.867	82.393	61.64	-12.308	49.085	64.233	27.236	-35.425	51.134	9.6497	-59.846	33.791	7.7217	-20.269	45.748	5.4573	-7.3331	18.528	0.89601	-7.1326	-12.529	9.8885	1.5552	14.791
c.1.8	118.43	119.3	106.55	121.28	-5.4405	102.07	117.15	72.056	83.529	31.243	-3.4817	39.349	49.523	42.299	-14.608	35.644	19.13	-8.5636	62.441	19.333	0.77632	-8.9411	23.97	-3.6977	30.616	-24.328	25.958	-40.605	29.057	-5.6685	17.236
c.1.8	123.97	110.01	141.64	131.1	9.8378	116.87	111.77	93.848	92.837	69.208	-4.6484	63.528	69.527	55.608	-29.536	56.405	40.762	-31.455	50.961	29.785	-27.153	26.446	29.223	-21.799	36.108	-11.89	27.434	-54.058	30.515	-13.258	12.716
c.1.8	133.25	44.09	125.76	132.55	18.021	118.06	109.67	78.704	93.224	74.533	-6.377	46.222	74.707	36.519	-29.593	47.356	10.247	-64.667	42.861	13.391	-23.868	49.835	-0.91149	4.2047	20.674	24.797	12.788	-37.098	8.5947	-12.607	19.847
c.1.8	141.5	30.143	74.102	131.77	26.635	121.09	44.658	43.414	94.5	39.157	-6.1755	30.296	50.6	-5.2807	1.8363	23.958	-11.003	-32.019	28.931	-2.2198	8.3525	-17.581	13.754	-7.9847	3.3306	2.8751	-9.3053	-12.72	23.476	-21.094	10.161
c.1.8	141.04	47.93	103.98	134.6	29.341	124.38	47.472	36.491	95.715	39.446	-2.92	25.087	28.951	14.071	-7.1178	11.787	-5.0929	-27.41	34.328	-11.94	26.42	-10.52	18.087	4.3537	27.262	-9.8888	-0.6978	-20.637	21.741	-6.5472	10.31
c.1.8	127.93	46.862	127.53	138.98	20.102	123.47	119.81	65.757	97.81	60.77	-7.7429	44.114	61.084	29.564	-7.1225	35.721	-2.4956	-39.811	43.011	18.189	-26.575	21.904	-11.788	-13.531	14.312	10.705	9.1724	-31.222	30.503	-23.297	16.429
c.1.9	134.55	1.1425	70.449	120.23	1.4448	107.99	66.879	57.508	80.984	59.603	-18.409	29.884	58.787	3.0027	-14.344	36.102	-23.773	-36.705	36.047	29.215	1.9581	9.1644	13.595	-12.057	-0.4448	4.5058	-8.5712	-27.694	28.827	-15.837	7.3506
c.1.9	126.64	-18.925	141.55	130.85	9.2917	118.19	78.115	83.274	89.803	69.424	-13.742	66.541	75.173	-6.1403	-44.713	62.806	-26.113	-81.099	40.613	55.223	-20.656	52.758	-9.9964	-9.942	-17.173	-2.0318	-32.425	-18.888	28.907	-25.471	8.9739
c.1.9	127.79	-6.2344	93.085	117.68	1.456	107.23	63.984	67.066	90.702	56.183	-15.786	51.775	58.105	6.6177	-28.213	43.2	-10.819	-60.388	26.394	9.4282	15.527	14.862	18.861	-17.289	-16.045	8.8381	-10.506	-24.955	19.647	-10.909	-3.0429
c.1.9	125.32	12.104	96.707	119.53	4.0404	110.05	68.877	65.655	93.484	57.603	-15.081	52.839	51.971	15.263	-25.113	40.037	-9.0242	-55.788	29.628	11.311	18.071	13.408	22.186	-19.455	-11.299	5.73	-5.3882	-25.084	24.562	-13.801	-2.5767
c.1.9	132.59	-17.942	112.69	126.1	6.4128	110.43	76.126	83.724	85.731	66.526	-14.828	56.628	81.457	3.8807	-53.424	63.398	-11.229	-89.648	27.879	1.5752	22.518	38.706	-4.8608	-12.095	-13.435	24.29	-2.9313	-38.885	10.548	-13.179	1.2924
c.1.9	131.25	-8.4009	110.04	124.52	6.8318	109.56	77.212	89.553	89.114	68.244	-15.672	69.797	78.946	15.58	-59.085	68.687	-16.022	-101.38	26.345	18.205	21.391	55.546	-0.023435	-16.474	-12.078	12.903	-3.8476	-35.728	10.535	-12.727	-1.0216
c.1.9	132.19	-31.167	118.28	131.99	11.599	115.13	67.921	57.483	87.839	67.876	-15.976	35.135	57.808	-10.651	-37.519	37.514	-24.081	-68.515	34.299	26.156	10.631	36.681	9.7577	-8.7414	-16.427	7.2538	-28.138	-27.613	21.932	-19.626	7.872
c.1.9	137.07	-20.272	96.184	127.61	11.54	114.5	67.132	78.984	84.749	77.492	-16.296	64.639	58.582	4.7209	-37.983	56.956	-31.515	-61.656	31.664	54.811	4.3242	26.617	10.857	-15.572	5.7973	-14.841	-18.351	-23.463	28.869	-25.244	5.5519
c.1.9	146.44	-11.362	67.136	111.3	-6.1766	99.775	49.034	41.075	69.274	38.724	-22.906	21.649	32.323	2.8235	-13.444	21.566	-11.145	-40.15	23.713	12.102	14.937	11	-9.1206	-7.3645	12.369	-8.8623	-16.598	18.662	28.07	-16.12	-2.7663
c.1.9	121.81	-53.236	123.9	124.48	3.1713	115.36	56.201	65.614	87.458	69.489	-11.411	69.776	34.026	-8.4123	-2.3593	41.554	-36.026	-54.601	43.573	53.475	0.23505	11.025	-19.447	-12.332	13.498	-20.747	-36.454	3.7062	31.258	-17.954	-3.411
c.1.9	132.19	-15.37	114	127.52	8.5282	112.62	77.584	81.633	87.179	67.399	-14.328	57.292	78.222	3.2344	-48.791	60.651	-15.73	-86.313	29.254	8.2116	22.403	34.55	-3.803	-10.944	-8.8816	23.964	-4.0515	-41.626	8.1719	-11.604	3.3855
c.1.9	132.59	-27	114.5	127.87	8.5801	113.23	77.502	76.345	86.272	65.989	-13.832	53.841	72.83	-3.4449	-49.749	55.443	-14.901	-80.379	31.018	4.9148	24.55	32.972	5.2552	-10.759	-6.569	24.214	-8.3279	-41.963	9.3216	-11.079	7.1313
c.1.9	131.92	-13.135	111.4	126.04	7.0118	111.53	76.583	80.242	86.762	65.072	-13.341	56.283	76.071	4.4172	-46.101	58.911	-14.709	-81.428	30.455	8.9038	21.375	33.43	-4.9658	-10.776	-8.1879	25.228	-1.389	-39.957	8.4429	-7.4106	5.1066
c.1.9	125.32	-0.65306	132.3	131.15	20.075	124.44	76.102	82.267	103.48	85.727	-1.6095	86.099	55.332	19.483	-22.209	56.703	-11.254	-51.126	37.016	18.68	-32.436	22.016	24.158	-20.012	4.3927	-11.564	-8.6075	-18.341	29.769	-18.38	5.5466
c.1.9	123.51	10.061	131.35	129.41	8.551	117.04	78.234	75.58	91.719	68.623	-10.363	55.4	65.765	9.1715	-26.337	50.068	-17.007	-53.872	43.394	13.45	-0.36658	16.819	20.266	-14.913	7.695	-8.1788	-18.02	-25.382	29.379	-15.995	12.216
c.1.9	125.17	9.739	111.16	127.7	4.7426	113.6	76.254	62.812	88.59	67.671	-13.781	37.672	54.889	7.5831	-11.446	37.489	-22.041	-38.946	53.062	19.803	9.3192	-0.32308	22.021	-16.001	-3.0834	17.31	-1.7154	-44.649	31.535	-18.981	16.266
c.1.9	130.71	-12.819	96.299	122.13	0.71709	107.37	70.726	55.075	84.019	53.053	-14.987	33.927	50.478	-4.4581	-12.683	33.524	-17.913	-40.34	38.7	17.673	6.495	3.2793	12.172	-9.7324	-12.907	15.413	-12.878	-36.044	26.72	-12.238	13.815
c.1.9	135.69	-14.38	109.84	130.54	19.139	119.01	43.707	51.152	92.005	41.912	-11.105	56.989	34.892	15.689	-20.111	27.995	-14.522	-59.119	23.038	20.097	31.526	16.963	11.087	-10.085	-12.395	-11.407	-7.4945	-16.198	21.679	-15.662	4.5273
c.1.9	134.55	4.7858	71.066	120.01	1.5343	107.58	66.463	58.172	81.449	59.166	-19.149	29.99	60.132	4.1298	-13.39	36.616	-23.67	-35.649	35.786	28.714	-1.1055	8.8649	13.573	-11.666	1.6045	3.8781	-7.9568	-27.533	28.898	-16.215	7.3384
c.1.9	121.5	0.38215	126.63	129.52	13.145	117.54	83.109	88.137	99.513	72.921	-9.1135	70.467	88.372	7.9345	-42.987	66.593	-21.353	-77.34	39.153	30.001	-8.1897	41.617	7.5796	-17.636	-6.5129	3.0411	-17.06	-27.6	30.761	-23.958	4.4345
c.1.9	121.97	-9.1007	123.17	122.18	0.34256	111	64.186	72.246	87.332	68.414	-12.916	68.907	35.027	22.027	-10.928	43.21	-16.558	-54.309	38.067	6.7776	17.469	7.8134	5.5416	-16.17	9.4196	-16.7	-10.455	9.5614	29.96	-10.38	-3.7916
c.1.9	122.75	-52.008	119.35	123.17	2.4979	114.29	65.476	64.408	87.826	67.405	-11.451	66.056	34.981	-6.4894	-7.5607	40.711	-33.003	-56.211	41.713	27.742	20.092	6.6386	-26.219	-12.148	19.272	-20.247	-30.886	12.549	29.791	-10.938	-0.24525
c.1.9	132.32	-14.704	113.54	127.46	8.2397	112.28	78.002	82.827	86.861	68.543	-13.165	58.502	78.062	5.1115	-50.199	61.85	-16.012	-86.66	30.85	10.083	23.059	37.857	-0.81326	-11.311	-8.2937	24.121	-4.0516	-41.737	11.26	-12.64	5.5713
c.1.9	127.36	0.42373	120.29	127.46	12.954	119.26	75.496	73.725	95.728	73.024	-7.7343	68.248	51.95	16.605	-20.678	47.773	-10.195	-47.618	36.513	17.041	-25.185	20.495	16.12	-14.246	5.6938	0.48013	-4.4096	-23.791	28.029	-16.622	12.096
c.1.9	121.81	-40.863	123.14	124	2.6487	112.21	71.719	71.046	88.995	68.716	-11.876	69.057	40.988	0.59888	-16.163	45.58	-31.559	-63.768	46.671	30.559	24.053	12.45	-13.178	-14.432	9.8686	-21.495	-30.306	13.791	30.46	-15.021	6.3697
c.1.9	162.6	-7.3913	55.349	125.01	34.603	112.2	33.892	39.583	68.92	47.369	-12.033	18.148	35.32	-3.9814	-11.437	22.076	-22.339	-39.988	19.985	20.584	8.0875	11.707	5.5679	-6.8433	-6.3083	-2.9967	-12.452	-3.81	27.773	-17.793	-2.3597
c.1.9	135.57	-2.4335	69.752	118.74	-1.4314	107.92	60.392	53.891	76.691	50.49	-18.088	32.455	49.058	-6.4725	7.2856	34.014	-21.383	-27.08	35.636	22.043	-10.828	-12.595	6.9347	-10.006	-15.328	11.792	-11.659	-23.071	28.676	-17.948	11.54
c.1.9	131.39	6.2248	94.092	115.94	-8.2317	102.04	61.257	52.833	77.269	34.881	-17.369	38.654	37.492	5.3808	-15.651	30.644	-9.1546	-41.952	30.457	15.424	-13.039	18.416	8.8755	-15.931	-11.759	-10.325	-15.75	7.5434	29.484	-19.11	3.4382
c.1.9	133.64	-78.196	71.88	134.03	22.785	122.88	43.466	55.971	95.819	85.022	-0.14914	73.952	29.963	-23.036	-113.92	41.003	-20.643	-134.62	33.74	39.147	69.179	92.607	-13.01	-14.449	7.4727	3.316	-37.75	-28.528	28.855	-18.434	2.6197
c.1.9	127.93	7.9523	109.26	121.19	-4.088	106.73	64.325	64.718	81.952	47.91	-13.516	48.048	49.957	13.52	-23.713	39.622	-14.205	-55.484	33.387	21.714	-7.2086	27.192	18.385	-22.132	-14.921	-14.247	-17.317	9.5082	31.061	-22.709	0.010573
c.1.9	122.9	-19.948	123.65	124.59	3.8713	112.92	77.166	77.346	89.984	63.63	-6.6507	69.882	55.679	3.2471	-29.81	53.137	-23.764	-64.938	46.471	52.641	-23.473	39.726	11.618	-15.027	-16.054	-24.098	-28.725	17.738	30.001	-20.932	14.808
c.1.9	132.46	-27.752	115.65	128.43	9.2752	113.48	78.061	78.123	86.97	66.574	-13.726	56.669	74.275	-2.9715	-51.252	57.457	-15.622	-83.067	30.019	7.6264	22.601	35.455	0.84256	-11.285	-7.898	22.624	-8.0301	-39.993	7.9701	-10.433	5.3753
c.1.9	137.81	-9.6621	116.17	129.4	17.2	114.52	79.877	85.638	90.583	68.267	-10.24	60.577	88.673	10.065	-61.755	64.837	-12.235	-106	26.494	7.5997	34.016	49.793	-9.771	-8.8746	-0.011851	20.45	-4.8465	-40.997	12.202	-15.07	-0.35751
c.1.9	127.93	0.68146	102.44	126.97	5.4837	112.44	74.191	63.237	89.008	62.765	-17.139	35.095	68.449	-2.7293	-18.647	40.156	-21.193	-42.736	43.343	19.105	4.7919	5.9554	17.053	-11.843	-4.9585	19.287	-7.5058	-41.416	30.132	-19.916	13.79
c.1.9	130.3	9.1215	100.67	120.21	-4.8791	102.76	72.606	53.322	80.529	39.654	-11.55	35.136	42.478	6.834	-7.1992	30.719	-9.9878	-33.858	36.527	12.417	0.34964	7.589	18.639	-10.683	-3.0323	-11.15	-12.749	-8.7818	30.131	-21.907	13.915
c.1.9	132.19	-12.36	108.58	120.75	3.8475	106.4	63.989	54.224	87.433	39.105	-14.291	37.758	54.02	-9.2543	-26.986	34.161	-18.04	-55.628	33.459	20.801	7.878	20.434	8.9605	-14.071	-14.779	-3.1423	-21.688	0.51713	28.818	-17.575	5.4991
c.1.9	129.33	12.838	103.86	124.27	3.4518	110.62	74.226	65.48	86.668	64.467	-17.139	40.579	54.78	14.699	-20.64	39.349	-18.882	-48.949	39.676	19.633	6.5565	15.616	22.596	-18.552	-7.9907	18.541	4.0727	-45.838	29.26	-12.896	11.061
c.1.9	121.97	-0.025005	127.33	128.76	14.387	119.17	81.598	84.933	100.73	68.004	-7.3445	79.05	75.064	12.454	-40.291	60.483	-19.895	-81.801	43.898	36.493	-13.558	46.087	21.402	-23.398	-5.1276	-14.371	-18.181	-11.324	30.807	-22.065	4.1491
c.1.9	128.78	-26.292	120.49	125.32	2.8091	112.05	73.972	73.713	85.189	63.858	-13.67	62.17	53.041	-1.0806	-38.312	50.572	-22.938	-66.817	36.063	20.157	-1.8248	34.155	-2.9082	-13.644	1.755	-1.2878	-22.489	-27.007	26.258	-9.3511	2.8815
c.1.9	130.71	12.22	105.23	125.64	6.9513	110.59	76.159	71.128	88.936	65.258	-15.259	42.347	68.828	15.005	-27.642	44.721	-15.66	-58.43	38.124	15.615	13.193	18.161	23.035	-17.627	-8.3744	23.126	3.829	-51.608	27.919	-10.161	12.039
c.1.9	125.17	-5.5289	125.71	131.87	15.26	119.87	87.164	83.903	98.664	78.315	-7.0479	74.584	71.397	15.261	-42.585	60.175	-21.433	-67.295	40.636	18.161	20.389	33.967	21.518	-11.102	14.68	-7.88	-13.337	-26.713	25.097	-5.8802	13.192
c.1.9	125.32	7.9701	121.36	130.5	12.701	118.67	83.579	74.618	95.78	77.865	-4.9611	50.639	69.836	12.353	-22.601	47.698	-20.225	-50.023	53.755	17.749	-3.8435	14.835	24.123	-15.94	7.232	13.662	-6.8455	-37.935	33.199	-25.927	16.881
c.1.9	128.07	2.5111	104.74	125.06	3.714	110.74	73.114	64.592	88.309	61.158	-16.385	36.914	66.786	-0.70317	-18.997	40.96	-20.142	-41.159	41.399	18.132	-1.8745	7.2382	15.681	-9.9957	-0.17009	17.685	-6.8696	-42.323	28.9	-16.876	14.437
c.1.9	127.07	5.3232	107.75	126.74	6.0724	112.55	73.624	65.025	90.453	62.834	-12.48	37.722	67.934	1.323	-17.67	40.755	-20.027	-41.249	42.97	18.206	-4.5817	6.9294	16.769	-11.531	3.1877	17.046	-5.4113	-43.491	29.432	-17.252	14.358
c.1.9	142.54	-21.744	73.636	110.95	-9.5243	101.22	39.176	39.523	68.565	36.384	-21.867	26.571	27.859	-6.2293	-19.126	21.544	-7.2236	-39.796	23.239	6.5845	11.036	14.367	8.9134	-7.4206	7.5986	-15.925	-23.085	21.938	24.906	-12.322	-4.5087
c.1.9	127.64	11.496	123.22	131.31	14.816	119.89	82.542	84.824	96.039	84.19	-6.3902	67.361	73.117	22.775	-35.211	60.096	-18.205	-62.719	37.476	16.102	20.828	26.961	20.878	-14.119	25.129	-15.612	-6.7634	-14.763	28.024	-9.2512	5.3025
c.1.9	129.75	14.661	105.72	126.6	6.6772	112.08	74.425	65.205	88.591	64.336	-17.687	40.304	58.076	15.356	-19.22	39.194	-17.299	-47.412	38.797	18.448	5.8945	14.132	23.069	-18.265	-8.7856	19.478	6.0816	-46.253	28.829	-12.475	11.515
c.1.9	128.35	6.3837	115.9	127.43	8.193	115.12	77.443	73.557	90.423	71.617	-13.258	52.808	62.064	16.283	-30.816	47.945	-18.611	-56.173	36.082	16.083	22.616	17.434	20.664	-13.495	19.412	-10.578	-9.9119	-22.178	27.181	-9.8094	4.4403
c.1.9	128.21	-22.331	92.441	116.85	1.7658	107.7	64.884	68.806	90.816	57.623	-16.001	54.004	61.823	-3.0922	-32.059	46.692	-16.472	-63.099	28.308	15.867	17.312	15.424	16.392	-17.142	-17.353	10.631	-14.836	-26.847	21.204	-13.347	-3.3506
