c.1.10	-0.858462554400035	-0.781806213966488	0.0445374963059364
c.1.10	1.68594421837839	-1.59480495451354	1.00646967560039
c.1.10	-1.05962712256881	-2.97051480172641	-0.501749978551429
c.1.10	-1.04266095733983	-1.52460363430176	0.0158031097976583
c.1.10	0.36122656611378	0.911258100580734	0.249614457902691
c.1.10	-1.40883286811327	-1.28981318175611	0.938627428153652
c.1.10	-1.49911428583515	-3.51016552421543	0.600489306480601
c.1.10	2.24194861829116	0.188995643412181	-0.477606044108276
c.1.10	1.46818472294461	0.798783887978483	-0.707473468445984
c.1.10	-0.147442281566606	-1.27558059210998	-0.785666129063644
c.1.10	0.336300138406477	0.666663796585768	0.505625158090873
c.1.10	1.87167283669707	0.472217534024655	0.587466284810829
c.1.10	-0.180038944489484	-1.15435181352119	-0.146644935429682
c.1.10	4.54836257493312	-1.22444398935764	-2.50205489370775
c.1.10	3.57176125542452	0.142473329922798	-0.255720282881449
c.1.10	3.01763887280992	-0.897320163213889	1.099216220485
c.1.10	3.00506393705749	-0.296301879957265	-0.0992143737775351
c.1.10	-0.732066950405522	-1.32171061051759	0.302834422707788
c.1.10	0.552060097574019	1.1709673846313	0.496333960624251
c.1.10	0.519648950737591	1.84620636152385	-0.293094629567926
c.1.10	1.34726253885989	-0.913813809812229	1.38615011464956
c.1.10	-0.618853196153043	-0.991314435844005	0.425547229605256
c.1.10	-0.327651905558477	-3.19135837662249	-0.96146197312487
c.1.10	0.0163431276430137	0.451835194622616	-0.902848940540884
c.1.10	1.44465800882477	0.0969805306891052	1.08379092316216
c.1.10	2.02242365850921	-1.81686567347344	-1.47804410405906
c.1.10	0.638947282008868	0.116820296184465	-0.218554092213784
c.1.10	0.48426575845313	-0.148572892120477	-0.144613435624729
c.1.10	3.43658511859063	-0.674462679304945	-0.605316075998297
c.1.10	-0.220482805303975	-0.143335129187064	0.809725733975323
c.1.10	0.857268450008166	-0.401386638780984	-0.459617079247208
c.1.10	3.98970139137715	0.293073606559066	0.286430164832549
c.1.10	3.07200902068444	0.567265287976476	0.46446762440069
c.1.10	4.26425485007811	0.0990904853940386	-0.633325452092596
c.1.10	0.955719557829915	-2.07920103868811	0.0795234516945372
c.1.10	4.780177488449	-2.73804621747507	-1.28758466895992
c.1.10	-1.76834883410221	-3.51777126075401	-0.704535179594203
c.1.10	0.577027971153427	0.0100489475638344	-0.129197635345524
c.1.10	1.94213530915523	1.10796824302905	0.309344972632717
c.1.10	4.62133415869055	0.71039214725278	-0.0981460742819624
c.1.10	4.90934131395496	-1.68278158601561	-1.76987803113517
c.1.10	-0.943670292432731	-0.897964782793833	0.379714614893
c.1.10	0.561974118477697	-0.432829469109328	-0.304853006873477
c.1.10	0.491764967302182	0.824249195349339	-0.354139922603157
c.1.10	-1.49717627696314	-2.27378246872505	0.82890860295712
c.1.10	2.25759932355122	0.717063149481333	-0.387774429752202
c.1.10	0.31716022263645	0.579537031892469	0.287457085155055
c.1.10	-2.86699635011127	-2.68585809837702	0.220717152768352
c.1.10	3.98631685423477	0.899509973739038	-0.251844780144557
c.1.10	-0.240529860718067	-0.796590924087796	0.26310706720975
c.1.10	0.100253350713347	0.482544876059346	-0.935252639870149
c.1.10	-1.73711655007842	-0.705788563128709	-2.10311713251052
c.1.10	-1.19928151824634	-1.40998874931811	0.484655881577774
c.1.10	1.20838843991089	-0.436586253677192	0.351129991325582
c.1.2	2.44704472779499	1.08449315544393	-0.0178178647864864
c.1.2	2.86655331587945	0.360082670386401	-0.522377548569951
c.1.2	0.984079553335213	-0.204299694397464	1.08251270505987
c.1.2	2.92647373215087	0.476044952308797	-0.902615295409797
c.1.2	3.5114857713145	0.989450444728678	0.376355206298107
c.1.2	2.32686731494223	0.499216425550079	-0.816754341108993
c.1.2	2.30433336789845	-2.2822682465544	0.071802134996244
c.1.2	1.71084847115481	0.307857758115378	0.333907261258704
c.1.2	0.27342637510478	-2.15272223529767	-0.576138455971895
c.1.2	1.93060902492793	-0.619347677916685	0.209844519425901
c.1.2	3.85253328511205	-1.08629445534228	-1.11857834274925
c.1.2	4.61368423884535	-0.136397513739502	-0.299175767494782
c.1.2	2.39457462432739	0.513587199425495	-0.703541453042646
c.1.2	4.52969339700121	-0.618408172819421	0.761976562704467
c.1.2	3.77482906966911	1.41028639935831	-0.332177571160737
c.1.2	2.62433765672821	-0.739846418215211	0.0148873419047007
c.1.2	2.27228355103402	1.16731300551724	-1.50636527598184
c.1.2	1.97362018300087	-0.613178599004642	-0.280039850506657
c.1.2	2.7201921934595	-0.409851419945112	1.87287599316274
c.1.2	1.97535947415679	0.0708107693154946	0.0854966990023031
c.1.2	3.85410119490784	1.10598621445459	0.216566368777228
c.1.2	3.37486588896345	1.43978779511145	0.817968139715341
c.1.2	4.95831524204434	-0.310767724913927	-0.0938814942989762
c.1.2	2.16954351970281	1.58811565113201	-0.178692828349902
c.1.2	6.0237148243122	-0.679374111609126	-1.33859046840347
c.1.2	3.43231169089654	-0.47292980606889	-0.312586831862323
c.1.2	3.73079864890264	1.18925787353655	0.0501522652449893
c.1.2	3.06944079662818	-0.532502859477234	-0.837645213800571
c.1.2	3.45746607679864	0.161230578683162	0.507929526606309
c.1.2	3.0257050684519	-0.419279585440132	0.599344914272263
c.1.2	2.29558615116804	-0.732385966520746	-0.272284570985748
c.1.2	4.1887763216503	0.231675767887077	-0.0594956240024824
c.1.2	-0.242820058629735	-0.421962257218485	-0.239343882909568
c.1.2	-0.284929373257672	0.20498130830932	-0.0415034461578875
c.1.2	3.77212637198157	1.35661752062493	-0.0261975691883716
c.1.2	-0.490114766769757	-0.383814856157411	-0.280325045803621
c.1.8	-0.0115010464088446	-0.447535668683399	0.340593297594077
c.1.8	-3.76903839603323	-0.488890326866593	1.03592269637522
c.1.8	-3.02426500053474	-0.633821280858844	-0.364959507110669
c.1.8	0.321024636371935	2.16864458318542	-0.381146549177393
c.1.8	-0.522002466512529	-0.915291986791911	1.74805549620127
c.1.8	5.66963843900531	-2.7440298177843	-0.193842235590328
c.1.8	-0.233107913049832	1.46949370550077	1.65185226174993
c.1.8	-3.44595259117448	-0.427139761440933	0.312810786103038
c.1.8	-0.723512001155357	0.483462084397434	0.0394577871813345
c.1.8	-1.92159818050663	0.403595537874469	0.049646114376152
c.1.8	0.967246470282543	-0.0470472985513424	0.142772869456828
c.1.8	-2.1034219421551	0.44958551841484	0.296177625877721
c.1.8	-1.88027332560112	0.507936772953117	-0.0415937569426494
c.1.8	-2.22124655810492	1.50203792098763	0.229059414594547
c.1.8	-3.11280105093923	0.45423306124633	0.68038249693716
c.1.8	-3.11829536724854	0.774058664159657	-0.705590725256637
c.1.8	-1.34722713835421	-1.64869008539127	-0.288094720941405
c.1.8	-1.37177601871368	0.554173112659357	1.18384259765812
c.1.8	-1.3725441791121	-0.201873879239306	-0.246339609164932
c.1.8	-0.414043852716493	-2.38011029175527	1.15743847137946
c.1.8	1.27787993891801	-0.527789953430477	0.712925356697628
c.1.8	0.716473074417669	1.82308389528859	-0.0267458570391952
c.1.8	-1.66281400098173	-0.108192318000939	-0.904997275128862
c.1.8	0.810380383867061	1.40019025983628	0.0557120527115628
c.1.8	-3.44015613924885	-0.894304490135599	-0.76558025341384
c.1.8	-3.7481480492913	-3.03414411309137	0.959705221514461
c.1.8	0.0601750233932734	0.772949289064577	-1.07038017258627
c.1.8	0.127204479012964	1.1330141784896	-0.727830425240471
c.1.8	-0.882611679349959	-0.00404561244052509	0.939943468571001
c.1.8	-1.37377482824292	-0.429493281305075	1.24298765010678
c.1.8	-3.50372220291447	-0.40059113921133	-1.35041007093417
c.1.8	-0.678258378560644	0.46761966674593	-0.453941136986959
c.1.8	-1.08130421951023	0.801814849939703	0.448886983187875
c.1.8	0.0893846457516333	-1.49598048019556	0.171056143282118
c.1.8	-3.77589925707255	-0.286285349791302	-1.92569534772277
c.1.8	-2.90005973333428	-0.168548725050066	0.546550136296791
c.1.8	0.811226712888456	-2.63763113241017	-0.559483061621354
c.1.8	0.24264196488591	1.85987411200942	0.190613197820455
c.1.8	-2.51575708442351	-0.0995901894752869	0.585084189511579
c.1.8	-3.8409191761199	0.517062931853762	-1.38364031922641
c.1.8	-2.03746589126703	0.635559473266427	0.0864720289498138
c.1.8	-1.10704128593074	1.87511260802204	1.01622005810275
c.1.8	-0.739929625614259	1.51361103151586	0.329387957093683
c.1.8	2.33257610333503	-2.7445546383624	0.418851853712142
c.1.8	2.25899581772631	-2.186427588136	0.353493635556572
c.1.8	-0.556296353249809	0.59284630322487	0.245148719936009
c.1.8	-1.14554531044722	0.380470960493765	0.293094554371739
c.1.8	-1.66638301537584	0.248807537035722	-0.483802581340801
c.1.8	-1.62724761619392	0.812402531761187	-0.574042355016451
c.1.8	0.0378850489308251	2.44875497903773	0.102454552526657
c.1.8	-0.258899821674592	-3.34196185832362	0.896277944055323
c.1.8	-4.60163615650726	-1.16841430841142	-1.70912322256891
c.1.8	-1.35138879287197	0.307481394978354	-0.593943972221045
c.1.8	-1.35975980715177	1.049805249695	-0.290728114351833
c.1.8	-1.1031816011339	0.810274309519808	0.138639535084209
c.1.8	-1.11380088161722	0.049940955951596	0.444616948537024
c.1.8	3.72546833700702	1.0135789138031	0.36174097303285
c.1.8	-2.38570961299396	0.61156037232329	-0.217603125076098
c.1.8	1.70930493639803	-2.20026615185888	0.208977478038759
c.1.8	0.173666586905931	-1.00845301502276	0.900891321428071
c.1.8	-0.203417359557622	-2.59796089819443	0.0642404206155057
c.1.8	0.749395840226394	1.38525984208057	-0.448965562923351
c.1.8	-2.17452613854401	-1.45086834187764	0.162092902696765
c.1.8	-3.72825052089794	1.17130083666641	-1.17601293092177
c.1.8	1.91154005908947	-3.25873181764077	-0.128039564129856
c.1.8	-2.03296013514945	-0.61549197509956	0.267735944709229
c.1.8	-2.91470854831962	0.617613772554882	-0.654283771688897
c.1.8	-1.07934238574135	-0.433758534347683	-0.486683486864396
c.1.8	-1.66860566997843	0.889576484247514	0.469117375795384
c.1.8	-0.435639648084139	0.0984656224262357	-0.107794379079646
c.1.8	0.259360074005319	-0.567430320922007	1.62935932285676
c.1.8	0.949426330939691	1.18656741745289	0.419816684303923
c.1.8	-0.95326678162858	-0.760126155955689	-0.112639318126033
c.1.8	0.243095406678252	1.06022215401882	0.0664991207164851
c.1.8	-1.918847430549	0.517933736450923	-0.118634283139843
c.1.8	-1.91105995072522	0.355962828881046	1.06870146960135
c.1.8	-1.90984082730528	0.548842618340183	-0.114318046794993
c.1.8	-2.86855879297711	0.2743696851593	0.05884091733019
c.1.8	-2.78489234489931	0.0347087796457243	-0.291359648472777
c.1.8	-2.00322345640699	1.11663351860266	-0.266202098622505
c.1.8	-1.03658404519187	-0.345008746422546	0.984754900554034
c.1.8	-3.28286451009319	0.231087263565507	1.16667841225252
c.1.8	-3.17628224866053	-0.407201978759786	0.156457945815246
c.1.8	-1.27296019605229	1.34869037982383	-0.248257540057392
c.1.8	0.834711846277064	-0.379912102357102	-0.325960879606026
c.1.8	-2.4383963294405	0.296797830506677	-0.200918106201883
c.1.8	-1.39857215002512	-0.0230833377647698	-0.741222824789321
c.1.8	-1.23596689118479	0.421851778865067	0.0120835924615698
c.1.8	3.69557209980977	1.00689901320499	0.861976776311555
c.1.8	-1.6877630486755	-0.641168776102612	0.273302800777028
c.1.8	0.505388220300259	0.339011861279251	-1.08699839624612
c.1.8	0.796605862435799	-0.136065410835775	1.05658853928222
c.1.8	0.510404088539548	2.21302106213656	-0.542734430739797
c.1.8	-1.10730831308824	-0.257582692643546	0.674027412298064
c.1.8	-1.05146719512379	-0.31033183169283	1.26751172780621
c.1.8	0.486041731738444	1.65702395733927	0.467415545606199
c.1.8	-3.26949596914501	-0.982924870124552	-0.543032407495644
c.1.8	-0.888125121787698	0.511982496367566	0.453528564542142
c.1.8	1.61205561047049	1.7262374469117	-0.408787470305536
c.1.8	-1.66716368694681	0.352159749380522	-0.421734400706803
c.1.8	-2.94645107922493	0.341788747561459	1.52261007763746
c.1.8	-1.20539003843043	0.240895598205297	0.922244485212347
c.1.8	-2.7577137373022	0.0120224007251984	-1.00144167605781
c.1.8	-0.835995010061303	-0.317285435650287	-0.320465749246686
c.1.8	-1.2629837477326	0.884552735130892	-0.648331565312347
c.1.8	-0.939279362258066	0.309936904336165	-0.670576297128561
c.1.8	-2.2757582268967	1.59235099665577	0.600134978450703
c.1.8	-3.26345944738544	0.79583322191437	-0.082380462904474
c.1.8	-2.96778050843228	-0.00390797408476856	-0.601261346967322
c.1.8	0.294765153461363	1.58272298801178	-0.101307361291426
c.1.8	0.137937465131476	1.12498803959521	-0.731438620673899
c.1.8	-0.137418085704896	1.34615761476688	-0.784497392994358
c.1.8	-2.39311883782628	-0.841556749650743	-0.494850341849724
c.1.8	2.17298895849405	-2.64966542404678	0.436557089010511
c.1.8	-2.56996890652576	0.159136480367742	0.41494904120175
c.1.8	-0.629961620093179	0.885942576579207	0.667647543281332
c.1.8	-0.590816687416098	0.297171825195909	-0.651657544252218
c.1.8	-1.3586167844052	0.675654901562592	1.08804816133062
c.1.8	1.5796888311277	-2.60258291257327	0.369865535541291
c.1.8	2.40527210744912	-2.62025949133127	-0.263374707082681
c.1.8	-2.85343109403384	1.05195867400802	-0.261942118552276
c.1.8	-3.65726102837263	-0.503031901022823	0.36502789807358
c.1.8	0.00699368041524832	1.7866371964625	1.3551706372589
c.1.8	-2.11194060032475	-0.0732246719946597	-0.150718185955011
c.1.8	-1.80189259928008	-0.440649987953887	0.176890785711245
c.1.8	-3.6350051288975	-2.94687738330011	-0.81077868309001
c.1.8	-1.96817787978107	0.732138684980314	0.366213293916842
c.1.8	2.52932916649831	0.388389436942101	1.59405467228475
c.1.8	0.340827577215678	1.30013765380043	-0.292998333076637
c.1.8	-0.191020716936213	0.92225881651735	-0.283644716593572
c.1.8	-0.842562781513852	-0.491089284069114	0.098318762719926
c.1.8	0.108644806658895	-1.55412240678687	0.635030378949384
c.1.8	-1.60039582678062	-0.110781160683824	1.00884156228472
c.1.8	-1.55345741667848	0.520647472948245	-0.0460385477356453
c.1.8	0.858065903427061	0.105089461702387	-0.129019309228336
c.1.8	-2.06511174783592	-0.417093660213206	0.14730283789268
c.1.8	-1.01237161700805	0.539117388154861	-0.362218404020806
c.1.8	-1.30410842608312	0.742471165564126	1.22493329473802
c.1.8	-1.19312588372969	1.32367100082535	-0.499469020714885
c.1.8	-0.37600466488788	0.959706796545917	0.18327493037139
c.1.8	-0.281046668089648	0.60234701724525	0.779436391606765
c.1.8	-0.527711419031456	-0.30717913528119	0.804678714029707
c.1.8	-1.93914640217032	0.898795907146049	-0.315519115232807
c.1.8	0.8068533475608	-0.00767371247482851	0.0411412205284676
c.1.8	-0.302083529470176	0.888891791217153	-1.07182994825361
c.1.8	-3.97907177225895	-0.44075749894361	-0.557842810719484
c.1.8	-2.20083437857296	1.04617920068082	0.179912070339454
c.1.8	-1.66203153663121	0.699734818289207	0.116689407298071
c.1.8	1.37048722303771	0.277094238676686	0.118773635278392
c.1.8	-3.04499014735978	1.11781841256331	0.577651564906616
c.1.8	4.75993826168395	0.55154237013205	2.3433764499761
c.1.8	-1.11217088061018	0.425993014708632	0.0788646046969492
c.1.8	-1.10997170964319	1.40070634490836	0.301455871340384
c.1.8	-1.43999862353944	0.577517835292323	-0.549806405668115
c.1.8	2.14224430603022	-2.78650999395659	0.801745026700234
c.1.8	1.11066581132632	1.83410512937206	-0.0362489332037815
c.1.8	-1.30740829860111	-0.31489609327335	0.73309626070094
c.1.8	-2.04477059695196	0.573394570420627	0.268462583860644
c.1.8	-1.69422655449299	0.134864971388599	-0.292817803656552
c.1.8	0.228612099079611	0.747758183438	0.828260606387421
c.1.9	-0.640420815761444	1.10598342490236	-0.467530193307524
c.1.9	0.492658996829776	1.97784015970047	0.238745181357216
c.1.9	0.87904110748928	-1.33823274397366	-0.616335520006346
c.1.9	1.36150871935631	-0.0374345754749834	-0.708609257250626
c.1.9	-0.376023932587177	0.264777954794292	-0.0500072418819152
c.1.9	0.100566701082032	1.00663667424574	-1.07813935203219
c.1.9	-0.542319435296202	0.380784063292815	0.1471192387728
c.1.9	-1.58946783164397	0.483435684279448	0.48733903849342
c.1.9	-2.53575943608338	-0.736409644315402	-1.70459484633617
c.1.9	1.85592366364612	1.32328204057022	-0.362939435860002
c.1.9	-0.44694646353993	0.411115051340922	-0.166619309596925
c.1.9	-0.297173049302419	0.832670759503241	-0.524708929338345
c.1.9	-0.146191822006614	0.191860318483712	-0.5542579820883
c.1.9	0.793367285556161	-0.316513506624408	0.302373842032882
c.1.9	1.01090433388244	-0.378627493589741	0.960773253383889
c.1.9	0.956010644265167	0.993161908102527	0.0475297693451072
c.1.9	-0.57111890756868	0.524341389662703	1.09186587680754
c.1.9	-0.795641285305767	1.27372759176044	-0.97639472578469
c.1.9	-0.772902848457718	0.653444850105992	-0.391295408925728
c.1.9	1.67839116510277	1.04884030357791	0.415012239606825
c.1.9	2.0963840673729	0.21909616279677	-1.15440165685115
c.1.9	1.44643147690016	0.246143080640331	0.532810976739346
c.1.9	-0.0471729085217275	0.052453057984626	-1.04172799519708
c.1.9	0.23155601907442	-0.866258643475011	0.892585616369014
c.1.9	1.86214793509164	1.17807493223923	-0.189701318696641
c.1.9	-4.75407423303247	-3.37703103931951	0.0362283673550299
c.1.9	-1.13864922880354	0.211880246906313	-0.000965331557217564
c.1.9	-0.158230217884504	-0.449403171584738	-0.422152954128106
c.1.9	-1.01871597800093	-0.179860692809767	0.605203145363667
c.1.9	0.14918757707133	-0.267885989466446	0.146643848204651
c.1.9	1.46779753643859	-0.680356892169226	0.10422719460945
c.1.9	-0.294942639598428	1.06036825822952	-0.650081744186943
c.1.9	-1.33520320656011	-0.251104883447034	-0.239896412967132
c.1.9	0.613757204334082	0.938611681322091	-0.312465557884225
c.1.9	0.22162546330472	-0.942678848695182	-1.23300740311081
c.1.9	-0.595356069973691	0.00570526735634962	0.102970700307125
c.1.9	0.367098826522616	1.46884605588813	-0.413421074507373
c.1.9	1.09404696552842	1.60984520138362	0.886205233956365
c.1.9	0.125711621258246	1.8071555341783	0.00790295882106928
c.1.9	-0.13220052512335	1.2644015020179	-0.26858800707633
c.1.9	0.614058706125408	-0.0885153552417117	0.297832896590611
c.1.9	0.910472485966913	-0.833110142233965	0.985534191576799
c.1.9	0.433403370631264	0.973763556619359	-0.698125457998051
c.1.9	0.380564318208151	0.539930045142927	-0.304054963176622
c.1.9	-2.03030315349625	0.149633357372785	-1.28489749493679
c.1.9	0.385476077485178	0.44035303195398	-0.493948605957011
c.1.9	0.0311716051854552	1.57698588087982	0.184673532986338
c.1.9	-0.120692299910385	-0.390739567089136	0.763836015213491
c.1.9	0.676518759718578	-0.181860400610551	-0.734959857854578
