c.1.10	4465	1418	1330	1781	13497	4355	1199	855	797	3135	4079	3345	894	729	113	2885	533	2533	2948	533	228	28	131	4165	1474	1312	724	794	155	171	714	777	1106	1454	4236	201	515	176	1944	547	223	809	
c.1.10	2992	1033	1049	1192	8216	2622	874	575	732	2137	2975	2412	863	576	152	2012	598	1639	1953	453	183	25	88	2584	983	857	560	558	134	166	526	498	827	857	2497	146	301	130	1212	324	139	494	
c.1.10	4115	1342	1244	1726	11626	3678	894	654	856	3075	3470	3209	766	605	165	2661	455	2264	2307	632	211	14	108	3726	1261	1233	644	644	187	126	645	738	1083	1245	3688	167	472	134	1899	444	191	803	
c.1.10	4636	1580	1432	1890	13868	4851	1430	970	917	3562	4377	3706	954	809	116	3069	620	2649	3118	684	231	29	132	4409	1628	1532	839	907	200	200	838	891	1219	1566	4408	194	606	208	2015	644	282	863	
c.1.10	3876	1259	1253	1565	11631	3573	1190	537	752	2773	3663	3133	795	747	150	2831	551	2315	2539	510	204	27	112	3715	1329	1173	791	726	169	156	627	627	1134	1253	3681	179	456	133	1721	490	208	731	
c.1.10	4529	1464	1373	1796	13516	4500	1304	805	913	3227	3883	3399	877	787	123	3002	527	2615	2885	612	198	24	119	4115	1421	1354	791	846	183	162	715	758	1170	1501	4187	169	508	172	1968	538	210	814	
c.1.10	4425	1403	1322	1770	13159	4317	1193	824	770	3157	3864	3372	837	760	101	2812	505	2569	2729	512	189	20	135	4047	1459	1347	719	752	163	158	693	724	1141	1431	4071	182	505	183	1931	530	203	805	
c.1.10	2924	898	901	1201	8198	2560	742	395	475	1847	2523	1904	564	481	91	1802	339	1673	1609	251	115	17	67	2571	887	746	484	512	134	120	416	398	712	932	2679	120	332	103	1228	345	132	530	
c.1.10	3359	1095	1037	1399	9419	2951	729	617	593	2504	2987	2672	688	571	107	2178	388	1954	1979	409	157	15	91	3056	1089	1023	523	559	145	120	536	564	921	1009	3069	140	376	121	1548	388	162	659	
c.1.10	4089	1348	1321	1655	11822	3795	1258	791	845	2741	4000	3106	1028	759	153	2782	634	2363	2678	524	251	26	120	3746	1465	1190	678	707	167	177	738	699	1183	1236	3738	216	481	164	1695	528	197	726	
c.1.10	4029	1318	1285	1608	12229	3841	1297	554	818	2919	4010	3458	882	830	127	2978	588	2541	2839	576	215	28	118	3905	1418	1308	763	770	144	196	730	741	1196	1340	3848	196	466	151	1801	555	188	747	
c.1.10	3311	1043	1062	1343	9873	3132	849	615	634	2233	3171	2572	663	734	128	2301	446	2038	1955	424	142	19	124	3149	1040	960	594	587	166	151	589	592	966	1146	3093	154	398	166	1466	379	153	613	
c.1.10	4066	1370	1356	1646	11812	3747	1373	876	939	2822	4037	3097	998	790	168	2913	579	2336	2606	566	205	42	123	3793	1448	1171	771	750	189	211	796	719	1140	1256	3779	223	549	161	1663	575	212	699	
c.1.10	2536	732	805	1129	6937	1912	606	334	461	1457	2238	1857	539	383	79	1686	326	1398	1406	239	112	16	79	2369	783	654	447	375	88	113	382	346	758	748	2317	125	283	93	1226	288	102	557	
c.1.10	2413	708	734	997	6421	2052	483	393	390	1559	1934	1707	401	409	62	1438	249	1361	1232	245	109	12	60	2039	651	588	357	309	96	95	315	280	639	758	2066	82	214	83	1106	209	89	456	
c.1.10	2721	825	842	1118	7770	2469	669	418	430	1683	2491	2016	614	486	60	1840	350	1578	1558	304	112	16	90	2516	840	760	490	514	110	106	445	388	749	834	2477	120	267	121	1218	298	112	517	
c.1.10	2826	892	840	1203	8005	2524	711	554	567	1860	2458	2038	546	449	70	1744	277	1465	1586	326	113	16	74	2571	953	838	422	466	103	108	495	510	713	851	2615	147	304	117	1299	323	97	562	
c.1.10	4161	1363	1438	1707	11742	3878	1001	817	1031	2947	3932	3384	1029	910	177	3230	683	2711	2339	575	215	27	117	3846	1329	1137	841	796	209	200	761	760	1244	1454	3824	203	534	178	1753	502	209	761	
c.1.10	3768	1304	1359	1516	10783	3767	1188	741	819	2576	4083	3231	957	1027	156	3056	684	2364	2495	570	220	34	147	3478	1234	1170	781	780	182	236	748	711	1155	1329	3432	218	462	190	1552	491	200	651	
c.1.10	3890	1273	1266	1536	11634	3553	1144	583	811	2589	3816	3134	854	823	134	2782	530	2307	2652	544	240	26	125	3584	1310	1198	689	659	121	185	582	645	1101	1293	3531	179	404	128	1710	430	173	693	
c.1.10	3079	1063	1072	1200	8466	2847	910	542	710	2283	2932	2549	837	610	123	2166	584	1803	2085	436	188	25	107	2604	960	933	538	549	117	153	548	480	847	895	2530	137	326	126	1251	310	131	497	
c.1.10	4348	1428	1482	1754	12607	4162	1074	986	1023	3247	4326	3480	1006	1068	169	3390	656	2839	2606	620	213	26	127	4129	1450	1214	875	855	218	238	879	825	1258	1528	4086	233	593	215	1831	550	226	777	
c.1.10	3946	1268	1226	1616	11145	3372	1224	800	791	2565	3720	2905	920	659	96	2634	618	2058	2579	549	171	27	108	3595	1311	1113	664	634	172	174	627	661	1006	1102	3490	213	422	168	1687	464	179	719	
c.1.10	4159	1259	1295	1760	12345	3651	981	544	688	2858	3739	3356	703	818	92	3121	455	2284	2343	452	185	19	106	4014	1383	1193	739	689	128	151	679	660	1254	1374	3989	207	456	171	2014	489	199	864	
c.1.10	3180	1019	1084	1263	9080	2822	882	618	691	2062	3174	2420	740	734	105	2249	528	1891	1880	400	177	25	107	2850	985	850	614	586	155	174	562	469	870	1017	2818	151	348	153	1315	387	169	539	
c.1.10	3158	978	930	1367	8563	2557	776	637	580	2124	2760	2189	624	437	102	1987	397	1484	1937	373	158	27	72	2943	1033	903	482	506	119	128	525	486	762	840	2821	163	312	133	1483	359	120	643	
c.1.10	3783	1265	1332	1530	10872	3599	1020	646	801	2658	3795	3216	998	975	145	2896	677	2355	2456	556	220	22	115	3512	1252	1147	818	679	145	206	667	665	1155	1248	3500	199	462	187	1569	456	200	665	
c.1.10	3653	1262	1162	1512	10254	3509	839	733	842	2994	3173	3085	688	736	173	2435	441	2096	2230	708	199	14	107	3271	1175	1122	657	715	221	129	574	658	1004	1169	3287	156	393	160	1649	415	181	699	
c.1.10	2746	828	837	1139	7931	2530	759	480	464	1707	2466	1752	444	531	89	1500	326	1598	1600	262	105	10	82	2520	838	708	478	504	97	130	495	414	688	883	2573	128	316	127	1166	353	112	515	
c.1.10	3895	1286	1325	1573	11365	3695	1143	828	752	2643	3876	3158	875	836	123	2844	531	2352	2388	510	192	23	140	3507	1291	1151	783	722	178	171	677	626	1165	1354	3529	192	440	188	1633	482	186	696	
c.1.10	3410	1088	1067	1385	9715	3055	881	564	628	2258	3029	2413	683	601	103	2090	460	2013	2068	381	162	14	117	3078	1072	1010	553	541	115	148	494	562	888	1004	3014	154	328	136	1491	354	146	618	
c.1.10	2554	784	793	1037	7213	2350	656	389	446	1676	2273	1868	446	439	68	1634	278	1519	1522	310	108	16	90	2332	722	690	430	437	86	103	427	365	675	827	2309	111	266	115	1112	257	116	468	
c.1.10	2715	836	903	1115	7599	2494	642	426	508	1748	2380	2035	592	640	100	1852	388	1640	1511	259	141	19	75	2387	766	711	483	465	108	158	460	417	771	875	2429	132	294	141	1170	294	111	492	
c.1.10	2398	718	693	1012	6455	2042	433	369	334	1448	1912	1774	348	385	48	1352	212	1220	1285	291	111	7	66	2086	722	658	351	331	57	73	293	298	601	711	2061	92	210	86	1149	240	97	470	
c.1.10	2969	1009	1029	1248	7766	2471	634	519	637	1953	2694	2432	711	597	116	2112	447	1609	1676	403	136	17	89	2500	866	870	488	470	132	131	481	488	876	814	2454	143	314	112	1242	307	128	545	
c.1.10	2307	659	644	1035	6410	1777	471	326	398	1270	1858	1454	445	288	57	1300	225	1065	1206	222	102	8	61	2090	673	568	339	327	75	96	368	314	561	612	2072	96	251	89	1170	247	105	502	
c.1.10	3711	1281	1297	1521	10139	3319	924	767	802	2717	3504	2789	1060	725	167	2663	623	2126	2240	553	225	31	98	3204	1154	1077	686	662	189	224	700	586	1009	1088	3178	183	414	152	1475	449	181	648	
c.1.10	3687	1198	1200	1507	10779	3205	1071	474	751	2439	3566	3031	848	707	129	2783	523	2214	2446	489	189	24	99	3441	1221	1164	674	701	132	193	650	609	1040	1170	3429	192	419	140	1618	445	178	695	
c.1.10	3023	980	1043	1226	8442	2698	693	606	602	2096	2851	2422	672	640	129	2162	478	1838	1675	390	160	21	97	2659	942	840	555	514	133	164	534	490	895	995	2669	129	339	143	1262	355	124	525	
c.1.10	2456	802	780	1074	6846	2200	640	430	434	1652	2196	1915	491	504	40	1595	284	1250	1395	293	106	15	73	2313	804	724	465	504	95	102	402	387	695	781	2300	115	267	123	1154	303	133	506	
c.1.10	2350	669	732	1070	6389	1794	437	313	382	1255	2062	1650	497	328	94	1505	318	1204	1198	210	97	23	52	2159	712	591	395	324	68	143	375	303	697	645	2159	131	243	94	1176	256	97	530	
c.1.10	4432	1437	1331	1763	13312	4454	1239	926	822	3184	4034	3447	835	766	121	2850	527	2535	2949	590	216	28	134	4126	1503	1354	745	795	175	165	704	738	1107	1468	4114	178	521	175	1932	556	208	810	
c.1.10	3453	1065	1088	1387	9816	2955	835	407	537	2187	3207	2734	734	521	83	2352	568	1914	2099	397	169	16	114	3062	1079	1038	582	513	73	153	486	500	969	1041	3020	127	313	96	1551	331	122	637	
c.1.10	3908	1267	1266	1581	11581	3662	1207	570	725	2757	3873	3213	886	703	121	2652	527	2258	2592	489	223	17	124	3736	1332	1208	718	707	136	205	709	679	1095	1362	3641	180	477	162	1713	457	173	734	
c.1.10	4621	1525	1387	1864	13958	4800	1355	929	860	3420	4180	3669	896	812	123	2972	511	2672	3007	638	197	25	126	4355	1572	1489	776	866	189	170	809	865	1163	1537	4339	212	583	200	2022	588	237	859	
c.1.10	3281	995	1022	1343	9802	3092	786	568	534	2064	3001	2431	625	644	101	2191	406	1991	1949	401	138	25	124	3112	983	881	584	566	148	162	596	545	876	1072	3118	165	388	159	1506	393	152	623	
c.1.10	3666	1200	1206	1475	10637	3410	1079	528	626	2415	3560	2985	812	720	107	2668	509	2035	2365	443	194	31	110	3354	1189	1105	672	612	124	169	557	578	1008	1212	3285	180	401	129	1606	415	168	659	
c.1.10	5494	1845	1658	2197	16152	5350	1296	1346	1183	3996	4589	4261	1137	1041	168	3660	585	3099	3345	903	239	40	156	5005	1811	1651	854	1032	263	217	903	988	1396	1675	5034	233	628	212	2375	697	254	973	
c.1.10	2550	825	802	1046	7001	2316	598	480	428	1729	2280	1934	530	478	86	1603	308	1440	1597	281	131	14	84	2295	852	730	396	393	95	111	389	402	668	800	2290	131	271	107	1079	298	114	473	
c.1.10	3972	1297	1270	1570	11305	3669	1134	800	824	2733	3855	2878	899	785	142	2740	525	2305	2548	535	227	33	118	3726	1368	1096	693	721	189	158	700	628	1079	1221	3559	201	485	145	1608	496	174	679	
c.1.10	4234	1299	1345	1783	12597	3739	1036	585	663	2841	3958	3460	832	871	97	3285	522	2494	2482	451	195	19	117	4084	1417	1255	833	773	125	178	689	715	1275	1428	4143	213	492	165	2008	542	203	873	
c.1.10	5291	1748	1509	2217	15329	4916	1117	1005	853	4289	4599	4117	849	835	156	3347	510	2694	3301	744	265	23	136	5041	1853	1765	766	912	191	157	870	1071	1322	1601	5052	223	662	175	2448	717	247	1062	
c.1.10	4606	1572	1423	1816	13807	4765	1380	1032	901	3575	4332	3744	908	804	118	3020	603	2681	3189	673	243	25	158	4255	1639	1489	779	887	194	198	775	811	1191	1522	4231	181	531	203	1942	607	247	806	
c.1.10	3357	1190	1116	1350	9131	3254	925	658	745	2551	3190	2649	773	757	158	2355	466	1913	2258	544	215	23	106	3002	1084	1061	612	631	173	189	603	625	874	995	2945	154	397	142	1369	431	169	581	
c.1.2	2826	1032	998	1186	7450	2716	813	547	661	2244	2651	2522	689	532	113	2010	425	1651	1616	487	140	20	84	2391	959	901	493	519	144	141	533	491	858	866	2425	147	292	128	1160	343	152	522	
c.1.2	2788	936	914	1141	7618	2530	695	489	543	1923	2661	2184	528	528	117	1821	372	1582	1731	428	160	19	97	2513	971	847	496	478	103	150	468	438	786	852	2453	101	294	115	1145	347	119	508	
c.1.2	3121	1139	995	1263	8717	3114	717	713	639	2406	2793	2592	767	502	102	2012	422	1650	2115	599	181	15	110	2722	983	1037	513	543	158	125	514	601	842	878	2738	148	300	122	1314	389	163	541	
c.1.2	2800	915	891	1185	7688	2182	678	379	463	1972	2465	2232	711	519	116	1902	408	1449	1744	365	133	29	86	2549	930	845	484	462	104	128	388	431	773	817	2492	97	253	100	1279	322	130	560	
c.1.2	2766	899	966	1104	7893	2698	847	486	570	1848	2945	2212	613	588	131	1940	495	1719	1738	327	157	23	106	2525	839	793	518	511	113	169	540	453	805	922	2497	159	321	127	1108	337	137	468	
c.1.2	2884	979	1058	1213	7604	2517	774	494	603	1891	2913	2228	948	561	144	2221	550	1681	1712	370	171	26	105	2555	932	877	566	547	120	174	514	467	942	931	2455	138	350	124	1159	357	127	531	
c.1.2	2312	768	740	973	5643	1788	466	344	367	1574	1826	1755	472	343	72	1474	302	1119	1115	298	109	5	61	1777	634	630	275	275	86	91	328	314	567	551	1731	87	174	68	945	181	102	411	
c.1.2	2954	1084	1079	1235	7887	2785	898	663	711	2172	2935	2524	766	572	123	2113	485	1712	1778	526	160	29	106	2513	1023	954	587	550	140	161	587	565	940	878	2549	177	365	132	1197	382	156	518	
c.1.2	3362	1162	1240	1407	9022	2976	1087	595	734	2328	3321	2726	832	696	159	2466	545	2079	2148	461	182	37	114	3022	1129	975	714	614	153	163	619	563	1088	1138	2911	184	412	139	1342	455	181	602	
c.1.2	2629	834	918	1049	6757	2091	639	387	467	1609	2417	2057	632	472	114	1871	470	1522	1498	317	137	13	96	2202	774	711	432	380	79	115	374	306	775	746	2052	113	237	88	1057	227	104	443	
c.1.2	2508	800	714	1065	6804	2275	552	389	461	1666	2021	1817	384	322	72	1370	252	1252	1451	347	119	13	71	2246	797	738	351	380	98	75	372	341	598	696	2196	89	249	94	1144	266	124	492	
c.1.2	2210	755	752	937	5683	1843	491	372	467	1559	1987	1765	576	367	108	1528	354	1184	1298	324	111	17	51	1955	658	672	394	352	86	130	393	394	603	629	1948	107	244	105	909	245	114	404	
c.1.2	2859	1028	1010	1235	7513	2638	837	586	598	2037	2773	2403	728	550	135	2051	468	1536	1683	495	121	18	82	2474	987	960	515	480	118	143	564	529	913	845	2461	157	352	119	1233	349	143	551	
c.1.2	2013	700	706	818	5075	1778	528	355	390	1302	1737	1587	552	436	76	1366	296	1161	1221	237	103	8	65	1615	578	585	376	353	97	124	333	295	517	563	1606	84	209	97	761	214	98	323	
c.1.2	2479	842	851	1051	6607	2189	747	369	540	1740	2394	2017	600	472	106	1658	445	1329	1440	387	138	23	90	2188	785	763	471	416	103	136	377	355	709	754	2141	116	241	109	1118	292	140	465	
c.1.2	2738	873	964	1173	7426	2274	717	443	491	1799	2735	2143	674	531	85	1889	435	1466	1572	313	130	21	81	2515	842	768	571	469	83	175	521	431	787	891	2396	143	336	133	1155	317	137	523	
c.1.2	3361	1088	1111	1443	9481	3078	782	594	542	2392	3250	2816	799	629	126	2418	518	1937	2032	391	125	23	85	3258	1199	1037	678	605	138	203	585	611	1018	1059	3152	181	404	142	1563	438	166	693	
c.1.2	3025	942	891	1259	8253	2602	555	491	470	2170	2545	2306	542	555	81	1945	314	1587	1763	317	145	19	75	2680	966	870	424	444	114	111	423	426	777	857	2641	115	282	106	1361	334	114	591	
c.1.2	2632	948	950	1049	7100	2674	833	531	640	1968	2666	2254	603	616	123	1826	430	1579	1712	466	179	23	91	2209	870	802	460	468	116	152	489	489	759	858	2212	147	295	116	1002	313	111	427	
c.1.2	2947	1021	1063	1215	8102	2569	966	538	675	2088	2947	2394	761	550	98	2082	486	1732	1812	379	161	22	97	2642	989	893	605	560	142	158	576	530	898	977	2494	151	369	137	1169	363	148	517	
c.1.2	2552	877	944	1038	6940	2432	868	451	636	1826	2543	2089	519	541	133	1766	439	1634	1510	379	146	25	89	2257	805	749	521	481	123	157	502	453	749	887	2223	155	315	120	990	310	115	425	
c.1.2	2771	946	977	1111	7759	2867	865	514	594	1938	2847	2183	642	587	146	1966	491	1693	1810	375	158	13	103	2521	922	817	571	535	153	161	512	479	821	950	2519	153	360	120	1081	379	138	463	
c.1.2	2077	704	721	873	5330	1699	557	338	363	1348	1911	1540	555	392	76	1381	307	1155	1210	216	100	16	58	1789	616	599	357	309	66	140	383	352	529	594	1751	116	194	107	817	210	99	366	
c.1.2	3075	1180	1126	1287	8337	2891	1047	721	784	2499	3267	2687	811	628	155	2337	553	1807	2023	568	151	28	90	2769	1204	1073	619	568	142	192	690	743	958	1022	2686	185	409	135	1244	444	168	551	
c.1.2	1981	648	659	839	5068	1711	466	294	359	1182	1754	1548	435	341	43	1226	283	1068	1238	231	79	11	79	1679	607	570	337	313	68	94	336	289	558	571	1734	95	203	82	792	231	87	362	
c.1.2	2417	739	801	988	6212	2049	498	361	365	1373	2237	1650	544	500	88	1683	320	1378	1381	250	105	17	71	2106	697	634	415	412	71	104	356	298	652	772	2006	98	256	96	977	255	97	429	
c.1.2	2594	865	853	1101	7184	2375	803	399	545	1708	2467	1934	541	556	95	1587	364	1389	1588	286	130	21	105	2405	891	791	436	444	116	144	501	443	673	837	2324	132	344	124	1131	351	125	488	
c.1.2	2636	813	804	1140	7032	2251	484	334	425	1790	2176	2069	469	456	67	1596	312	1387	1402	280	110	13	64	2318	773	780	404	405	86	117	350	346	730	791	2262	95	234	90	1262	240	118	546	
c.1.2	2615	942	917	1089	7103	2347	883	476	575	1799	2620	2109	729	548	132	1992	379	1476	1786	387	118	33	97	2360	876	786	503	494	120	141	497	502	756	790	2384	164	309	129	1064	399	138	453	
c.1.2	2630	883	820	1068	7239	2452	725	427	543	1682	2408	1948	587	411	76	1651	291	1440	1691	373	151	19	79	2324	848	749	403	437	91	118	398	443	645	748	2275	128	270	93	1076	315	112	460	
c.1.2	2875	962	907	1216	7711	2446	797	473	573	2093	2605	2145	571	539	106	1898	351	1474	1877	351	138	22	79	2646	967	895	501	557	124	117	517	530	799	871	2630	148	319	127	1294	361	144	558	
c.1.2	2342	762	743	992	6215	2056	573	331	393	1553	2038	1861	498	409	71	1492	314	1243	1283	278	121	11	66	2047	724	713	403	400	86	105	384	375	594	677	1988	99	269	101	1032	274	107	432	
c.1.2	4226	1352	1346	1736	12654	4131	1249	733	801	3297	4047	3468	926	660	109	2781	644	2667	2499	523	251	27	115	4047	1416	1290	801	814	163	185	739	727	1235	1410	4007	192	551	167	1885	555	220	804	
c.1.2	4180	1379	1358	1711	12507	4135	1202	775	830	3276	3993	3531	843	709	115	2748	596	2621	2546	598	221	26	140	3911	1438	1336	780	797	158	172	712	747	1257	1423	3927	203	525	169	1847	538	197	793	
c.1.2	2608	914	910	1066	7120	2649	871	498	572	1779	2622	2039	563	563	127	1760	389	1557	1621	379	152	20	75	2373	858	776	500	517	133	147	513	490	705	819	2318	155	321	121	1012	343	133	444	
c.1.2	4312	1374	1386	1778	12959	4154	1249	752	823	3299	4132	3604	912	699	95	2907	621	2673	2545	537	258	21	123	4129	1468	1302	817	811	175	185	775	752	1295	1443	4114	214	567	186	1922	577	216	824	
c.1.8	3656	1254	1241	1449	10365	3453	1117	705	848	2585	3525	2819	860	666	124	2584	569	2246	2278	601	206	41	118	3242	1132	1082	676	672	144	161	627	661	1000	1091	3203	155	451	143	1442	478	179	605	
c.1.8	6501	2233	2356	2393	19588	6302	2196	1234	1382	4835	6856	5546	1859	1652	347	5319	1271	4562	4502	1031	430	58	219	5767	2217	1904	1321	1181	288	370	1267	1221	1964	2175	5803	325	788	250	2379	811	319	967	
c.1.8	5953	2270	2202	2312	17287	6588	1965	1394	1495	4692	6303	5167	1596	1652	338	4592	1141	3965	4150	1177	382	47	202	5274	2039	1939	1303	1352	358	339	1211	1257	1745	1949	5380	356	817	298	2098	878	342	882	
c.1.8	4077	1482	1429	1660	11910	4224	1275	973	1011	3159	4340	3428	1162	1029	209	2941	763	2572	2896	652	205	32	156	3894	1534	1375	821	790	203	265	832	917	1168	1290	3803	260	556	219	1680	599	227	723	
c.1.8	3605	1316	1163	1392	10109	3409	1025	802	817	2868	3331	2804	975	738	197	2364	508	1902	2490	627	204	34	125	3104	1207	1132	611	724	190	194	602	689	838	982	3129	155	377	162	1399	461	161	562	
c.1.8	1699	687	665	743	3931	1493	469	332	545	1165	1502	1242	482	421	123	1162	301	902	906	379	129	22	47	1416	487	517	403	399	107	101	368	374	495	481	1353	98	259	100	578	281	109	266	
c.1.8	4105	1464	1502	1577	12462	4328	1441	895	1035	3187	4565	3515	1240	1142	263	3142	823	2877	2942	660	278	34	162	3744	1421	1241	918	787	236	244	772	795	1228	1506	3790	220	547	210	1555	554	227	640	
c.1.8	6336	2202	2225	2420	18579	6103	2079	1339	1618	4832	6556	5212	1582	1390	291	5153	1095	4310	4146	1042	424	58	198	5760	2128	1844	1239	1219	331	294	1227	1153	1822	2151	5657	312	816	254	2464	782	311	1009	
c.1.8	4134	1477	1412	1619	11950	4014	1232	806	879	3007	4147	3470	1070	901	170	2967	689	2550	2793	702	273	36	146	3613	1475	1336	743	659	199	196	684	843	1174	1303	3616	207	462	159	1647	480	197	692	
c.1.8	5127	1855	1869	1954	14846	5375	1595	1141	1278	3823	5512	4243	1465	1459	272	3931	1087	3472	3535	952	336	50	172	4444	1625	1558	1092	1045	254	313	966	1002	1442	1802	4529	269	637	204	1859	622	280	770	
c.1.8	3183	1155	1157	1286	8767	2871	1003	657	696	2073	3185	2527	877	818	195	2287	657	1764	2097	572	156	33	118	2741	1058	926	634	576	156	217	530	616	876	929	2783	158	358	143	1209	416	161	511	
c.1.8	5222	1885	1886	2016	15300	5374	1682	1200	1240	4034	5681	4312	1424	1460	280	3954	1033	3397	3515	953	337	48	171	4648	1690	1601	1119	1102	294	304	1073	1057	1497	1813	4698	289	646	239	1910	658	277	813	
c.1.8	5016	1785	1770	1917	14491	4988	1680	1141	1120	3835	5160	3928	1374	1230	268	3632	908	3299	3337	778	284	34	170	4376	1581	1501	998	994	274	271	915	897	1354	1690	4373	254	615	211	1801	601	273	757	
c.1.8	5249	2033	2013	2055	15493	5524	2059	1276	1597	4098	5932	4508	1699	1386	307	4242	1071	3450	3779	1028	378	54	222	4734	1852	1699	1210	1253	302	334	1160	1143	1683	1771	4802	315	776	269	1906	824	316	815	
c.1.8	6082	2147	2236	2424	18235	5863	2265	1424	1505	4777	6491	5312	1622	1574	253	5180	1099	4049	3852	961	355	50	191	5746	2265	1829	1357	1263	321	371	1300	1247	1942	2197	5622	354	895	297	2476	881	317	1037	
c.1.8	6927	2519	2439	2705	20784	7295	2386	1712	1759	5655	7437	5852	1869	1764	349	5746	1236	4662	5025	1267	386	68	225	6697	2521	2262	1530	1504	402	360	1432	1493	2005	2459	6577	382	966	316	2682	1025	427	1153	
c.1.8	4346	1518	1433	1717	12203	4243	1021	871	1017	3098	4135	3356	1008	955	209	2812	723	2420	2955	722	240	28	133	3725	1371	1297	686	741	201	218	705	771	1103	1272	3776	237	486	171	1663	518	190	701	
c.1.8	4475	1690	1761	1736	12838	4687	1689	987	1080	3484	5091	4041	1505	1384	353	3604	1113	2961	3190	779	276	46	163	3898	1408	1398	1087	948	289	350	873	979	1416	1559	3868	260	583	222	1610	577	279	670	
c.1.8	4709	1738	1529	1849	13496	4698	1419	1105	1202	3804	4477	3921	1089	974	172	3113	670	2694	3329	876	261	28	157	4240	1740	1582	819	853	226	203	844	1008	1235	1443	4132	218	569	187	1828	627	223	777	
c.1.8	3644	1277	1169	1417	10539	3594	1069	773	725	2678	3479	2615	883	721	102	2376	535	2119	2468	541	209	18	117	3284	1254	1137	686	705	158	145	569	653	857	1060	3268	157	440	148	1391	519	183	571	
c.1.8	2920	1124	1141	1224	7779	2815	1094	612	892	2203	2897	2441	809	789	216	2011	548	1733	1791	588	174	19	94	2489	929	910	611	570	182	195	573	552	896	958	2468	180	391	159	1116	414	178	481	
c.1.8	3708	1302	1303	1490	10628	3521	1190	719	899	2819	3923	2960	1027	775	215	2533	690	2262	2444	598	210	32	126	3354	1247	1121	693	746	170	264	685	677	1058	1142	3395	219	520	157	1475	501	172	634	
c.1.8	4666	1510	1529	1868	13072	4119	1153	745	971	3131	4226	3294	907	1037	146	3153	613	2685	2624	603	261	29	126	4053	1386	1253	866	788	201	184	714	721	1193	1443	3948	221	532	152	1833	539	216	787	
c.1.8	3610	1422	1234	1479	10467	3966	1139	1044	869	2938	3441	3070	956	885	214	2324	548	2083	2613	713	196	26	149	3335	1382	1332	725	766	211	271	714	847	938	1135	3382	209	465	211	1419	544	227	624	
c.1.8	6431	2306	2107	2620	18968	6245	1685	1381	1399	5038	6420	5235	1772	1329	306	4634	1028	3449	4332	1125	346	46	170	5963	2327	2112	1187	1279	329	291	1151	1382	1784	2024	5930	345	817	264	2704	978	338	1163	
c.1.8	5816	1859	1945	2217	16879	5096	1729	971	1044	4018	5572	4512	1365	1167	214	4127	943	3530	3472	728	340	34	162	5070	1833	1569	1037	909	253	235	950	886	1584	1766	4980	238	637	187	2246	608	265	931	
c.1.8	4129	1443	1308	1695	12400	3789	1023	817	869	3144	4017	3383	1124	817	130	2676	538	2239	2929	637	251	27	157	3875	1562	1366	752	804	165	211	746	831	1100	1128	3861	222	475	160	1765	621	212	768	
c.1.8	4054	1405	1337	1658	11849	4056	1109	899	882	2847	4014	3138	962	989	173	2741	561	2409	2788	583	176	23	151	3825	1490	1282	755	762	189	218	783	818	1106	1276	3779	227	515	195	1702	557	228	729	
c.1.8	4096	1510	1535	1646	11560	3919	1294	865	1112	3146	4465	3664	1233	1094	220	3184	763	2511	2722	734	257	40	140	3641	1400	1327	864	843	222	265	824	826	1275	1270	3598	218	520	205	1639	537	193	677	
c.1.8	4480	1672	1630	1756	13037	4740	1474	901	1217	3614	4705	3854	1231	1060	216	3571	763	2877	3135	871	254	37	149	4030	1507	1427	936	943	237	269	892	963	1337	1447	4030	272	621	227	1653	640	262	701	
c.1.8	7192	2487	2336	2844	21509	7457	2034	1438	1664	5542	6894	6063	1619	1319	222	4988	1015	4435	4520	1368	389	57	192	6577	2412	2261	1273	1226	339	221	1201	1303	2073	2358	6606	301	888	250	2973	888	370	1252	
c.1.8	4212	1530	1545	1637	11682	4254	1308	925	861	2914	4375	3578	1102	1021	166	3217	920	2809	2918	823	248	31	117	3647	1407	1264	941	782	199	216	787	848	1264	1454	3681	210	535	169	1493	549	231	669	
c.1.8	4584	1678	1698	1802	13175	4652	1603	1074	1201	3584	5109	3861	1311	1114	312	3623	958	3068	3186	873	280	45	151	4244	1607	1397	1070	1028	260	270	918	916	1393	1642	4175	252	651	219	1687	692	267	735	
c.1.8	3431	1063	1109	1382	9316	2919	835	622	680	2158	3135	2329	642	619	79	2375	485	1945	1900	433	159	15	96	2979	978	866	612	570	119	120	550	540	936	1022	2986	154	405	114	1381	377	135	594	
c.1.8	6870	2626	2497	2739	18923	6853	2170	1626	1799	5684	6717	6080	2025	1519	307	5163	1389	4083	4554	1352	452	64	186	5980	2357	2355	1426	1376	357	340	1160	1312	2049	2144	5952	372	808	252	2550	956	377	1116	
c.1.8	5855	2041	2100	2266	17397	5707	2029	1247	1379	4339	6129	4956	1502	1463	277	4923	1054	3855	3868	992	349	59	185	5355	1993	1704	1207	1087	311	331	1088	1121	1815	2023	5292	317	690	267	2334	683	329	968	
c.1.8	3180	1036	919	1291	8861	2972	785	533	487	1976	2604	2206	649	531	61	1756	311	1660	1943	402	152	15	88	2767	942	927	471	484	99	110	473	501	690	889	2822	120	328	121	1312	395	153	554	
c.1.8	4214	1540	1437	1664	13021	4523	1431	996	1011	3165	4334	3494	1170	918	208	3218	713	2768	3025	770	207	38	148	4013	1588	1415	882	926	217	263	854	984	1225	1348	4052	230	559	207	1678	682	214	699	
c.1.8	5536	2077	1974	2179	16245	6039	1924	1347	1503	4652	5859	4873	1526	1501	268	4205	1091	3515	3926	1069	329	49	193	5020	1916	1850	1240	1282	332	376	1158	1236	1617	1794	5124	345	702	294	2097	784	334	901	
c.1.8	7708	2720	2640	3009	23845	7972	2478	1579	1740	5901	8158	6641	2080	1727	327	6097	1332	4876	5615	1250	437	67	251	7331	2819	2564	1583	1538	344	389	1509	1576	2244	2537	7285	419	999	293	3079	1137	434	1289	
c.1.8	5303	1910	1927	2071	15350	5532	1828	1232	1475	3999	5511	4639	1477	1447	258	4063	1050	3541	3503	996	312	42	194	4783	1835	1663	1116	1043	265	288	1041	1086	1602	1839	4873	277	717	226	2001	725	275	866	
c.1.8	4390	1690	1683	1771	12715	4367	1585	1016	1167	3551	4837	4139	1447	1187	260	3654	905	2647	3027	820	295	46	155	3998	1616	1456	994	946	249	309	955	1022	1411	1474	3993	285	597	256	1740	637	255	722	
c.1.8	4265	1610	1631	1764	12072	4049	1434	927	1152	3416	4557	3995	1376	1090	253	3560	854	2591	2717	780	256	44	145	3907	1532	1413	973	921	266	295	938	998	1373	1394	3883	268	597	234	1744	595	240	738	
c.1.8	2634	825	826	1070	7367	2359	695	461	401	1505	2362	1716	554	455	81	1548	338	1455	1557	256	145	15	63	2348	778	715	453	439	90	102	419	382	641	766	2277	120	285	101	1105	332	120	440	
c.1.8	2725	922	862	1116	7710	2603	801	511	441	1629	2415	1971	604	499	89	1598	354	1428	1734	340	145	14	85	2404	859	845	498	465	98	88	410	478	685	827	2414	115	284	120	1112	343	147	470	
c.1.8	4209	1492	1537	1651	12021	4058	1316	948	1001	3168	4418	3626	1322	1041	209	3648	942	2729	2825	675	256	43	141	3831	1468	1267	924	956	199	297	812	773	1285	1368	3817	217	510	170	1616	563	228	683	
c.1.8	4570	1596	1568	1780	13633	4579	1500	1010	1119	3285	4760	3560	1011	975	248	3441	710	2819	3108	732	270	50	143	4259	1569	1293	929	892	270	207	867	856	1239	1531	4238	258	633	231	1735	654	257	724	
c.1.8	4838	1769	1786	1901	13839	4698	1528	971	1414	3646	5091	3843	1467	1212	278	3683	956	3105	3261	856	329	35	172	4184	1546	1374	1018	1087	271	258	937	921	1414	1513	4280	260	635	224	1739	700	250	764	
c.1.8	5207	2072	1937	2046	15216	5876	1852	1262	1336	4496	5606	4746	1535	1386	237	4050	1092	3487	3895	1217	346	47	182	4713	1805	1830	1213	1150	333	272	1079	1334	1616	1758	4772	293	786	253	1805	799	312	812	
c.1.8	4207	1508	1479	1675	12545	4369	1357	986	1016	3211	4476	3529	1133	1145	212	3044	748	2778	3007	683	239	41	188	3980	1595	1371	865	854	201	250	854	910	1259	1354	3961	254	573	216	1742	600	229	728	
c.1.8	3352	1184	1134	1362	9526	3207	1021	667	713	2165	3252	2529	758	581	98	2113	466	1884	2115	501	201	24	100	2964	1143	1001	670	640	156	149	584	603	917	1011	2897	175	386	165	1295	481	187	546	
c.1.8	8356	2624	2589	3236	25011	7647	2086	1375	1469	5860	7850	6356	1619	1607	241	5779	1283	4843	5173	1039	462	41	204	7579	2745	2401	1289	1264	259	284	1208	1292	2215	2609	7548	343	916	207	3450	972	323	1476	
c.1.8	4903	1866	1741	2012	14239	5355	1421	1169	1354	3993	5057	4281	1357	1278	246	3722	955	2924	3426	1032	281	31	153	4540	1696	1691	1113	1112	329	285	985	1087	1500	1611	4511	293	622	255	1918	747	291	863	
c.1.8	4952	1894	1800	1937	14457	5640	1648	1154	1174	4069	5238	4118	1434	1476	269	3801	958	3329	3586	998	281	49	177	4496	1725	1615	1095	1129	327	299	1062	1175	1402	1660	4651	307	699	254	1749	769	296	765	
c.1.8	4623	1533	1666	1797	13552	4438	1448	875	909	3146	4782	3748	1174	1272	218	3957	833	3060	3007	570	248	36	159	4201	1435	1320	1011	914	191	267	915	809	1364	1606	4160	256	542	216	1789	561	212	747	
c.1.8	4340	1563	1621	1709	12205	4204	1494	923	1090	3288	4730	3591	1190	1013	232	3399	902	2869	2833	734	276	35	131	3840	1450	1289	973	922	218	245	804	800	1334	1503	3771	238	578	188	1581	598	242	682	
c.1.8	2572	1025	920	1046	6842	2708	973	494	599	2092	2605	2133	672	597	153	1771	373	1716	1968	509	159	20	91	2344	953	940	507	592	133	175	530	625	713	779	2354	153	353	129	920	403	167	431	
c.1.8	5694	2164	2020	2213	16789	6265	1967	1383	1412	4447	5931	4854	1579	1534	227	4393	1056	3676	4081	1135	378	58	198	5163	2017	1868	1205	1249	337	308	1097	1275	1592	1914	5256	328	750	307	2041	898	332	886	
c.1.8	2787	921	851	1153	7753	2502	712	456	467	1569	2412	1983	598	430	66	1553	323	1379	1594	375	124	17	69	2461	866	815	479	481	99	124	408	469	626	788	2420	117	308	120	1143	355	138	480	
c.1.8	3388	1355	1218	1402	9228	3677	993	887	1051	2624	3294	2638	1158	835	265	2475	570	1877	2224	741	188	34	100	2950	1225	1175	663	741	235	226	722	839	892	999	2958	204	486	158	1267	528	212	547	
c.1.8	3493	1233	1141	1404	10009	3336	1043	653	675	2239	3234	2544	791	643	123	2271	495	2042	2197	623	177	22	125	3083	1097	1066	663	590	167	132	537	651	865	1012	3055	165	411	128	1367	443	190	569	
c.1.8	3698	1397	1298	1527	10595	3797	1130	809	900	2940	3715	3249	954	808	172	2689	610	2225	2572	708	201	31	127	3311	1319	1273	726	777	214	220	760	826	1125	1227	3441	219	483	171	1491	515	204	669	
c.1.8	4840	1623	1689	1947	14126	4462	1498	805	1073	3215	5049	3947	1277	956	194	3753	934	2835	3021	746	271	43	138	4386	1586	1448	996	870	196	248	884	900	1442	1549	4344	255	623	173	2001	623	214	842	
c.1.8	7538	2640	2648	2982	23424	7719	2623	1641	1664	5774	8157	6516	1909	1653	280	5802	1323	4776	5365	1186	462	40	236	7283	2822	2444	1555	1439	378	408	1541	1564	2304	2490	7105	460	1050	321	3003	1161	410	1302	
c.1.8	2821	902	846	1148	7982	2536	705	459	494	1669	2467	1784	620	468	58	1607	315	1561	1723	328	155	13	82	2526	882	762	488	504	113	105	447	434	644	825	2528	104	296	121	1158	377	129	489	
c.1.8	4947	1653	1795	1946	14596	4709	1504	909	1091	3493	5453	3952	1367	1177	212	3712	1103	3089	3141	656	320	44	161	4404	1606	1343	1089	1012	245	273	883	839	1564	1620	4462	268	639	212	1896	650	264	816	
c.1.8	6121	2368	2267	2452	17811	6388	2238	1219	1690	4983	6561	5461	1939	1549	425	4720	1287	3668	4215	1188	419	61	175	5539	2161	2093	1283	1261	329	416	1204	1358	1828	1963	5496	376	810	304	2276	902	348	1000	
c.1.8	4546	1606	1530	1778	13080	4652	1278	848	957	3363	4428	3572	1196	1000	209	3215	744	2697	2972	740	261	34	150	3957	1492	1369	814	904	194	263	840	914	1197	1408	4025	232	533	174	1750	587	229	719	
c.1.8	4657	1737	1795	1858	13585	4632	1794	1089	1206	3543	5127	3847	1300	1293	288	3718	903	3074	3143	808	317	64	174	4239	1563	1389	1058	949	265	321	1029	1022	1469	1652	4226	320	678	236	1731	674	283	744	
c.1.8	4273	1488	1411	1709	12662	4281	1349	932	910	3145	4213	3381	968	1008	183	2960	627	2668	2844	642	219	28	152	4006	1509	1322	752	775	197	232	809	830	1150	1361	3987	244	515	214	1731	590	233	741	
c.1.8	3302	1208	1164	1274	9177	3234	955	731	759	2238	3290	2901	931	729	197	2377	651	1937	2368	625	202	40	133	2773	1136	1023	578	531	135	165	543	583	911	929	2783	165	309	133	1275	377	146	512	
c.1.8	3390	1211	1134	1313	9349	3309	993	766	850	2575	3269	2608	871	703	173	2374	529	2076	2286	597	216	32	110	2982	1068	985	592	675	198	153	576	557	785	1024	3004	166	399	136	1267	433	160	536	
c.1.8	4379	1407	1465	1758	12941	4145	1269	659	941	3001	4230	3461	916	983	121	3189	613	2705	2666	565	224	17	115	4024	1344	1284	866	784	152	215	784	740	1278	1506	4013	222	552	174	1848	505	212	774	
c.1.8	3923	1362	1334	1559	11434	3950	1158	837	909	2854	4123	3144	1037	974	183	2699	658	2548	2669	579	217	27	144	3659	1377	1233	711	706	170	204	733	733	1080	1247	3616	223	477	191	1572	509	201	671	
c.1.8	4970	1784	1835	1958	14323	4887	1663	1058	1333	3656	5428	3889	1441	1218	268	3867	901	3220	3229	807	305	45	172	4466	1614	1410	1085	1079	247	287	1024	916	1521	1623	4518	262	707	231	1815	732	278	793	
c.1.8	4868	1854	1828	1937	14002	5000	1490	1233	1392	4135	5100	4367	1432	1313	310	4092	983	3082	3270	954	288	48	203	4416	1729	1564	1077	1096	303	353	1065	1026	1518	1622	4488	308	646	262	1834	706	271	800	
c.1.8	5103	1817	1843	1967	14747	5150	1580	1116	1188	3862	5415	4103	1449	1391	261	3815	1021	3385	3363	870	316	43	167	4437	1594	1527	1101	1036	275	284	967	956	1438	1755	4517	278	611	221	1864	620	266	785	
c.1.8	6003	1962	1990	2279	17927	5587	1794	1147	1286	4344	5907	4617	1333	1342	217	4593	894	3817	3828	834	363	44	202	5480	1957	1640	1047	1068	249	244	1051	1053	1675	1967	5417	278	716	216	2392	710	282	970	
c.1.8	5543	1920	2069	2196	16208	5147	1852	1162	1236	3777	5800	4505	1484	1418	235	4346	980	3472	3607	780	328	47	201	4952	1785	1590	1196	1044	238	344	1130	1052	1654	1852	4912	357	755	286	2092	723	287	882	
c.1.8	5312	1921	1889	2072	15606	5443	1733	1248	1365	3929	5619	4264	1542	1462	258	3994	984	3371	3689	976	329	46	180	4753	1673	1629	1079	1128	308	331	1014	1103	1455	1789	4790	303	667	248	2016	690	308	853	
c.1.8	4393	1597	1502	1668	12937	4674	1470	939	1210	3378	4690	3529	1167	1040	250	3108	691	2863	3239	842	264	38	148	3999	1529	1394	872	901	258	230	858	886	1178	1412	3914	202	569	199	1625	584	227	662	
c.1.8	6224	2166	2267	2387	18876	6198	2193	1387	1568	4928	7060	5432	1695	1590	265	5364	1205	4204	4146	976	438	53	205	5812	2268	1832	1321	1238	298	356	1252	1193	1937	2208	5693	357	829	284	2446	834	317	998	
c.1.8	6186	2275	2209	2416	18024	6184	2282	1399	1632	4976	6364	5356	1706	1526	310	5043	1105	3998	4183	1203	376	57	196	5653	2246	1938	1260	1245	355	323	1203	1313	1823	2087	5607	341	769	256	2338	841	335	1014	
c.1.8	4792	1648	1676	1861	13865	4662	1406	1059	1016	3442	4865	3769	1356	1210	237	3795	905	3068	3205	699	285	39	175	4397	1643	1376	914	894	207	287	915	865	1316	1569	4285	238	602	216	1905	592	253	765	
c.1.8	3353	1164	1173	1389	9254	3108	872	608	792	2467	3198	2636	832	734	150	2373	585	1900	2069	500	165	36	115	2932	1072	1031	642	614	166	188	570	538	974	1062	2940	188	375	140	1354	379	170	605	
c.1.8	5399	1904	1863	2102	15461	5182	1520	1125	1352	4123	5402	4567	1380	1120	202	3896	895	3329	3440	978	371	38	178	4667	1779	1619	993	1003	284	235	902	902	1558	1671	4688	263	585	206	2113	650	264	885	
c.1.8	4766	1759	1662	1935	13991	4896	1571	1065	1292	3765	4581	4067	1273	1041	189	3335	743	2952	3202	854	263	38	189	4463	1703	1620	905	955	247	257	980	1023	1377	1501	4396	271	646	232	1966	668	279	821	
c.1.8	4878	1680	1624	1886	14685	4875	1374	982	1126	3688	4994	3966	1157	1075	218	3632	775	3107	3334	832	271	51	164	4557	1676	1496	922	920	253	224	869	920	1321	1562	4424	203	590	201	1974	602	247	803	
c.1.8	2498	955	901	1037	6862	2361	773	593	726	1901	2494	1928	676	552	174	1772	372	1631	1743	519	131	25	85	2282	843	789	486	541	157	171	535	577	731	794	2231	134	337	150	965	335	153	430	
c.1.8	4541	1633	1544	1763	12808	4578	1119	950	1129	3500	4427	3581	1141	1039	232	3120	806	2645	3103	854	260	30	171	3973	1352	1404	842	903	246	241	770	791	1206	1415	3955	222	501	193	1714	591	218	712	
c.1.8	3794	1412	1275	1498	10866	3808	1043	871	878	2963	3837	3145	964	800	170	2575	541	2310	2824	774	245	26	118	3365	1268	1245	646	670	193	204	704	756	1021	1115	3339	207	419	174	1434	455	200	611	
c.1.8	3191	1205	1101	1288	8832	2941	879	750	891	2517	3142	2476	820	812	267	2044	554	1696	2193	593	171	28	119	2764	1070	966	577	647	203	233	539	681	794	984	2819	193	363	181	1262	447	170	503	
c.1.8	4123	1407	1467	1630	12245	4168	1279	838	920	2945	4577	3432	1097	1103	204	3085	831	2825	2934	569	237	39	172	3973	1456	1283	838	792	183	231	791	786	1284	1355	3885	254	518	211	1679	569	191	700	
c.1.8	4336	1664	1555	1708	12269	4493	1338	1103	1294	3507	4421	3752	1185	1104	264	3251	756	2762	3056	931	258	42	123	3941	1574	1369	934	911	263	260	861	1025	1254	1323	3881	249	539	228	1624	564	247	681	
c.1.8	4195	1479	1417	1629	12406	4220	1291	790	859	3112	4008	3518	1127	958	175	3021	715	2522	2969	642	241	35	154	3770	1494	1322	812	794	195	163	731	770	1212	1337	3798	207	509	161	1684	551	236	693	
c.1.8	3967	1431	1422	1591	11788	3960	1432	854	975	3126	4437	3396	1090	928	234	2977	759	2511	2830	663	239	49	145	3819	1439	1270	845	844	202	257	812	888	1170	1340	3806	246	587	199	1548	584	196	690	
c.1.8	6078	2123	1977	2419	17441	5829	1540	1274	1248	4638	5955	4813	1435	1342	304	4464	895	3228	3950	1030	357	46	166	5530	2125	1900	1006	1122	265	308	1013	1161	1604	1855	5541	317	701	218	2438	785	303	1045	
c.1.8	4257	1534	1537	1642	12144	4329	1363	876	994	3211	4415	3536	1218	1076	206	3139	840	2748	2883	725	283	40	124	3706	1377	1230	891	897	223	237	795	835	1208	1437	3759	205	506	186	1522	564	233	650	
c.1.8	3427	1276	1143	1359	9741	3452	992	791	789	2606	3534	2678	901	717	199	2398	497	2033	2659	673	225	39	91	3065	1212	1145	581	664	172	203	604	698	894	1058	3097	183	392	153	1329	433	177	585	
c.1.8	4898	1783	1842	1959	14074	4713	1667	1038	1353	3662	5471	4006	1562	1142	260	3867	1043	2997	3232	849	318	39	164	4421	1615	1394	1062	1041	260	284	1053	952	1548	1521	4447	281	685	232	1803	745	276	795	
c.1.8	5724	2012	2030	2167	17159	5651	1994	1425	1334	4282	6197	4789	1481	1436	234	4755	958	3798	3901	959	364	47	225	5182	2031	1704	1125	1054	287	301	1093	1091	1707	1962	5126	296	706	259	2272	708	294	900	
c.1.8	4478	1620	1531	1752	13299	4870	1461	1089	1147	3373	4490	3573	1111	848	246	3281	630	2782	3148	836	283	39	161	4051	1577	1374	831	897	259	219	808	914	1219	1493	4055	248	574	202	1737	581	250	726	
c.1.8	5873	2248	2174	2366	16621	5958	2062	1153	1526	4712	5995	5073	1793	1441	373	4411	1138	3573	3840	1105	360	77	195	5184	2059	1918	1231	1181	323	374	1132	1265	1779	1934	5290	346	750	276	2148	870	323	965	
c.1.8	4449	1588	1457	1770	13034	4487	1377	993	1009	3543	4417	3706	986	919	210	3033	650	2700	3116	782	244	51	158	4155	1623	1448	788	869	203	211	787	861	1188	1352	4124	227	542	209	1811	596	244	766	
c.1.8	4878	1716	1882	1957	13719	4640	1491	1110	1232	3845	5341	4301	1504	1447	330	3835	1160	3410	2980	746	264	44	177	4440	1591	1443	1153	1045	261	361	1021	906	1539	1549	4290	262	628	222	1900	656	277	818	
c.1.8	4827	1726	1630	1916	14558	4985	1547	1123	1188	3729	4917	3865	1123	1174	200	3451	768	3096	3575	846	235	30	153	4686	1843	1564	939	957	230	270	944	1033	1379	1605	4617	271	634	245	1929	684	293	829	
c.1.8	5734	2036	2077	2232	17631	5923	2018	1288	1483	4552	6398	5122	1636	1336	298	4668	1214	3850	3951	1014	308	41	192	5318	2030	1778	1315	1248	315	329	1190	1162	1813	1984	5267	296	809	273	2323	785	339	946	
c.1.8	6778	2490	2467	2645	20636	7081	2746	1786	1685	5586	7360	5918	1933	1659	331	5768	1303	4572	4781	1238	411	67	227	6478	2605	2150	1458	1515	404	439	1506	1523	2072	2361	6431	422	956	335	2634	1005	397	1121	
c.1.8	6552	2304	2284	2527	19430	6560	2228	1481	1672	4965	6996	5423	1734	1557	287	5322	1101	4430	4446	1213	428	53	227	6051	2306	1944	1278	1253	353	309	1269	1245	1946	2177	6052	360	835	287	2534	881	337	1059	
c.1.8	4201	1439	1442	1687	12659	4369	1312	936	978	2965	4639	3302	1128	1033	168	3115	670	2787	2909	616	187	36	151	4130	1563	1313	870	938	194	277	826	833	1256	1382	4086	255	568	201	1730	645	238	747	
c.1.8	4142	1423	1416	1694	12267	4126	1181	890	924	2853	4264	3334	1059	962	151	2909	668	2536	2813	638	192	24	139	3889	1514	1289	820	815	189	233	803	809	1198	1327	3973	267	522	218	1754	602	214	753	
c.1.8	4221	1469	1371	1698	12366	4063	1250	819	833	2989	4191	3440	992	1005	168	2850	634	2350	2944	638	201	33	154	3953	1554	1329	725	766	182	224	722	832	1133	1310	3802	208	484	187	1806	577	196	754	
c.1.8	5180	1750	1783	2067	15095	4787	1481	942	1106	3769	5140	4309	1288	1046	258	3682	853	3173	3174	779	288	40	153	4707	1727	1523	1042	974	226	263	809	821	1486	1653	4595	240	616	208	2142	657	311	889	
c.1.8	2697	922	821	1108	7694	2561	778	481	426	1685	2370	1918	589	390	82	1533	319	1447	1667	381	132	23	83	2440	886	855	457	449	90	82	379	432	658	776	2362	98	282	95	1118	361	142	478	
c.1.8	5386	1891	1850	2105	15586	5128	1757	1080	1326	3938	5462	4360	1326	1286	272	4181	807	3412	3455	958	336	54	193	4801	1793	1563	979	981	257	262	937	1002	1546	1764	4709	265	638	198	2183	667	276	893	
c.1.8	4397	1591	1562	1745	13030	4744	1517	972	1063	3248	4798	3579	1250	1200	289	3539	790	2869	3029	722	256	40	150	4185	1580	1427	937	918	249	290	932	997	1219	1522	4091	256	630	240	1709	661	251	737	
c.1.8	4520	1583	1547	1800	13490	4669	1377	1064	1033	3184	4717	3607	1098	1174	207	3112	756	2902	3160	706	246	46	174	4206	1672	1397	918	851	205	263	819	870	1305	1434	4229	248	572	219	1793	671	237	767	
c.1.8	4549	1727	1602	1792	13396	5142	1681	1127	1273	3505	4621	3887	1207	946	258	3474	730	2880	3242	917	284	38	151	4237	1630	1496	875	1045	283	240	888	951	1275	1551	4186	251	617	214	1744	669	290	740	
c.1.8	2954	942	904	1186	8449	2673	755	519	507	1814	2740	1994	578	492	76	1640	357	1673	1890	327	182	12	87	2673	977	808	482	508	119	114	470	464	697	849	2666	130	315	137	1219	399	123	506	
c.1.8	2735	931	875	1159	7757	2595	827	478	455	1656	2456	2016	640	496	67	1606	369	1416	1698	351	129	16	68	2485	878	838	548	501	109	105	437	509	717	878	2512	140	306	132	1146	397	155	500	
c.1.8	6375	2353	2330	2509	19322	6564	2431	1441	1727	5096	6790	5812	1765	1613	364	5552	1254	4436	4416	1407	396	59	208	6024	2292	2085	1419	1336	393	366	1285	1389	2053	2290	6031	369	865	301	2604	898	379	1080	
c.1.8	6521	2170	2360	2529	19877	6254	2126	1242	1263	4830	6810	5584	1750	1610	303	5218	1175	4417	4179	883	382	47	196	6004	2164	1907	1442	1205	286	371	1342	1209	2044	2268	5985	347	938	275	2545	880	360	1064	
c.1.8	3997	1410	1435	1560	12036	4088	1406	844	967	3037	4290	3278	1148	1040	252	3021	754	2655	2733	589	246	25	158	3616	1386	1221	851	779	205	250	717	787	1181	1414	3675	253	519	197	1522	520	214	641	
c.1.8	5135	1861	1769	2026	15051	5137	1571	1026	1192	4001	5284	4123	1286	1227	237	3583	933	3087	3505	951	318	40	185	4640	1754	1627	1063	1092	277	252	859	1032	1481	1634	4633	263	618	225	2001	734	270	847	
c.1.8	4642	1756	1617	1877	13058	4773	1353	1033	1222	3704	4514	3972	1156	1098	262	3412	805	2692	3034	977	282	45	138	4086	1571	1522	994	963	303	225	752	933	1316	1516	4169	244	550	192	1802	702	271	782	
c.1.8	6344	2198	2023	2527	18442	6144	1481	1197	1331	4779	6203	4965	1543	1305	279	4516	938	3599	4208	1085	366	50	165	5801	2159	2025	1080	1185	281	267	1069	1224	1676	1904	5757	315	756	238	2546	882	313	1096	
c.1.8	5366	1926	1837	2125	16341	5978	1753	1173	1169	4468	5305	4736	1380	1249	204	3975	938	3448	3721	838	319	33	177	5103	2009	1805	1131	1177	240	252	985	1137	1581	1951	5053	297	748	242	2178	769	320	918	
c.1.8	2603	1107	998	1075	6825	2576	921	660	810	2171	2607	2462	917	684	189	2041	512	1532	1862	644	176	37	85	2154	992	915	555	614	204	200	569	615	734	793	2186	155	304	141	1003	373	166	422	
c.1.8	4040	1386	1384	1612	11814	4127	1224	827	902	2813	4383	3182	1089	1007	162	2885	638	2650	2771	594	198	34	140	3876	1491	1259	795	806	169	244	754	783	1168	1272	3813	240	504	190	1650	595	209	701	
c.1.8	4119	1396	1416	1642	11951	4089	1280	851	900	2792	4170	3362	977	1038	183	2910	720	2601	2783	586	215	33	159	3804	1399	1235	751	713	175	228	722	726	1143	1352	3722	231	509	189	1703	545	192	714	
c.1.8	4382	1444	1432	1775	12781	4178	1182	782	941	3050	4420	3341	1005	1136	197	3205	631	2522	2757	536	187	26	119	4127	1407	1305	817	828	185	226	789	773	1185	1398	4159	230	560	212	1796	560	217	772	
c.1.8	3516	1360	1226	1480	9518	3711	971	958	1051	2926	3372	2748	930	884	237	2385	489	2013	2178	691	188	28	111	3151	1198	1199	733	833	306	235	762	836	919	1112	3152	185	529	221	1395	540	227	610	
c.1.8	4393	1571	1589	1696	12928	4366	1403	1025	1022	3064	4601	3538	1293	1034	205	3497	851	2770	2884	776	290	32	150	3969	1488	1314	872	850	248	269	916	807	1202	1343	3909	281	552	222	1634	590	228	672	
c.1.8	4750	1759	1753	1876	13600	4919	1511	1094	1199	3786	4972	4122	1379	1357	286	3386	1065	3021	3177	827	296	45	149	4199	1554	1530	1014	987	257	355	925	985	1386	1537	4202	262	567	222	1796	587	280	767	
c.1.8	3515	1259	1217	1440	9947	3405	912	694	783	2577	3599	2923	1141	742	174	2693	687	1967	2524	536	203	34	111	3259	1165	1131	693	687	186	197	661	704	990	1055	3172	221	438	161	1442	497	187	613	
c.1.8	5123	1756	1827	2021	14696	5131	1419	996	1086	3757	5338	4153	1301	1340	207	4048	1017	3354	3158	744	285	45	152	4520	1608	1504	1095	971	193	300	1008	979	1548	1757	4510	270	652	206	1995	705	249	846	
c.1.8	4578	1692	1704	1863	13141	4467	1363	1038	1223	3651	4663	4059	1208	1068	252	3697	852	2837	3033	838	250	36	143	4154	1588	1407	1015	961	302	285	959	992	1419	1553	4213	313	592	253	1804	615	258	780	
c.1.8	4489	1669	1583	1731	13083	4582	1520	1065	1119	3545	4575	3860	1233	1096	234	3439	736	2793	3301	739	260	26	191	4005	1598	1426	821	939	242	230	887	898	1288	1438	4006	225	559	246	1654	595	222	695	
c.1.8	4822	1654	1693	1876	13982	4707	1367	1081	1080	3460	4788	3875	1351	1213	214	3861	874	3182	3182	734	268	44	176	4373	1612	1365	957	929	221	248	928	864	1375	1579	4324	240	594	211	1936	600	257	779	
c.1.8	4137	1404	1462	1642	12241	4006	1304	733	871	2901	4244	3423	1063	1040	199	3072	825	2764	2710	537	249	19	141	3860	1402	1253	915	789	191	211	839	780	1211	1361	3810	218	561	178	1667	549	215	711	
c.1.8	4124	1333	1344	1601	12570	4071	1291	754	784	2714	4070	3086	936	965	146	2930	591	2722	2775	452	238	25	134	3860	1366	1181	798	764	144	214	764	709	1080	1340	3839	204	484	190	1678	507	209	694	
c.1.8	3852	1326	1279	1523	10891	3675	1073	812	822	2752	3863	2994	881	767	84	2771	548	2290	2418	640	239	21	106	3494	1261	1146	727	748	174	174	678	711	1066	1216	3476	180	494	145	1526	511	200	646	
c.1.8	5037	1820	1862	1970	14556	4912	1671	1066	1396	3759	5458	3979	1561	1223	287	3911	1084	3265	3332	854	320	47	185	4529	1625	1442	1080	1122	264	300	988	920	1510	1598	4589	276	682	237	1821	750	293	796	
c.1.8	3235	1230	1265	1328	8761	3259	1076	705	929	2326	3296	2722	938	894	215	2236	648	1966	2150	602	213	23	110	2797	1055	1038	744	651	188	256	676	693	981	1052	2782	206	422	174	1180	425	186	530	
c.1.8	4269	1469	1410	1742	12433	4055	1191	871	1035	2997	3884	3264	1161	898	210	2987	592	2583	2851	781	247	39	125	3885	1421	1307	793	788	219	225	829	878	1162	1305	3904	206	545	156	1796	547	215	764	
c.1.8	7268	2657	2567	2793	21238	7687	2446	1687	1747	5791	7719	6157	1811	1677	329	5589	1364	4593	5014	1382	496	56	223	6504	2535	2316	1471	1379	338	338	1374	1584	2157	2473	6573	385	919	297	2638	997	367	1128	
c.1.8	5230	1932	1979	2046	15383	5191	1907	1115	1484	4007	5915	4365	1714	1345	284	4231	1119	3433	3530	903	336	52	191	4832	1778	1553	1190	1256	277	326	1130	1035	1666	1790	4879	294	774	275	1887	826	309	820	
c.1.8	4831	1805	1770	1896	13959	5072	1556	1054	1298	3848	5044	4244	1380	1399	270	3525	1070	3026	3308	925	334	40	137	4285	1621	1563	1029	1021	258	325	954	989	1420	1620	4312	254	591	222	1829	606	297	773	
c.1.8	3199	1125	1137	1257	8882	2900	929	692	733	2156	3284	2373	904	835	180	2265	616	1837	2232	488	197	27	123	2781	1007	902	664	648	171	227	532	556	811	983	2815	170	357	168	1162	418	150	493	
c.1.8	6282	2215	2254	2445	19145	6346	2322	1399	1514	4940	6833	5420	1645	1610	312	5469	1143	4216	4294	1013	427	51	244	5951	2305	1926	1284	1210	298	346	1329	1279	1961	2251	5879	371	871	313	2548	881	348	1058	
c.1.8	2329	928	828	954	6432	2378	824	528	585	2016	2521	1855	735	554	145	1576	352	1422	1755	463	164	27	69	2183	892	847	479	568	160	172	507	574	624	761	2141	138	341	145	881	382	151	375	
c.1.8	4651	1694	1571	1861	13648	4789	1317	1211	1277	3791	4625	3760	1349	1242	248	3355	757	2956	3194	849	269	33	179	4333	1705	1470	959	1086	258	289	930	1028	1227	1506	4330	242	625	232	1888	684	267	799	
c.1.8	4600	1717	1692	1814	13217	4571	1621	1035	1276	3681	4798	3942	1211	1295	328	3675	784	3067	3200	820	261	45	183	4171	1682	1412	926	948	262	293	966	997	1352	1527	4235	286	579	238	1761	648	243	743	
c.1.8	5016	1749	1818	1987	14314	5064	1656	1083	1333	3532	5100	4346	1349	1424	221	3839	901	3470	3157	861	266	39	151	4545	1602	1490	1079	973	233	223	956	959	1531	1812	4588	252	691	214	1933	634	260	839	
c.1.8	2620	837	806	1073	7363	2344	686	463	398	1548	2227	1705	517	462	73	1533	294	1405	1510	273	121	13	68	2362	797	747	467	441	99	83	407	403	638	777	2294	105	281	111	1113	337	138	452	
c.1.8	3475	1356	1286	1433	9956	3608	1372	823	844	2597	3724	3161	1003	930	161	2516	632	2151	2542	660	185	28	131	3170	1338	1159	816	755	239	228	692	834	1025	1185	3160	223	454	214	1409	500	218	587	
c.1.8	4306	1551	1510	1730	12316	4179	1213	1085	1104	3564	4001	3494	1263	1108	311	3331	726	2781	2664	697	229	29	145	3963	1432	1271	920	1031	289	264	930	847	1151	1417	3980	211	567	245	1726	599	249	726	
c.1.8	5304	1955	1949	2041	15537	5675	1898	1282	1334	4122	5780	4420	1618	1585	321	4096	1112	3592	3664	1008	335	49	186	4707	1765	1669	1226	1139	314	338	1077	1102	1514	1867	4792	279	684	252	1966	706	306	815	
c.1.8	5040	1979	1866	1978	14619	5466	1763	1131	1279	4236	5198	4463	1459	1346	228	3932	1055	3322	3606	1156	331	39	189	4485	1727	1689	1164	1101	319	264	1052	1227	1500	1652	4563	280	744	254	1743	766	305	759	
c.1.8	3822	1362	1382	1528	11163	3865	1192	796	847	3042	4061	3286	983	937	185	2798	728	2433	2511	581	209	30	151	3443	1274	1144	804	793	189	206	726	738	1155	1240	3454	209	512	203	1499	517	191	640	
c.1.9	4699	1546	1609	1892	14155	4451	1492	956	947	3245	5027	3825	1162	1015	129	3474	768	2926	2946	560	217	32	162	4504	1644	1458	1024	930	182	228	860	791	1451	1618	4370	207	620	199	1960	625	236	862	
c.1.9	3927	1404	1444	1620	11774	3888	1297	835	1038	2866	4256	3326	1163	1018	215	2967	703	2396	2669	592	215	28	154	3677	1449	1271	884	797	172	289	821	811	1320	1436	3693	220	577	210	1590	595	246	709	
c.1.9	3474	1155	1122	1423	9751	3164	819	581	724	2247	3389	2625	844	838	93	2348	548	1842	2274	511	173	23	85	3142	1124	1040	595	568	144	190	589	680	854	1070	3101	161	417	130	1394	411	140	627	
c.1.9	3445	1202	1175	1455	9707	3244	863	626	785	2349	3400	2735	910	859	115	2474	594	1805	2286	572	162	20	85	3206	1204	1111	700	647	160	221	720	760	967	1154	3201	185	469	162	1459	466	166	648	
c.1.9	4128	1415	1422	1674	11779	3917	1245	800	1012	2793	4163	3373	1041	860	157	2981	639	2381	2683	608	228	29	117	3679	1342	1264	790	770	178	226	717	761	1191	1372	3674	214	513	151	1735	495	191	720	
c.1.9	3998	1296	1319	1622	11182	3697	1031	658	874	2609	3664	3052	829	835	119	2842	537	2409	2510	523	186	33	140	3686	1175	1140	698	679	155	170	716	723	1134	1312	3648	207	495	151	1675	459	148	716	
c.1.9	4288	1449	1333	1739	12663	4149	1176	832	827	3171	4081	3167	1000	861	172	2816	505	2211	2855	625	226	29	145	3958	1559	1326	730	785	151	208	697	763	1078	1356	3922	204	511	166	1821	581	226	785	
c.1.9	4961	1718	1808	1984	14863	5059	1768	1098	1227	3770	5429	4267	1294	1182	212	3981	892	3135	3318	756	273	47	164	4565	1811	1546	1144	1006	194	295	967	962	1580	1801	4537	286	698	222	2019	674	271	854	
c.1.9	5752	1858	1657	2291	16875	5161	1233	953	903	4244	5122	4506	1024	908	146	3564	630	3083	3831	808	290	25	169	5332	2103	1854	868	920	148	206	784	965	1408	1708	5286	257	599	177	2558	720	238	1059	
c.1.9	3285	1131	1113	1337	9290	3118	898	722	594	2209	3403	2632	960	649	128	2380	521	1748	2173	479	191	28	102	2993	1180	1013	653	583	125	194	565	631	957	997	3036	194	360	138	1360	458	146	581	
c.1.9	4284	1355	1437	1722	12422	4100	1155	787	881	2889	4279	3359	961	935	119	3161	626	2640	2617	521	196	32	168	3926	1326	1187	830	781	153	183	784	717	1275	1434	3911	235	533	144	1809	534	210	759	
c.1.9	4128	1364	1420	1665	11521	3860	1064	791	927	2767	4092	3362	969	904	138	3171	672	2516	2535	584	232	32	128	3652	1268	1193	782	698	166	198	723	708	1207	1357	3661	203	498	145	1727	490	182	732	
c.1.9	4071	1342	1348	1647	11585	3857	1111	749	877	2679	3944	3190	907	835	125	2962	590	2359	2582	554	196	25	123	3681	1354	1213	770	750	119	159	715	761	1147	1289	3636	211	507	151	1670	513	172	707	
c.1.9	3301	1105	1107	1310	9030	3039	936	586	561	2140	3345	2424	871	739	118	2224	535	1816	2148	370	187	20	83	2847	1014	920	575	572	119	190	553	556	846	936	2828	164	355	140	1264	386	153	534	
c.1.9	3263	1101	1069	1303	9415	3121	896	557	624	2040	3184	2403	797	762	128	2334	502	1756	2187	489	173	22	108	2908	1087	942	561	574	135	176	554	584	848	996	2862	165	365	145	1353	384	146	558	
c.1.9	3569	1154	1249	1446	10357	3322	952	683	696	2255	3753	2830	883	761	139	2764	634	2171	2124	475	197	31	127	3291	1131	1025	713	585	128	179	665	581	1086	1209	3221	191	450	156	1489	421	177	635	
c.1.9	4240	1412	1442	1678	12591	4014	1478	748	806	2866	4373	3579	998	966	145	3418	665	2490	2731	563	242	21	164	3881	1390	1286	834	794	140	221	725	744	1284	1436	3912	207	485	173	1786	570	198	736	
c.1.9	4527	1630	1653	1811	12747	4375	1349	852	1118	3262	4749	3601	1453	1145	261	3704	909	2870	2956	781	278	41	161	4042	1553	1385	983	943	219	270	876	888	1316	1520	4036	247	639	167	1736	657	254	746	
c.1.9	4751	1505	1519	1924	14483	4584	1341	925	866	3151	4845	3552	1076	955	112	3364	680	2798	2996	502	230	25	150	4662	1650	1433	951	938	173	220	869	805	1343	1571	4548	201	617	191	2060	639	238	892	
c.1.9	3174	1033	1179	1314	8796	2949	845	566	662	2104	3250	2655	837	808	117	2515	650	1974	1840	418	157	20	108	2840	985	899	699	608	123	193	613	521	1049	1147	2865	181	446	147	1365	383	148	584	
c.1.9	3063	990	923	1282	8507	2728	675	509	541	1892	2677	2171	696	517	104	1907	371	1484	1947	396	139	18	92	2759	980	901	502	468	129	136	444	536	767	790	2779	140	329	108	1357	386	133	584	
c.1.9	3298	1132	1096	1341	9531	3361	919	688	588	2237	3429	2590	891	685	106	2158	570	1910	2129	439	171	20	103	3010	1209	1063	616	610	133	168	567	661	927	965	3045	169	386	139	1363	451	136	590	
c.1.9	3984	1247	1328	1607	11113	3564	940	675	813	2495	3774	3022	843	759	126	2869	566	2301	2342	471	185	21	129	3527	1173	1069	716	673	128	171	713	650	1141	1297	3507	197	474	142	1659	460	164	686	
c.1.9	3602	1143	1137	1399	10398	3380	925	624	641	2355	3560	2488	924	688	113	2363	519	1977	2369	372	173	20	121	3216	1119	974	586	633	121	179	531	497	882	1071	3226	177	365	147	1423	459	170	587	
c.1.9	3318	1127	1075	1319	9685	3352	809	672	684	2184	3450	2496	846	745	125	2231	462	1980	2236	457	185	20	109	3003	1175	1026	628	579	122	174	533	616	911	967	2990	154	376	128	1377	456	155	569	
c.1.9	7081	2226	2199	2637	20552	6176	1749	1384	1144	4931	6554	5361	1308	1119	104	4461	1048	4035	4563	879	393	31	208	6136	2369	2044	1098	909	178	201	977	981	1846	2137	5922	266	672	186	2803	706	267	1115	
c.1.9	4910	1672	1617	2013	14875	4993	1597	1029	1035	3640	5024	4102	1237	1125	146	3605	736	3085	3181	673	267	34	150	4769	1782	1623	1012	1022	234	256	968	987	1402	1701	4673	246	660	223	2165	702	292	930	
c.1.9	3988	1288	1287	1606	11535	3611	1031	680	738	2575	3942	2890	1032	733	224	2607	667	2283	2385	532	233	33	108	3606	1303	1166	776	674	151	186	616	703	1011	1323	3551	191	467	144	1660	495	185	698	
c.1.9	4100	1542	1539	1659	11328	4068	1257	924	1111	3010	4294	3493	1215	996	189	3476	684	2544	2697	759	245	32	144	3592	1402	1288	834	821	208	236	838	907	1290	1392	3627	259	537	172	1509	582	232	682	
c.1.9	3656	1077	1088	1449	10667	3122	822	529	486	2216	3248	2482	634	608	64	2204	424	2000	2143	312	175	21	105	3284	1179	997	596	484	97	123	463	504	892	1090	3126	117	368	130	1568	349	137	659	
c.1.9	3143	1037	967	1280	8743	2957	843	514	540	2076	2936	2314	643	522	113	1928	439	1671	1940	420	140	16	104	2797	1050	899	500	477	90	128	504	588	809	857	2746	146	341	93	1297	384	157	568	
c.1.9	4228	1416	1516	1748	12015	3955	1253	800	981	2877	4339	3562	1060	1022	162	3353	779	2575	2662	557	195	32	130	3857	1342	1278	924	774	165	221	830	808	1319	1445	3844	240	577	179	1815	530	209	768	
c.1.9	4673	1537	1596	1850	13399	4384	1352	931	1009	3198	4667	3627	1073	973	160	3488	721	2790	2980	625	262	40	150	4175	1418	1310	901	809	154	210	845	847	1319	1529	4172	254	592	185	1870	534	231	783	
c.1.9	3942	1243	1311	1599	11732	3698	1235	690	746	2397	4196	3030	920	782	143	2901	595	2401	2537	473	204	28	115	3717	1328	1142	729	684	143	195	692	679	1148	1315	3646	197	475	162	1718	491	186	731	
c.1.9	3880	1262	1170	1615	11310	3509	950	657	669	2483	3451	2866	827	585	105	2399	519	2031	2378	535	192	22	104	3542	1223	1165	643	582	152	132	587	707	967	1198	3491	185	427	143	1717	457	171	733	
c.1.9	4155	1460	1333	1640	12245	4126	1274	764	844	2877	3962	3162	1085	748	185	2886	633	2333	2848	713	252	24	152	3698	1460	1374	679	702	160	182	737	834	1100	1287	3754	199	504	154	1629	565	198	699	
c.1.9	4127	1318	1406	1673	12289	3697	1321	789	729	2579	4362	3382	985	933	153	3258	688	2459	2638	483	188	18	134	3934	1450	1150	830	722	155	227	784	708	1231	1367	3808	218	509	168	1788	508	218	756	
c.1.9	3323	1173	1204	1329	9423	3259	1167	603	642	2184	3571	2782	948	882	109	2473	660	1953	2190	465	217	20	126	2912	1094	990	663	581	122	234	652	647	961	1033	2903	198	394	164	1275	436	179	552	
c.1.9	3902	1331	1396	1571	11108	3830	1323	708	849	2492	4054	3356	1069	886	195	3051	731	2424	2520	583	238	40	131	3515	1346	1187	815	624	157	194	666	689	1213	1353	3449	214	475	155	1606	470	199	694	
c.1.9	4234	1377	1386	1690	12476	4145	1325	696	782	2669	4327	3346	921	901	109	3125	633	2573	2750	522	208	18	129	3907	1443	1229	766	690	151	195	729	727	1196	1356	3902	236	486	165	1763	510	203	757	
c.1.9	3570	1147	1090	1421	10464	3285	940	670	560	2394	3223	2453	771	642	118	2302	469	1899	2234	390	162	13	128	3182	1175	1015	587	600	130	150	531	587	871	1084	3204	155	391	140	1541	400	165	624	
c.1.9	3269	1138	1178	1344	9131	3068	926	724	651	2406	3387	2726	873	699	140	2528	600	1974	2038	493	141	16	110	2816	1017	999	652	580	133	215	607	597	962	1051	2880	205	374	143	1343	368	179	579	
c.1.9	3894	1251	1317	1590	11462	3609	1318	573	776	2452	3988	2921	920	797	121	2877	598	2333	2533	501	202	25	128	3548	1275	1150	758	683	122	181	678	663	1173	1324	3575	189	509	159	1693	493	201	719	
c.1.9	3832	1184	1287	1579	11262	3352	1206	636	711	2240	3848	2848	912	783	136	2880	584	2269	2278	430	189	34	122	3501	1254	1018	742	691	121	187	627	606	1145	1307	3506	175	477	167	1678	454	178	730	
c.1.9	5582	1742	1666	2230	17014	5179	1192	1107	883	3854	5278	4189	1105	863	181	3839	681	3160	3625	711	283	30	157	5328	2006	1605	926	912	221	216	877	926	1424	1690	5281	251	644	192	2509	726	246	1039	
c.1.9	4004	1323	1325	1628	11951	3700	1156	817	755	2704	4043	3091	969	794	159	2887	622	2479	2625	527	213	22	151	3735	1347	1221	775	707	166	201	739	752	1155	1302	3769	211	480	158	1700	502	208	735	
c.1.9	4288	1396	1521	1733	12750	4105	1496	867	872	2763	4844	3530	1106	996	126	3543	692	2861	2814	525	224	23	131	4131	1509	1223	875	793	153	276	942	808	1357	1516	4087	264	580	224	1812	566	219	775	
c.1.9	3766	1269	1265	1520	10785	3372	1043	782	705	2520	3679	2997	1055	691	153	2915	607	2126	2469	463	210	33	158	3372	1305	1125	727	716	149	180	664	663	1092	1133	3405	204	419	171	1604	495	175	659	
c.1.9	3774	1295	1251	1561	10861	3590	1000	651	780	2604	3718	2948	1033	917	90	2630	627	2061	2511	606	184	29	103	3556	1307	1224	764	732	160	174	706	805	1049	1267	3527	180	545	140	1597	505	173	699	
