3.10.100	1008	381	411	407	2101	856	238	203	493	755	1018	612	270	220	79	831	257	646	600	198	82	19	30	753	224	250	175	197	73	33	235	175	328	250	705	53	158	27	277	137	53	126
3.10.100	1824	824	794	774	4313	1715	600	413	1027	1498	1801	1468	774	467	278	1749	467	1155	1196	489	144	36	61	1523	553	619	446	497	160	138	521	486	604	533	1468	143	299	78	535	330	127	271
3.10.100	1411	435	510	663	3373	1001	291	213	507	807	1092	823	363	188	89	1046	285	853	581	248	90	19	27	1187	260	294	307	248	81	60	300	249	448	368	1197	76	194	50	629	189	68	296
3.10.100	1266	522	563	582	3010	1123	331	331	654	1061	1254	939	414	221	127	1173	329	855	747	246	101	21	23	1088	347	401	338	342	125	98	393	315	506	352	1056	112	241	67	446	239	91	232
3.10.100	1075	386	413	430	2255	875	156	140	396	829	847	648	287	169	81	753	206	669	512	187	86	12	31	750	242	231	201	206	52	54	220	173	308	256	812	54	143	30	325	153	54	137
3.10.100	1035	385	395	434	2201	875	190	121	482	764	795	591	274	156	99	799	179	634	520	213	83	18	26	772	220	248	183	216	64	36	244	200	318	285	806	70	175	26	349	158	53	148
3.10.100	1258	569	553	561	2783	1345	300	400	841	1141	1211	1085	347	259	149	1130	308	834	721	477	78	18	46	1061	366	508	319	320	124	69	394	374	493	409	1043	96	237	57	401	251	89	208
3.10.100	1700	766	713	725	3928	1630	494	415	843	1443	1530	1308	653	421	245	1517	350	1012	1147	475	134	23	52	1356	474	573	410	502	161	133	442	440	521	500	1349	135	297	89	487	306	114	242
3.10.100	1070	394	439	470	2305	942	231	183	464	775	913	737	315	179	98	867	244	684	527	220	75	16	34	839	265	290	263	222	72	56	280	190	383	307	842	68	178	35	366	172	63	174
3.10.100	1074	445	468	477	2376	959	303	228	615	893	1009	736	327	203	109	937	249	697	539	229	68	18	35	887	289	325	270	245	87	52	306	249	389	331	851	87	193	39	362	195	74	178
3.10.100	1147	471	436	503	2397	1091	192	159	535	975	876	755	334	248	92	853	218	690	585	252	92	16	33	879	292	358	253	283	91	45	287	271	338	282	916	67	191	43	389	206	74	173
3.10.100	1045	410	455	460	2134	938	163	158	545	887	981	705	328	189	102	873	277	711	546	200	88	11	30	805	237	288	267	252	83	49	288	237	385	306	814	75	191	39	338	193	60	161
3.10.100	1241	505	527	528	2851	1256	295	348	610	1093	1205	1030	367	293	100	1091	305	965	717	313	116	12	47	1066	322	397	320	290	97	68	361	280	453	399	1020	88	221	55	403	221	81	196
3.10.100	1160	522	486	496	2557	1170	318	347	592	1051	1100	924	316	222	91	1018	232	797	636	395	103	21	41	936	324	383	251	250	89	60	314	300	394	323	937	82	201	47	360	203	90	177
3.10.100	1237	528	548	532	2717	1285	271	296	686	1006	1169	1046	420	290	146	1164	335	876	654	352	85	18	51	938	316	414	310	283	90	75	352	295	431	439	974	80	223	49	401	209	89	182
3.10.100	1012	515	479	466	2093	1014	214	309	699	976	938	901	370	209	174	988	282	680	540	484	92	17	40	732	254	410	279	272	117	77	297	310	397	308	754	77	177	49	332	194	85	161
3.10.100	1182	490	510	469	2639	1197	335	251	546	1026	1128	860	389	231	87	1104	310	969	752	288	112	27	41	919	296	354	290	271	67	57	325	244	405	348	918	80	192	45	347	185	74	155
3.10.100	1545	575	535	701	3712	1469	309	354	667	1241	1162	1022	341	206	160	1048	281	900	770	453	106	27	46	1289	366	424	280	290	116	66	330	371	446	411	1307	81	220	53	644	219	84	302
3.10.100	1345	547	489	631	3086	1280	308	318	547	1008	1014	971	353	239	125	1004	253	712	637	402	97	17	32	1149	318	441	252	287	112	75	317	350	364	368	1137	89	197	59	515	243	88	266
3.10.100	1117	437	420	491	2487	1074	191	163	507	903	885	762	282	200	84	848	194	723	552	241	73	11	24	864	284	346	252	270	71	48	284	210	362	297	899	59	182	40	371	200	75	186
3.10.100	1147	463	501	496	2577	1097	303	231	627	930	1035	840	433	250	128	989	305	838	635	242	88	24	33	905	319	367	277	269	71	60	362	262	456	361	963	81	213	40	402	211	79	179
3.10.100	997	408	389	462	2006	915	172	152	478	804	758	604	253	148	90	755	196	539	489	256	58	8	18	790	243	319	233	232	52	30	253	214	337	263	749	53	180	30	368	159	67	173
3.10.100	981	369	393	439	2021	798	123	143	420	763	778	625	253	152	65	722	198	577	458	192	79	11	29	755	201	276	207	192	53	35	232	190	329	263	766	64	170	26	340	155	49	158
3.10.100	1409	669	648	633	3148	1610	459	410	981	1238	1417	1245	519	370	156	1344	389	1001	843	482	119	25	48	1192	425	574	375	351	150	108	495	445	554	446	1145	125	291	61	462	295	118	234
3.10.100	1068	514	475	465	2204	1082	335	277	664	1005	964	841	334	240	103	963	275	771	654	343	73	27	41	801	331	429	264	267	80	61	299	308	395	299	813	71	175	44	311	186	82	164
3.10.100	1812	807	742	785	4338	1714	597	432	882	1519	1664	1430	727	415	228	1608	364	1125	1224	516	132	25	38	1503	554	616	418	493	169	109	467	489	598	571	1534	146	306	90	570	341	136	289
3.10.100	1354	458	504	660	3194	1017	273	211	554	849	1019	857	371	187	99	1027	280	735	520	309	84	19	30	1112	256	322	301	257	85	72	291	268	436	343	1107	82	178	43	610	201	71	293
3.10.100	990	358	359	434	1976	827	141	135	441	695	735	576	236	133	43	651	183	552	467	204	67	11	29	743	208	277	198	185	45	28	190	180	292	218	717	46	141	22	346	134	46	158
3.10.100	1041	371	422	442	2185	878	171	123	407	687	861	621	278	197	88	874	197	695	562	163	80	10	29	790	214	250	214	211	53	44	243	177	364	292	814	62	183	28	335	167	53	148
3.10.100	1457	500	496	681	3588	1225	331	266	533	992	1122	901	281	194	90	931	261	793	651	336	101	24	30	1233	314	376	273	255	105	62	309	310	423	372	1231	74	199	53	627	206	68	303
3.10.100	1272	529	528	565	2737	1270	280	319	648	959	1126	923	433	269	104	1119	320	826	667	337	102	24	34	985	297	411	293	282	105	68	326	297	419	368	1007	79	209	50	422	210	82	205
3.10.100	1014	462	448	451	2239	956	268	308	528	858	906	771	314	191	102	918	211	601	551	333	74	19	36	788	256	331	227	228	110	73	282	296	350	290	762	79	162	45	325	181	64	159
3.10.100	965	356	447	421	2197	724	249	230	489	582	918	700	330	162	91	907	269	675	425	195	64	14	29	696	216	231	249	183	69	57	264	189	389	319	709	62	161	25	323	134	57	145
3.10.100	1176	462	505	502	2529	1017	247	192	491	925	1058	821	339	219	84	1082	229	770	637	246	101	16	35	913	275	322	285	276	68	54	350	240	433	357	939	84	234	41	383	188	73	176
3.10.100	966	374	383	425	1981	791	132	140	433	757	747	644	264	162	80	759	227	557	473	190	82	13	21	723	200	273	200	212	61	40	229	160	307	240	719	57	157	26	337	155	52	146
3.10.100	1308	573	559	587	2997	1329	331	350	753	1188	1273	1082	378	313	140	1146	318	829	754	430	84	22	48	1095	377	476	332	325	138	79	382	349	473	440	1063	91	254	56	441	233	106	219
3.10.100	1419	637	637	649	3274	1559	362	435	888	1354	1441	1267	487	332	176	1336	377	1056	846	468	100	27	53	1271	422	555	426	403	164	115	498	438	568	501	1230	119	306	81	504	297	125	246
3.10.100	1606	574	617	769	3734	1342	342	361	741	1177	1332	1151	445	303	139	1284	391	976	745	329	102	21	47	1373	360	455	308	305	129	84	420	363	558	469	1344	106	266	60	694	220	87	329
3.10.100	944	353	387	382	1949	800	185	188	336	597	869	600	214	185	62	721	183	586	424	171	63	7	25	662	207	204	166	151	56	44	201	165	300	266	694	51	123	29	274	119	47	119
3.10.100	1264	614	570	557	2833	1420	363	329	765	1227	1227	1183	439	297	147	1161	312	866	735	518	107	31	40	1017	370	495	330	339	153	89	382	397	474	410	991	89	243	58	416	263	109	195
3.10.100	1321	546	561	575	2967	1377	367	288	598	1109	1286	1005	403	215	154	1037	351	888	782	360	109	36	42	1071	346	385	272	285	103	78	331	282	465	397	1056	82	247	54	416	211	87	219
3.10.100	1134	454	419	507	2448	1073	237	136	437	927	828	783	276	217	104	810	166	608	544	238	71	12	28	857	262	360	230	262	81	50	261	254	314	299	922	69	187	39	380	188	66	186
3.10.100	1081	443	458	465	2284	995	235	199	519	934	942	807	329	245	93	884	255	738	555	243	90	18	34	830	276	336	258	267	86	49	306	232	401	316	854	67	183	42	365	186	70	171
3.10.100	1312	583	551	564	2868	1444	278	347	800	1135	1212	940	457	274	138	1204	306	898	780	402	89	21	49	1047	357	463	323	347	105	68	377	368	441	393	1091	108	239	43	409	246	80	200
3.10.100	1202	527	468	543	2568	1270	266	224	623	1071	907	862	352	225	119	911	214	703	645	361	77	17	32	926	325	446	285	310	87	56	349	313	391	333	950	80	226	45	419	225	88	196
3.10.100	1103	417	418	462	2456	976	179	166	440	875	923	721	282	181	91	799	218	755	590	232	85	16	27	872	298	334	231	224	65	32	282	212	332	288	885	69	166	29	380	180	62	162
3.10.100	1437	622	621	602	3373	1547	433	448	746	1264	1366	1161	473	257	201	1270	319	1079	932	414	131	35	54	1193	396	480	323	322	115	110	412	403	513	490	1171	102	255	60	447	236	92	214
3.10.100	1091	453	418	491	2320	1051	198	146	514	955	803	759	322	203	89	815	205	638	555	263	70	12	25	847	291	359	267	268	71	62	274	261	350	266	847	63	165	37	392	196	71	187
3.10.100	1085	427	443	460	2338	1001	246	183	495	894	922	743	356	197	104	845	241	708	565	248	81	19	26	846	270	325	257	240	68	47	280	220	363	303	841	57	184	37	375	168	68	165
3.10.100	1378	603	608	627	3060	1436	383	429	755	1180	1304	1203	482	343	168	1243	385	977	767	455	106	24	50	1173	400	495	351	343	160	91	437	377	517	448	1163	98	272	70	479	235	106	237
3.10.100	1182	455	492	495	2526	1039	260	287	486	855	1080	803	347	239	76	1114	264	805	620	184	90	18	41	902	295	311	231	226	64	54	281	221	409	328	915	76	178	32	372	181	75	167
3.10.100	784	283	300	322	1404	569	125	97	262	529	497	474	155	77	32	578	92	442	309	114	43	7	14	495	128	173	148	165	41	15	153	104	228	142	503	36	89	16	217	94	30	101
3.10.100	1231	480	524	513	2859	1138	333	304	594	976	1181	892	374	261	87	1093	316	886	695	205	86	17	40	988	326	350	263	265	74	74	348	276	437	395	982	98	201	36	397	201	77	187
3.10.100	1220	507	528	520	2730	1228	313	363	610	982	1203	959	440	273	121	1031	334	876	729	245	96	21	38	1024	335	385	268	279	100	97	364	266	426	353	996	82	209	56	379	216	93	186
3.10.100	1047	394	401	463	2241	891	221	135	433	784	831	660	268	175	61	798	218	555	564	166	72	12	37	784	243	274	230	247	62	34	227	213	311	271	800	69	173	27	353	172	65	167
3.10.100	1043	371	390	433	2292	935	177	139	333	755	849	666	250	167	76	786	184	650	569	174	73	14	28	809	232	264	212	208	48	40	240	185	320	285	830	64	149	25	361	159	49	156
3.10.100	1135	513	537	511	2413	1159	394	294	630	919	1268	967	417	271	133	1098	317	853	684	391	100	21	33	907	322	381	287	290	112	96	380	359	463	392	952	89	232	66	362	231	77	186
3.10.100	1023	438	461	453	2284	938	243	220	494	817	947	812	327	165	105	948	239	691	514	339	90	18	27	792	240	309	244	225	83	64	278	272	374	320	794	75	174	48	336	175	55	164
3.10.100	1262	538	510	538	2820	1303	295	268	671	1098	1137	942	364	263	100	1093	266	894	749	342	111	22	36	998	326	414	271	292	107	66	371	320	408	360	1009	86	189	48	400	214	80	188
3.10.100	1295	573	554	568	2956	1441	346	326	735	1154	1285	1088	411	272	109	1159	291	924	763	386	110	21	43	1057	344	474	311	330	115	75	406	380	469	397	1052	95	223	74	419	235	102	203
3.10.100	1262	561	556	550	2820	1323	366	334	624	1046	1170	1004	473	279	141	1185	301	898	745	337	109	26	41	1021	321	406	303	304	102	92	345	360	457	376	1051	99	212	53	393	249	81	200
3.10.100	1400	503	505	643	3410	1260	347	271	542	976	1119	923	289	199	89	957	255	800	661	334	102	25	35	1175	317	376	278	264	106	57	326	299	434	365	1160	78	199	54	568	203	69	277
3.10.100	1300	540	608	546	2855	1362	364	327	627	1109	1309	1055	486	318	148	1243	388	1088	736	311	118	21	47	1065	349	373	358	297	107	122	409	342	520	452	1077	106	243	56	399	231	77	190
3.10.100	1144	468	448	487	2440	1069	215	199	565	979	881	779	315	218	106	929	246	683	602	283	88	11	39	871	284	359	283	265	76	51	285	246	361	326	892	71	192	33	372	189	67	175
3.10.100	1143	436	449	496	2571	1070	263	217	550	933	959	742	324	233	88	929	251	734	627	261	81	15	35	926	283	322	281	291	82	40	322	254	378	337	942	74	216	48	412	210	73	181
3.10.100	1339	569	581	611	3085	1465	304	362	683	1212	1268	1128	461	345	136	1172	355	960	752	367	97	18	44	1140	352	458	404	377	139	94	444	355	513	440	1122	106	257	67	490	254	117	240
3.10.100	1161	385	469	460	2649	973	331	163	434	766	1064	706	339	232	59	979	283	900	617	125	88	20	39	910	281	253	234	195	49	54	256	178	373	338	885	77	161	28	359	144	59	162
3.10.100	1034	349	434	446	2172	836	190	204	401	643	939	618	294	253	57	1003	275	767	453	161	59	10	30	813	225	253	310	217	59	46	270	179	377	332	815	64	166	37	334	138	61	165
3.10.100	1201	496	491	516	2738	1206	311	364	546	1008	1062	931	326	231	94	1017	234	867	624	330	96	11	42	997	311	381	247	273	79	61	321	276	397	359	1002	86	209	49	388	217	84	191
3.10.100	1205	474	567	472	2700	1147	299	328	615	907	1149	833	448	286	120	1096	401	985	661	195	110	20	33	923	288	293	353	294	97	71	368	224	461	402	908	74	200	44	308	175	81	138
3.10.100	1249	438	527	507	2880	1202	306	226	411	921	1263	883	385	348	69	1143	304	959	659	171	97	15	42	1020	315	292	323	292	77	83	302	211	430	430	1015	86	203	49	387	190	76	180
3.10.100	1182	378	433	455	2637	945	273	177	375	803	1052	626	299	188	45	997	210	799	629	121	105	14	34	883	268	218	188	207	53	42	251	167	299	312	891	63	153	35	335	140	49	145
3.10.100	1117	473	464	498	2468	1047	263	223	657	954	949	757	355	252	131	932	217	717	577	267	76	14	38	923	284	366	282	288	98	58	326	280	371	352	908	88	205	43	371	209	83	178
3.10.100	1286	565	543	557	2908	1371	321	337	677	1158	1218	943	459	213	141	1064	330	892	790	365	132	31	39	1026	340	426	311	309	114	73	351	313	443	412	1014	88	224	56	421	220	97	206
3.10.100	1392	518	480	654	3285	1216	354	260	559	965	1043	941	331	180	75	986	210	771	653	383	88	24	34	1182	334	403	266	278	120	61	277	319	387	365	1165	72	197	50	604	211	85	280
3.10.110	1664	502	492	679	4548	1345	255	208	312	930	1450	1100	306	238	35	977	222	879	1007	255	106	14	41	1467	492	445	295	277	55	46	248	230	397	459	1440	58	192	51	694	216	68	297
3.10.110	1290	369	342	487	3140	900	184	139	159	683	1014	687	178	103	25	646	135	550	717	117	67	4	38	1029	336	291	158	171	22	10	155	147	220	293	958	31	134	13	419	144	39	169
3.10.110	1621	512	479	663	4298	1373	289	201	258	920	1467	1061	354	235	40	939	216	873	975	191	103	11	46	1408	517	456	277	308	56	52	250	273	386	410	1403	53	185	42	647	217	69	282
3.10.110	1496	439	403	613	3995	1169	216	187	180	790	1244	870	269	141	17	777	172	709	957	153	88	6	36	1305	446	403	196	201	29	33	210	247	325	354	1285	44	165	32	592	183	42	270
3.10.110	1483	513	468	594	3952	1361	308	231	280	942	1311	958	291	232	71	950	210	909	1026	234	105	9	39	1287	451	443	293	285	72	43	249	300	386	421	1304	64	202	45	523	223	76	231
3.10.110	1563	483	427	634	4149	1251	263	219	227	1015	1350	914	272	182	27	790	171	730	992	151	96	8	33	1373	489	406	236	263	41	39	221	262	311	371	1330	58	183	37	603	222	65	267
3.10.110	1588	513	435	652	4177	1316	246	230	218	975	1364	973	316	226	24	861	171	730	1023	202	97	8	38	1390	527	459	252	300	37	45	241	273	321	376	1376	70	195	39	614	255	65	269
3.10.110	1344	512	406	546	3493	1301	234	235	279	930	1118	917	255	176	65	788	157	732	1008	239	89	5	32	1156	436	463	222	249	65	51	225	323	329	360	1154	68	168	43	480	198	74	213
3.10.110	1512	438	413	630	3971	1167	279	137	176	744	1296	847	224	139	21	760	124	733	813	130	65	4	38	1279	422	377	192	234	26	23	201	200	326	378	1302	55	182	19	601	195	65	265
3.10.110	1441	415	394	627	3678	1111	230	127	160	721	1173	847	265	144	14	701	176	581	799	112	83	3	22	1199	417	371	209	175	35	29	188	216	307	371	1212	61	169	31	619	181	48	283
3.10.110	1208	259	251	484	3007	719	135	75	63	466	690	463	76	106	2	488	63	440	484	38	48	3	9	910	231	203	81	106	12	5	80	75	157	222	889	26	73	7	498	81	27	206
3.10.110	1295	319	344	526	3532	848	183	135	106	684	983	689	120	83	11	663	96	592	605	69	64	2	20	1131	339	259	200	196	30	17	167	144	285	328	1099	43	158	26	559	144	50	227
3.10.110	1712	553	520	703	4615	1533	300	220	269	1037	1599	1175	371	243	46	1089	238	960	1091	241	134	13	51	1503	526	492	254	297	38	70	267	298	411	475	1517	83	232	40	672	253	73	305
3.10.110	1712	523	493	694	4649	1473	308	257	242	1017	1519	1060	292	240	31	956	190	910	1088	173	114	6	49	1532	542	466	284	298	56	41	249	273	396	497	1515	68	222	47	690	235	71	298
3.10.110	1757	542	499	711	4812	1484	326	263	302	1026	1564	1064	353	218	25	952	230	892	1130	203	131	8	42	1591	551	509	278	301	42	35	261	294	367	469	1546	71	226	46	686	253	65	305
3.10.110	1759	579	539	724	4775	1582	336	259	311	1048	1665	1219	397	241	39	1068	257	962	1189	266	127	11	56	1593	578	545	348	369	68	51	310	351	437	498	1582	75	255	56	719	277	77	311
3.10.110	1630	501	471	673	4396	1304	250	202	222	917	1434	1067	305	213	23	972	182	791	987	174	92	12	40	1442	527	461	229	221	32	52	276	315	399	415	1429	75	196	37	656	223	50	290
3.10.110	1614	500	465	668	4413	1307	341	207	282	921	1397	1070	332	179	37	932	230	761	945	204	101	8	31	1378	505	434	265	289	53	58	236	238	353	398	1363	62	197	41	655	221	71	294
3.10.110	1446	517	444	584	3837	1377	267	215	307	953	1232	983	287	220	69	887	197	896	1030	255	99	6	39	1255	434	453	257	262	74	47	231	321	366	393	1278	66	170	47	506	218	78	236
3.10.110	1556	464	474	652	4169	1230	256	189	210	857	1388	1026	310	209	15	898	259	838	916	132	88	6	48	1346	462	398	275	235	32	52	233	228	401	416	1306	62	187	45	632	202	66	284
3.10.110	1602	528	472	668	4260	1380	310	222	266	1005	1388	1081	359	189	28	908	229	754	1021	222	112	6	37	1403	512	485	272	316	42	35	233	284	362	434	1348	67	223	42	651	224	71	275
3.10.110	1696	534	493	707	4568	1506	367	208	269	989	1461	1080	251	227	31	944	197	853	1040	195	112	11	37	1504	524	483	263	266	38	35	206	258	372	459	1459	81	202	40	673	238	70	312
3.10.110	1628	503	433	668	4491	1314	252	242	269	909	1418	1017	298	181	24	828	157	718	1087	206	91	6	46	1409	532	445	209	266	46	42	239	291	345	366	1381	60	199	40	655	235	60	290
3.10.110	1642	553	507	699	4356	1451	328	245	322	1004	1549	1168	378	216	45	999	244	875	1112	209	111	9	30	1516	594	531	304	321	49	70	296	355	402	462	1507	74	223	57	657	269	68	310
3.10.110	1689	552	506	708	4483	1513	272	216	268	1011	1498	1131	348	252	26	1000	257	899	1066	203	122	7	45	1486	507	525	281	270	54	46	259	320	405	430	1467	74	216	47	675	263	82	298
3.10.110	1335	464	401	521	3602	1186	308	185	233	769	1168	804	235	175	49	722	161	717	933	207	94	5	35	1080	394	383	196	217	56	40	196	271	301	334	1063	50	136	36	447	196	63	198
3.10.110	1755	527	500	728	4866	1416	339	220	260	1023	1533	1087	344	268	40	1069	225	905	1031	181	104	5	36	1612	543	466	293	319	55	60	292	306	377	519	1594	74	232	57	727	253	69	318
3.10.110	1457	518	453	572	3895	1372	286	272	345	934	1303	992	283	247	48	814	182	882	999	277	101	7	38	1268	488	424	250	272	68	50	260	296	374	396	1293	64	181	52	485	221	64	217
3.10.110	1573	493	425	650	4083	1251	243	267	250	994	1368	926	232	195	5	799	151	727	1010	179	87	10	44	1407	521	461	218	267	26	29	212	271	341	380	1363	57	187	34	618	230	58	278
3.10.110	1575	453	392	669	4143	1181	248	180	210	794	1136	851	266	136	15	704	135	627	870	158	73	4	38	1325	418	395	176	210	36	37	186	218	290	364	1287	51	172	28	663	191	49	281
3.10.110	1670	523	523	696	4489	1333	323	242	245	971	1500	1131	335	230	27	1001	278	914	985	157	105	11	47	1461	488	457	306	257	55	52	265	262	415	453	1457	67	213	43	655	233	96	287
3.10.110	1637	487	484	660	4444	1269	259	226	252	934	1512	1112	309	221	20	962	212	854	1011	172	96	8	40	1451	500	439	267	244	32	30	254	254	422	426	1414	66	196	34	663	211	55	282
3.10.110	3630	1125	1072	1447	10933	3401	999	617	637	2387	3313	2664	702	586	104	2308	472	1965	2285	425	225	30	87	3320	1183	1005	584	636	112	122	572	623	890	1088	3349	167	439	100	1539	469	157	639
3.10.110	1757	561	522	735	4781	1489	375	242	294	1046	1522	1152	303	229	27	1003	217	837	1076	189	113	7	32	1563	588	493	287	289	47	53	258	303	404	481	1502	80	229	48	708	257	78	321
3.10.110	1765	564	515	712	4775	1505	317	238	315	1013	1525	1124	365	237	44	1048	229	906	1115	222	122	14	42	1503	556	488	250	281	53	64	269	288	421	454	1500	56	208	45	703	221	75	302
3.10.110	1674	545	517	717	4473	1436	345	179	288	1023	1451	1190	307	230	39	1048	229	826	991	212	106	12	30	1492	521	505	304	283	60	46	235	266	414	480	1463	70	220	46	656	243	74	317
3.10.110	1471	459	443	599	4045	1311	310	205	266	927	1273	940	238	155	22	773	144	793	813	159	91	8	32	1269	419	387	208	270	39	43	222	233	348	409	1285	64	213	46	533	196	62	242
3.10.110	1752	566	539	729	4779	1576	339	283	255	1054	1643	1151	317	254	31	1061	266	973	1169	212	113	12	52	1578	567	518	295	303	58	66	311	340	444	474	1574	67	249	55	688	275	84	309
3.10.110	1740	460	451	732	4914	1212	224	225	257	803	1459	870	299	148	19	835	152	798	977	129	85	4	40	1574	509	370	236	260	30	43	259	248	383	384	1547	64	212	45	759	225	58	325
3.10.129	1341	502	455	550	3087	1104	444	211	289	913	1074	723	197	165	65	880	203	740	669	230	97	13	28	978	346	356	202	266	87	51	247	264	321	368	1013	68	180	51	416	195	74	185
3.10.129	1017	391	275	429	2434	954	195	176	228	855	713	499	140	106	66	496	63	480	572	260	57	9	23	834	267	338	119	194	57	22	185	238	184	222	848	39	138	26	360	148	65	160
3.10.129	1226	420	393	505	2976	992	292	228	306	825	992	640	220	146	37	761	133	667	616	167	83	11	37	954	277	295	173	242	47	24	216	178	302	372	987	66	156	26	409	176	68	179
3.10.129	1297	525	401	498	3325	1309	480	295	312	1173	1038	762	245	223	53	712	122	712	827	358	112	10	35	1081	383	437	189	325	72	42	273	321	261	364	1073	58	199	56	364	222	73	160
3.10.129	1341	483	437	571	3282	1192	223	236	336	1095	1108	778	306	150	68	895	175	776	698	225	95	17	22	1131	329	359	231	325	60	53	276	222	325	396	1139	62	216	40	451	228	88	223
3.10.129	1717	666	521	643	4490	1646	532	373	469	1443	1372	928	312	266	80	1007	171	972	1091	417	128	17	38	1373	483	497	236	350	123	51	314	349	350	457	1406	65	234	42	510	255	99	215
3.10.129	1228	433	402	491	2870	1002	236	241	292	901	958	718	237	117	45	796	132	657	653	185	111	15	33	931	280	295	156	233	46	30	227	180	317	299	993	52	162	16	399	171	60	171
3.10.129	1141	358	331	458	2760	865	229	178	250	794	875	514	122	102	32	551	95	600	585	141	84	10	24	867	254	217	94	164	42	21	191	182	238	297	887	43	155	20	396	133	40	168
3.10.129	1186	481	466	530	2534	1056	295	177	317	858	929	763	320	158	45	891	196	600	506	277	99	11	32	855	246	328	227	226	59	46	246	254	329	351	839	69	187	30	372	176	85	176
3.10.129	1385	478	369	556	3536	1237	294	304	291	1091	1054	676	155	155	11	663	83	735	821	244	80	6	40	1150	388	382	156	257	69	16	234	258	267	346	1225	43	185	25	459	209	86	211
3.10.129	1297	429	388	563	2936	927	191	159	231	908	807	645	169	123	48	791	102	571	533	162	76	11	17	1011	280	311	183	245	60	23	202	183	294	321	1047	65	159	35	466	165	64	216
3.10.129	1198	441	404	538	2858	1081	210	231	322	928	983	654	281	161	82	805	196	741	548	195	86	13	31	986	261	315	200	268	91	61	241	216	320	324	1019	62	181	28	426	197	78	220
3.10.129	981	404	338	405	2168	844	253	150	238	794	753	598	227	123	29	605	126	503	510	263	93	14	28	690	248	294	130	203	52	28	182	217	233	260	742	47	146	28	282	128	64	131
3.10.129	1212	421	382	473	2984	979	318	179	332	947	936	657	191	146	40	676	114	721	622	221	98	15	26	946	272	297	155	217	59	17	181	185	290	317	972	53	155	30	420	143	53	166
3.10.129	1285	429	361	511	3302	1174	244	231	246	904	985	614	226	179	17	659	99	702	677	196	90	4	36	1001	316	302	134	242	58	32	199	183	265	327	1063	34	152	33	426	171	64	191
3.10.129	1521	469	431	609	4076	1338	372	218	249	934	1165	718	241	198	33	822	117	869	731	200	91	9	24	1246	360	366	192	233	53	36	233	212	326	443	1293	56	193	29	562	183	78	241
3.10.129	1589	507	530	653	4557	1499	427	230	293	1046	1429	1062	239	224	95	1006	276	1074	767	266	86	9	34	1444	425	401	280	269	74	71	355	315	487	589	1459	70	283	40	617	220	87	277
3.10.129	1373	434	388	518	3535	1155	261	189	227	945	1048	563	206	165	24	696	120	802	731	186	95	3	40	1071	334	299	156	247	42	18	210	203	284	377	1147	38	179	26	429	186	59	182
3.10.129	1296	434	409	513	3349	1154	268	217	254	878	1037	677	209	195	16	761	126	693	666	188	88	7	36	984	318	282	171	233	58	38	224	193	313	357	1066	46	172	38	420	175	71	183
3.10.129	1200	414	328	492	3023	1027	214	246	239	862	869	611	148	142	6	538	88	508	622	195	60	6	25	900	274	279	134	209	54	21	161	178	245	297	985	36	126	26	398	161	67	189
3.10.129	1603	546	481	673	4222	1328	394	231	381	1155	1237	812	303	274	51	1053	157	824	900	218	98	15	33	1382	396	407	233	305	63	46	285	279	351	451	1411	82	212	38	591	247	100	274
3.10.129	1066	377	330	437	2717	911	280	161	181	781	772	553	208	120	62	643	127	536	516	148	71	14	15	851	278	274	161	200	46	23	192	176	243	294	896	48	133	26	338	148	61	159
3.10.129	1636	494	484	710	4363	1204	398	231	325	1080	1228	929	311	270	44	1011	204	799	743	192	90	10	31	1448	394	377	253	313	55	70	307	228	378	439	1472	72	216	49	691	237	78	308
3.10.129	1484	497	446	605	4021	1297	393	226	270	917	1264	901	209	146	51	929	152	763	758	224	72	6	26	1264	416	408	188	231	56	41	301	299	357	429	1316	79	206	30	541	203	76	238
3.10.129	1428	559	454	564	3704	1452	463	291	331	1158	1149	873	274	198	88	923	155	831	790	344	105	14	38	1178	428	428	204	297	85	42	267	338	344	402	1238	72	204	30	439	224	82	203
3.10.129	1229	382	404	463	3259	1066	301	205	224	738	964	618	216	179	81	855	219	803	571	142	93	15	29	988	289	237	177	213	50	67	220	162	315	401	1054	44	157	27	370	150	49	164
3.10.129	1313	426	422	551	3193	1098	275	180	365	837	1015	630	260	183	35	882	147	668	643	180	80	10	25	1081	252	277	200	251	47	45	274	187	304	357	1119	61	191	31	439	188	63	211
3.10.129	1254	417	308	524	3293	1080	263	214	271	897	789	641	213	89	37	603	66	556	632	268	68	9	26	1025	300	327	123	235	56	30	179	221	219	298	1099	39	141	19	525	148	45	220
3.10.129	942	327	275	376	2169	753	192	126	230	700	681	407	175	70	22	580	92	482	440	147	77	11	18	680	206	237	91	173	30	16	167	141	178	200	744	39	117	18	292	131	51	129
3.10.129	1581	548	453	610	4191	1450	408	246	334	1109	1253	789	256	214	62	913	118	885	941	266	116	17	36	1322	439	419	222	287	81	22	255	292	333	441	1400	61	215	34	508	240	79	222
3.10.129	1299	499	461	514	3436	1372	457	222	280	982	1079	825	305	201	114	883	387	955	781	256	122	14	39	1064	370	383	261	269	60	80	224	280	361	379	1143	67	169	39	374	217	76	186
3.10.129	1259	418	387	534	3062	1068	250	204	247	861	950	730	219	133	49	804	169	720	591	156	81	9	23	1020	321	321	190	223	45	36	212	171	299	320	1071	48	159	24	470	182	69	215
3.10.129	1361	472	435	539	3286	1224	286	221	320	980	1140	854	293	198	40	901	167	784	788	207	118	11	35	1071	350	340	222	283	59	34	202	203	324	352	1126	57	157	28	448	200	79	199
3.10.129	1510	475	531	608	3785	1394	343	249	327	1029	1300	807	252	286	75	1053	251	1160	800	154	122	10	22	1297	336	307	319	285	78	50	302	228	428	497	1365	94	267	44	483	232	76	231
3.10.129	1450	570	506	609	3431	1346	345	350	453	1246	1206	1008	310	243	76	1036	200	939	816	256	112	12	37	1232	403	437	263	331	118	48	297	306	398	401	1268	84	252	49	477	248	97	222
3.10.129	1488	514	464	592	3814	1290	309	298	345	1031	1398	894	295	189	51	986	180	811	873	295	117	19	36	1273	376	366	186	282	72	39	276	261	344	416	1301	78	216	40	497	238	75	219
3.10.129	1315	437	423	531	3310	1112	276	227	323	903	1065	765	226	180	40	890	159	769	645	183	96	16	28	1076	332	302	178	242	59	41	252	184	309	361	1126	57	182	36	434	187	62	197
3.10.129	1163	438	367	486	2875	1017	280	186	266	905	846	698	168	133	69	674	121	645	587	215	69	14	31	972	278	347	174	234	82	31	232	232	296	341	943	49	174	37	363	178	76	181
3.10.129	1200	345	375	469	3056	950	239	162	190	709	879	566	183	144	41	806	136	664	510	116	72	6	21	925	246	199	156	190	43	29	184	123	312	355	997	34	140	22	385	132	47	171
3.10.129	991	305	302	394	2459	753	181	113	171	620	760	436	121	138	15	563	64	575	551	105	53	5	15	819	231	207	133	152	34	28	191	145	215	259	816	46	114	26	327	125	42	142
3.10.129	1341	514	416	585	3315	1232	357	229	344	1092	1025	904	231	199	58	916	128	648	737	268	70	9	27	1133	354	427	209	326	103	53	257	282	287	380	1150	72	189	44	505	216	82	237
3.10.129	1243	429	388	505	3009	1024	252	181	245	913	960	729	300	150	68	824	160	702	619	190	88	11	26	999	323	344	151	202	42	52	224	215	284	297	997	46	159	27	430	175	62	187
3.10.129	1442	514	412	614	3636	1197	329	201	316	1061	1024	857	252	192	45	887	136	646	784	235	79	8	23	1196	371	391	189	274	76	41	242	259	303	339	1222	59	154	44	542	206	86	257
3.10.129	1253	396	353	475	3258	1047	311	202	199	830	965	627	144	181	36	719	83	694	680	160	94	9	32	938	291	269	114	196	47	23	168	173	290	343	1020	52	129	18	422	147	50	176
3.10.129	1083	427	319	442	2655	986	235	149	272	870	762	624	188	133	75	630	78	555	617	257	85	7	14	873	263	332	130	230	69	29	194	206	231	279	900	48	147	30	342	159	68	163
3.10.129	1275	390	330	512	3240	979	239	159	262	785	840	567	164	158	23	659	93	570	632	169	80	7	16	1009	275	276	136	182	44	25	184	169	209	306	1036	36	138	24	466	158	55	206
3.10.129	1324	540	418	559	3202	1248	286	294	390	1096	997	825	351	186	60	778	133	661	768	319	100	10	39	1061	369	439	193	274	88	42	251	274	288	316	1097	60	189	36	456	207	84	206
3.10.129	1459	561	469	615	3710	1345	233	256	370	1242	1276	907	267	196	67	1024	189	827	830	347	110	15	33	1232	408	453	236	326	85	59	268	301	380	415	1280	74	231	45	506	258	105	229
3.10.129	1219	469	391	519	2890	1038	287	209	293	980	927	687	300	148	114	784	136	626	644	273	91	7	18	973	299	334	168	280	63	42	243	243	272	333	1023	57	184	33	388	221	66	189
3.10.129	1209	454	352	473	2957	1127	337	190	291	985	899	674	186	127	67	653	108	637	713	250	85	11	23	947	315	356	140	199	66	23	182	205	248	305	954	47	140	18	371	177	80	163
3.10.129	910	296	255	353	1975	601	147	110	156	608	578	387	139	73	14	491	80	374	423	132	83	5	14	575	151	158	66	133	23	12	100	90	148	179	607	25	67	19	292	87	33	119
3.10.129	1562	520	459	690	4030	1275	392	205	308	1042	1193	800	319	179	48	823	157	824	774	212	99	11	34	1333	392	426	224	295	64	50	272	252	360	437	1347	67	227	39	623	225	102	289
3.10.129	1230	424	353	506	2996	976	228	252	299	957	978	579	204	118	55	640	92	644	684	194	86	20	31	961	259	283	134	249	52	31	195	208	240	307	1016	60	169	30	427	168	80	192
3.10.129	1772	682	599	659	4771	1809	598	363	481	1464	1524	1096	373	289	107	1130	258	1123	1101	389	160	18	45	1408	502	481	291	351	126	57	368	374	428	526	1436	75	251	46	513	255	96	216
3.10.129	1276	444	405	531	3140	1072	305	236	317	955	1141	684	225	151	30	816	148	722	720	202	95	15	40	1058	359	339	152	241	50	37	258	199	315	312	1063	61	188	35	437	219	77	203
3.10.180	2041	704	669	852	5044	1669	429	364	520	1559	1713	1358	435	265	81	1300	268	1069	1214	320	145	12	48	1713	589	563	322	364	75	77	385	383	509	532	1703	98	241	79	749	243	82	359
3.10.180	1275	474	465	546	2708	1006	261	234	312	1029	966	854	438	165	61	870	201	609	643	202	92	14	20	979	310	346	236	245	60	56	254	242	359	322	966	75	157	38	441	168	70	191
3.10.180	1011	398	351	435	2244	810	159	199	279	885	786	654	244	115	34	688	157	515	495	205	68	9	20	764	251	292	177	214	55	28	182	181	315	266	815	47	136	38	332	154	67	152
3.10.180	1475	593	635	672	3204	1275	435	271	431	1317	1345	1109	538	336	85	1257	316	876	802	259	104	18	32	1143	391	422	380	379	98	90	331	306	533	457	1223	110	263	75	484	257	115	244
3.10.180	1400	568	568	582	3168	1299	437	335	410	1260	1172	963	467	271	96	1024	291	862	745	290	137	21	54	1093	372	404	316	338	102	65	326	284	450	396	1110	91	225	67	433	225	93	179
3.10.180	1451	567	585	640	3163	1282	379	229	432	1234	1269	980	504	272	58	1095	268	820	790	269	109	16	36	1095	367	390	321	324	94	66	317	282	483	429	1162	92	229	60	469	222	102	232
3.10.180	1313	526	506	539	2985	1231	362	340	391	1201	1110	861	423	244	88	920	235	801	712	284	120	15	56	1073	361	370	295	353	113	58	294	254	389	373	1045	73	212	63	410	213	91	176
3.10.180	1257	434	403	526	2730	954	247	224	269	1042	914	631	339	169	46	655	129	612	582	199	96	13	32	965	332	274	155	189	57	34	221	216	288	310	1007	53	151	40	418	146	66	197
3.10.180	1880	700	634	808	4645	1788	365	385	506	1556	1548	1335	594	234	144	1382	287	1022	1084	350	114	18	43	1580	524	584	292	395	99	91	421	409	526	579	1684	116	264	67	725	280	118	330
3.10.180	1053	390	383	475	2304	816	119	143	271	853	790	751	232	131	70	756	258	625	353	261	72	18	22	847	232	300	190	156	49	42	226	197	345	314	860	43	168	31	412	138	65	187
3.10.180	1142	443	424	495	2498	1055	274	185	327	985	811	741	328	156	39	760	171	685	560	266	93	15	32	856	246	315	212	240	74	56	235	228	309	309	909	65	179	44	384	156	67	175
3.10.180	1333	559	580	605	2789	1237	481	283	490	1092	1031	888	408	265	73	1159	253	713	692	293	97	14	42	978	321	365	295	301	87	77	377	329	459	409	1042	103	243	73	443	236	86	207
3.10.180	1332	554	592	594	2781	1228	441	280	528	1102	1061	869	460	264	82	1172	270	719	681	298	105	26	37	970	291	342	287	290	91	87	390	333	460	410	1064	110	234	67	419	222	82	198
3.10.180	1109	434	424	490	2360	989	286	211	322	964	793	725	396	130	65	709	193	671	498	263	89	15	41	833	234	286	192	224	75	72	244	223	318	305	863	67	182	41	393	138	58	176
3.10.180	1289	468	509	543	2834	1195	266	239	369	1007	1007	758	464	230	75	922	273	733	698	194	107	13	56	917	274	309	227	259	55	77	282	207	341	358	982	76	195	54	417	183	68	174
3.10.180	1355	532	549	616	2798	1144	343	203	373	1154	1139	977	453	230	55	998	219	668	673	252	93	9	49	1008	342	347	290	295	72	70	283	268	435	404	1035	82	225	54	460	208	89	215
3.10.180	1166	467	368	495	2623	1056	165	329	303	994	843	792	211	145	52	669	147	732	619	352	94	12	34	947	307	372	170	223	79	38	191	248	296	306	968	53	159	42	425	163	74	185
3.10.180	1154	404	345	485	2562	1003	139	282	263	818	796	707	191	163	21	601	125	638	545	226	83	4	40	880	273	298	134	171	54	27	160	188	278	323	906	41	130	43	434	133	62	182
3.10.180	1536	567	485	681	3493	1256	240	305	330	1259	1184	1047	341	250	45	901	196	758	788	306	117	5	54	1213	407	475	245	320	86	48	268	275	394	359	1227	78	189	55	586	215	103	264
3.10.180	1001	366	356	424	2137	868	138	164	268	828	726	666	223	146	50	687	147	632	454	177	68	14	23	750	191	239	165	193	67	33	184	183	296	300	811	49	129	38	331	129	53	156
3.10.180	956	370	324	404	2057	768	134	232	254	807	734	633	190	125	34	596	106	506	451	210	83	7	27	681	226	252	115	141	49	35	151	171	241	243	695	42	105	31	326	95	53	140
3.10.180	1930	624	610	818	4601	1413	375	315	391	1304	1486	1167	359	189	41	1188	191	963	909	276	132	13	30	1600	502	470	292	307	75	46	288	267	468	475	1548	87	232	48	763	205	84	342
3.10.180	1516	619	556	661	3277	1370	427	326	411	1308	1200	1132	459	197	69	1084	231	785	760	434	101	7	32	1118	353	468	307	285	109	54	343	369	458	425	1212	94	209	53	536	233	82	239
3.10.180	1680	583	618	741	3897	1304	408	321	431	1159	1386	1154	417	197	63	1128	259	989	798	253	128	16	37	1418	443	420	339	314	78	69	351	324	509	484	1412	99	243	82	635	222	93	292
3.10.180	1407	552	517	619	2910	1302	314	312	384	1180	1136	959	444	225	53	986	245	661	691	285	88	15	33	1071	353	368	225	248	83	63	302	317	390	386	1088	80	193	51	474	201	86	219
3.10.180	1156	431	377	526	2343	935	177	258	290	959	862	742	246	142	39	681	124	562	562	201	79	7	20	922	310	344	162	200	64	44	241	230	291	308	896	60	188	49	398	170	69	202
3.10.180	1398	500	519	600	3077	1168	303	291	320	1068	1063	879	361	188	42	950	192	678	684	243	105	8	29	1041	304	331	221	229	67	52	296	254	418	408	1086	84	206	52	490	169	58	218
3.10.180	1993	656	672	840	4798	1592	364	382	416	1532	1628	1237	420	255	56	1265	272	1111	1021	289	143	11	44	1676	478	471	380	389	79	78	369	338	548	569	1659	104	288	70	760	248	111	333
3.10.180	1611	664	645	715	3547	1543	431	400	447	1365	1495	1279	555	307	76	1274	329	874	882	410	113	14	41	1264	418	511	341	358	112	110	368	382	543	495	1313	109	262	69	545	275	100	266
3.10.180	1832	648	620	785	4351	1568	451	330	405	1315	1482	1154	417	220	51	1190	213	999	921	281	139	13	38	1531	488	473	324	338	78	60	347	353	475	502	1517	102	274	70	702	257	99	302
3.10.180	953	337	303	423	1980	789	111	160	258	756	675	503	193	86	29	504	89	439	382	152	65	10	19	716	196	225	101	151	33	42	193	171	210	230	722	45	127	30	333	136	45	156
3.10.180	1013	329	409	418	2135	744	139	132	206	696	870	744	214	136	47	777	274	636	428	102	75	12	23	773	235	213	191	144	48	64	214	138	373	288	822	62	138	28	315	126	46	154
3.10.180	1024	374	369	447	2256	894	139	172	229	835	782	658	252	154	39	679	151	627	456	182	64	9	14	810	215	250	186	217	63	37	208	192	323	331	864	46	169	44	350	152	69	169
3.10.180	1300	537	544	578	2729	1167	255	303	395	1210	1034	980	441	243	82	1119	250	786	600	309	118	17	37	995	298	354	319	296	114	68	328	308	453	372	1054	95	223	72	426	209	84	194
3.10.180	1231	443	395	536	2794	986	184	273	298	943	931	799	266	163	52	735	158	663	519	308	100	9	43	1000	310	321	156	202	75	48	208	176	302	310	994	56	162	39	489	150	72	216
3.10.180	1410	545	618	602	3000	1299	472	281	487	1162	1271	860	476	297	90	1184	295	856	717	247	103	14	36	996	324	326	357	312	98	84	326	276	506	434	1115	105	210	57	427	217	90	208
3.10.180	1188	439	414	516	2605	1047	276	175	264	907	833	683	395	159	52	759	169	653	609	204	92	7	32	910	253	293	212	247	75	63	228	229	294	323	942	70	178	53	415	178	60	185
3.10.180	946	349	341	409	1991	755	124	163	256	786	712	547	203	133	67	611	138	513	374	150	69	8	15	757	196	232	162	152	63	44	211	181	275	284	745	50	140	33	318	119	60	148
3.10.180	954	403	365	428	1976	763	152	213	300	947	749	698	245	114	52	619	180	563	431	224	82	13	45	737	221	296	144	200	63	28	211	195	307	251	739	69	184	34	309	149	71	141
3.10.180	1013	465	357	407	2248	908	244	272	351	905	798	793	282	130	65	581	144	570	611	337	79	12	32	783	295	335	140	196	72	41	177	214	268	258	768	52	134	34	303	141	69	129
3.10.180	818	298	284	350	1804	692	135	192	207	651	690	530	119	109	28	506	138	497	458	166	58	9	29	663	187	248	134	153	46	24	134	147	235	234	634	48	137	34	274	135	47	120
3.10.180	1105	408	407	503	2389	912	177	212	288	932	938	790	239	179	49	785	179	670	535	206	92	10	29	920	283	295	181	210	64	49	234	217	353	333	956	70	185	40	406	184	73	202
3.10.180	981	414	355	432	2118	776	161	282	333	864	797	712	220	125	50	631	130	566	498	258	73	6	29	741	254	271	137	194	87	44	230	234	300	237	776	67	162	50	320	165	74	148
3.10.180	1998	739	686	864	4735	1724	489	498	539	1650	1824	1472	496	245	53	1323	247	1100	1157	334	102	16	36	1734	614	617	371	407	93	79	398	385	549	541	1691	99	295	79	752	308	122	348
3.10.180	913	312	330	446	1801	655	95	142	305	638	688	441	227	115	38	573	108	421	334	142	55	7	12	705	135	173	160	188	62	53	211	186	260	207	712	62	156	38	323	146	39	167
3.10.180	1156	449	401	527	2510	1029	189	283	345	1040	933	775	258	139	52	698	161	673	559	266	70	10	22	965	335	372	204	229	85	46	238	256	367	356	967	63	209	41	430	189	70	217
3.10.180	1063	408	372	458	2335	891	187	224	275	902	875	687	187	162	40	746	133	649	512	193	78	15	31	888	270	298	162	190	56	34	228	196	315	299	871	58	171	51	368	160	72	167
3.10.180	901	335	307	432	1767	720	120	157	206	763	612	499	254	79	39	522	91	410	309	154	62	13	26	713	192	231	125	168	54	34	209	179	231	198	726	63	143	36	320	134	64	158
3.10.180	1232	472	421	537	2765	1139	316	217	290	1034	894	719	358	184	64	763	151	678	680	231	94	8	29	980	284	344	224	269	76	66	250	274	289	347	1005	69	189	58	434	183	63	192
3.10.180	1448	588	590	618	3135	1319	464	286	473	1195	1277	965	482	235	108	1147	234	818	865	308	104	28	40	1052	358	368	341	342	106	81	329	308	443	402	1133	102	223	53	444	228	94	214
3.10.180	1463	601	620	667	3161	1374	549	331	473	1269	1165	1011	492	297	79	1225	263	797	794	296	103	13	51	1102	365	426	338	369	117	85	380	328	520	447	1186	115	265	66	468	243	109	241
3.10.180	1160	441	445	497	2517	1043	237	192	301	1027	947	742	405	165	55	760	178	679	593	220	101	18	31	875	290	292	210	215	62	69	240	214	339	320	937	67	187	42	398	159	75	179
3.10.180	1297	528	614	600	2660	1243	498	202	445	1158	1132	1010	558	276	59	1252	282	849	615	270	110	15	41	956	301	395	328	275	72	101	332	293	531	426	1054	130	218	56	455	190	88	217
3.10.180	997	399	401	453	2001	914	173	130	380	863	690	667	391	116	51	721	184	581	418	206	82	13	26	763	205	283	222	246	62	48	238	210	308	291	779	60	166	43	336	149	75	161
3.10.180	1160	405	385	492	2590	900	167	191	211	936	862	697	232	145	49	764	183	687	525	193	86	9	20	977	261	291	184	191	46	55	230	206	304	308	980	55	167	44	402	154	71	179
3.10.180	1112	382	378	478	2474	879	138	214	237	855	790	762	174	132	38	764	157	590	471	197	67	3	28	858	203	255	157	175	50	34	207	178	335	336	953	53	142	36	398	128	56	180
3.10.180	829	334	366	360	1549	639	122	160	219	548	634	576	329	185	32	685	174	436	363	145	70	8	14	531	152	199	161	164	35	70	183	166	261	212	583	56	110	31	219	108	52	109
3.10.180	1005	400	344	436	2139	828	137	226	320	901	806	574	200	173	39	567	136	587	510	207	55	9	21	791	259	311	142	185	62	33	196	203	304	268	834	45	144	46	334	150	61	158
3.10.180	1009	405	368	435	2220	880	129	226	280	903	792	714	271	153	34	677	176	637	475	222	90	9	40	758	250	296	138	195	65	48	223	216	314	270	799	62	133	48	349	133	63	153
3.10.180	1132	414	379	510	2303	962	215	199	263	936	860	637	370	116	47	746	147	546	471	191	90	16	20	919	272	293	174	233	59	49	222	199	274	250	899	62	160	50	374	172	75	191
3.10.180	1241	515	513	559	2524	1107	251	253	448	1115	1092	916	465	212	78	937	262	646	672	281	98	9	34	905	296	325	238	258	84	68	287	272	391	337	920	78	165	51	428	187	86	195
3.10.180	1297	489	516	554	2813	1213	274	248	367	1054	1044	829	459	266	90	871	237	783	685	197	98	14	53	973	260	330	229	286	74	72	303	226	384	369	1006	89	200	57	420	191	73	182
3.10.180	975	395	320	432	2066	849	119	249	280	842	777	596	184	162	26	524	130	549	461	210	63	7	33	750	236	325	106	169	48	24	170	173	259	243	761	39	127	41	324	132	65	162
3.10.180	2274	800	814	958	5749	1974	578	526	556	1867	2029	1630	567	336	84	1568	343	1319	1329	381	163	23	62	1983	713	618	472	427	114	88	461	408	661	670	1944	122	341	86	882	323	112	392
3.10.180	1398	501	484	619	2945	1189	258	297	367	1062	1099	839	402	185	52	900	206	643	646	235	89	9	31	1080	346	326	199	234	62	51	237	252	377	343	1103	78	190	40	486	188	76	229
3.10.180	1040	406	400	457	2225	784	142	177	295	888	883	722	245	140	46	771	197	641	460	202	89	10	25	818	235	314	178	200	54	48	225	201	324	294	818	67	164	38	351	160	74	165
3.10.180	1302	489	507	555	2901	1128	329	314	340	1078	1078	843	430	241	77	945	231	764	675	245	99	13	53	1054	324	322	295	317	99	62	280	224	391	361	1044	78	206	60	418	203	85	186
3.10.180	1155	465	443	521	2419	1018	205	208	386	1082	881	746	361	200	58	790	160	564	586	311	77	9	32	868	252	319	232	262	86	59	227	232	338	303	927	67	178	49	399	168	75	183
3.10.20	977	393	402	442	2116	815	161	214	318	718	868	956	264	149	42	731	209	478	533	204	77	5	25	777	249	306	181	196	49	57	209	179	322	269	810	66	156	34	311	149	63	165
3.10.20	861	328	371	404	1879	615	141	124	386	588	651	689	197	142	34	653	170	449	360	126	59	8	17	618	188	227	169	151	45	52	188	154	302	215	638	64	123	32	308	109	50	141
3.10.20	764	324	362	373	1443	634	100	157	293	623	582	691	303	133	46	671	181	375	356	144	50	11	21	537	174	254	196	183	55	49	152	148	334	202	548	56	133	24	248	128	61	139
3.10.20	923	370	418	405	2204	838	220	142	390	588	831	830	289	116	48	715	200	521	525	185	77	11	26	661	219	288	171	179	31	61	252	188	344	276	699	80	155	32	293	144	37	131
3.10.20	479	94	125	197	802	175	27	28	40	135	200	165	30	35	11	158	31	159	105	20	17	1	2	254	37	32	25	19	4	15	34	29	87	70	266	11	33	4	134	31	7	58
3.10.20	1128	563	580	540	2257	1024	363	275	624	1027	1104	1321	603	204	104	1186	362	615	640	334	108	22	30	853	354	443	349	311	109	105	279	315	508	369	836	104	178	51	375	192	100	197
3.10.20	947	363	348	425	2253	786	214	108	333	643	750	665	202	120	25	646	112	458	469	165	64	5	22	713	246	280	161	167	48	38	180	176	283	252	752	74	131	25	324	141	50	156
3.10.20	860	364	394	429	1671	574	155	133	363	563	670	819	367	130	55	733	188	336	400	196	68	5	13	603	166	253	199	164	59	75	177	192	324	232	595	77	108	34	290	102	66	163
3.10.20	1271	333	341	612	2921	708	152	153	188	566	684	584	133	92	32	571	130	418	535	150	47	4	19	1015	257	279	163	137	42	37	167	181	274	247	1071	48	122	19	585	136	43	278
3.10.20	895	379	429	417	1838	729	123	150	377	825	769	889	336	179	52	822	251	501	450	174	76	3	24	662	220	263	252	210	77	61	227	186	388	265	708	74	132	32	281	149	67	151
3.10.20	937	410	391	401	2177	866	206	166	416	697	770	831	235	144	46	743	171	547	546	237	89	14	21	673	234	310	189	194	65	52	216	184	310	271	707	55	146	27	305	122	74	138
3.10.20	1060	419	425	498	2533	873	313	218	378	750	894	977	271	133	74	748	195	555	499	247	62	12	27	858	307	338	230	208	69	54	237	282	404	327	853	77	166	37	423	155	54	211
3.10.20	788	300	303	352	1720	609	133	106	297	480	516	638	141	86	16	524	114	331	385	136	51	6	19	539	181	217	111	104	33	31	148	130	263	186	571	44	92	23	262	88	27	122
3.10.20	875	365	339	364	2024	744	178	89	390	655	649	704	209	141	48	675	135	446	519	181	71	14	21	630	214	272	143	147	53	47	168	187	260	233	642	53	115	27	283	114	43	115
3.10.20	802	285	311	352	1752	619	122	122	236	459	642	575	202	93	74	460	157	369	430	117	58	7	24	577	176	176	139	129	44	40	180	116	229	188	567	60	114	17	252	121	38	114
3.10.20	858	340	382	379	2006	764	201	98	324	549	699	685	242	111	37	681	168	525	424	145	67	17	22	597	196	244	169	150	37	58	196	164	298	249	651	72	145	25	261	124	43	125
3.10.20	921	388	432	410	1895	770	190	165	384	798	767	840	335	169	67	873	232	471	465	223	81	9	20	672	224	257	197	190	72	61	198	186	357	289	696	76	150	29	282	143	51	143
3.10.20	597	179	229	261	1177	353	67	54	129	256	442	408	97	84	9	370	97	265	271	64	35	4	15	421	124	125	102	86	20	26	110	78	188	147	411	28	90	16	172	62	21	86
3.10.20	829	329	390	369	1693	645	194	177	304	562	894	745	248	112	31	719	240	423	478	113	54	8	27	632	215	231	233	187	55	39	153	140	335	226	612	78	128	25	244	141	52	116
3.10.20	880	424	398	419	1866	854	189	224	354	873	758	871	325	190	46	738	195	448	474	211	77	7	24	660	274	334	228	227	81	70	215	225	306	232	668	65	154	40	277	151	77	150
3.10.20	734	276	315	334	1571	484	88	70	214	426	522	540	219	114	44	581	111	366	299	110	42	3	13	515	111	159	153	144	42	46	144	111	237	160	502	48	97	28	232	91	46	111
3.10.20	748	244	343	368	1518	456	120	117	138	373	683	579	222	151	32	579	210	348	291	62	56	2	18	551	148	157	199	137	33	42	158	90	296	198	594	57	109	33	256	118	43	143
3.10.20	827	339	397	387	1801	698	177	84	234	585	810	821	385	191	92	688	274	421	438	175	60	8	22	609	208	231	219	209	67	97	189	206	338	261	681	84	136	40	240	145	47	136
3.10.20	777	240	221	371	1829	428	74	107	114	397	485	431	164	98	47	310	96	211	344	72	45	4	12	635	191	179	104	110	29	35	81	87	141	119	605	27	70	13	354	93	35	163
3.10.20	807	292	361	377	1777	605	114	133	262	489	638	745	210	150	56	550	214	409	339	111	46	11	19	586	174	223	160	118	50	54	175	144	329	229	615	72	109	25	292	108	41	140
3.10.20	987	496	458	474	1972	739	155	201	603	905	812	962	292	148	107	812	240	510	571	357	82	16	20	721	281	402	276	307	132	99	278	288	310	215	729	75	162	60	299	183	87	164
3.10.20	730	251	314	338	1643	564	97	94	153	353	634	575	193	113	24	585	157	376	340	82	45	2	21	530	170	206	185	130	38	41	186	149	285	172	566	53	107	31	233	127	29	121
3.10.20	942	377	366	399	2166	725	192	150	403	690	746	804	211	136	40	675	184	524	535	218	78	15	20	675	207	268	169	198	54	44	153	180	303	242	696	53	116	27	319	110	54	136
3.10.20	946	356	371	432	1999	705	125	131	254	699	764	866	235	145	25	685	187	450	458	162	58	10	18	707	211	281	175	197	41	38	197	167	309	251	749	59	136	30	316	134	47	159
3.10.20	715	288	345	325	1422	531	139	99	239	444	607	681	282	176	57	574	209	369	308	150	44	11	11	479	169	188	160	133	52	87	186	168	252	195	525	61	109	32	187	105	28	104
3.10.20	806	346	378	381	1760	692	170	125	338	532	633	787	219	146	31	706	184	443	403	158	49	6	17	577	190	276	214	192	41	51	187	143	322	234	627	64	116	31	263	126	53	134
3.10.20	767	241	281	350	1779	552	135	69	136	359	648	510	159	90	19	539	127	342	389	88	42	3	20	592	198	205	152	100	25	26	140	137	266	199	599	47	110	26	299	105	33	145
3.10.20	714	257	354	316	1567	509	152	119	259	448	668	601	222	115	33	612	241	462	369	98	53	6	22	522	166	185	207	134	39	49	173	120	320	220	532	58	124	25	224	111	38	108
3.10.20	736	133	141	328	1720	392	59	38	44	248	366	222	37	48	3	235	21	277	231	13	38	0	3	585	125	97	31	55	18	9	66	52	103	150	588	17	68	12	331	46	14	152
3.10.20	733	238	243	319	1542	532	97	68	154	440	460	379	134	76	23	493	80	361	318	74	45	2	16	516	164	171	104	102	33	21	128	103	191	159	577	48	87	20	248	98	37	116
3.10.20	681	219	247	281	1436	488	111	80	150	318	485	397	179	84	19	452	138	325	317	63	37	5	17	471	159	141	125	88	24	23	103	92	202	153	479	24	88	7	191	89	24	89
3.10.20	985	419	456	453	2159	878	175	209	359	805	927	928	387	181	43	925	279	556	579	233	86	9	23	733	232	314	265	240	76	60	261	261	449	286	814	77	155	41	332	191	58	170
3.10.20	853	357	356	409	1871	675	169	90	335	632	691	756	291	119	65	702	181	395	462	179	58	8	12	689	209	292	215	218	39	52	157	177	288	244	688	82	140	30	292	151	66	159
3.10.20	904	366	400	396	2059	755	230	103	370	642	803	771	251	113	26	655	179	480	499	149	80	14	17	638	216	278	185	165	33	57	217	189	316	238	663	66	136	28	281	121	54	127
3.10.20	866	371	428	393	1799	743	192	199	362	626	900	923	275	169	22	769	265	466	503	166	65	6	34	631	237	277	229	198	71	52	205	173	381	267	619	75	157	33	256	162	53	126
3.10.20	939	372	425	413	2048	834	124	162	390	835	847	842	301	189	86	829	266	571	499	187	83	14	25	729	216	263	219	180	74	53	182	185	388	297	714	60	131	27	322	125	64	149
3.10.20	809	342	332	362	1690	727	140	164	306	552	632	668	219	127	75	533	140	395	444	183	79	12	18	543	158	248	183	169	78	44	162	167	228	207	584	56	119	34	252	119	45	113
3.10.20	815	337	409	377	1669	603	213	149	305	578	798	791	293	175	44	774	251	400	437	132	53	12	28	575	217	217	238	170	61	56	165	147	382	236	585	71	128	31	241	136	59	126
3.10.20	671	232	247	292	1316	473	54	68	217	474	386	460	138	81	26	391	80	340	265	150	41	5	11	463	87	133	99	108	37	24	107	94	170	145	492	36	84	17	214	72	25	93
3.10.20	812	317	349	341	1782	651	143	111	252	573	637	645	196	125	29	621	176	450	414	158	69	4	29	560	171	200	170	157	49	38	176	147	270	228	598	52	110	26	226	111	38	104
3.10.20	1037	411	436	504	2433	913	219	212	403	766	847	958	262	130	90	744	188	622	462	271	59	10	17	897	261	315	258	184	76	56	279	302	414	372	873	94	191	51	427	146	68	220
3.10.20	801	335	382	385	1715	616	164	125	359	585	653	746	213	122	33	657	192	458	359	156	61	8	21	576	181	255	235	192	49	42	175	148	316	230	592	67	126	34	268	132	60	133
3.10.20	784	322	333	378	1503	556	92	133	277	647	476	647	202	97	30	579	104	342	341	163	64	2	17	501	124	188	163	173	57	49	155	141	248	138	557	63	99	30	243	113	46	125
3.10.20	825	374	433	388	1743	662	234	204	368	655	949	892	297	189	41	783	290	422	435	163	65	14	26	572	242	253	259	216	77	48	173	176	384	238	551	75	140	36	257	144	68	130
3.10.20	812	334	372	377	1768	649	124	159	315	539	593	767	195	136	31	688	164	433	392	168	60	4	26	583	157	249	176	173	53	67	200	143	288	227	608	65	115	33	260	133	46	134
3.10.20	1064	401	396	508	2443	862	212	181	356	736	785	950	241	154	63	640	160	495	449	258	65	6	17	873	281	297	220	180	88	50	180	223	352	303	873	65	147	40	436	148	55	224
3.10.20	933	365	366	456	2135	733	226	164	320	595	705	827	240	134	64	632	144	418	416	232	38	4	14	746	265	263	210	162	62	42	181	224	338	261	757	68	142	32	387	144	57	192
3.10.20	946	398	426	420	2008	816	173	162	403	861	798	820	329	175	66	809	188	497	542	202	72	11	20	763	258	302	225	215	89	70	220	203	345	282	741	75	169	31	290	153	78	141
3.10.20	1125	397	470	530	2661	903	252	202	412	769	985	917	244	158	59	853	201	670	452	226	64	9	30	970	285	291	263	161	67	61	287	258	435	393	927	97	195	45	466	147	63	222
3.10.20	922	360	344	447	2011	708	151	165	322	662	671	835	172	123	70	554	126	434	405	257	48	4	25	752	244	288	179	152	74	35	162	198	306	239	771	64	128	29	372	122	53	195
3.10.20	788	346	342	360	1675	640	135	147	305	562	583	689	235	99	41	640	195	369	393	189	61	12	26	589	217	271	185	150	49	46	157	187	286	176	605	60	116	23	247	139	57	120
3.10.20	1113	432	452	497	2679	969	271	217	431	832	1006	983	255	167	78	781	187	678	578	309	86	20	23	920	309	335	284	220	109	48	263	275	420	351	919	73	170	52	422	146	61	207
3.10.20	813	318	326	353	1691	643	180	146	284	468	640	611	163	129	29	601	164	409	439	154	60	10	19	616	199	238	124	129	37	48	154	172	257	191	619	48	93	31	235	104	41	126
3.10.20	960	369	413	425	1961	766	151	157	311	775	810	789	262	179	39	790	239	536	531	155	70	2	23	735	260	251	214	179	53	43	209	170	373	275	757	65	137	31	286	155	60	156
3.10.20	894	343	372	389	1950	737	174	151	272	553	727	672	216	160	25	749	202	459	468	150	68	8	14	685	232	259	188	154	43	50	209	184	314	212	689	53	132	29	277	143	54	133
3.10.20	712	255	337	324	1498	536	143	68	231	371	537	539	193	98	15	595	204	406	253	80	49	8	10	464	137	161	175	128	27	44	138	90	271	199	493	50	86	15	229	87	39	106
3.10.20	856	374	360	403	1848	767	163	118	380	785	649	753	253	130	42	687	155	440	482	205	64	10	18	654	193	301	175	214	69	33	152	195	311	231	690	71	116	24	279	147	60	149
3.10.20	919	352	374	377	2133	827	175	180	267	605	860	713	231	180	70	625	184	550	563	192	97	13	33	669	211	250	192	189	54	54	212	175	257	271	714	66	150	36	264	150	46	113
3.10.20	788	321	345	358	1682	646	136	133	309	601	641	680	157	130	38	582	145	409	379	174	63	7	29	572	166	224	166	160	40	55	164	148	275	221	585	58	111	30	257	109	43	125
3.10.20	780	287	313	344	1739	591	123	174	218	442	654	631	204	103	20	624	160	366	387	126	57	4	14	627	201	213	162	155	34	43	175	134	261	182	602	54	112	25	250	126	49	121
3.10.20	820	337	384	375	1850	695	160	142	377	623	707	759	215	137	36	706	214	515	439	166	55	8	28	581	190	248	199	163	50	46	184	150	324	272	622	59	132	29	276	124	49	137
3.10.20	783	268	353	363	1705	583	122	98	278	481	595	582	171	117	24	646	180	466	328	106	58	4	12	542	145	159	178	128	34	42	165	102	306	219	604	60	110	28	259	102	32	137
3.10.20	752	246	269	310	1746	572	117	60	164	416	562	517	120	80	12	498	102	398	368	83	64	4	10	494	158	177	94	99	10	21	115	89	227	192	542	34	87	9	257	79	24	109
3.10.20	895	394	370	410	2034	791	184	140	334	697	696	719	219	139	27	722	161	500	543	181	66	10	23	707	224	310	208	226	50	42	187	224	294	256	722	65	145	35	290	159	65	147
3.10.28	1110	347	306	462	2831	866	130	118	218	611	787	629	123	140	34	548	87	515	562	153	65	9	31	904	297	269	135	158	60	19	139	155	230	288	898	34	120	26	432	124	44	191
3.10.28	1636	486	462	707	4507	1247	320	125	254	996	1253	1045	230	169	39	869	149	732	847	155	97	7	28	1484	448	447	230	238	52	28	236	224	404	469	1445	61	209	36	755	196	83	327
3.10.28	1134	323	258	513	3127	814	121	110	171	599	720	598	114	62	16	466	59	426	527	129	45	3	16	1039	351	316	97	132	28	24	131	173	215	255	1027	40	132	21	570	127	42	252
3.10.28	1780	468	474	788	5069	1341	294	113	220	927	1307	1072	195	161	9	891	176	858	780	140	91	5	34	1688	468	436	227	230	35	30	212	211	423	507	1647	66	234	44	896	206	69	384
3.10.28	1385	424	365	638	3698	1042	237	75	242	805	977	845	211	92	43	674	120	528	707	174	76	11	8	1283	410	394	188	229	59	15	181	192	305	354	1228	53	178	24	684	200	72	308
3.10.28	1257	373	343	560	3391	1111	96	110	241	809	985	835	173	181	18	750	118	640	611	160	70	8	34	1193	359	338	178	223	41	29	227	202	323	374	1226	48	170	27	606	173	57	275
3.10.28	1632	483	436	717	4547	1251	290	103	249	1000	1200	1057	217	139	38	847	136	705	816	188	87	12	21	1491	477	460	232	262	56	18	194	201	392	465	1470	51	189	30	786	214	79	345
3.10.28	1154	361	305	530	2978	869	158	99	228	653	819	702	176	77	36	579	63	496	542	153	58	5	25	1009	305	336	130	199	42	18	178	198	259	311	1004	44	158	25	525	161	56	244
3.10.28	1318	382	358	538	3494	977	173	150	213	747	898	828	118	150	8	712	116	648	605	147	77	4	42	1091	386	328	130	164	34	16	169	175	311	379	1118	47	130	30	570	128	39	239
3.10.28	1004	342	287	441	2536	857	139	117	206	706	678	693	131	131	28	503	115	460	483	155	64	8	25	877	282	298	130	180	50	24	119	149	209	297	878	39	126	21	415	134	53	196
3.10.28	1104	346	293	480	2663	856	111	148	205	755	731	639	119	97	14	534	75	500	628	128	58	7	15	979	300	280	141	178	50	11	162	153	224	265	992	37	137	24	453	164	54	205
3.10.28	1693	508	465	763	4745	1283	325	130	254	1054	1291	1121	242	146	31	907	148	723	828	164	90	9	22	1598	518	499	241	273	53	22	220	222	422	475	1549	66	207	30	835	226	87	379
3.10.28	1668	502	460	774	4636	1335	302	113	271	1015	1242	1103	220	158	43	885	145	697	783	173	70	7	19	1611	495	484	263	288	68	19	240	243	427	483	1563	71	221	37	835	242	97	387
3.10.28	1612	450	436	713	4456	1197	264	119	214	932	1181	1005	170	154	30	819	120	718	743	127	76	6	23	1487	466	412	229	254	57	20	215	201	405	449	1463	59	187	34	758	204	67	340
3.10.28	1508	441	379	665	4076	1097	253	97	205	862	1019	859	161	123	19	704	101	614	693	141	73	9	25	1328	418	422	146	188	41	13	168	189	335	396	1280	40	161	26	717	165	63	314
3.10.28	1272	406	353	551	3380	1037	191	127	250	822	931	814	158	149	17	622	94	615	684	175	75	5	36	1129	372	377	184	210	53	22	180	222	293	358	1117	49	169	28	551	181	57	244
3.10.28	1345	411	348	594	3631	1090	191	142	216	767	924	852	187	110	14	733	100	546	680	178	57	4	29	1204	414	370	156	202	36	23	181	251	281	356	1219	59	152	38	621	175	58	271
3.10.28	1799	515	483	796	5074	1407	313	145	279	1029	1327	1157	246	133	21	933	170	823	884	196	105	10	26	1714	511	494	237	258	48	43	231	250	424	513	1672	68	233	40	905	224	64	388
3.10.28	1643	493	454	719	4599	1288	305	130	262	988	1283	1113	230	152	45	881	141	727	820	184	84	10	31	1511	491	466	228	290	56	27	218	217	402	478	1449	64	191	30	759	215	84	337
3.10.28	1652	505	449	736	4541	1339	303	131	248	1017	1210	1102	225	159	39	887	139	733	831	189	82	7	20	1521	501	481	256	294	61	22	210	231	405	474	1505	60	193	37	795	228	89	356
3.10.28	1609	481	415	757	4431	1168	287	129	222	986	1067	992	181	120	39	753	109	674	723	163	81	10	21	1498	487	466	212	235	56	17	209	223	362	427	1449	57	200	32	842	215	89	381
3.10.28	1634	502	463	729	4546	1266	280	125	277	1022	1257	1131	237	128	45	884	184	710	826	202	81	13	25	1531	478	484	251	274	55	28	234	238	427	465	1465	60	213	37	779	224	79	347
3.10.28	1677	508	466	756	4686	1332	291	129	251	1062	1275	1162	244	153	38	876	194	747	847	178	79	12	19	1599	505	514	247	265	49	27	249	243	442	471	1549	59	223	38	834	224	81	376
3.10.28	1664	499	457	746	4636	1304	295	118	269	1041	1267	1100	200	122	41	851	154	719	831	184	75	9	24	1578	493	498	247	273	55	23	253	251	428	483	1520	61	224	33	799	226	81	362
3.10.28	1653	501	451	755	4652	1286	290	115	287	1066	1243	1104	210	130	39	821	156	704	814	187	72	9	17	1571	498	514	240	250	52	27	248	253	422	473	1528	65	218	34	833	221	90	375
3.10.28	1636	494	437	731	4566	1298	285	105	249	1001	1222	1095	214	125	40	839	161	671	842	185	78	9	19	1557	483	488	223	246	56	22	245	243	403	448	1504	61	206	33	790	215	80	358
3.10.28	1688	513	462	770	4742	1334	322	129	254	1052	1273	1092	235	158	42	858	158	701	841	181	72	6	20	1631	518	503	268	296	55	30	262	263	408	492	1574	70	236	40	831	260	96	375
3.10.28	1569	452	396	708	4293	1190	253	115	209	874	1104	924	175	128	28	740	104	623	755	161	76	7	21	1436	421	431	170	199	47	18	198	197	355	413	1374	55	178	23	768	187	77	343
3.10.28	1560	467	406	713	4285	1174	279	103	252	938	1069	988	173	115	35	736	104	608	701	191	56	6	18	1441	448	463	200	232	50	19	213	221	368	445	1408	52	199	25	763	203	75	348
3.10.28	1214	390	348	528	3225	1015	196	117	246	801	899	842	190	135	27	644	126	602	626	146	71	6	26	1047	344	349	139	191	41	30	208	220	303	347	1081	58	150	31	535	160	50	236
3.10.28	1333	396	361	554	3576	1040	150	147	214	762	957	849	156	176	13	686	123	637	654	177	70	4	34	1148	420	339	134	143	22	17	187	218	324	383	1178	48	147	23	576	128	38	248
3.10.28	1864	533	515	791	5334	1478	343	162	248	1153	1492	1225	264	155	17	987	184	939	993	166	123	13	36	1748	542	520	265	263	34	37	241	250	435	525	1680	72	239	33	886	226	74	378
3.10.28	1909	562	562	820	5451	1446	409	141	282	1169	1547	1320	291	196	25	1092	216	1000	1009	202	98	14	32	1815	566	523	270	291	49	46	287	303	505	584	1772	78	270	36	896	251	79	392
3.10.28	1700	434	438	734	4704	1210	258	121	213	859	1191	952	157	120	8	759	129	769	735	119	94	5	33	1536	415	399	197	191	30	15	183	171	393	473	1502	51	210	19	833	174	58	348
3.10.28	1798	495	479	786	5084	1397	295	147	249	1026	1371	1100	208	169	13	894	153	886	864	165	104	6	30	1728	481	468	232	248	40	33	225	235	420	507	1655	72	247	41	885	209	82	378
3.10.28	1782	483	473	767	5082	1294	310	142	217	985	1346	1104	230	147	12	874	181	824	885	137	94	5	34	1705	501	468	200	189	38	35	239	237	404	487	1599	71	235	31	859	197	66	368
3.10.28	1687	511	451	755	4677	1384	306	125	269	1047	1250	1108	223	156	30	852	152	734	843	181	91	8	21	1578	509	501	218	267	59	24	228	253	406	477	1531	64	206	33	843	208	88	375
3.10.28	1658	493	458	757	4633	1258	312	121	254	987	1235	1127	224	120	37	834	168	692	803	189	83	9	17	1582	492	477	241	257	45	26	239	237	428	484	1527	59	221	35	841	217	88	380
3.10.28	1043	338	327	445	2672	887	162	135	201	700	771	763	159	114	44	638	172	564	512	138	86	11	25	914	271	274	162	182	45	36	155	143	268	314	910	45	127	22	427	141	51	192
3.10.28	1092	350	292	485	2573	879	103	165	236	737	713	620	143	95	26	520	85	491	586	161	69	4	15	965	294	265	128	200	58	9	177	181	218	273	976	37	150	24	449	168	53	211
3.10.28	1038	357	330	460	2658	916	161	137	239	737	749	758	178	138	45	646	151	510	493	171	72	8	34	927	277	289	163	188	53	42	181	194	285	318	940	53	149	25	423	153	60	197
3.10.28	1051	339	276	456	2448	822	92	182	182	759	653	595	107	91	21	500	72	444	548	145	68	7	14	902	282	259	122	192	58	7	146	147	208	262	912	27	133	22	432	147	52	192
3.10.450	1112	325	344	453	2758	945	222	181	176	655	1012	571	158	154	23	669	98	652	652	99	59	8	30	964	251	222	171	218	37	22	220	157	277	314	993	55	197	27	369	169	43	172
3.10.450	1271	490	529	508	2954	1177	370	248	328	988	1183	899	348	214	42	904	310	770	772	212	104	15	32	911	304	314	312	301	46	53	259	244	384	382	978	68	194	43	310	213	73	149
3.10.450	944	324	337	364	2242	920	179	143	239	589	790	656	211	127	23	585	147	620	535	164	72	10	21	719	193	206	177	195	37	27	165	181	259	312	750	34	140	27	285	126	41	115
3.10.450	934	235	267	352	2226	653	162	94	115	406	695	431	92	133	14	528	96	506	459	78	69	7	29	692	172	149	94	109	11	12	116	81	197	254	742	30	87	9	307	97	21	133
3.10.450	1368	498	556	567	3152	1208	322	217	334	1126	1320	989	410	255	49	1009	306	780	786	204	103	12	28	1074	317	352	350	377	76	55	310	244	423	403	1053	90	243	45	369	221	79	177
3.10.450	785	180	196	312	1858	513	136	77	111	373	512	266	47	64	8	371	24	363	337	51	39	1	16	600	139	99	61	93	14	5	103	70	163	176	620	27	101	10	282	91	24	113
3.10.450	943	307	315	362	2243	865	168	132	170	541	810	561	162	111	20	524	107	570	545	126	64	7	17	731	175	203	121	155	23	31	161	163	241	273	766	46	135	22	280	120	35	119
3.10.450	1139	337	385	478	2807	972	252	214	185	663	1118	620	173	177	30	733	144	678	665	93	65	9	26	1005	266	222	210	217	42	32	240	185	344	355	1019	66	221	31	386	179	45	187
3.10.450	1120	392	364	470	2694	1014	163	189	240	715	877	825	256	169	37	723	143	573	560	218	59	11	29	920	290	298	182	195	52	36	182	197	317	331	962	49	146	25	398	166	60	174
3.10.450	1163	360	370	469	2807	985	160	170	210	739	965	811	207	179	39	754	153	660	545	154	67	6	37	982	282	288	158	178	42	31	193	155	318	335	982	47	161	21	421	158	57	174
3.10.450	1324	427	372	568	3332	1228	191	227	288	828	1023	850	210	159	55	740	117	631	719	250	65	6	34	1098	313	351	141	225	61	27	234	234	297	349	1170	60	159	27	510	169	54	232
3.10.450	972	321	355	373	2365	909	193	147	264	608	838	655	216	143	25	619	158	659	560	144	74	8	16	755	203	198	180	193	34	34	192	180	271	333	799	41	150	29	290	129	42	120
3.10.450	1549	481	478	675	4045	1385	298	233	371	1027	1240	1006	208	230	19	931	141	750	776	236	91	6	42	1398	413	371	244	313	77	32	327	231	414	442	1379	74	275	47	598	270	80	275
3.10.450	1331	507	533	538	3143	1196	334	251	316	1001	1285	895	362	229	43	937	269	787	819	186	104	13	39	981	315	341	292	295	52	53	260	251	397	398	998	76	228	44	326	223	68	160
3.10.450	1343	397	388	564	3404	1100	159	203	267	790	982	907	203	164	31	777	134	688	630	205	67	9	33	1168	299	300	201	215	59	35	208	193	313	363	1184	52	187	27	528	182	59	228
3.10.450	1637	549	482	679	4066	1431	259	240	366	1132	1258	1061	366	169	74	962	212	888	904	257	111	11	17	1335	407	432	255	333	71	55	261	261	375	400	1403	67	179	36	598	225	79	267
3.10.450	1477	488	418	592	3852	1299	291	266	316	905	1045	868	200	200	43	768	124	725	800	218	81	9	42	1199	420	354	164	237	54	35	248	246	319	384	1235	63	204	32	550	189	80	225
3.10.450	1836	533	546	739	4598	1574	256	331	378	1132	1311	1114	294	234	44	1052	214	964	828	230	106	12	40	1462	375	351	226	291	72	42	309	240	433	534	1581	74	222	33	696	216	73	280
3.10.450	931	218	262	356	2268	656	140	100	103	394	646	412	114	118	8	460	81	525	412	67	47	3	14	699	152	126	94	90	17	4	105	77	203	255	743	30	103	7	330	77	24	134
3.10.450	849	203	221	331	1999	530	122	71	140	359	583	351	102	80	25	383	73	392	380	81	64	6	15	641	177	106	65	81	13	15	105	94	149	199	637	30	86	13	311	76	13	127
3.10.450	1447	464	489	568	3710	1281	282	232	305	859	1246	928	337	235	42	1034	212	874	761	200	92	8	44	1186	372	327	223	245	55	52	264	190	377	404	1221	64	190	27	474	191	67	206
3.10.450	1160	355	317	491	2881	936	210	158	221	671	804	626	111	125	13	598	55	563	502	157	57	5	25	903	277	269	122	174	44	16	168	160	243	287	952	47	135	21	434	135	51	198
3.10.450	1265	407	423	539	3262	1130	167	253	271	706	1095	852	284	185	58	926	203	765	630	147	71	4	35	1081	303	288	226	236	61	58	273	224	376	374	1145	64	197	47	495	186	67	212
3.10.450	1162	362	345	484	2923	1011	127	182	179	646	876	705	216	132	25	686	131	593	581	122	74	5	19	916	266	272	161	198	44	36	186	166	289	316	986	44	124	32	435	129	55	194
3.10.450	1474	489	458	597	3699	1264	216	276	347	955	1076	887	211	245	57	898	134	776	699	240	92	10	34	1169	386	350	202	257	93	56	291	258	344	381	1184	58	203	46	505	187	73	211
3.10.450	1170	438	466	422	2728	1070	292	235	260	950	1069	754	251	219	43	783	260	705	677	228	113	16	38	836	265	270	272	265	74	30	210	199	284	315	844	61	163	30	297	157	73	104
3.10.450	1078	356	413	415	2671	1038	207	157	255	706	950	713	253	192	34	881	189	790	687	143	80	14	24	892	222	224	226	242	38	48	233	203	341	402	940	62	186	39	340	173	45	138
3.10.450	1115	333	356	459	2744	969	265	181	185	659	1018	589	167	153	18	698	106	696	682	99	54	8	43	962	268	227	195	224	40	16	220	165	315	303	999	52	185	29	360	166	45	180
3.10.450	1021	279	314	397	2541	790	221	145	133	448	805	485	149	241	8	538	108	577	503	84	52	5	32	793	222	156	137	149	24	22	177	108	219	302	825	46	151	32	321	150	41	127
3.10.450	1146	310	356	436	2694	825	195	129	175	606	962	571	167	108	23	602	157	643	532	86	82	8	29	845	278	178	120	122	15	15	163	120	246	299	826	44	138	16	364	121	39	152
3.10.450	1482	442	448	602	3905	1334	205	244	248	974	1193	938	223	217	20	901	133	797	774	211	95	6	28	1274	359	340	209	220	46	58	244	230	357	453	1316	69	210	41	561	183	63	245
3.10.450	1432	436	437	593	3693	1251	251	167	216	779	1051	830	259	201	48	863	186	708	673	184	91	14	39	1198	364	372	194	193	34	47	229	228	337	426	1243	66	197	40	562	178	62	241
3.10.450	1149	355	334	499	2847	971	116	121	212	715	819	751	171	170	47	648	133	585	509	188	62	6	23	931	259	276	140	159	42	40	193	208	261	305	998	57	149	22	468	151	42	202
3.10.450	1265	346	343	483	3318	1002	196	132	200	647	947	683	163	197	17	643	100	675	638	160	73	5	35	1013	285	218	117	149	25	16	182	171	242	359	1030	51	175	28	458	144	41	182
3.10.450	890	229	226	382	2139	615	138	72	136	341	508	336	87	69	12	383	44	371	348	67	55	0	14	651	164	148	98	100	17	11	109	100	160	235	691	25	108	14	337	105	30	145
3.10.450	1474	505	480	629	3941	1392	236	329	273	996	1226	1137	309	234	36	982	223	763	773	252	102	8	43	1315	444	426	228	266	63	69	313	300	410	464	1311	73	232	43	588	240	78	264
3.10.450	1696	559	547	676	4229	1551	270	341	468	1156	1236	1164	317	283	77	1052	217	957	902	289	108	17	41	1338	377	379	265	293	103	44	305	272	418	476	1431	77	221	43	609	206	77	247
3.10.450	1180	347	376	511	3070	1086	222	177	198	615	1004	770	166	161	22	725	138	685	551	129	77	6	22	1014	302	257	181	184	28	27	225	181	336	410	1054	61	191	37	479	174	58	221
3.10.450	937	226	293	355	2249	697	190	102	125	432	678	429	98	100	12	547	103	575	408	61	61	5	12	718	159	105	118	115	18	8	142	84	236	302	775	28	126	15	297	109	27	122
3.10.450	1098	272	261	461	2902	898	123	90	102	444	791	483	97	88	8	527	70	541	495	81	55	4	31	927	249	191	109	146	11	8	137	128	216	275	987	33	131	16	427	155	33	197
3.10.450	1013	250	279	402	2475	679	173	75	103	421	748	404	130	102	7	481	83	524	450	62	70	5	26	778	192	143	103	120	6	12	143	100	211	258	807	32	109	14	331	112	33	154
3.10.450	1185	275	306	457	3178	881	172	176	145	509	923	478	123	87	14	643	83	620	568	70	73	6	27	979	246	163	112	133	22	11	182	112	238	317	1005	39	152	21	443	126	27	181
3.10.450	1703	554	569	677	4095	1523	252	423	479	1135	1193	1194	336	278	89	1122	241	967	845	260	97	10	43	1310	364	376	280	273	88	60	311	263	466	491	1413	77	206	44	579	200	73	252
3.10.450	1322	438	397	560	3286	1186	187	241	207	823	1012	849	204	199	50	776	138	627	688	201	84	8	41	1112	357	337	178	239	64	50	226	222	309	357	1124	64	178	37	497	199	70	224
3.10.450	1213	365	413	511	3036	1011	161	185	227	684	1001	899	256	179	38	881	201	715	535	146	67	10	31	1016	291	283	212	196	48	47	225	162	353	370	1044	59	177	30	454	165	45	195
3.10.450	1549	491	507	624	3756	1334	253	314	379	981	1131	1037	297	251	55	930	200	864	827	234	86	8	38	1201	310	332	240	236	61	47	288	223	408	456	1296	77	191	45	559	194	69	232
3.10.450	1929	557	578	791	5048	1606	288	313	433	1165	1368	1137	281	258	35	1143	202	1030	909	219	103	12	43	1596	435	390	257	310	62	46	349	291	476	548	1695	92	260	40	759	245	76	312
3.10.450	1178	285	318	452	3098	909	197	192	182	521	932	489	140	121	18	656	77	638	552	96	71	11	37	948	250	168	108	138	20	20	184	122	250	321	977	42	150	15	422	124	24	175
3.10.450	1143	338	365	479	2777	929	147	160	212	610	839	698	188	123	17	731	116	684	488	124	76	6	34	889	227	248	140	149	34	29	197	157	302	310	916	53	146	22	424	135	44	185
3.10.450	1506	465	442	629	4005	1291	230	248	227	865	1140	850	284	221	53	871	170	684	794	192	91	10	44	1336	422	402	204	224	44	67	264	282	327	452	1348	85	222	50	594	205	64	261
3.10.450	1843	604	617	769	4898	1700	582	274	374	1154	1714	1385	239	345	16	1216	238	1115	1111	236	101	7	50	1623	511	505	376	363	67	61	371	381	569	593	1689	121	297	63	716	298	94	315
3.10.450	1054	288	291	438	2739	829	172	69	120	553	803	578	156	107	10	609	105	537	455	83	79	7	22	880	270	232	108	118	15	10	156	161	264	310	924	42	132	14	426	130	35	187
3.10.450	1565	466	526	614	4320	1326	324	205	269	938	1455	1022	319	265	79	1232	309	973	809	191	128	16	31	1366	383	343	269	260	44	58	266	212	406	482	1372	77	216	35	568	196	72	233
3.10.450	1133	328	350	456	2656	897	210	169	230	595	856	518	179	97	17	576	121	596	556	105	71	5	31	857	272	207	153	140	21	19	186	153	252	302	853	50	165	21	364	155	48	157
3.10.450	1270	355	393	472	3079	990	258	181	186	718	1066	611	185	127	31	686	139	768	665	115	92	8	36	1017	283	196	171	156	28	36	226	173	280	335	1024	55	171	26	391	141	53	157
3.10.450	1318	413	378	553	3474	1213	307	187	222	732	1074	770	146	178	10	682	99	667	672	178	76	5	34	1158	385	348	183	223	33	19	217	245	303	414	1165	58	210	37	508	206	67	225
3.10.450	916	240	242	371	2324	704	126	98	170	429	619	446	106	66	15	422	78	493	434	86	62	5	28	727	187	165	89	121	23	9	129	118	204	229	782	29	105	10	362	105	28	152
3.10.450	1248	368	392	518	3158	1058	195	129	198	735	894	774	179	164	47	817	157	678	534	148	90	9	31	1010	312	270	160	164	42	29	229	183	326	350	1072	65	169	28	479	170	46	206
3.10.450	973	281	262	387	2386	716	156	93	143	523	677	454	120	124	18	457	81	426	512	105	73	3	19	753	250	213	131	139	22	28	115	112	173	185	720	29	101	20	353	114	31	143
3.10.450	894	333	355	400	1906	735	239	139	225	584	826	625	254	128	40	726	169	483	478	137	60	4	18	663	210	258	175	159	26	57	197	193	301	265	757	81	140	31	290	152	44	151
3.10.450	1177	365	336	506	2975	1011	215	129	226	680	903	667	172	145	27	637	95	550	599	129	66	6	25	1008	289	271	121	186	37	24	208	185	277	324	1055	53	194	21	431	185	58	199
3.10.450	1202	369	378	490	3059	1077	162	150	218	651	893	820	190	149	33	757	193	677	548	159	79	7	33	974	275	297	142	179	38	30	223	181	308	336	1034	55	158	26	447	153	45	195
3.10.450	1638	533	431	712	4389	1526	288	235	257	995	1118	1018	235	211	45	891	130	788	784	245	88	12	36	1432	467	464	210	268	70	41	250	301	327	430	1482	65	219	45	710	262	97	307
3.10.450	1338	479	418	559	3540	1283	195	188	302	839	1045	1032	233	224	57	868	155	704	675	309	88	10	31	1120	366	415	203	227	88	49	259	285	332	399	1166	62	176	36	520	203	70	230
3.10.450	1221	360	327	524	3019	974	130	169	237	683	842	686	151	125	29	641	85	570	557	176	71	9	22	1017	283	264	135	171	59	28	178	184	266	288	1035	44	130	19	496	141	50	223
3.10.450	1148	366	328	514	2855	990	153	206	264	714	891	761	154	113	31	633	98	610	585	186	55	0	35	965	290	284	119	173	60	20	213	203	287	283	970	52	148	25	472	147	45	220
3.10.450	1257	360	348	483	3302	1021	218	143	175	607	932	698	189	178	9	672	104	682	679	129	68	3	33	997	307	257	142	181	29	20	199	202	248	368	1053	51	169	29	437	165	40	182
3.10.450	937	270	250	399	2200	698	183	68	160	422	579	425	110	84	24	421	61	449	439	97	65	11	21	704	203	195	90	91	23	17	120	122	172	234	712	33	123	15	348	105	37	152
3.10.450	1753	608	608	713	4343	1664	365	391	498	1256	1331	1344	356	323	102	1229	249	1059	894	317	111	12	41	1413	403	430	318	340	107	64	374	306	502	544	1442	82	266	57	612	247	90	259
3.10.450	1061	389	317	401	2599	1016	203	245	260	787	853	646	168	118	22	604	81	577	728	279	87	10	32	839	264	263	114	188	26	25	176	231	234	272	828	51	135	30	315	135	41	132
3.10.450	1153	370	376	506	2898	995	159	189	272	672	878	777	181	151	24	673	128	616	480	159	77	4	21	966	251	284	202	214	52	32	203	177	315	359	1030	60	169	35	445	162	62	199
3.10.450	1507	526	474	613	3952	1557	258	258	347	1001	1210	1119	254	234	56	1024	181	865	772	313	117	14	36	1277	389	407	214	253	77	53	301	304	379	439	1339	82	191	40	563	209	78	245
3.10.450	1199	407	346	531	2990	1038	134	209	302	795	875	857	149	133	35	654	97	585	602	265	65	11	22	1012	290	340	151	193	56	27	227	248	282	326	1075	52	171	32	478	191	59	224
3.10.450	1185	375	334	521	3009	1084	170	116	244	698	855	718	143	148	9	649	81	587	538	198	54	5	20	998	276	293	142	186	49	20	219	207	275	322	1053	46	186	29	467	185	72	217
3.10.450	1381	464	454	591	3559	1340	178	261	377	918	1135	1105	312	199	75	974	238	820	678	282	82	9	40	1162	360	382	245	262	72	59	288	251	396	399	1270	73	193	38	561	219	66	240
3.10.450	1658	440	390	736	4477	1276	187	182	199	839	1086	866	208	146	46	872	110	689	731	166	94	6	27	1494	382	362	172	211	46	41	256	248	323	395	1512	60	188	34	786	220	64	336
3.10.450	1365	403	395	583	3490	1110	155	181	164	778	1030	820	214	212	38	798	125	612	599	135	64	4	27	1190	365	324	171	214	43	42	211	188	322	381	1199	69	181	27	541	188	63	242
3.10.450	1164	362	351	491	2929	1020	160	118	228	714	890	800	202	124	36	704	132	643	587	182	79	7	30	925	288	271	145	161	47	29	186	188	298	323	976	49	150	22	453	135	56	201
3.10.450	1729	558	557	687	4266	1617	279	352	434	1165	1251	1213	334	253	67	1069	233	1007	850	279	115	12	37	1359	374	401	271	295	96	42	329	266	434	513	1468	66	233	36	604	212	79	251
3.10.450	929	249	264	368	2232	710	187	114	128	396	666	362	115	167	10	454	67	452	421	68	63	5	33	700	194	134	84	103	14	13	130	100	200	237	736	41	113	16	297	116	41	130
3.10.450	1754	585	599	701	4242	1555	319	385	491	1183	1289	1230	377	314	94	1164	256	991	890	261	106	16	38	1351	392	403	289	293	87	61	321	300	461	474	1484	86	230	35	588	226	72	264
3.10.450	971	245	260	400	2376	716	165	79	131	393	630	398	111	82	7	476	92	512	397	71	62	6	20	762	169	153	122	121	22	8	118	104	184	269	809	32	113	19	348	120	42	150
3.10.450	1200	412	405	482	3028	1074	263	200	257	817	1050	889	281	164	48	796	196	615	712	185	96	10	35	961	303	310	172	211	44	62	210	186	319	330	970	56	155	27	404	164	63	174
3.10.450	1215	367	329	476	2951	932	281	132	194	734	931	562	150	95	11	615	112	591	661	117	81	9	18	976	330	283	143	165	20	22	192	175	196	262	918	47	147	24	421	156	51	174
