3.10.100	-1.21133266330758	0.00991006464168854	1.10752327314756	-0.160532420467421
3.10.100	2.11719021128952	1.9808170408687	1.20170442320972	-0.558306584421928
3.10.100	1.85452652784027	-0.421952813981487	-2.77093967575517	-1.46828664405833
3.10.100	-1.4573058263672	2.448543658001	-0.315289939840552	-0.805890709945855
3.10.100	0.672791557075603	-1.50628043923141	1.33994891061192	-0.67316534259256
3.10.100	-0.0370230177151963	-1.89732048559599	0.823103037747728	-0.0847915812856572
3.10.100	-0.726834457915535	1.48464403689176	0.293448833074918	0.43176856986855
3.10.100	1.71612082158197	2.54938688196397	0.565795399691066	-1.41403017487961
3.10.100	0.663117809830349	-2.44599386965051	-0.456660427042725	0.535023960055138
3.10.100	-1.47812096338504	0.547435886541772	1.64977413529064	0.660880215669171
3.10.100	0.444747778328143	-1.17139663689392	0.00999946687779371	-0.0279733767328982
3.10.100	-0.722084024691507	-0.513107711078652	-0.844311251406941	-0.151331744840032
3.10.100	-1.68117288315054	2.16710946017605	-0.248277391658507	0.256449510962135
3.10.100	-1.56735827594085	2.03057332407763	1.13588880540941	-0.361245272444316
3.10.100	0.210817607256448	-0.275223024669712	0.729473940857965	0.985545296586925
3.10.100	-1.86727765564457	1.62916424277606	0.212234168558973	-0.126821122167519
3.10.100	-1.42838241920522	1.05802975070969	1.92004471180512	-0.900188296141592
3.10.100	1.7625108729468	0.448218772654057	-1.40162212158908	-0.553842638342264
3.10.100	0.676444805879079	0.356682203657179	-1.49759879052232	-0.756679038957448
3.10.100	0.23694908065909	-1.43295870175591	-0.423720133469963	0.694119059621909
3.10.100	-0.745708918500557	-0.687693936560415	1.04972852126061	0.368045313073107
3.10.100	-0.376583863772492	-0.485286069573709	-0.89143579576883	-0.675241661146339
3.10.100	-0.140345613923426	-1.70026264426737	-0.606485056204124	-0.542839812456491
3.10.100	-0.371060056667394	2.35636252732379	0.116153090911861	-0.0463577813015911
3.10.100	-1.35063428867778	0.772007106568205	1.64158199113468	-0.804729381811926
3.10.100	1.84745708274181	2.48694103868629	0.742704250642882	-1.00901551454044
3.10.100	1.84629623997152	-0.679250564634718	-2.73876718105625	-0.956128641632249
3.10.100	0.739741123332179	-1.76396856301835	-0.644454480948004	-0.0570456767706408
3.10.100	-0.297381949795134	-0.748358396449414	-0.265508313886155	-0.979969938530836
3.10.100	1.72425319665391	0.0325221943270818	-2.41562524603984	-0.673995858298963
3.10.100	0.732805495048483	-0.651374039914753	-0.295893907963143	-0.125439085129284
3.10.100	-2.48791757598465	1.74245109004319	0.386626726593207	-0.581693178847534
3.10.100	-1.38561921220855	-0.918693245366992	1.66469337532308	0.312942964475489
3.10.100	0.388972995459312	-0.792135804546242	0.85172104783857	-0.441996834435677
3.10.100	-0.0488302490243356	-1.68921730885986	0.567429042664513	0.172722414643374
3.10.100	-0.4142977883907	1.27063765246872	-0.0496413902594722	0.505813682605438
3.10.100	-0.699953158579618	2.03462596684578	-0.378235767850787	0.441711041095601
3.10.100	2.78279813960012	-0.406852984419735	-2.53265278880557	0.0138195833436499
3.10.100	-0.97052462969254	0.129091331407371	1.59121561114409	-0.716414883279008
3.10.100	-1.1465246416037	1.8255150046877	1.53457530186264	-0.284785470587904
3.10.100	0.000148975347179781	1.83161509529071	0.133709615591539	-0.568686867026196
3.10.100	0.731688795908417	-1.39130109004372	0.124425966766252	0.521819744782431
3.10.100	-0.40017485825161	-1.43393232984309	1.8841458874148	-0.0275250717030471
3.10.100	0.0490589556985258	0.675944344368241	-0.205162619394878	0.384913345828953
3.10.100	0.317708261810779	-0.205779939205006	-0.295959684162213	0.203819088080639
3.10.100	-0.0121752371344029	-1.62459883023898	-0.388935474282726	-0.232131313448258
3.10.100	0.14503080067367	1.78041055713391	0.25783239238564	0.116904451085931
3.10.100	0.222071621027097	-1.27256172188457	-0.25946031374726	0.357229075563609
3.10.100	-0.43052496776887	-0.732045961695807	0.747382410183643	-0.00540863334666902
3.10.100	0.273716019201021	1.30349495425276	-0.720917944908159	0.324296167391881
3.10.100	-0.313170146797602	0.700683689950515	0.917804364937449	-0.725138869341708
3.10.100	0.364716175373009	-2.88460869584412	2.78309681407008	-1.04422886842122
3.10.100	-0.797085008958149	0.794823906053487	1.56407301503513	0.16102678396749
3.10.100	-1.33521894150712	1.88379194645455	0.606491521883255	-0.435654438215376
3.10.100	0.148077394071058	-1.9246398473476	-0.0965128891802713	0.523178218191258
3.10.100	-0.600993632953798	-1.30223709845475	-0.455263018964167	-0.149155923194269
3.10.100	-2.00282368406026	2.15598656609273	-0.647890144762829	0.064692202845023
3.10.100	-2.38649097047841	1.54242658792601	0.609117285007421	-1.03046971769053
3.10.100	-0.688620301047244	1.72853581865514	-0.23235171246134	-0.652217785638646
3.10.100	-0.625261048131026	1.24840282726324	0.144863465522908	0.411000442725096
3.10.100	-0.933179176969569	2.28837142576758	0.00243377110796161	-0.768751784299415
3.10.100	1.04097941411552	0.398596704353884	-1.87307637779103	-0.455991808559999
3.10.100	-0.746836340186445	1.34727938289131	0.552019553366061	-0.348998738313802
3.10.100	0.463698587634128	-1.41061018010072	1.05400056805031	-0.0261418498249985
3.10.100	-0.378917949029677	-0.885672275089296	0.21684518753387	0.561066667773548
3.10.100	-0.677115355565619	1.48555042504767	-0.683300480493975	0.766475150246056
3.10.100	-0.642761186625729	0.372487604859886	1.5689226802367	-0.316637487371784
3.10.100	-0.870697463977165	-0.502147970275133	0.323330362773107	0.880040178293526
3.10.100	-1.64085668172344	2.22304002426173	0.0820324728330959	-0.271832851676403
3.10.100	0.298460015524434	-1.1501961925259	2.23718566937595	-0.485830477846869
3.10.100	-0.832990952824889	0.421664242873593	1.08843374152498	0.944530081541729
3.10.100	0.40488862001528	-0.915157712370284	1.34985791374007	0.669515525634714
3.10.100	-1.21963441322396	0.176969983046667	-0.0902542635452447	0.816589213038038
3.10.100	-0.562989671301051	1.62212555723866	0.506739254192263	-0.337878874545532
3.10.100	1.15128862111971	0.392727944256394	-1.94621103424544	-0.6255202595872
3.10.110	1.29064728238508	1.01980909934554	-0.463566304433202	-0.0733020251784542
3.10.110	1.0292603321675	0.156629325631674	0.536407106836962	-1.05371578740049
3.10.110	1.0766169553254	1.48604902173027	-0.696695056164229	-0.353678615592233
3.10.110	0.945494459194524	0.994678689025123	-1.26366937286142	-0.286261691271986
3.10.110	0.181350500415505	1.38384586074652	-0.179277577383475	-0.388447241845495
3.10.110	0.932170889403059	0.683501690804054	0.0614496432874685	-0.331595816791215
3.10.110	1.24114749595732	0.523123614920123	-0.485596030839349	0.27349278109362
3.10.110	-0.303105138007086	1.24832650080684	-0.515075594887492	-0.469778769709869
3.10.110	1.38294465633186	0.862631224731749	-0.500077333444804	-0.536609335911228
3.10.110	1.27696541714952	0.474447340052448	-0.638849615654628	0.148224966994068
3.10.110	2.18184430741549	-3.40250648446291	1.11763733746043	1.14108885333402
3.10.110	0.325658410278556	-2.9493249511787	0.963127377128744	0.773578910995711
3.10.110	1.09320715336124	2.10825191758107	0.156925813712481	-0.613699525566334
3.10.110	0.93879231109953	2.15409044613648	-0.462742941676891	-0.990939438160544
3.10.110	1.4591579034999	1.50165530841162	-0.408210473204644	-0.368103842740497
3.10.110	1.01128877779708	1.8951061497282	-0.317873472321436	-0.628820247363568
3.10.110	1.24950501363784	1.24001094931813	-0.432689898039225	-0.151570593409142
3.10.110	1.22083584653379	0.78549672859431	0.0563755757687002	0.570511757459623
3.10.110	0.190777566801582	1.31647073661268	-1.06006543179151	-0.318282446838956
3.10.110	1.23405828512456	0.972981611677806	-0.445698212962957	-0.0267495000079568
3.10.110	1.00743880490018	1.5612001576422	-0.2237846348042	-0.477493398678974
3.10.110	1.35957735529744	1.66636414656568	0.017673142491136	-0.988529822179311
3.10.110	1.45409636460781	-0.318414940689521	0.170362146976562	0.276833514112206
3.10.110	0.704762241522353	2.01868583962308	-1.36512450892499	-0.368190388061155
3.10.110	1.42963409408804	1.75838940980981	-0.775123042879644	-0.829810982106865
3.10.110	0.155964734039048	0.677804597498252	0.545482757954242	-0.42543642991139
3.10.110	1.27978572270133	1.18839336127858	-0.60482616574323	0.18661942118234
3.10.110	0.36924158885446	0.97371216231815	0.542545217785379	-0.268093459835925
3.10.110	1.01096511109363	1.48594887403789	-1.13177904122557	-0.607325054922366
3.10.110	2.17064052089628	0.210059520846373	-0.943550335340073	-0.085700878147745
3.10.110	1.54144546673653	1.38293466371498	-0.921460018787118	-0.71933664858962
3.10.110	1.05403977486655	1.23084545565668	0.00931136212946984	-0.0393017853873983
3.10.110	5.54530472528648	0.329886803556739	0.995137713651674	1.09281592178441
3.10.110	1.56342804639419	1.68553802900543	0.115047745524347	-0.843054904609367
3.10.110	1.80559570475381	1.23632839058395	-0.240389227276262	-0.449128837159864
3.10.110	1.31004571203839	1.93454848572931	-0.988116707081279	-0.584771898149987
3.10.110	0.456040468900414	0.568706373181048	0.28773893331268	0.769548369905027
3.10.110	1.41936230115682	1.89762603465043	-1.21645043986047	-0.578992907960396
3.10.110	2.10449651596099	0.373842983530515	-1.22214363340539	0.547634775383138
3.10.129	1.85567247723652	-0.14916650243227	1.45970857263608	-1.01424726521305
3.10.129	-1.48125975560643	-0.856020698574141	-0.913098550584347	0.236987932287373
3.10.129	0.300211962788709	-0.137467430168538	1.08082636390958	-0.744869135521025
3.10.129	-0.394339930797275	0.0890423995043615	1.6918619762182	0.926163900245847
3.10.129	0.790797439287053	-0.330726553972874	0.450519364345688	0.478705271380348
3.10.129	2.0810197560622	0.1587069536696	2.4075918109755	-0.00927682611957625
3.10.129	0.449642422364038	0.173531767442662	1.40994428494219	-1.01394224943452
3.10.129	-0.642301113601478	0.890145366642992	0.47658082739121	-2.08373147336437
3.10.129	1.71098386939788	-0.181058793534249	0.736939133980727	-1.23605473970543
3.10.129	0.446148191927437	0.28276386010998	-0.0908928229098015	0.171817557552172
3.10.129	1.87756909538904	-0.266644867228782	-0.165814951061616	-1.61898725051621
3.10.129	0.0276216965100115	0.171033809713364	-0.994660773046052	0.20328535816406
3.10.129	-0.387064817682138	-0.785417694872481	0.740393984108273	-0.507601407830491
3.10.129	-0.407260501323892	0.95792586040748	1.00556786751413	-1.38512140839174
3.10.129	0.529123312073657	-0.329924896486357	0.435945765009348	0.740007203295115
3.10.129	1.49729405937929	-0.22191433426531	0.724669574030143	0.434632508049996
3.10.129	0.494695829945724	1.10601943623318	0.149628988136172	1.03501728813687
3.10.129	0.514007993247833	0.900176986149588	0.850571424860797	-1.12396853013996
3.10.129	0.436585985513306	-0.274955799928895	1.5839086507643	0.371549891840856
3.10.129	0.683725143038638	-0.707922794421061	1.35550756399399	0.71642865922504
3.10.129	1.50078106372305	0.741546926430056	-0.583879888549547	0.0146905820327502
3.10.129	-1.17608063422042	-0.180676177669836	0.94249108364869	0.94645079202427
3.10.129	2.33951949236601	-1.47223831035603	-0.0133809296281807	1.91240232709257
3.10.129	0.865274806515986	0.327339189233666	0.994141577942172	0.9194060451726
3.10.129	0.507742561546751	0.307523102302796	1.37351386452809	0.999493911954891
3.10.129	-0.499364315182904	0.179302539906234	1.64958954250099	0.594919692131367
3.10.129	1.03426814237526	-0.284534773797813	0.284318257163172	0.323074216534927
3.10.129	0.271998064978057	-0.688124375358129	0.628627868682868	1.55314661393999
3.10.129	-0.59269119840417	-2.4958576453817	2.05316281494485	0.593853625192779
3.10.129	1.19797736870685	0.557250299349307	1.28228781968365	-0.0111284873363699
3.10.129	-0.0849170237168562	0.647315298539469	0.752034660296346	0.380816991264824
3.10.129	0.546713534612867	-0.21806181037981	-0.476587290171616	0.664443458633512
3.10.129	0.934955711447273	-0.352660440122803	1.12069550115148	0.610879766289165
3.10.129	1.11685749611385	0.537696114429886	0.354938114487696	-0.22051243743087
3.10.129	0.817185670126498	1.01430861098295	0.588295243168976	-0.390480799121133
3.10.129	0.668164729967391	0.858463320997825	0.254302132127411	0.100619924453217
3.10.129	0.119593520804719	0.576647970015122	0.258859203240563	0.0554039829102505
3.10.129	-0.142703911811888	-0.212770833698412	0.593741673145051	0.566410339116853
3.10.129	0.174617660110765	-0.447132876945138	1.33710426466251	0.648469387909201
3.10.129	-1.41105461410796	-0.323340012932389	-0.511132508381643	0.24831678777288
3.10.129	0.790923062579165	-0.710143313728301	0.440110965676244	1.2139189906863
3.10.129	0.566752371133492	-0.322016400550407	0.486689626070097	0.361495651403915
3.10.129	1.66453967349001	-0.907646430510682	0.891819182214975	0.247892435749396
3.10.129	0.12281853591006	-0.68624975890802	2.33279632520509	1.12383221526478
3.10.129	-0.661369453303826	-0.278865469248346	1.00676220685972	-0.0902483910086163
3.10.129	1.2078404892643	-1.68455354172862	1.16518889753566	0.891001880652209
3.10.129	0.728087345347208	0.260191650358257	0.489524492717628	-0.620040795880381
3.10.129	0.770456774736216	0.770327403638805	-0.336582724183387	0.0126320919146665
3.10.129	0.232934655719879	0.0412924702122551	0.0403880207371518	-0.416692265063285
3.10.129	0.323759612333006	-0.554526311552874	1.35770897297325	0.730840300133025
3.10.129	0.340907761565071	-2.11821386784391	2.27414251005572	-1.37600983804524
3.10.129	1.88106814476326	0.613877964167216	-0.923957569449336	-0.606766318353022
3.10.129	-0.176140709330844	0.468458861497684	-0.530981075336167	-0.770481293111312
3.10.129	2.00004250654158	0.640270621754225	2.59004548628124	0.0492624227537037
3.10.129	0.0474242538952595	0.328781955854387	0.285150649350503	0.264321997163394
3.10.180	3.37409610112208	1.11454197394033	0.202671502867881	-0.902998202749735
3.10.180	1.3574761803915	0.178252774093032	0.743826884451334	-0.477314419239891
3.10.180	-0.9191932034255	0.0771953121099164	-0.0980575135099026	0.106566215036481
3.10.180	1.6387021261209	1.25116964632214	-0.152073010881006	-0.516934892871672
3.10.180	1.15785645671085	0.549341708019803	1.30757335583893	-0.442937047101777
3.10.180	1.88173754170582	0.84197712615204	0.656957449980877	-0.644470172611078
3.10.180	0.222589920515	0.642723155714345	1.55843729071824	-0.0976138390404929
3.10.180	1.06126377877509	0.171298428758629	0.684489094288891	-1.11948173616915
3.10.180	2.76462188275849	0.303471950265116	0.271287323221361	0.677635926355044
3.10.180	0.119188621693634	-0.751066183486079	-0.369912297479461	-0.175177696504996
3.10.180	-0.00469615884829957	0.377819261672472	0.921243078924229	-0.832593536176402
3.10.180	1.48909176888644	0.617198112108785	0.911202037478249	-0.437424247818967
3.10.180	1.55626633018703	0.413030612297517	0.983495996193523	-0.288461206855249
3.10.180	0.186097880865926	0.18675088214214	0.811732399735675	-0.522509538944973
3.10.180	1.49943937940941	-0.0657709492895703	0.741629022976447	-0.595043348776807
3.10.180	1.68880107366555	0.868231418367148	0.246934551013364	-0.847368872632307
3.10.180	0.38586710471438	-0.376938514419129	-0.921540679964938	-0.102956552417381
3.10.180	0.858440553048877	-1.57644420902231	0.0673883198229915	0.038548563815006
3.10.180	3.39942814997096	-2.25591700129436	-0.945706116920064	-0.028440329539534
3.10.180	-0.702961847497255	-0.855445696880142	-0.419538564251862	-0.184394082043023
3.10.180	-0.108447817861435	-1.5895527261039	0.207995267588482	0.724709408520024
3.10.180	3.96767964400605	-0.42780284121736	1.13899574111766	-0.226798063521802
3.10.180	2.57191315438148	-0.292579493738002	1.06372499609434	-0.148768111758856
3.10.180	2.65173595058415	1.18363945860244	-0.290990751978142	-1.26905247189001
3.10.180	2.3444144737721	-0.571406974979047	0.932561666944108	-0.362281405305913
3.10.180	1.90146422601717	-2.20861903577814	-0.4229710598799	0.934238500619823
3.10.180	2.11211938005177	-0.0344260802298489	0.960029731395351	-0.541490587841986
3.10.180	3.40538669858687	1.10632076247299	0.335307874264211	-1.03378848981098
3.10.180	2.49031172339564	0.140990002295511	0.658152445219499	0.230591830958959
3.10.180	3.1715766316827	0.667539487879261	0.723693656122696	-0.979995899943747
3.10.180	-0.817850464867439	-0.0854853084434953	-0.3540059653945	-0.882937942488536
3.10.180	-0.264138684730475	-0.932410690149097	1.27901363328874	-0.5100430087606
3.10.180	-0.875031546234408	-0.435171725993405	0.25414231337741	-0.0969476324662498
3.10.180	1.41296382225937	-0.391740826683309	0.292376197646508	0.305686592204525
3.10.180	0.884662945880486	-0.880029418803822	0.0468389051557873	-0.267421618070434
3.10.180	1.94053914549132	-0.0123530586176926	1.66654159059062	0.19662575804582
3.10.180	0.213693645550666	0.590336053152106	0.172536198044212	-1.14609776303514
3.10.180	-1.52981305566954	-0.405052716337019	-0.103826856764703	-0.382852101538533
3.10.180	-0.726209832063842	-0.670665408145898	-0.610645883348765	0.585317611346197
3.10.180	-0.324744476621923	-0.903602486253062	1.37758767962902	-0.137895369485773
3.10.180	-2.45046772045927	-2.30940596790661	-0.622579495553254	0.547125317993983
3.10.180	-1.46485385288674	1.79043890160284	-1.20846066181424	-0.979675004853584
3.10.180	-1.41588450372154	0.492278453240475	-0.496851912311174	-0.176776771791853
3.10.180	3.16252842624736	1.30027176340974	0.120168128391711	-0.413438126409071
3.10.180	-0.138310066332847	-0.771193684179896	-2.22371010044897	0.123002446609553
3.10.180	-0.252127294282715	-0.00133055913789562	-0.966293294181813	-0.0357179818553875
3.10.180	-0.791006810646799	-0.302200492900319	0.108871004085818	0.51019925701178
3.10.180	-0.539344948808233	-1.34633142029625	-1.89747255385361	0.54585152355235
3.10.180	0.185445419969389	0.762895364780352	0.127383882126754	-0.948440624740207
3.10.180	1.89372382262926	0.469532622826296	0.82421747105356	-0.398705086359522
3.10.180	2.13504701711211	0.229609382430562	0.148423405855565	0.136124929326297
3.10.180	0.20113994389913	0.10834811694272	1.36481441044963	-0.135357071942021
3.10.180	1.16493488407569	0.582557953449175	0.974346998584491	0.396544750264939
3.10.180	-0.644617499535658	0.0760616451259061	0.579785150225499	-0.518907902099313
3.10.180	0.949589056693277	-1.20437746691458	-0.733431881814766	0.563249054254465
3.10.180	0.356951904922149	-0.668288803670302	-1.03475080393467	0.406454356077705
3.10.180	-0.205514691785617	-1.17353785668286	1.31366523449401	-1.38374056858915
3.10.180	-0.617938490248917	0.242869567522823	-1.89530291023137	-0.329306462291439
3.10.180	-1.44169749709782	0.335650420595952	-0.109250714233742	-0.326244424808184
3.10.180	0.197925650916191	-0.114262026121061	-0.425063393193111	0.0536886488029368
3.10.180	1.14830400453338	0.878125486155218	-0.176293260361185	-0.991823271130366
3.10.180	1.32561764305982	0.0204214819815508	0.934730544317878	-0.459533698982393
3.10.180	-0.802241914604921	0.494348071729424	-1.43882058521071	-0.586222545081204
3.10.180	3.61672040615321	1.61800014182859	0.483442467700015	-0.714053412967681
3.10.180	2.3139220731583	-0.404612887617341	-0.149541882705276	-0.642929771843131
3.10.180	-0.0791391926307821	-0.509141129046459	-0.278054582164149	0.113858154482829
3.10.180	0.698866817189026	0.942244925313242	0.0978305168581297	-0.393453076987113
3.10.180	0.768513196200871	0.101671812766416	-0.173620540666501	-0.169172041986626
3.10.20	-1.6639202632848	0.708959893707533	-0.938871133139408	-0.00527695158437158
3.10.20	-1.27781397967836	-0.51377173627795	-0.140977548521961	0.177973803447036
3.10.20	-2.56615881775769	-0.42840144008846	-0.25657891680123	0.481691986543953
3.10.20	-1.35399717444262	-0.572392903757263	0.855713075101409	1.16613652395772
3.10.20	2.6869449769282	-12.5516815692851	-1.55138633806173	-3.93204846551262
3.10.20	-0.70948411207677	1.9513595974753	0.0179006523522104	-0.114522530915896
3.10.20	-1.09761818377245	-0.92333597592531	0.861754036256919	1.20896745875806
3.10.20	0.108785024363491	-1.41086707056744	0.0854391464153916	1.1077764592126
3.10.20	3.63272204553386	-2.49299728378948	-3.63638093277525	-1.42909405122082
3.10.20	-2.81078992975638	1.70939991511809	0.143717262584032	-0.678792808556692
3.10.20	-1.82178663632365	0.116922312407392	1.51655819082184	0.120595666442965
3.10.20	-1.79076181427828	0.556465646669924	0.0599152691006975	0.235376046152659
3.10.20	-1.81269405375371	-0.886179490870836	0.223062250275897	-0.507443200044254
3.10.20	-2.05184662932688	-0.150919382617403	1.40955301946657	0.578438705633255
3.10.20	-2.49462564803135	0.223757095973195	-0.345430196791632	-0.912228246424559
3.10.20	-1.79097903831736	-0.831983453877851	0.580562537586348	0.806019705787168
3.10.20	-2.38796779933793	1.53148510894035	0.95022703641263	-0.842899554056863
3.10.20	-0.371182393414252	-9.15135255452561	-2.8747329975302	-2.22855241985133
3.10.20	-2.82381243854902	0.217281559151324	0.24384290397884	0.0358085465651288
3.10.20	-3.19485067921708	1.33646057235146	0.808168996509998	0.0876709803314272
3.10.20	-1.38286140203407	-1.63676905458199	-0.168354662328916	0.13251702282065
3.10.20	-1.81142906937594	-2.67871178413145	-1.27370729882656	-0.535781237807133
3.10.20	-3.23872802553847	0.607328127152481	-0.91527103263055	0.63331409746285
3.10.20	-1.62335945130843	-2.67223510480206	-0.869577618262414	0.94209024671225
3.10.20	-2.51200913531864	0.00739557857922854	-0.996894282368694	0.0469526437693807
3.10.20	1.06968126711121	-2.05239152697864	0.0932620447493714	-0.348138093384063
3.10.20	-2.86812952860807	-2.14721700711483	-1.45629915084191	1.34694095480477
3.10.20	-1.27145052260759	-0.22094203067001	1.20718343058448	-0.119180413582839
3.10.20	-0.808099313359048	0.14373327913016	-0.633102106565988	-0.10235194738029
3.10.20	-0.819360494535837	-4.19991177491599	-0.723444264552117	1.0624750670163
3.10.20	-2.44635251695421	0.044161815994386	-0.00519610412479965	-0.403748990254726
3.10.20	-2.66899517698132	-3.41898611064429	1.69890260495645	0.484624646845269
3.10.20	-3.24280097142944	-6.57028449945889	1.07052045329274	-2.95337426552193
3.10.20	0.742083098692748	-10.8014570421999	-1.98202879980402	-0.920144367722282
3.10.20	-2.03823042230802	-3.88186044345321	0.671764667938715	0.160551711625013
3.10.20	-1.76296111640739	-4.6085452995611	-0.487660278711594	0.126661537356017
3.10.20	-3.02498854568956	2.64810688811154	-0.844816850681718	-1.22732367877117
3.10.20	-3.7043376757189	0.734054989025256	-2.2903175637436	-0.245096011328697
3.10.20	-1.00428890283009	-0.856201075652711	1.23084862955916	0.746171988509555
3.10.20	-2.71631981533513	0.623620339953578	-0.402646581613817	-0.0899813153274646
3.10.20	-2.85836695228408	1.87479158201882	0.528781815057023	-0.341455729659658
3.10.20	-2.6516880230446	0.594073510848512	0.00780754267370715	-1.03530630362577
3.10.20	-2.32621936986648	-0.298411511879083	0.575644814997789	0.756335097532679
3.10.20	-2.6189382017531	-1.32140643252895	-0.665639846992939	-1.23385338856909
3.10.20	-2.52183704614262	-0.330841665402952	0.507480675625988	-1.0260536725766
3.10.20	-2.39618832913551	2.00350049608287	-1.75746050318138	-0.0181256634543692
3.10.20	-2.28618057296171	-0.841626449381383	-0.147392873385366	-0.202762259366025
3.10.20	-0.271200467473066	-1.46152130269213	-0.331635807993209	-0.233720628760104
3.10.20	-2.5016678673498	-0.522516574402394	1.26071866391621	1.62446833681922
3.10.20	-2.34668671208371	-0.0870858789377461	-0.419244805787717	-0.36822899392511
3.10.20	-1.00838819816351	0.989580063816201	0.0620872968935453	-0.171557324983282
3.10.20	-1.93609990809693	0.850747590583996	-0.868797254064083	0.34333431513633
3.10.20	-2.5369737034296	0.858466453131412	0.536285140275883	-0.0287833066019819
3.10.20	-1.52498873666342	1.67195606576792	-0.929216982474486	-0.136618649907004
3.10.20	-1.86894722707375	0.633753907497042	-1.25706932403415	-0.121153499893918
3.10.20	-2.66305525861644	-0.415877237260192	0.00985171987865398	-0.250462106244309
3.10.20	-1.79138519742286	1.34149618363277	0.347507305877287	-0.108171134125969
3.10.20	-1.5124309750257	-0.805350643611115	-0.442645030432356	-0.410989973210961
3.10.20	-1.95889228387272	2.08635484884002	-0.0424087573403005	-1.95247567862281
3.10.20	-1.64735780386229	-0.573116156305176	-0.596321178023253	-0.2044861464112
3.10.20	-2.37394675656446	-0.876473702491973	0.364778393397038	-1.00647754721588
3.10.20	-2.81236959855221	1.30980922967554	-0.237541057756248	0.246318622971639
3.10.20	-2.85827471176111	0.657105089087766	0.360024058195057	-0.46734386307655
3.10.20	-2.87714026360384	0.143285791200552	0.504189764635528	-0.276988638020287
3.10.20	-2.73924009755545	-1.85930524144988	0.324748943240659	1.5384545139546
3.10.20	-2.75423268679219	-0.624785676655878	1.30425592927867	-0.0203884361413585
3.10.20	-2.1171789299324	-0.519508321870111	-0.843763722566689	-0.21274132959501
3.10.20	-2.16481336003811	-1.76966480304981	1.31451192252084	1.0889333510128
3.10.20	-2.55264664746749	1.08746758493723	-0.389637744043168	-0.865920617831832
3.10.28	-0.068656135312429	-1.11811439773049	-0.130444153264799	0.549983123623729
3.10.28	1.52419381264006	0.785716375238881	-0.618776890708046	0.14965421974633
3.10.28	-1.63589509370452	0.206189927495348	-2.10611745098861	0.997115837182276
3.10.28	2.14385749535541	0.602000373756738	-1.43748755810321	0.28492141160512
3.10.28	0.629110439122459	0.543292079832698	-1.62895455323669	0.0691830763446067
3.10.28	-1.81862590136054	1.06947923844789	-1.86094563051039	1.99428355289407
3.10.28	1.54624807239121	0.571362097756968	-0.848250577638411	0.4269283378665
3.10.28	-0.976755263253473	0.239425692744741	-1.44651846769424	0.692853472536482
3.10.28	0.278809192202787	-0.430556969785805	1.04734911843353	0.684303883788714
3.10.28	-3.13615057199369	0.954320462298672	-0.74621526638314	0.359700673136838
3.10.28	-0.663508821267774	-0.613238715350918	-1.46687593104054	0.0623575740304408
3.10.28	1.60203867531525	0.864971083519718	-1.18448897291646	0.251495109196064
3.10.28	1.43729330612495	1.13811785535052	-1.93916379577077	0.462861453635845
3.10.28	1.61048798753155	0.484563242646702	-1.53303784863027	0.494584193681861
3.10.28	1.63502586629484	0.0478947131333776	-1.06542751006041	0.164654761029057
3.10.28	-0.34156901565803	-0.0526332738814732	-1.04586107677965	0.862835679869005
3.10.28	0.168981313267339	-0.307105820275112	-1.25231457176029	1.18536046267955
3.10.28	2.11490310995143	0.90767524806876	-1.48465330929229	0.286985485786583
3.10.28	1.55931426866007	0.448615743654545	-0.826031026190372	0.814354610084205
3.10.28	1.49996524491675	0.956544973865344	-1.47521201932932	0.146607918552017
3.10.28	1.79648499817433	0.425260648369623	-2.0227707287635	0.0522611116929083
3.10.28	1.58147089058222	0.590619383498048	-1.33002709864151	0.270089374388667
3.10.28	1.56858439038419	0.994747278380425	-1.60268740362048	0.244589366081419
3.10.28	1.5487080414717	0.78148436944613	-1.50111882282571	0.0950735196784705
3.10.28	1.59951100902325	0.50641657807519	-1.59835729508767	0.55717549748892
3.10.28	1.6407117658554	0.190653590981221	-1.62309077544129	0.762669803433931
3.10.28	1.58404517403362	0.891975757860126	-1.4828711178343	0.535604885351782
3.10.28	1.60985151324749	0.452978018872949	-1.6480022219952	0.157722840692196
3.10.28	1.71334971314192	0.0193889171419904	-1.44043669902054	0.708128329641891
3.10.28	-1.2514141554703	0.308708709121895	-0.250593734544591	0.616868615443996
3.10.28	0.265231982068167	-0.0404913297671239	-0.25131196316678	0.557963920138973
3.10.28	2.08936633527257	0.874343289593207	0.03612533604999	0.0813489563851486
3.10.28	2.79276537208049	-0.0165816827812601	-0.0804367574351814	0.388019833540679
3.10.28	2.19399492674574	0.455965510210494	-0.466521060502519	-0.0655320201015013
3.10.28	2.08317266745753	0.749387399646393	-0.994881137411426	0.300081739953748
3.10.28	1.9849919124252	0.666171612707721	-0.97888033003721	0.220494605959707
3.10.28	1.5289157664981	0.898451861104492	-0.760780756997237	-0.022012033519081
3.10.28	1.69529297109845	0.562403622483018	-1.47228642423288	0.382216750631614
3.10.28	-3.30725037051445	1.05735131242908	-0.736905597335933	0.539782338771061
3.10.28	-0.657418252291585	-0.721400200024351	-2.00599348580001	0.229224281586667
3.10.28	-3.27440182848541	0.843082920068102	-1.00941455378598	1.1077740318821
3.10.28	-0.501535862463724	-1.15562588116875	-0.803742298750909	0.713593478775223
3.10.450	-2.3978068990893	1.25514334008588	-1.03118914187511	-0.265791004194036
3.10.450	0.49367197503895	1.38647719213656	1.04649346123158	-1.8077110331608
3.10.450	-2.91245909700575	0.807520853768402	0.0707644690908023	-0.233376175636661
3.10.450	-1.73324989680041	-0.790309445548986	0.565807347440876	-0.710258051913221
3.10.450	1.21888413857674	0.440044933466462	-0.138063621968006	-0.0078775318165305
3.10.450	-3.20766925861963	-5.31080121366269	1.79493840759545	-0.569593152308004
3.10.450	-2.62164078055599	1.01820938647901	0.434947692925267	-0.998034503607525
3.10.450	-2.44027716460618	1.5415582526674	-1.105147052213	-0.264326589025387
3.10.450	-0.652797165426548	-0.916520824691494	0.422834731121045	0.95423624607794
3.10.450	-0.966487271071767	0.108723294363358	1.24480268216228	0.81100955743314
3.10.450	0.687394493231911	-0.969327200229129	-1.18836338213119	1.12991612279779
3.10.450	-2.87276887574759	1.17674703204667	0.0674013096859483	-0.102030981932063
3.10.450	0.942864840430017	0.312099774913308	-0.508844749114244	1.45955631517391
3.10.450	1.07722675165465	0.785063871750598	0.657889680247527	-1.23074904775179
3.10.450	0.629417992194424	-0.506164063268184	-0.897933047888877	1.14856773103328
3.10.450	2.79206844626051	-1.16335603492789	0.102052601848639	0.629562837375103
3.10.450	0.849035089781308	1.04094764546961	0.777521283152478	-0.541891788404093
3.10.450	3.58793707988221	-1.1240472275157	1.18042739015073	0.757271572454223
3.10.450	-2.23371681353784	0.288947062970354	0.27234329929512	-1.09509538386585
3.10.450	-2.74237667101442	-1.5182084088961	1.12900433494884	-1.3496503820243
3.10.450	1.4459631888175	-0.486356358371966	1.89776805199002	0.984393136495961
3.10.450	-0.386857904873051	0.220585562451132	0.00328006296113379	0.138160304210971
3.10.450	-0.723183477143717	0.156581871037758	-0.203995633818818	1.13694774981474
3.10.450	-0.509509270130069	0.0980742783103039	-0.300528438819537	0.501149706925966
3.10.450	1.75503795987209	-0.552321483110357	1.37608242086362	0.485610953699074
3.10.450	0.303221964859377	-0.189446095785366	3.71566440638984	-1.14160137756126
3.10.450	-3.0013346829534	1.5544043027569	0.0350760811044724	-0.354094346843674
3.10.450	-2.38379052199195	1.5558002298726	-1.71340248065672	-0.496708302556519
3.10.450	-1.73524436800024	-0.256192330140858	0.407376110083179	0.00564797579036844
3.10.450	0.449543121666362	-0.45694644809726	1.42668156632346	-1.1720891248041
3.10.450	0.220241111323122	1.34729836235309	0.324846525411308	0.313640082022658
3.10.450	0.776156379906336	0.5778192679088	0.548205188132417	0.126021634988528
3.10.450	-0.331792191439051	-0.194512324033584	-1.35045982438619	1.45287828828546
3.10.450	-0.27452207106986	0.416417143156418	1.00229229537664	-0.113887821209496
3.10.450	-1.69022282913528	-0.610620875410291	-1.80027316504144	-0.943777625644457
3.10.450	-0.569685436089647	1.89481842602942	-0.392222468499879	0.316505332130262
3.10.450	2.71989206113937	-0.401970078631315	0.71324795697157	0.486495740965791
3.10.450	-2.5293818559019	1.74179569121932	-0.451873611894045	0.116028588648235
3.10.450	-2.80395527397532	0.78077008046081	-0.252977368414905	-1.54677298218191
3.10.450	-1.16858682537258	-0.547388550527549	-2.36936800889763	1.23331151582358
3.10.450	-0.859164690350714	-0.471717184010193	-0.932198831911802	-0.985693951296933
3.10.450	-0.884738111186608	-0.694082035623254	0.130683078044839	1.22516137620784
3.10.450	2.78741010192838	-0.320613015088068	1.41036671591008	0.323764931467307
3.10.450	0.39992058880497	-0.0900362370364857	0.51632930697963	0.744347110046271
3.10.450	-0.726961847577968	0.341288232507602	0.265945165781583	0.774042975886015
3.10.450	2.21158791550955	-0.334300708875736	0.968238035170607	-0.176192530746482
3.10.450	3.62622031112703	-0.76226626831224	0.519874604472544	0.696933815363097
3.10.450	-0.89591816597326	-0.67749727146632	0.269052788312652	1.37672960351513
3.10.450	0.0554928289531675	-0.554897130038579	0.0443707207898403	0.249722258961238
3.10.450	0.591345098297514	0.873319895015382	0.376777555253622	0.388995735200852
3.10.450	2.55306402754474	-0.316278687369906	-0.0970280650115106	1.60967908629056
3.10.450	-2.265795972326	-1.65226556036745	-0.00476348775942059	1.42587722999469
3.10.450	0.566902312162865	0.894060021312602	0.953918081952808	1.19115530743255
3.10.450	0.499830829644244	-0.805902838030294	-0.226748001157981	-0.353157085872873
3.10.450	0.462328885894815	-0.188175025518444	0.833246075704812	-1.1962896550635
3.10.450	-0.494404709867607	0.291001126606346	0.438719261423141	1.14895281222307
3.10.450	-2.58808028389152	-1.6656724602323	-1.35485107177556	1.11277961560885
3.10.450	-0.140486640123756	-0.143223212151239	0.85120483092577	1.06297918145145
3.10.450	-1.3402744784968	-1.03723419673801	0.132581209187446	0.0502220974532004
3.10.450	-3.12792531032645	0.86085707913954	-1.43967016965118	-0.30091911106894
3.10.450	-0.685385060150022	0.0462147163426809	-1.16018023425482	1.42231148596922
3.10.450	-0.2626270327434	-0.30461884299947	-0.251524523694776	0.935455247543769
3.10.450	1.51587489415474	0.300544985372663	-1.09304779301426	0.605132702700307
3.10.450	-0.23887331051478	0.345025845280015	0.908468082091685	1.1293610866842
3.10.450	0.674292516641453	-1.1982503066547	-0.0235997057775844	0.900405738846591
3.10.450	-0.246938581564759	-0.941519469280984	-1.71225378436517	1.36163657309207
3.10.450	-0.443837001646147	-0.395931638494701	0.824153800677517	-0.540224406522204
3.10.450	-1.32114494729622	-0.187103665006266	-2.01562577042949	-1.46225421675624
3.10.450	2.74395920423179	-0.343078001356293	1.30040032926468	0.849094795140921
3.10.450	-1.66429032597744	0.462152790352996	0.763595160919811	-0.201560790584045
3.10.450	-1.02388692740443	0.734690732064204	-0.83688210740086	0.680560044022408
3.10.450	0.416893302464735	0.93530077653249	1.5413627053864	0.600633060200327
3.10.450	-0.892042223602086	0.876285009779192	-1.68398064626619	0.166554328561807
3.10.450	-0.765614216171633	-0.0609469897887741	-1.04292816302106	0.845685614366616
3.10.450	0.24771067574078	-0.32110695136957	0.33837523089545	1.8119548793661
3.10.450	2.72748421102986	-1.47910023915813	-1.67172192544935	1.13843251313355
3.10.450	-0.0014335729639272	0.883536504188219	-0.495444540942004	0.392201851390306
3.10.450	-0.557260204751093	-0.342486353677896	-0.270265107936807	1.26816173618832
3.10.450	2.78446300761306	-0.337790716165288	0.583134391561466	0.501901543978109
3.10.450	-1.83084716092945	-0.890133443677164	0.753241173171607	0.0734191651282424
3.10.450	2.89908568740862	-0.181215705689149	1.31093076996766	0.245204761977763
3.10.450	-1.31929164938706	-0.575054516032644	-2.22735878391146	-0.617458938178448
3.10.450	-0.712156291036311	0.247820750087403	0.981736492828989	1.12872915435793
3.10.450	0.537485960088543	-0.538631074512477	0.355992863755796	-0.320084714276682
