3.10.100	-3.65391425114016	-6.13306651160158	0.726426617069055	-0.449919974517477	-0.991861861493906
3.10.100	6.08409020720253	-3.96179796679542	1.30086421251035	-0.970423271298732	-0.158067210563676
3.10.100	3.29312657911904	0.973810549351731	0.421355782576776	0.693026164709486	-0.661110016233552
3.10.100	3.15784541151739	-1.46566008935814	-1.88209601016192	-0.290141001791502	0.521538397253129
3.10.100	-2.17354523270985	-3.29616362298162	1.46420664842715	-0.149165667663116	-0.170806206704398
3.10.100	-1.13761267374686	-2.52415212323953	-0.188495244242922	1.17490791786693	0.888795030575315
3.10.100	2.47073625576016	-2.97158030186084	-2.60144816874803	-0.513438918133917	-0.238511210525459
3.10.100	5.18250704367207	-3.62010369685092	1.07130750947971	-1.4568333311125	0.592928109345613
3.10.100	-0.00145307126933954	-2.25319081563652	-1.15923756744702	0.950779676373914	-0.39109869641012
3.10.100	0.1313201667855	-1.36514608130809	-1.77631418952278	-0.237078532090857	0.733572463760031
3.10.100	1.02415474682265	-2.20080745221204	-0.526186947586622	0.576463467007235	1.64674001978544
3.10.100	-0.0872706227834867	-2.59730464303284	-1.85919462937571	-0.66449770662102	1.60547106221523
3.10.100	2.62718315705507	-4.86884608876749	-1.37082123578209	0.754022317032222	-0.0942052638233898
3.10.100	1.33901491109067	-4.55253755079008	-0.19575463872354	0.722371529415668	-0.262999471487887
3.10.100	1.50901186944948	-4.28144636324801	-0.65355944197519	-0.190097252936848	-0.0320734672594225
3.10.100	0.261446169466375	-5.11554941895395	-1.27823466015016	0.069437186180389	-0.00566979091600522
3.10.100	0.781221651589772	-6.95482440548851	-0.58324749019854	0.104648261555167	-0.839808611930492
3.10.100	4.42357147138101	-1.24408297804488	0.881165947368148	0.735416459119595	-1.28177006987567
3.10.100	3.2425229089974	0.0683907791257149	-0.0602046321052578	0.5006285608326	0.0329824306227146
3.10.100	0.0131860920727488	-0.794390777102672	-1.83371703661898	-0.390736926913842	-0.0931950642816716
3.10.100	1.75231549257174	-3.51847627594283	-2.43110584071466	0.274197743747519	0.576200953379591
3.10.100	-1.69859012664955	1.39654898230364	-2.44574379731383	-2.21809714501389	0.741010127161755
3.10.100	-1.16906013665827	-1.31928362868045	-0.279888777202276	0.95212591336783	1.65169805560365
3.10.100	4.77703301514287	-3.82912535063892	-1.36193218796249	-0.0317275128798868	0.672036944324839
3.10.100	0.189258712384505	-4.63186635542409	-1.17922353878072	-0.199871147657246	-1.23439802814512
3.10.100	6.26989588196218	-2.36871302741332	0.0331696000337058	-1.70421787131864	-0.188969548533805
3.10.100	2.66390488476799	1.52742792062901	0.822498733761431	0.762617253753195	-0.756331662373401
3.10.100	-2.49532785860809	-1.23649851338013	0.362175996449269	0.39766273046944	-0.996474314003346
3.10.100	-1.04552553692023	-2.52001387425962	-0.790042072116107	-0.312100962635465	1.49851617499977
3.10.100	3.68418158921527	0.320904001640996	0.979348453213397	1.51897644442355	-1.11583886520031
3.10.100	1.66690961942068	-3.04063754256321	0.110075029811702	-0.381429083845066	-0.281837083416313
3.10.100	-0.774689020220402	-2.90542503869269	-0.848898967023613	-0.479721414060211	0.37159431060646
3.10.100	-2.77838493552503	-2.7754247134027	-1.08150340964889	-0.895082946079089	-0.871288863839843
3.10.100	1.72493511182731	-2.56341478131448	-0.350291985456201	0.856449327075029	0.764068500689621
3.10.100	-1.70524278090774	-2.35987789938843	-0.305700883783231	0.472270707092297	1.18905439274492
3.10.100	3.02822260953431	-2.8867620246349	-1.71734405722763	-0.365731496967185	-0.00750091471080394
3.10.100	5.49409172411415	-3.31575039849743	-3.07828742077815	-0.0221840681144203	1.22545086978583
3.10.100	5.34123067156626	-0.466490619283427	0.521143283572798	0.686096983049352	-0.691306901249426
3.10.100	-5.49775543643299	-1.47245106016888	0.339689711461993	-2.8576780024051	0.289300597897237
3.10.100	3.10421320781398	-4.51096951688695	-1.45407586840009	-0.19834041980284	0.510097524330077
3.10.100	2.58142036071904	-4.11597496629357	0.541255432879945	0.604348363594987	-0.904959673007919
3.10.100	-0.2525883929195	0.690675715969576	-0.482129514389937	-0.383907321016348	1.01908869470193
3.10.100	0.797789593513249	-3.00680313929917	-1.38160129750956	0.671971087976365	0.532631937661818
3.10.100	2.48842261689748	-3.59782210644533	-1.24029950828548	-0.513961243193858	-0.208130708339555
3.10.100	2.03024860234159	-1.23354995427277	-1.65921244800265	-0.58484626062556	1.40843323349092
3.10.100	0.0337403769558541	-2.90622907082704	-1.50446842165751	-0.142350977069792	0.137822123666462
3.10.100	3.82922279788953	-5.41341087135778	-0.0188739042078654	0.785940015009084	-0.608480370094682
3.10.100	-0.0213095301247768	-0.0556130722992897	-1.84069501210217	-0.578168248567864	0.165933929837421
3.10.100	-0.188994387981646	-2.58932001643259	-1.16613709533214	-0.0501807301026657	-0.0837701197684876
3.10.100	4.07550627169205	-3.60223886117386	-1.51316318401741	0.318988452011872	-0.207295315708699
3.10.100	-0.0582894929174647	-3.68856738407967	1.08389170750617	0.103126154135065	-0.0188694116403443
3.10.100	-9.66226300790804	1.09555661023794	1.81054373657052	-2.43680185889143	-1.27037064904841
3.10.100	1.20542542160445	-3.17258343893509	-1.19809055748029	-0.713918244071522	-0.611148928694176
3.10.100	1.60286654607081	-4.09930410093476	-1.09883396801117	-0.0983371392360994	-0.158305288805641
3.10.100	-0.586219368784686	-1.65067921366576	0.081883552871705	1.17072194423434	0.545320832672947
3.10.100	-1.31394004442634	-2.01728248511182	-1.07126363915823	-0.127393293366503	-0.10854807128368
3.10.100	1.92036573065678	-4.33994477030922	-2.45551663476579	0.53240768610942	-0.344361995823711
3.10.100	-0.599040264141578	-3.49535434832049	-0.861935085076944	0.297109172058483	-0.516370707686787
3.10.100	1.62172991687669	-4.5660332426417	-0.325953103526162	-0.165641337441942	-0.497414428352186
3.10.100	2.8332604490524	-4.23804285067902	-1.14309393472519	0.346136467564968	0.446713886613287
3.10.100	2.48041833316347	-4.08017422170805	-0.168073904024228	0.220974110850405	-0.387051726066668
3.10.100	3.22518518770841	-0.553363374260175	0.907810969377792	1.59994624620188	-1.09272312950535
3.10.100	3.12079177550413	-5.31743879806357	-1.20536727845364	0.541339191043346	-0.600458840626545
3.10.100	0.466193611038631	-2.22653525803164	-0.800582344331984	0.0729651956609604	-0.0739530317347376
3.10.100	1.37999798877997	-2.59100471774373	-2.5802155789165	0.0552594833233655	1.04861879891256
3.10.100	3.99982067365533	-2.35526120726976	-2.50263329139893	0.167161195505546	0.387839247146892
3.10.100	-0.867775086043392	-4.64641124267925	0.319228737687099	0.0910786186088895	-1.71229561713658
3.10.100	-1.82924718686548	-1.40649335965695	-3.06120548269294	-0.873022254476357	-0.894737969570784
3.10.100	1.66832739092665	-3.33809299653501	-0.957845223430341	-0.102820034371406	0.110533784178823
3.10.100	-0.159772152434699	-6.28098118820985	-0.705329237017063	-1.11442479914429	-0.739707287609415
3.10.100	1.12905257865331	-3.5836483381704	-1.44004509547597	-0.305977850631411	0.0772470363035751
3.10.100	-1.77173078573655	-5.13410585543952	1.6301728963856	-0.305172812311828	-0.364002863244267
3.10.100	0.75951273184016	-1.59655024854028	-1.83290908189558	0.213420410518708	0.867811249788512
3.10.100	2.96377880939704	-4.86513015346846	-0.0964783668484911	1.04607372073893	-0.268344164224391
3.10.100	3.33941186540665	0.182148767943398	0.246565122182778	1.1507696391195	-0.514924387135301
3.10.110	4.29882862605833	0.0300970002453566	0.0788960214228698	0.245516967833234	-1.28434021083691
3.10.110	-2.51128271273908	0.123727896808461	2.21881677025087	-1.32638847052264	-0.864104819530642
3.10.110	3.84881394644728	0.0128625376690259	0.283331101402967	0.238044846441571	-1.57536983497598
3.10.110	1.84487316587073	1.19201744344768	0.213681637159057	0.20951964829114	-2.61107151724935
3.10.110	3.11638624070019	-2.13439082785326	-1.41223895425179	-0.353740511071608	-0.70380347750746
3.10.110	2.95374382015879	0.888428214413399	0.144019341826284	-0.170469451950364	-0.652161593212574
3.10.110	3.77912099744575	0.571411214970784	-0.196734872429864	0.1751825141509	-0.594690934114737
3.10.110	1.77640068831915	-1.26679449148449	-1.91284794584159	-0.674429005235628	-0.978930963584596
3.10.110	1.43752163673651	3.55035291628429	0.209991583792565	-1.4557941983678	-0.288786332369859
3.10.110	1.88947623496126	3.67636430909553	0.427493736969609	0.157491582056345	-0.643784037185577
3.10.110	-6.10332552286302	7.48201281594408	3.1352080217041	-1.82871494912468	-1.95527799310807
3.10.110	-0.40459972770379	5.05781477812684	-1.11557809803529	0.104991601179269	0.464594568849771
3.10.110	5.47632931633447	-1.60544379384051	0.861335370429184	1.38392819795593	-1.34217416338165
3.10.110	5.01562102419232	0.0352756429829066	0.117461534388961	0.473064676626618	-0.585005642638551
3.10.110	5.17119200059656	-0.296597538583442	0.39742134734284	0.336164017611596	-0.849002503652078
3.10.110	6.42473572395721	-0.98851482858509	-0.729332664383443	0.70891329396734	-0.275239572677814
3.10.110	3.66321102983131	1.48426697638352	0.0400847332674279	-0.120782515265534	-0.771794581088434
3.10.110	3.38579046278679	1.13644453048337	0.355162211585875	-0.176343673633915	-1.2862073984421
3.10.110	2.51773493740027	-1.98839118323777	-1.44604861535168	-0.448119249230342	-1.79166335913779
3.10.110	3.34647366110758	0.598661773504943	0.0559036708488896	0.185529453705738	-1.33925310964977
3.10.110	3.99183289382174	0.12776714845064	0.0347290887210265	-0.131573128291135	-0.357195631076106
3.10.110	4.38284016041938	0.650123533506802	1.10753707749427	0.125890007949283	-1.21276980443673
3.10.110	3.55095400064712	0.849224555769907	0.0868563561076993	0.169694763668267	-1.10432325075632
3.10.110	4.90105250232854	0.821155193599835	-1.75733579547094	-0.460549875901141	-0.716551136725027
3.10.110	5.11552943837941	-0.442082191739097	0.427813976415909	0.37042298274324	-0.17195110857482
3.10.110	0.268570203084576	-2.08247569261842	-0.0322793580558173	-0.836733639003938	-1.32150525032357
3.10.110	4.99729548018869	1.69230840287657	-0.984300829758266	-0.77378117531663	-0.08309698393738
3.10.110	2.07959263984539	-2.08744149586669	-1.68039989481528	-1.24838438630919	-1.21499824716054
3.10.110	3.39374822489894	0.960945959596113	0.157531817379633	0.278190587689265	-1.1664283086762
3.10.110	1.83077789510949	3.27787616958628	1.51359876361647	-0.394247500300107	-0.687141263333548
3.10.110	4.54533660931342	-0.0648405068702633	0.630205167831063	0.132676030101971	-0.267819706324201
3.10.110	3.54718037727894	0.482700977067728	-0.0782757749738217	-0.485562331579116	-1.24960450383736
3.10.110	12.6924960113772	0.562326637597662	3.15734956385513	-1.00721891321981	-0.152316717488089
3.10.110	4.77194645232633	1.94711964192673	0.260705306408462	-0.952850534288073	0.00349708962057182
3.10.110	4.51239578298624	-0.238854784949192	1.35826160181646	0.193488848511007	-1.42725941858908
3.10.110	4.18869521594134	1.52900374089644	0.436697103023843	-0.370729823827881	-1.24322617052725
3.10.110	1.79065274729013	1.01923947303538	-0.193028299702021	-0.46809587478111	0.0575006201843899
3.10.110	5.74322143779785	-0.660603364168244	-0.222386973326039	0.36403941478957	-0.547420305184144
3.10.110	4.22422707688068	3.39454745008973	0.0795876673533471	-0.340508319195355	-0.0574626160541327
3.10.129	0.875353099453962	-1.07088671394797	1.45821443392219	-1.10132107496236	0.855705814928846
3.10.129	-2.52894050478102	0.387609288538955	-1.93484858603757	-0.420845607302775	-0.0550715918507437
3.10.129	-0.10893446606285	-1.10048987573923	1.2949114216139	0.108759020109331	0.283628405834355
3.10.129	1.01724861537001	-3.84749837129036	-1.29876682753472	-0.169184900734483	0.51327576827049
3.10.129	1.98981423645791	0.135356752496061	-0.695865529549815	-0.197291284459068	0.319667884280036
3.10.129	3.31049581932395	-3.12291198262882	1.06250188546616	-1.63180653493517	-0.452096492420174
3.10.129	-0.221557114633931	-2.19837493238642	2.61187589467901	1.20066039029289	-0.135898766110147
3.10.129	-2.17123347545903	-0.639091525365711	2.16751157199523	0.378469693550315	-0.296387902661256
3.10.129	0.00312813134574444	-0.637723946373374	2.90115410838415	-0.320961427452135	1.93619412880937
3.10.129	0.992025592148289	-0.127554468310323	-0.889754719750757	-1.12616266774652	-0.148422506994426
3.10.129	0.0130263550224782	4.5691122124925	2.15827717371342	-0.560232934052822	1.16985559307124
3.10.129	0.880002791342642	0.105280091142754	-0.0230468380332333	1.00279138263958	-0.792197999723429
3.10.129	-3.04254599830149	-3.28479436351452	1.6805662232975	1.78220710211658	-0.284275101165426
3.10.129	-0.717040827522396	-2.29561345968345	1.52183927390869	-0.381511581271627	0.0938314610622791
3.10.129	-0.691936645935923	-0.968506910050161	1.30474446367547	0.235837512575542	-1.19373326066275
3.10.129	1.55727105006577	1.61103457271607	0.313583337153449	-2.04786309498798	-0.109420109432133
3.10.129	3.72800923545185	0.856969485283321	-2.65892357143832	-1.14949085403562	-0.867632635533272
3.10.129	0.224476030044035	-1.22877090966703	1.16651357124141	-0.455237760319653	-0.385895625946171
3.10.129	-0.20080853575101	-0.687569113120883	1.34052884120317	-0.0141061704068332	0.126270284247442
3.10.129	-2.91246497413336	2.43789497577935	0.77940580886463	-2.13398850278346	-0.858343568983372
3.10.129	3.53670157497769	1.09837873134999	0.745119671296262	-0.829071092974246	0.266998754163349
3.10.129	-2.90035169177059	0.540900609628471	-0.609377201527595	-0.736946346198929	-0.0649006944455849
3.10.129	3.75634206557705	3.24301638225494	-0.141825931220498	-0.549936428053382	0.540081327277975
3.10.129	1.4656790937517	2.62578341337051	-1.32152417302703	-2.22825512976608	0.135607843843074
3.10.129	1.66366891655517	-1.76740500127173	-0.213153515959176	-0.49071282188701	-0.780057900338208
3.10.129	-1.07899561757098	-2.54487140664693	-0.156753976045448	-0.361043404169801	-1.85704998593875
3.10.129	-0.0165043687123292	1.46419688745505	0.761863062833064	-0.836250540142495	-0.506148976133824
3.10.129	-0.722776059262414	1.9480164824294	-0.500765145052959	-0.41285688553101	-1.65790671261782
3.10.129	-4.60000450507986	-1.61852638316806	1.48586144820823	1.44849224933866	-0.206890178056893
3.10.129	2.78304533286501	-1.50571848216111	0.572035233227138	-0.0503648009776897	-0.299139426197998
3.10.129	1.27858500722606	-5.57111672389574	-1.22029031648372	0.114084550696539	-2.48272954419646
3.10.129	0.134629271053378	0.917125840748213	0.245418377786054	0.324314403026716	-1.03289831962958
3.10.129	1.3697640767171	-2.53239609997713	1.31148385448776	0.613128096017686	-0.443855205275256
3.10.129	3.56754792893854	-1.77087899412867	-1.1480796177031	-0.655440801848422	0.180656252601081
3.10.129	3.26653802098052	-1.26514148448123	-0.409010932746662	-0.534154949000459	1.01720774875338
3.10.129	2.90737401843136	-2.21892483226706	0.679454862387397	0.236219772256549	0.663665942129183
3.10.129	0.631459026811629	-1.06526251017101	0.967186865784364	0.204032528043808	-0.489560347450333
3.10.129	-0.298538695075843	0.201054722754942	-0.86395193907938	-0.0707415994466898	0.325582867362604
3.10.129	-3.09379181814046	1.00919406122969	0.9165473178355	-1.52718372231008	-1.71496156799607
3.10.129	-4.30244845443113	1.02768083058691	-2.34478898858312	-2.24813490862762	-0.733285670859899
3.10.129	1.38661682970076	2.23939867932367	-1.49495028034349	-1.32801563006677	0.0691003303603476
3.10.129	-0.553877957274357	-0.429266143331317	0.859118626790362	-0.275026233328376	-0.944413504367122
3.10.129	1.27034667237633	2.903982304151	0.461127622150962	-1.60103228711375	-0.958779888295665
3.10.129	-1.59938837632873	-1.5077640919694	1.64523551068157	0.494375002252461	-1.18892654876686
3.10.129	-1.6919497367005	-0.577580363297574	-0.807889298776237	-0.594949349174167	-0.118084809231106
3.10.129	-1.33410117125219	2.24505970023464	1.50870469028008	-0.337781536187732	-0.991465435956345
3.10.129	1.66528818677961	-1.26215090678738	1.01680125985389	0.0803397652184504	0.31871137638159
3.10.129	3.36280426467217	-1.18849696544912	-0.567996695426862	0.0412995588930474	0.752572229027213
3.10.129	-0.136900798836722	0.0977328140999347	-0.114115113807281	-0.99375421972021	0.316915176389175
3.10.129	-1.57215204941405	-1.92935264693593	0.361185997901478	-0.934352893527223	-0.404002330603753
3.10.129	-7.89956434401035	-1.24074647122876	5.91684096178038	0.303526450004853	-0.961651918880592
3.10.129	3.89801882663214	2.02231852359789	0.619799287222839	-0.100035479997551	0.751685836617977
3.10.129	0.154874738681765	-1.13367588009431	1.47108284731493	0.627387728232434	0.92448435784205
3.10.129	3.76507890410749	-4.31499776553096	1.51792651687636	-1.44308791306054	-0.581107034236191
3.10.129	1.38492771279903	-1.6926209070254	0.621489798978004	1.52879804111159	0.366809474446866
3.10.180	6.18382571950858	0.511017418944333	2.94052789918745	-0.458573134302588	-1.68269718764643
3.10.180	0.217579940797535	0.492925568361175	2.0328059415363	-0.551770043644906	0.272102627051351
3.10.180	-2.58749154180422	0.367560551865761	-0.621218976511074	-1.19308606396301	0.950307140287051
3.10.180	3.96558849031012	-0.333196383194934	0.498452694959848	-1.03125601348596	1.50942627252556
3.10.180	3.20382874109326	-4.4454749188051	1.71420267956872	0.667903618571187	1.76184428675722
3.10.180	3.02573179035654	-0.767390312090454	1.54057056170554	-0.627989246905358	0.575033866198755
3.10.180	2.55858721330099	-4.01426600838321	0.722897693829747	1.15900706601087	1.36061949006707
3.10.180	-0.0116929559496139	0.234529921325443	3.01237768805799	0.133331765663217	0.270333115688463
3.10.180	6.17592953386802	0.705626328348352	0.237933434911447	-1.27424211687272	0.269194191903308
3.10.180	-0.205497914866712	-0.269229493856425	-0.343099843558678	0.984198945265786	-0.595549919116758
3.10.180	-0.225560251663132	-1.99648895388238	0.803579497469168	0.487585287523845	0.287693203441774
3.10.180	2.8185292526317	-0.387635081283923	1.08783162373237	-0.679619677380021	2.73753233255847
3.10.180	2.54510221399938	-1.38215490922887	1.7992794770457	-0.0201962297443654	1.99144727079747
3.10.180	-0.215880152903161	-2.23034777893471	1.36479400209476	1.22280946425141	0.32139530498066
3.10.180	0.90782680985534	-3.79187611192077	2.99341125810842	0.42175610216679	1.08390699528396
3.10.180	2.0845134061577	0.398075397623949	2.30937656283711	-0.41448289747301	2.23356690395035
3.10.180	0.699619776296005	-2.92844269155242	-0.460966943482619	1.12683765503118	-0.218515181883449
3.10.180	-0.81937436415521	-1.17022398667392	1.44171614723827	0.823443811939882	-0.0711596991821668
3.10.180	3.86286797592532	-0.0441100604131318	1.79189821206603	0.0720294904713046	1.31597603750597
3.10.180	-2.53791335932346	-1.16898368667956	0.0367081823326424	0.151296030983317	-0.373854049970439
3.10.180	-4.32943477091767	-2.12408046950878	2.72835940535193	0.811320931508231	-0.828439509241883
3.10.180	5.5100155944219	2.38858221013881	3.59305592550162	-0.642399481799407	0.240305837501834
3.10.180	2.96307165016732	0.297463286010963	0.942442013039528	-2.42722146187469	0.600125234758326
3.10.180	5.51754298681505	0.5654074317375	1.90554112001357	0.418819777578692	0.943249006305525
3.10.180	1.6691174642635	0.254599010767435	2.23434802640242	-1.41037561539119	0.510426981970206
3.10.180	-0.183394451506192	2.18232711060322	-7.36984597800808e-05	0.667719554502578	0.67025370206061
3.10.180	1.51943089937422	0.968236548925968	2.58852786529698	-1.17746260063179	0.879241421826694
3.10.180	6.73789405821393	0.807670235713704	2.3765485746018	-0.365449265289386	0.762476794295599
3.10.180	4.7000963235674	-0.607281796072493	0.848395014452734	-1.24746344933572	0.617756798534856
3.10.180	6.09464884064795	0.994937807027779	2.17312462579445	-0.763656942114526	2.01181716663635
3.10.180	-3.79599074770861	2.03008066291332	2.03597757077837	0.975578218341817	0.994559938837886
3.10.180	-2.15912241650047	-1.13868371840413	-0.119064985384564	0.266655019706744	-1.60089301390076
3.10.180	-1.76735192572519	1.53046385520915	-2.12316605956959	-1.35057189988587	0.78130726863642
3.10.180	2.76074885100307	-2.0089165544006	1.29653078231409	1.0278813799057	1.78518603880081
3.10.180	1.29481306562718	-0.886464920557343	1.81375143018537	1.90582017643084	-0.0526575660513583
3.10.180	2.13602003352262	-1.29244557385602	1.55131085144365	-1.05518601068721	0.604431629559172
3.10.180	0.298791966852312	-0.654208237021683	1.04135460517825	0.420044681221349	1.20940335499693
3.10.180	-3.07890253536196	1.48485702250881	-0.0476001358215233	0.446229677683053	0.133203958995819
3.10.180	-0.688297944949194	-3.08864405963752	0.607921170420351	2.21258094632257	2.79614179600612
3.10.180	-2.35340412815453	-4.33299070808274	0.159370459344747	-0.60710477048325	-0.144367478265234
3.10.180	-3.75433671076408	-3.7052916520996	-2.80081547682713	1.36526060442166	1.51432711482868
3.10.180	0.931893302102144	-0.252306996596493	-0.58552135948263	1.31628119405337	1.25980293636141
3.10.180	-1.53101405975922	-1.58248566654332	-0.841668932538142	0.103715712766599	2.23129635010797
3.10.180	5.9529419459507	2.48485917416541	0.1966572851333	-3.6515973897978	1.19225870725291
3.10.180	-3.43391623233087	4.2160466542954	0.260037400566961	0.675877597424668	1.71643872575225
3.10.180	0.886191499370412	1.57675940610108	-1.99944639238763	-0.2093132835199	-0.0985056368222329
3.10.180	-0.273250559744503	-0.908591037661938	-0.516816068061227	1.25366398573071	1.56176803825821
3.10.180	-2.47752737750185	2.62954906203305	1.22629293032226	2.73307477173143	3.65402112374124
3.10.180	0.819284332306805	-0.722931457310634	0.187386431585356	-0.223560852470246	1.02005917405714
3.10.180	2.78523446833172	-2.12304041761181	2.29777935915875	-0.118834964489717	0.159798733838596
3.10.180	3.96303128332818	-0.432599599141243	1.06000597897518	-0.595127411151959	1.9352361180302
3.10.180	0.674676890858881	-1.81380295804524	1.23700121187623	0.897060640886023	1.19695051126297
3.10.180	2.57534219335105	-1.50539232101387	1.04170392783021	0.0355490554494252	1.06990354475206
3.10.180	-0.979019152920583	-0.45593603487461	0.330243535106142	1.30670921525616	1.23828328815413
3.10.180	0.109099910942654	-0.686784179280679	-0.355884966153042	0.871338345578855	0.634383530323178
3.10.180	-1.78334082835712	1.5020782332678	0.30707823526495	-0.559886100686317	0.0415543531500232
3.10.180	-6.13693564065201	-1.54476483723186	2.21978589114904	-0.926565663303084	0.114292955249248
3.10.180	-2.46795268480369	0.594592817614241	-1.43019948771859	-1.09983069262539	0.200686351321113
3.10.180	-1.33128297651651	-3.08287236470848	0.420445864907385	1.60694997910159	0.66993758744603
3.10.180	-0.402295943690684	1.04120463765562	1.78474206056098	1.0863116269281	1.45532897377666
3.10.180	0.294046419618922	-1.44566507071655	2.21734900211167	-0.645796776100551	0.153727381716357
3.10.180	1.46130343171274	-2.65984410746845	1.95176720176108	-0.29412355150548	1.40336630268043
3.10.180	-3.13506108875278	-0.608135775051186	0.854584526250461	0.374790535303613	-0.642160684847233
3.10.180	8.67964201837791	-0.29598714590042	2.50503494377175	0.0593260459884802	0.0566111160028422
3.10.180	1.25768630942695	1.44460787687585	2.79104786568787	-1.35005178659573	0.59439642710365
3.10.180	-0.338323044500853	-1.24037044775811	0.00128230834994338	0.766438536211395	1.50585613547099
3.10.180	2.04594479316066	-2.6321163756959	1.07727613147795	0.609924706131843	1.47007997007109
3.10.180	-0.204592618580024	-0.0576891936027693	0.569896541022471	-0.944817078980658	0.653999060564833
3.10.20	-2.03954718728521	-0.611969679570993	-0.172493034312369	0.131153271327955	-0.0338905816994104
3.10.20	-4.84977985465388	0.986404946275752	0.705173281083634	0.0314698610912116	0.897504595279341
3.10.20	-5.24327970804878	1.27287899284142	-0.32157543411066	0.685432936612807	0.483840187075079
3.10.20	-3.20439220158717	-2.90239726100696	-0.391193463803294	-0.0877425630305232	0.647544968180045
3.10.20	-25.3813092098838	9.61492514894169	5.82838374872986	-2.36696522700309	-0.094208813976022
3.10.20	1.23115193986621	-2.48273720459892	0.495876409791401	0.427836234439237	0.10534749235209
3.10.20	-3.48974942483641	1.33807324034125	-0.520030809190806	-0.672242999966744	0.832940709303806
3.10.20	-4.91250596316379	2.39583632192238	0.755460634872361	-0.886856384664205	0.524456816622856
3.10.20	-0.700894649137227	8.38048109054938	0.770141389118656	-0.579326864653255	-0.292336070738825
3.10.20	-3.031812179079	-0.964732899699278	-0.652806703403994	0.270392450131075	-0.237842355625218
3.10.20	-2.73788435821846	-3.24954754162984	-0.128169572848972	0.135000914496198	-0.386991496873547
3.10.20	-0.370912192354862	1.51527510956046	-1.20493608697266	0.650831884199286	-1.16845701418069
3.10.20	-8.01587871820833	1.15788737713053	1.55391604259337	-0.346307947839745	-0.711274191581942
3.10.20	-5.138791429719	-2.78307787141695	0.397200783138389	-0.032782266660657	-0.175989326377216
3.10.20	-6.12430685612729	-1.44694823976166	0.531030558190613	-0.419981036115033	1.33111520071825
3.10.20	-4.50350678477471	-2.01364091271014	-0.0612565154159372	-0.273247536671097	1.0301346338014
3.10.20	-3.40043738934606	-1.48330237669868	0.466080044471461	-0.643624666506895	0.0912115107850429
3.10.20	-12.108957602036	1.22439114968975	-1.06763052553799	1.49116033130936	-0.551291468052703
3.10.20	-5.00167143935047	-1.84820467497174	-1.29842532956762	-0.514565086677531	1.19542436528807
3.10.20	-2.83053660079525	-0.956674652543253	-0.485480725862726	0.572000474522957	0.319239206371028
3.10.20	-8.94623339215919	3.0268589223508	0.438647726028203	-2.43477828745554	1.23019457486097
3.10.20	-5.24785974246999	2.41140422173499	-0.245105612237321	1.36343258617379	1.51329456580169
3.10.20	-3.87824746737429	-1.36291654252329	-2.37913738888506	0.160524244496278	0.015645938740131
3.10.20	-7.55309620892309	6.93050855333064	0.979834469043892	2.16557612496447	0.116973021754359
3.10.20	-5.27999902001179	1.40182976903479	-0.331726956934278	0.193542124421476	0.234531217818393
3.10.20	-0.155791417643759	-1.38114219031763	-1.36458187963052	-0.141678726202086	0.407315741584612
3.10.20	-6.7641971865038	1.38179089119718	-2.46708885845245	1.00471668867062	0.968403954388851
3.10.20	-4.00545242369923	-3.21292646673184	0.300272665413414	-0.195694859015446	-1.31278571959873
3.10.20	-4.08983506897345	1.27891207736058	-0.176822736760519	-0.779129360893794	-0.580334897839813
3.10.20	-8.08123485311316	-0.579791947003319	-1.66372085330973	-1.14938091593864	-0.386209657243857
3.10.20	-5.48384648954425	0.878017443714319	-1.80916375477034	-1.69034188911192	-0.191337858394897
3.10.20	-5.75234533681675	2.68537267329345	-2.9483858874564	1.33445723959638	0.292945196662043
3.10.20	-5.64714547452256	-2.7749666568604	-2.82106720781248	0.477799853379012	0.107753512828591
3.10.20	-10.7435546254478	10.2784178622283	-1.06795745099445	1.8343812781787	0.846172403823773
3.10.20	-7.69859723291525	2.61383076845104	-1.06658691881294	0.420842697312615	1.17962353249725
3.10.20	-10.7447227476065	-0.185997100008059	-0.631889687705024	-0.850841794513145	-0.83686525117534
3.10.20	-0.789546135821386	-1.77245628798847	-1.59455207932969	-0.311881707767427	0.490779719381464
3.10.20	-3.40448044254991	1.67492179550881	-2.23274292253143	-0.102972373227225	0.745382346067505
3.10.20	-4.12545692911637	-1.93187828618036	0.761234154709673	0.384188177177537	0.68726371976551
3.10.20	-3.49866290239788	-2.65473981210564	-0.761615460171564	0.117470422023119	1.27472088993888
3.10.20	-3.03617188931723	-3.43524655436787	0.00744792317279664	0.81609368774203	-1.40779036686152
3.10.20	-5.17749819677788	-2.77721087084564	0.85016943430846	0.179382683073535	1.71837885701796
3.10.20	-4.92441604033874	-1.49743747165738	-0.296679623123329	0.362338114376484	0.086121682628174
3.10.20	-11.1773291631734	0.319825973418454	0.621820044329098	-1.08426868103893	0.0394115317915199
3.10.20	-6.09214900219857	-3.51737573802178	0.527406036027267	0.150279438050085	-0.213208287128506
3.10.20	0.0189440940880604	2.91333721751087	-3.16110095132818	-0.718795851581856	-0.189655193381926
3.10.20	-4.20174449784015	-0.0836530515873355	-0.887016287734747	-0.290849209899196	1.106641483938
3.10.20	-6.92271075051832	1.16211049238022	2.59743536043756	0.0416815040803225	1.36939973203501
3.10.20	-4.03133837892394	-2.31568085696083	-0.149856035074353	0.37138811041677	0.432780962508861
3.10.20	-4.78708880475052	0.147951387232847	-0.297043304588505	-0.489713928508158	1.1255564717717
3.10.20	-1.08513199946906	3.67116677557712	-0.720833218370482	-0.0882980839432508	-0.719051773161725
3.10.20	-3.3637661898996	5.50861365407585	-3.07314678526819	-2.73035038396569	0.420687066818268
3.10.20	-2.24405750928474	-1.07363673287431	-1.51230320846377	-0.373678948488506	1.08857497883277
3.10.20	0.911571764331725	2.16858206221679	-1.50209842628954	0.0962944032669462	0.801073100278646
3.10.20	-2.91698038365102	3.14491576964088	-1.18107045580394	0.798832204583966	-1.76766247910291
3.10.20	-4.47682665860364	-1.13486291003443	-0.651884660512253	0.859105417923487	1.25389362984634
3.10.20	0.55824515394204	-0.88525699109208	-1.29572358987999	1.28839267484792	-1.872407121837
3.10.20	-6.0118682975724	-0.884401720335764	0.207879949778067	0.0123099738341284	-1.98510128342345
3.10.20	-2.97187709938782	-0.332566705224625	-0.833684636248393	-1.46197128030366	-0.130328567480717
3.10.20	-3.93584297495309	-0.329629836986563	-0.930461539721791	-0.307257483411723	-0.014857917966335
3.10.20	-9.18359087468133	0.782104960733112	0.408440170325265	-1.21388680872417	-0.54915089928204
3.10.20	-3.94721046570886	-0.798330004748022	-0.991369073676888	0.274008622060523	-0.76596532175106
3.10.20	-2.81122125060045	-5.94845040812702	-0.0678974903748408	1.38784711979119	1.41891744013219
3.10.20	-5.337501720633	-1.49712996557562	1.08630140012083	1.96962403913876	-0.957990470033771
3.10.20	-5.86773399925101	0.610849778226433	-2.10223626005677	0.463983414432812	-0.156863016213333
3.10.20	-4.36777369533058	-2.04489706425935	-1.39974615981636	-0.018486703305209	-1.297159462455
3.10.20	-6.34547031221553	0.798852704070665	-0.18441322085002	-0.701160321129209	-1.00894433471031
3.10.20	-8.89874540179574	-0.568505561607723	0.64488221183353	0.0865064339225784	-0.99136301658056
3.10.20	-2.417838876881	-0.96064212414958	-1.61170121052311	0.076234171346423	0.513072744934001
3.10.28	-1.92135171240952	1.54166382910698	0.549908983628763	1.13805112713849	-1.12658998617481
3.10.28	3.98222896466862	4.24595751599878	0.755378548281953	0.919643408110061	-0.0287565649947303
3.10.28	-1.93483104214997	8.08648900819924	-2.59573230414209	-0.12850352740822	0.192140235761205
3.10.28	5.15657417458424	5.36651307842361	0.442870208881213	0.995859466358781	0.266623742979746
3.10.28	2.51155224243115	6.00499669156446	-0.743465129811505	1.01627565582986	-0.188388927187675
3.10.28	1.9043794297691	3.27885979843788	-2.77465412256639	1.93992434072381	-0.00300169529414751
3.10.28	3.79752771773936	5.16685922570965	0.141886263812862	0.517629357739003	-0.568839671949537
3.10.28	-0.16405170829027	5.28200080489023	-1.29763584967648	1.56222959705708	0.832266119196384
3.10.28	0.487642178096491	2.39266238193847	1.06711418357587	2.09252580072413	-1.69741768794044
3.10.28	-2.01798938981235	2.28448736167588	-0.979655951286193	1.54217007279335	-1.03318385272661
3.10.28	-1.25438146973354	3.511118922511	-2.13478690316472	0.0562338870552354	-0.620274186951836
3.10.28	4.32229847773952	6.33364044515248	0.0355608280058345	0.151021728929479	-0.335001473675409
3.10.28	4.1500085552859	7.83797556089211	-1.21738117835492	-0.296480883608729	0.231983584825749
3.10.28	2.89423125949907	6.93491889165917	-0.35032590396762	-0.623055542859628	-0.20254782154587
3.10.28	1.77163617885565	6.2224136973967	1.4621337433535	0.893162101775357	-0.413074710445418
3.10.28	1.29397923836121	2.68059469845995	-1.22920078847334	1.70974304979268	0.119092761502812
3.10.28	0.69103725997816	5.53272736374234	-1.54008120237754	0.181671314292981	0.419053301693147
3.10.28	5.68655088850671	4.6867353531684	0.363843231996632	1.02016127590787	-0.199916133461151
3.10.28	3.88076827163645	4.54168296484731	0.180563169862438	0.356705957564668	-0.559739737063104
3.10.28	4.08840709404736	5.80474898165953	-0.595010088974444	-0.172201284322968	-0.094488939529724
3.10.28	4.12007071792708	7.16175154102023	0.17421867813237	1.08321817218419	0.610127100172784
3.10.28	4.21374686496051	4.9946794718903	-0.472041506047992	0.0552327682692236	-0.0160237208250845
3.10.28	4.50275188558355	5.89649127622367	-0.831460149197321	-0.00885801444402906	-0.585676786937766
3.10.28	4.12625816920232	6.24128943653934	-0.93101428897277	-0.258095656149466	-0.456482953795898
3.10.28	4.03916659214368	6.92078754431984	-1.21720825639546	-0.268266127813769	-0.581752460902578
3.10.28	3.81195974158681	6.15404826516753	-0.906960350293823	-0.194502821243059	-0.59285762470792
3.10.28	4.4591441830979	7.28818419325092	-1.66559518917374	-0.691295312261985	0.631535967551284
3.10.28	2.72531427513043	6.59218671037422	0.591207129366573	0.426838953023845	-0.0353805348283647
3.10.28	2.1989849668113	8.69461995754915	-0.974256967497209	-0.944202113925815	-0.626925317110548
3.10.28	0.520522945051813	2.70136162220134	-1.54964030776544	0.719840658158155	-0.263680961747579
3.10.28	0.218608640813915	2.92893006992661	-0.232396564824633	0.661139802370504	-1.97317903047701
3.10.28	6.13780709025551	2.71801237380373	1.01789069234769	1.29849984597331	-0.543624830817313
3.10.28	6.11426481776412	3.90104853390455	-0.354501276631508	-0.125815592454105	-0.905275952327144
3.10.28	3.95582269273597	5.52253731121591	1.67124132899759	1.35143352630549	0.170062679434864
3.10.28	5.49587694853397	4.62894655900134	0.166779193204767	0.734527688649849	0.588116740864636
3.10.28	4.84030250463447	4.84473610339696	0.326972168119881	-0.0493459334429733	-0.0472867732783159
3.10.28	4.59373265071656	5.6684244447649	-0.0306024864675418	0.829641557833629	-0.434056192433983
3.10.28	4.42031242491745	6.67079371297926	-0.592691557168319	0.579259964584916	-0.32775364729303
3.10.28	-0.912658950796218	-0.507834223566022	-0.727070857981578	2.65733989365855	-1.46808204842662
3.10.28	-1.05167466354951	3.48966046516068	-2.10011299494024	0.630598154275587	-0.0791485185999698
3.10.28	-0.425059087739227	0.779232446648172	-1.52361340194306	2.34013580505223	0.0128905031297859
3.10.28	-1.94004036614728	3.52015344543293	-1.2394188311487	1.33335916043776	-0.317328952397059
3.10.450	-1.2015272014784	-0.207576652664856	-1.97598750992881	0.269740832269132	0.014398860198994
3.10.450	-0.440133109340699	-5.13826015985331	1.65821890452741	-1.41704897881969	-0.287756073189728
3.10.450	-4.65019371381517	-3.76088507531948	-1.39538649140546	-0.834931706560867	-0.96537649389129
3.10.450	-6.13598109974479	-1.76441318917555	1.92998280337601	1.48620076648128	-3.17996027663741
3.10.450	1.22672975720386	-2.69457580835381	0.272668356697464	-1.90740516871831	1.40648653791908
3.10.450	-9.20887529816977	3.0788978691283	-1.43670852842086	-0.600739892735075	1.85363511256323
3.10.450	-5.30650909076629	-1.80324485949008	-1.01718591243911	-1.62053808761167	-0.707404987756031
3.10.450	-0.0438470655376764	0.0355226378695613	-2.54767089145459	-0.0931439829267533	0.351339700928716
3.10.450	-1.68408505339957	0.548665872388126	-1.39842539632182	-0.313872481745477	-0.509928377230056
3.10.450	-1.44669861970369	-0.0742266291465856	-0.870171174490419	0.228080262838706	-0.231478897184565
3.10.450	0.0991781891581489	0.808469315901704	-0.395517741902632	-0.0149710057942784	-1.98937635924049
3.10.450	-4.21051235284847	-3.28402375839832	-2.11897862928919	-1.52698323808525	-0.727475151357064
3.10.450	3.77734232485838	2.06052520489014	-0.774063106933293	0.175725765966599	2.08296470395666
3.10.450	0.139493115930224	-4.03848977442723	1.73175074679444	-1.87124246385913	0.587018529695531
3.10.450	0.662048159751202	1.99229150752762	-0.872829543247389	-0.35032977393762	0.287987091341153
3.10.450	2.58848641805916	0.261061180858207	0.530677342525878	-1.14667697613368	-1.3406575266632
3.10.450	1.75121070291834	1.08745634357515	0.87451954145427	-0.824908006081553	0.590799689764311
3.10.450	3.65635189939226	1.02110543866483	2.41742162107299	-0.81958711756769	-0.412708619234536
3.10.450	-7.18354486969812	1.17523089419542	0.260284639246054	-1.64480607665583	-1.80939110018502
3.10.450	-7.16155178982276	-0.0177601762348716	1.8347109645327	1.99436514153498	-1.49701956680319
3.10.450	0.939906109250269	-1.64869936586304	0.808510942431766	-0.61608884452313	-1.16501533558907
3.10.450	-2.73043820057657	3.47399453615854	0.787124011263008	-0.514486355314012	-0.304917813000962
3.10.450	1.04958238739937	0.629542633699854	-2.41190231039793	-0.474636171428479	0.532454617194246
3.10.450	-2.14121604222131	1.74033319114052	-0.315658829062295	-0.313342712165136	-1.63491280326802
3.10.450	1.24674558618118	0.647848626721085	1.26379526233607	-0.777980420642739	0.497104549746986
3.10.450	-2.1452167043831	-7.16048685489567	2.00271838782212	-0.874798052720301	1.36629687385614
3.10.450	-0.995206814921382	-3.94292596445974	-2.94067871107036	-0.362844348304924	0.228579536003906
3.10.450	-0.708158961947375	-1.33587099688295	-1.60825873929369	0.893423905688671	-1.00072259236048
3.10.450	-3.97573340226354	-0.908777877626308	-0.877709709231227	-1.10233505781268	1.79798018630854
3.10.450	-2.96638394439219	-1.68676243549439	2.93613346142609	-0.309356991235955	0.000988878739707794
3.10.450	1.80501587752726	1.49189341626631	-0.618644389946136	-1.64024983413068	0.311045869102429
3.10.450	2.42477242674389	1.14889278957596	0.959734144304768	1.44158111581984	0.569154891340407
3.10.450	-1.34772829529478	2.14026956398991	-0.994123941997076	0.226358250972586	-0.427442352974717
3.10.450	-0.987466349571958	-0.080457687562023	0.798646817053114	-0.49199360336422	0.477094280737115
3.10.450	-6.17623551566823	4.30089221489289	1.36145417793028	0.759948399725699	2.1709558070206
3.10.450	3.87297474933764	0.318185510567671	-0.539601344076512	0.958214088628709	0.410785161307481
3.10.450	3.52587624390437	-1.26469783577056	1.95498288970212	-0.620952852523914	-0.363334207211788
3.10.450	0.499075887591452	1.80474489782565	-2.02560750514993	0.319408089650325	0.343228254934924
3.10.450	-5.87796094427135	-0.348379760810033	-0.556408935559866	-1.7989888214327	-0.418188050743152
3.10.450	-2.35878057873465	2.43945189532523	-0.469102787037982	1.99225856054553	-0.755376513977656
3.10.450	-4.37742817261466	0.471460439180769	1.96958010551153	0.681444371568383	-0.247670833698161
3.10.450	-1.9479599252022	0.564305342132942	0.372247856951444	0.582618026313641	-0.201083851806198
3.10.450	2.47572199725778	0.00612842779379658	1.91389569052775	-1.91404480680127	-1.00140543391581
3.10.450	1.66087937890365	0.734207996234758	0.496496361650655	1.62700300461538	0.0152825701885914
3.10.450	-0.692557075342533	0.435063782272534	-1.19289681087101	-0.193636315862732	-0.515553674318605
3.10.450	1.93418578560165	0.0761771350384579	1.16645095227342	-1.60720434348312	-0.110991654073314
3.10.450	4.91673024070913	2.01128913458768	1.71670445704508	-0.903509722533755	0.420762395117817
3.10.450	-2.3061461313262	-0.52715580840548	1.18179749525861	1.06954150404141	-0.89765775450615
3.10.450	-1.59380245058305	0.317946864981479	1.34787927630033	1.03606976282726	-0.71466041105043
3.10.450	3.56789709289719	1.67722312730011	-0.0176229710411544	1.24912227461899	1.21278160692985
3.10.450	6.13603289361482	1.14171501369764	-1.63740374387875	-1.45282466032241	1.21656474600881
3.10.450	-1.83228316333561	1.32059337425689	-0.191756193066283	3.01395616526922	-0.183339387858222
3.10.450	2.74882058306226	-2.28680791926261	0.216387680975832	-0.283183401126211	-0.47852624462847
3.10.450	-2.17914640511155	-0.170191303162049	1.07877034908253	-0.437083949343494	2.11258765573445
3.10.450	-0.758041100570696	-2.6247423049607	1.18834096374635	-0.534744952488441	0.455849638488984
3.10.450	1.25312055795643	2.40823008236759	-1.89029330734195	0.0471917036807913	1.42624861479002
3.10.450	-4.34118343405159	0.0378365561973159	-0.350582670753264	3.12700791175937	-0.69749435266287
3.10.450	0.718726746440326	0.572739675662839	0.52158155222587	1.5427403834758	0.413192006954149
3.10.450	-4.67944251200301	0.236744964945414	1.11426257747476	0.363803792946814	-0.200583640352964
3.10.450	-3.53498751848501	0.927184782524803	-2.0026412466883	-0.334446813095034	0.716211235826624
3.10.450	-0.584415309733866	2.4807275980594	-1.06866819185035	0.422659740343885	1.30884696613366
3.10.450	-0.543925457415693	0.0796594117341612	-0.0073902084524722	1.02249955593731	-0.973073996800065
3.10.450	4.52179970755267	2.90767812942084	0.260092450996679	0.47998871292401	1.29894611665543
3.10.450	1.68647659017148	0.455539523134265	-0.859467862713747	0.877395526089968	-1.01726481277821
3.10.450	-1.19660475521138	2.66780192580889	0.683502247919535	1.51264266536274	-2.55193537739126
3.10.450	-1.42942168955246	1.71745444974934	-1.26594782769441	0.0843828120607199	-1.70220970364441
3.10.450	-0.863041098705706	0.537806497834467	-0.486634873402676	-1.17705321721918	0.452960142012258
3.10.450	-4.01277440182969	0.631868563447	2.25958187212713	2.10122398884846	0.507996086198111
3.10.450	4.05085281415896	-0.615962260628093	1.04245809543277	-1.35793200005499	-0.0276610967112278
3.10.450	-2.97217099476102	-5.28120301095261	0.107507183092643	0.183655542614741	-1.3439325712872
3.10.450	-0.54459220837532	2.61468274044429	-1.04634209562026	0.213391022103345	1.1887089045495
3.10.450	3.10271695536465	-1.0719406106323	0.398234054974765	0.834816238769634	-0.942262288458677
3.10.450	-0.0684339900948965	2.16115171160125	-1.41397450620889	0.3686984603689	-0.260814450083311
3.10.450	-0.703366087614038	3.97715494551246	-1.92805364307565	-0.713868443264897	0.501653871740352
3.10.450	2.35949261219544	-0.650142855028654	-1.74564207866025	0.49879363178571	-0.527603716061535
3.10.450	3.90071127842244	4.70303863954415	0.640571437322885	1.11270761571976	0.789240498921438
3.10.450	0.433225728580078	5.19723593842448	-0.553764743082673	-1.24046890580554	1.32745334087293
3.10.450	-0.876747453315315	-0.314148419697234	-0.22098233287013	1.08796948994591	-1.27953829964465
3.10.450	3.2247230351054	-0.590660713976276	1.69684916663231	-1.17995961226821	-0.436003912127106
3.10.450	-5.32391404371557	-0.234205616819517	1.98661312509716	1.91328268860409	1.17540247016116
3.10.450	3.11587734042169	0.0491326281056674	2.23234178128288	-1.59208901665625	-0.823290427564061
3.10.450	-4.19244477805148	1.02200743386243	0.840956263170337	1.33274898043685	0.636116902647311
3.10.450	-0.636235781993162	-2.826492019095	0.565443743984102	0.28723287882934	-0.73323012106319
3.10.450	-1.28611842285741	0.215179801320715	1.14807798416325	-0.134013350904492	0.583859856348063
