3.10.100	-3.78831237620226	3.59795877245101	-2.74069998087486	0.11814152129427	-0.0924664558246447	0.371636147868324	4.18831638288311	-2.45722963603177	-1.04003606626046	-1.09094842393977	1.38883160933563	0.157802997662846
3.10.100	-1.33112490948311	2.96370127618663	-2.58395223575922	1.70656993832938	0.777133687295706	2.25798324340029	-1.86893071133395	-0.516160291865432	-1.04914231597247	-0.267376095390368	-0.461756332132209	-1.97310216876102
3.10.100	-0.908605297196284	4.38246457412698	-0.468665782820297	0.675489934204895	-0.4190914668664	-0.620603271489968	-0.384956081820204	0.383021249571084	-0.716155583269935	0.46946201635656	0.260274669024247	0.672804903573855
3.10.100	-2.98370204430891	2.81870706405858	-1.83767466291676	2.0531084793719	3.61473929289965	-1.29535091049244	0.694486585006596	0.717564377827374	-1.91038763806408	0.991991764411844	-1.2985169757229	-1.87294633974858
3.10.100	-4.70150563638326	3.69921303828648	1.36034090840783	0.655202789424286	-2.11780229520773	-1.68954868065479	-1.68833038602838	-0.614991358460044	1.07656503632883	0.505153508034028	0.546615079531261	-0.744650825171532
3.10.100	-3.81763789793398	3.36168957522271	0.847897700384236	-0.590072884330875	-1.58511688785611	-0.785542220888456	-1.02280658474734	0.0781507824197062	1.32940449713425	0.719038447059587	-0.190518235388923	0.739077625679698
3.10.100	-3.81405222313439	3.56375544452166	-0.829201582678118	0.456136591232788	1.27303646180172	-0.417346467487612	0.447440540717918	-0.062322456250337	-0.322232679903167	-0.697356146706816	-1.54751372246914	0.0335846652132148
3.10.100	-2.15194741406041	3.36829868125054	-2.62357842771973	1.69243441452277	0.909962373597085	2.00606698196834	-2.01349461982267	-0.163231359814656	-0.771181396469386	-0.270478705902595	-0.632956583354939	-2.12985620353332
3.10.100	-3.31482588636512	3.38457637316017	1.00753287393744	-0.227532673941847	-1.68715657082125	-1.51485477524192	-0.577148439238289	0.260622269512294	0.780358218649321	-0.0797036471906312	-0.787498840542001	0.265006989735158
3.10.100	-4.94723556249857	0.815767343211943	-3.1585111590712	-0.11327881329224	-1.62583359797007	0.956224888453578	5.01440896483354	-2.63477148481893	0.0324034476673634	-0.257663790844528	-0.062864234548604	0.320504934484987
3.10.100	-4.96279450539344	3.33088730613901	1.67182068695986	0.433642733523346	-1.74308176892177	-1.98463525870892	-1.16926660583548	-0.580908391710126	0.668419133800715	0.333898999237424	-0.0394564059824917	-1.06187925307716
3.10.100	-4.44686954651263	3.1747754373393	0.359084911149424	-0.057102321807451	-1.91021601154873	-1.11749588182424	-0.408771435415607	-0.250760345462745	1.32090028315624	0.530951375446977	0.0221561456388484	0.26954709696979
3.10.100	-3.36872292293902	3.11416321097839	-2.81108624951406	0.80477869947337	2.62152658597547	-0.23819195170387	2.58885519856241	0.876600242514686	-2.19104193660292	0.613712924049447	-0.0455545865759792	-0.410873488329201
3.10.100	-2.74368251242555	3.00583141869439	-3.1535375809358	0.651405370690873	2.94832292068921	0.305299591253805	2.78850047292537	0.385612707765284	-2.20871825442667	0.348501181605506	-0.145425129017485	-0.740709842077841
3.10.100	-4.14887347471207	2.94583417345251	-1.22085229307648	0.26877668065059	-0.00403192849009675	-1.53083350697574	-0.703029765914306	-0.0600019235138576	0.558170254255209	-0.334425397097885	-0.935490352755251	0.0804791681559479
3.10.100	-3.2789414124848	2.71464015845449	-3.18967279521733	0.574846072131813	2.83588319432123	-0.254113461564926	2.0610381596476	1.10449844944248	-1.4267248930334	0.689293417716823	-1.50731166959168	0.1120854928879
3.10.100	-4.78769682129333	3.56623117200273	-1.8417519784305	-0.169244287071856	0.229589294040169	-1.00713488342932	2.25479201120771	-0.647984899822639	0.0592112430193293	-0.311956098102006	0.588718593133566	0.483919789067126
3.10.100	-2.058496035168	4.80538826245671	-0.0818244405119563	0.5852652220769	-1.58593248193835	-0.414889134556729	-1.38738919004931	0.287435667306897	-0.192065360817146	0.563293208871205	0.243435596910234	1.30782813063976
3.10.100	-3.05705150606987	4.77631101420053	-0.0699176040742855	1.22186539834499	-0.357559627933061	-0.759775872890219	-0.806572648623507	0.655858243650475	-1.04508398333575	-0.0869497776720597	0.0619208768013467	0.306292212939374
3.10.100	-3.60382947289315	3.08725811377955	1.14447228710168	-0.51549385764552	-1.84327535834847	-1.18154422790097	-0.742916472409302	-0.041847864903936	0.850885286622512	0.759344814007172	0.215990822857038	0.336220533959596
3.10.100	-3.65313311560382	2.98743617576807	0.724021347930662	0.00642153660108488	-1.35403196479408	-0.723035265323002	-0.974936072727591	-0.0767006826994184	0.940937479046962	0.351904608727371	-0.263186248636403	0.220960490147499
3.10.100	-4.47217270081926	3.31584076034133	1.33915493818552	-0.305489408304409	-1.57732403091556	-2.24133118790351	0.519561291811655	-0.568313988937875	0.191101100512134	0.134170838034532	0.405620754649798	-0.170172263117555
3.10.100	-2.8177898937303	2.9090012382655	0.68641505792177	-0.179661051834403	-0.930413614408129	-0.658235534228193	-0.194079483008495	-0.219200859133108	0.681097317353125	-0.218512468209687	-0.204732104933079	0.297296157167805
3.10.100	-5.44531033703735	3.68168996486315	0.0190475663891227	1.23997374436545	-0.649814244393921	-0.542779334026816	-3.0183133424615	-0.121842090281145	0.823806437084305	-0.0342680670308412	-0.601663290665973	-0.633683559624359
3.10.100	-5.35712037010123	3.9124446533942	-1.38258513491775	-0.368474684431097	-0.171614605928599	-0.879958901659959	1.46801336162012	-0.586841373725903	0.13556029689535	-0.733457541793086	0.402946685994486	0.495927388252143
3.10.100	-1.99811555207746	3.29872438611215	-2.36532394834944	1.75853648995536	0.738525515951424	2.2391216419079	-2.21249438266315	-0.451446903279079	-1.09768056428517	-0.30566270968328	-0.555841036445533	-2.35496148228197
3.10.100	-1.49192597848454	4.66080783056747	-0.322710459544301	0.987187512288041	-0.394820115440499	-1.03747688754017	-0.555677295855084	0.445866391272085	-0.754408144034232	0.382519781138161	0.345102737631152	0.70083366787983
3.10.100	-3.85812117327676	3.00312065257522	0.849714623847589	1.13797209192772	-1.26321561878386	-1.62413295910675	-1.61239676065811	-0.462696063670149	1.21975011856319	0.103039336112219	-0.202744939032174	-0.717363635546198
3.10.100	-2.74403590935649	2.96232864338146	1.0715371991257	-0.156830380265688	-0.747210624852678	-0.524559749953091	-0.991678641656575	-0.00469906827812905	1.16869746550548	0.40825952970692	-0.52153396352815	0.270979407186611
3.10.100	-1.91036351797097	4.52794951361661	0.237456282103843	1.12286880952517	-0.762370518126541	-0.880948839511492	-0.8713936338975	1.15650508929857	-0.933333023912754	0.536055641507662	0.0372095111555794	1.04883324739839
3.10.100	-3.66536440254768	4.25966987109861	-0.48478965407761	0.857692923478438	-0.473051399562068	-0.344867178786395	-2.62115413228072	-0.0364742184487978	0.542646084883227	-0.248396313623687	-0.19879133655374	-0.188108451674619
3.10.100	-4.56887883321832	2.99893641019333	-2.90613268409752	1.88823850235841	4.02267512767744	-1.03608594609008	1.50085897375979	-0.0366473436857342	-1.38822012476101	1.44155417731373	-0.153363648302102	-1.30123980282438
3.10.100	-0.745800629052681	1.12631152700097	-2.14389006189848	-0.0350147284881751	2.67760042141129	0.188617033991952	2.76308500570967	0.175315503792833	-1.13734910890664	2.65571253999573	-2.28974538863207	-0.0381320866022996
3.10.100	-2.17155942323462	2.76150459962884	-0.249055630192639	0.769284900628698	0.462382679397463	0.33764568547658	-0.950995192222287	0.379803356655368	0.631564725773248	0.00282545591504307	-0.891005789988853	-0.598041299296025
3.10.100	-4.10197218844519	3.32722569295983	1.12535481670247	0.545087101230777	-0.831208463818072	-0.963359655110002	-1.28943479128342	-0.536912578885937	0.9276180837648	-0.296973882117419	-0.35617841410352	-0.939540798890527
3.10.100	-3.65900971361663	4.38469171542649	-0.966542631353843	0.203305084079479	-1.25967548708378	-0.798501529690873	0.486317268287313	-1.40374409939042	-0.233049310332281	-0.883391638926795	0.812558038499319	0.680300546985612
3.10.100	-4.11261549711429	4.32512817220157	-0.825336860693392	0.709698421864045	-0.812186221222182	-0.93058571189558	0.697088075782862	-1.00853288026406	-0.281991063566289	-0.640962394767569	0.551195295896756	0.389650847115548
3.10.100	-1.58386819601088	4.2973479061862	-0.177890989620622	3.70522214344158	1.00860337791051	-0.105432188476109	-0.574914614817506	-0.49824814429905	-1.44145414668901	-0.204893243118115	-0.542055810017623	-1.65416229509562
3.10.100	-4.39580249145712	1.00683065872101	-1.0935059734101	1.80698636646642	2.49645309052262	-1.26464694792985	-1.50054462222703	1.03664762347451	-0.547320304203715	0.566303657509068	-2.97585125817488	-1.09589021606774
3.10.100	-5.07051293908986	3.99161754720394	-0.563391454457272	0.113529635223119	0.631287688414025	-0.442775860523837	-0.640876743840059	-0.0998704624628774	0.0566349930828043	-0.136341631112811	-0.579875245196674	0.0751357196388499
3.10.100	-5.31866410799749	3.07889925207778	-0.284152837473071	-0.251789903205694	-1.21229740056695	-0.411776543992015	-0.257995043909897	1.06948096156662	-0.170023079025379	1.00394171191847	-1.02829221688477	0.913964008424707
3.10.100	-4.1779938258578	3.38546397652466	1.12865559843093	0.464390260635125	-2.46884830329645	-1.49899038954867	-1.09054600217711	-0.457025261444012	0.797331666003387	0.389730655323836	0.724290084252066	-0.265326012014396
3.10.100	-3.95467506776257	3.45388580027679	0.978554855519401	-0.582712156633289	-1.77277984507164	-0.853551220049303	-1.14678499778587	-0.201431485276849	1.12646464082513	0.46644787699797	-0.0535689108945132	0.48343573187449
3.10.100	-4.32587920652007	3.60743619772963	-0.225559640916915	1.06007551789537	-0.198929481913811	0.0297779745905288	-2.56358501466017	-0.409837001135558	0.746510913538136	0.0720253876728156	-0.649022064066255	-0.857852368888661
3.10.100	-4.90788364734093	2.92987068593157	1.24886570190677	0.0311863215921831	-2.40164939549446	-2.17717688013107	-0.586614186688253	-0.756679332752815	0.833097697101855	0.991176284478292	0.613824580993451	-0.485257842748165
3.10.100	-3.30682057436047	2.8703839139716	0.287523820023193	0.422439607472045	-1.44414030500388	-0.815255388233874	-0.230662867774428	-0.521283681106447	0.688726665273227	-0.219669591715411	-0.0494329270865054	-0.244864015092708
3.10.100	-4.84554910597006	3.48681079590451	-0.955221135401608	0.3820689358612	-0.349589478804607	-0.395119130737357	-1.4595410160677	0.105919157639328	1.20157741472883	1.11343399575713	-0.566634115833429	0.341583623321076
3.10.100	-3.68370824003916	3.08115339349611	0.863487243223723	-0.674628629121382	-1.97186175581653	-1.40617745236031	-0.349275405615196	0.0678275891315682	0.827494586992573	0.740297345176306	0.243363979556973	0.432756726959898
3.10.100	-3.4769515636522	3.03503242641281	0.636307146482579	0.0828804604365114	-1.32577043773612	-0.761293423433298	-0.790809406420162	-0.124611667855081	0.893815370451843	0.274519591189774	-0.115979393568426	0.207973994789383
3.10.100	-4.30912530574416	4.23892805388153	-0.643677569970194	3.07588116627329	0.832364619453496	-0.24532031803365	0.556208087385689	-1.51130207282446	-0.88229044569882	-1.47820622001639	0.0823511824391613	-1.68533416324812
3.10.100	-3.46471894486903	4.40209310889193	-1.61089483523009	-0.179192927477366	-0.599154883140799	-0.0961259338678054	0.00182200158103402	-0.675098547222744	-0.137940455049429	-1.12911623640246	0.616413282809673	0.47036295295334
3.10.100	-2.61266171014801	4.27507869543772	-1.19919717142767	0.591361998833129	0.101165685932017	-0.476851214139945	0.79508887265662	-0.875001719260524	0.297982617900544	-0.538545239854436	1.18007935720244	0.292055728853357
3.10.100	-4.16784481700986	3.71776328463464	-1.14199999971642	-0.266709671214425	-0.477800133735526	-0.909074550086369	0.159506721594445	0.701198008524987	0.311015136809739	-0.391073599515255	-0.433363916048082	1.06167645485259
3.10.100	-4.92007259797398	3.52444417283435	-1.27103666161813	0.156980608741826	-0.575488156167883	-0.784262228987928	0.657997056991987	-0.505759617186051	0.16948531333525	-0.242382969216907	-0.00206567490013686	0.214422739334097
3.10.100	-4.45540432747666	3.34017290902922	1.84703195817994	0.819136798518412	-0.687316552510383	-1.51993448114786	-1.30978058808131	-0.561100525834474	0.599257618440917	0.150153441276396	-0.580816857010225	-1.28255440844323
3.10.100	-2.43318302693271	2.31914924620558	1.3164087845336	-1.0807285782517	-0.864876882224767	-1.09673964945125	-1.25409014502201	1.14066694740816	1.18491708383443	0.911357055387071	-0.359070235081628	1.10183649092138
3.10.100	-5.1390412137656	2.97104029844806	-2.1960462727417	-0.0665622756858841	0.225159015178687	-0.754731982520198	1.733156308602	0.240282777209769	-0.746444375114805	-0.271258923322624	-0.321585711042578	0.333228381677461
3.10.100	-4.21076570886641	2.78593246090338	-2.57865773801097	1.92561403570838	4.11018604559806	-0.891206320624659	1.62637972229557	0.148637349620841	-1.4902058890049	1.56325863923346	-0.531512725124209	-1.28466415132218
3.10.100	-4.49238235122506	3.88367396238302	-0.875516408518842	0.0355247121854787	-0.47639012701189	-0.45263323611553	0.247785617359054	-0.39875582069962	0.0225515052123201	0.077920696145206	-0.0340984520034342	0.625678111529933
3.10.100	-5.36064604890611	4.0041238767069	-0.635952707561216	0.516399588362781	-0.565497941923688	-1.00498976449317	0.0879639418448315	-0.60676415549753	-0.172732535643529	-0.236956840610623	-0.0339032754490038	0.120997266838566
3.10.100	-4.79806055080996	3.61152478575118	-0.509073079493255	0.166605831328566	0.533491455791366	0.662938449875289	-1.10076110671756	-0.652146734572751	0.493981049011288	0.238471309151166	-1.34748570061741	-0.337143006248505
3.10.100	-2.55294921642617	4.53898774674222	0.0710357736821471	0.824696939205466	-0.666814812523054	-0.832946757946537	-0.859520587738128	1.13881068827908	-0.855336148780734	0.399024216895841	-0.0195491358210949	1.04897715594328
3.10.100	-5.24111996608703	4.2541620264279	-0.353615538439604	0.861036093891418	0.790262385728462	-0.138338819365684	-1.96910951619553	-0.650294918999458	0.475747948545789	-0.429836098577462	-1.13489797607767	-0.978254607575413
3.10.100	-4.61365934021262	3.51724162613264	1.31703390335409	0.207834700630962	-2.22491162615222	-1.49672489803479	-1.12602504004367	-0.418692617578915	0.583210863861804	0.231244194435174	0.495629727174087	-0.419624568523099
3.10.100	-3.24951748619562	2.97931445713305	0.308184501801066	-0.430393845033056	-1.14007240484777	-0.684701276694933	-0.00259483830484158	-0.0364155601351377	0.796109946626515	0.412369095736344	-0.566934254641263	0.45265071138967
3.10.100	-4.68328390405894	3.76194227210261	-1.03730832208688	0.0158337763621993	-0.302648078689827	-0.364275820572369	1.21507626712351	-0.71771354005582	-0.807294831714286	-0.323941703798149	-0.293422092740543	0.456116925761396
3.10.100	-2.47554434872028	3.63548955573689	-2.15041021630076	-0.437213441356595	-0.0268990014163311	0.436792449248036	1.69120990710607	-1.56366569528623	-0.867748766001109	-1.58681154353954	0.646140973997213	0.755034844319238
3.10.100	-2.30711678417675	2.95861662588511	-2.68938893960449	1.35412377306067	1.78597220193476	-0.309472117209209	3.77825423184628	-0.529927030466173	-2.46941454024982	-0.659136421140063	1.2228733479366	-0.756100280157652
3.10.100	-2.88435373237316	3.21018911132635	-3.09806489555875	0.671697180690186	2.93251950074496	0.298468194164553	2.77450120454572	0.476805309387842	-2.1873816865822	0.383242353040251	-0.127264359430971	-0.622007238094524
3.10.100	-2.82055946520508	4.12139411598276	-3.04536651141118	-2.55879127686426	-0.452699914658563	-0.0620882492911542	0.960527879071536	-2.21987147373836	-0.996747579341934	-1.44919460879934	1.07407582683804	0.602188262511405
3.10.100	-3.30315486740801	3.68024592435093	-1.90224086871823	-0.0460604099725508	-0.386725505907243	0.122873950960432	1.63116291111683	-1.0592357311734	-0.110389614236096	-1.86176813497202	0.308741280141394	1.0830988122469
3.10.100	-3.77027568679256	1.80034179107951	-1.350290749632	0.0360383668285139	-0.894927871456378	0.475726565355251	2.92843071877418	-1.30477562523424	-0.675600046265719	-0.582457518641571	-0.0176883429871025	0.184945336162772
3.10.100	-3.17424308869536	4.07075267260242	-2.47182319663446	0.038246406914803	0.00862910212367125	-0.0126267972626432	2.98487269776504	-2.00148947911606	-0.830844780065211	-1.79202319052629	1.54059899226627	0.0546950814692708
3.10.100	-3.32024135369519	2.51138377443395	-1.6644431454512	-0.035001995278473	0.701861591239288	0.225862018347251	0.702471339724455	0.992488278545361	-0.836207614230567	1.35196475471755	-0.996346256517158	0.175535832115196
3.10.100	-2.52100742714826	4.37346753258183	-0.570814258262035	1.03174015529866	-0.263931369477306	-1.03619861643584	-0.82608072383174	1.25350529246551	-0.974104313372274	0.68208518743298	-0.0852677789706004	0.838286907818962
3.10.110	3.30003468388401	-0.135247860856551	0.448365709163623	2.42913649999439	-0.287170053802831	0.508250661455325	-0.206704880243118	-1.16696763486943	0.00201024910934465	0.239046934421964	-0.149259318245953	0.085013830672496
3.10.110	2.51665130510308	-0.471530233099441	0.561370098233119	1.57038253740577	-0.385567254932863	0.58219922199357	-0.144332029035518	-0.718435407010782	0.343577545855016	0.0802909653734616	-0.330728221814065	0.17222954189339
3.10.110	3.01030716604259	-0.189921366534218	0.146372024548578	2.20445950256528	-0.223932755844198	0.517585266613113	-0.238762069923814	-0.870314676123812	0.173699017398168	0.00274236800915034	-0.415368388810198	-0.0455844967936087
3.10.110	2.95038146884121	-0.348467449573754	0.4956576147559	2.3146812060003	-0.112156827882209	0.259403917778695	-0.245773141598254	-0.864371871909198	0.207187663138647	0.206073028454144	-0.0803886338821909	0.0930485486507189
3.10.110	1.37039920208851	-1.2894660145461	0.464935215293851	1.58487407157404	0.66105252213154	-0.163938626820654	-0.148381966915358	-0.105388426952369	0.122711068261343	1.29799066897355	0.116362837251276	-0.330026059478706
3.10.110	3.23481606591599	-0.499021886305649	0.629851194774327	2.27907137724651	-0.428489409493234	0.446203292044818	0.0158874954101117	-1.44678695290819	0.353640351868667	0.480695925986576	-0.236498294303139	-0.127650316997286
3.10.110	3.48483822227201	-0.0255053633014556	0.287157684519637	2.05758075884522	-0.443967052290996	0.842643703706907	-0.204597299692963	-1.57006240461651	0.399511848268548	0.0244738092979853	-0.392643736733348	-0.172645677593668
3.10.110	1.17995760338819	-1.45471813944956	0.500690190403066	1.57193341067281	0.734966791949184	-0.43505079080869	-0.0826922929206477	-0.853907687315114	0.283573005832502	1.13357894878308	0.114626341423083	-0.690400309822695
3.10.110	3.52518826152666	0.491957683102682	-0.109499122463507	2.08881438376579	-0.625857394604682	1.13488672699236	-0.0224491522231923	-0.818327841430469	0.419228000276739	-0.51523368261767	-0.448191605485233	-0.285955109276218
3.10.110	3.28356912423938	-0.22534681765957	0.434630380268914	2.23069211166306	-0.2275023336668	0.530460099010747	-0.265638784404285	-1.11334159433615	0.155700957742528	0.114078113119193	-0.218738637100547	0.0768488286906611
3.10.110	3.09603833257038	0.387714987555347	0.357890049679814	1.95652803659035	-0.00539903725781683	0.448013954279786	-0.0878115125563073	-0.411954145993801	-0.128232829422525	0.0242773470110608	-0.172639221245311	0.226063355945194
3.10.110	3.17182266822032	-1.53362958039156	1.05792729800933	2.72422274391761	0.235783931287172	-0.796541045784188	0.312587688240823	-0.111178039772707	0.515397211875239	1.08290317825233	0.514564905121329	0.0774061617802942
3.10.110	2.93609846705134	-0.539024495702872	0.415956665772432	1.8358774777899	-0.511315940146061	0.567109931911325	0.0831466899343665	-1.16749108264782	0.186724638704116	0.186187308887894	-0.483302484371493	-0.0202238430863124
3.10.110	3.35345115551387	-0.104868740260293	0.644983352201824	2.07830030738063	-0.407224337846943	0.678141421545905	-0.235625305416625	-0.766092648759825	0.266998403725929	0.257641671547052	-0.213421073897409	0.221404684139406
3.10.110	3.95297590997892	0.448481944102597	-0.00376438882395323	2.47548877438731	-0.643325464396204	1.0151489675104	0.00159207838685382	-0.743165511445375	0.315991275987594	-0.0819296942889013	-0.334933619605863	-0.244243473059779
3.10.110	3.2799217696845	-0.34474592844767	0.351220944750765	2.44687610141851	-0.344541435756567	0.469437018367731	-0.262375041668602	-1.02005968190481	0.332142400405331	0.170156388434615	-0.318135319617206	-0.0989233272746061
3.10.110	2.69878257359998	-0.617531545680488	0.321812214316136	2.4491600976856	-0.406016378054662	0.479171769697089	-0.182392171052697	-1.38652286797883	0.0964501407233378	0.212960414855818	-0.219130859849041	-0.117253806332363
3.10.110	2.77985806731945	-0.621930321855773	0.522123916724133	2.16044544824397	-0.593834101965028	0.352903206348468	-0.133586316014488	-1.11902876486831	0.117471853744696	0.552281412407641	-0.333540267351299	0.234754414082109
3.10.110	1.16895659246655	-1.2598919775288	0.533799971519494	1.38651950903447	0.644152241669746	0.0452411763280167	0.0993750303961856	-0.308058706102955	0.00850703303828376	1.34960105619545	0.162530010656612	-0.108761476308734
3.10.110	3.05008726641349	-0.389471084337131	0.42153878934436	2.36259417727049	-0.30911021348226	0.486981252314777	-0.149795939711346	-1.18824081761918	0.117337567939522	0.238634620053469	-0.175562471250776	0.0385781256623165
3.10.110	2.8406662426785	-0.571305698105763	0.5984103905061	2.08713427610877	-0.411698907514028	0.310464670404245	-0.242486777164479	-0.993991324479572	0.234611289586762	0.295944961536236	-0.185263260589171	0.102097671490487
3.10.110	3.2332754194629	-0.212896688125103	0.235084958423862	2.29683567059485	-0.503929683710466	0.52704867228549	-0.289615875031211	-0.967973134841911	0.0768135846256215	0.393314516689734	-0.501538382108465	0.195369455887554
3.10.110	3.35822311994544	-0.606804734232299	0.680227153318199	2.51395939643441	-0.169708413741959	0.0878662673757307	-0.175936466064177	-0.919259201774642	0.0307867092230465	0.59964001363536	0.115932894974556	-0.168432132209982
3.10.110	2.96177236825982	-0.529958704433384	0.223462271883356	2.32525754797303	-0.23922455669432	0.430509877706914	-0.21837165819134	-1.30244669442839	0.346880049218364	0.143138258079401	-0.362132010696756	-0.184167320039349
3.10.110	2.57280510227578	-0.376588520232069	0.466114928041988	2.26578824732034	-1.16684004772962	0.766261436055843	0.200298754837656	-1.38358854201292	0.34191699291124	-0.330944637897027	-1.06635254073396	-0.504767492986866
3.10.110	1.41317620137858	-0.768912862802669	0.184234631503503	1.37648581513391	0.734220474750983	0.291774015386	-0.401688249126918	-0.090446147986875	0.153493936927484	0.807498743428804	-0.104826298747671	0.0271430000923034
3.10.110	2.97272761599614	-0.526099894161594	0.253694886037648	2.70920893613333	-0.126653985301121	0.209160153824482	-0.250839537717028	-1.1792815923215	-0.010777050275135	0.452006112290169	-0.229822333828819	-0.00118316162589305
3.10.110	1.53928795539982	-0.83342054579298	0.349264040466721	1.55910006417275	0.940840934864047	-0.000215101545532705	-0.298037731653081	-0.707198451327066	-0.00282754830899544	0.866384301712067	0.391617052579552	-0.223655736732048
3.10.110	3.07890651826417	-0.39310234709595	0.507000022379495	2.15530345628352	-0.427185829464936	0.554125887814118	-0.0042820765371549	-1.32374855546735	0.310806606729637	0.27173520052821	-0.348430056155717	0.0878776938861588
3.10.110	4.25127306091833	0.76717720402436	0.00456736154184062	2.55575411791781	-0.991717022352821	1.1225762111911	0.0344169570716173	-0.683430427850195	0.18461388021363	-0.311201072484748	-0.457602569749912	-0.0631708781221913
3.10.110	2.35887480692817	-0.359506999272313	0.565943073418833	2.11117070466839	-1.18393153911744	0.810680255402827	0.21310178724656	-1.4247812890245	0.256227617813155	-0.301702648601442	-1.11214569618556	-0.48011733388199
3.10.110	2.65267411226742	-0.519475721518759	0.359845358265174	2.33541394050769	-0.349058749256715	0.461208111020425	-0.302645630301251	-1.27022547836051	0.13571313059522	0.127586417315038	-0.192991733820476	-0.00525373149860893
3.10.110	4.48424443525199	1.67101545963959	-0.538850695768855	4.36655175683386	-2.64957240876312	1.05909880115876	-0.144330138841875	1.67370629612767	-1.24873795049384	0.859806742715678	-2.11727669940343	-1.06437872291843
3.10.110	3.63450532552435	-0.0398183900916345	0.0510478287318314	2.50264655000398	-0.473418201634528	0.594788004482377	-0.277224466152984	-1.17731846613637	0.201979148982952	0.252844652075757	-0.67186476235436	0.0459466661286046
3.10.110	3.58041928398927	0.692363545067044	0.0710772489524782	2.08440597136657	-0.596040460842512	1.34300992618364	0.0193963882164113	-0.489802982329767	-0.0512556120733312	-0.218730284796659	-0.300915937336175	-0.128951944609439
3.10.110	3.40881456932917	0.136622461530419	-0.0161356470779409	2.31667775204911	-0.514950805949762	0.707337503787023	-0.245819046089636	-0.995004326199479	0.316358295726441	-0.0241035024302199	-0.79198135943186	0.0302078970540412
3.10.110	-0.791525282849379	-3.12213161022979	1.80346186611925	0.434831825614464	-0.885715616470033	-0.0706834643752552	1.05873960850434	-0.415434371307621	-0.347103828371905	1.58489674132226	-0.00786051160212192	-0.361892570535341
3.10.110	2.31113806052949	-0.437786951646864	0.611375682330589	2.20656104753667	-1.20363049900972	0.662474159752633	0.288842638112703	-1.53676960384484	0.242072896433379	-0.235727491582701	-1.0785291527308	-0.505530409197898
3.10.110	3.84731341212883	-0.198953577576163	0.582185524951788	2.55159766226835	-0.652676478074154	0.53355312433208	-0.0532273217563939	-1.54302401132088	0.0578894383436316	0.679407945901466	-0.368125157901317	-0.126900932498007
3.10.129	0.202005562366575	-1.69047925351751	-1.32222301937019	0.262317309117961	0.0719345136344529	1.05159060102937	-0.969038994292427	0.473191627253848	-0.527257877293214	-0.460636522788814	0.158137274609247	0.107280896082056
3.10.129	-0.289805539759589	-2.34182124855122	-0.559323295870762	0.702630581279847	0.417412672306299	0.561637059306547	-1.23928263624603	-1.0113287373955	0.874662205868996	-1.04071224325124	0.587805848628175	0.100960240126075
3.10.129	-0.738136210281477	-1.02598491482879	-1.12535443577644	1.37531173715994	0.776090804395197	0.935587155662248	-0.35664231645442	0.0791422515138184	-0.639153220060542	0.538929312746384	0.764100065101564	-0.264675074681497
3.10.129	-3.48234707291213	-3.31450439136284	-1.19843511724293	0.651651082562018	0.139663117662435	-0.142548724356216	-0.882269231276482	-0.616668667787674	0.541798838941664	0.903847726784947	1.44767502970325	-0.60992487683971
3.10.129	-3.01710793007191	-3.07392549453799	0.76586131374478	-0.794531996466331	-1.44175642943773	0.0654640025058461	0.274982004899014	0.154813721654576	-0.340871336789422	0.422781727786629	-0.628705173492417	-0.340688936045509
3.10.129	-2.08384742019194	-1.00496895241993	-1.2360181382417	-0.0948414324933528	-1.16220958000578	0.0434828366678595	-1.41156014179992	-0.210974914707663	-0.773020550984424	0.34303260428221	0.0475974002994405	-0.243043881232071
3.10.129	-1.78539144161489	-2.14721031622215	1.13067623863455	-1.74491090679378	-0.882139927086312	1.34572411541514	0.0414859062094567	0.216423048841533	-0.0903852040437981	-0.44201094110409	-0.242478837178047	0.327261736278374
3.10.129	-2.0832974947406	-2.86338789066009	-1.18984965640821	1.72242562711509	0.771369445630872	-0.187228917656218	1.20285787038959	0.699338210994501	-0.545962333581197	0.706806520415208	-0.201866812387654	-1.32202375021074
3.10.129	0.265111636252781	-2.20379451965152	-2.00815771508301	-0.155951577446984	-0.438419704548955	1.0145710675026	-0.335520109240888	1.10297967625741	-0.573136649839126	-0.498094912272958	0.493867392340055	0.102487997835564
3.10.129	-1.30030138446071	-2.53241501901128	-0.608919088450557	0.642152450022535	-0.147091263879818	0.653516344265656	-1.36957893483186	-0.407191230681098	0.200529602625872	0.370566407992163	0.987723624094551	0.235766022427181
3.10.129	0.360020485532574	-0.910110044779343	-2.22060160541816	-0.884022457268135	0.711933208936849	0.874259504885775	-0.293424655024919	-0.718876713040534	-1.4696869543578	1.92547278460367	2.20704276591688	0.567960668232594
3.10.129	-2.5008739288152	-2.57925767660116	0.75213817741973	-1.04125092449852	-1.11897764285359	0.386952308054975	0.13228974282252	0.141748167306125	-0.130229343796301	-0.074792754772165	-0.577199900849649	0.074548807629128
3.10.129	0.555553933682821	-0.837382694023755	-3.36630426422973	0.901650360616908	0.659695774896253	0.741322865502172	-0.323469522219616	0.0103665317954387	0.472041715871976	-0.128008286136992	1.52656710265256	-0.202014563148462
3.10.129	-1.48915207508356	-2.05885490038262	-0.920356193037843	1.75706540372869	0.705934784292835	0.67943752631169	0.992483753922531	0.45559078194199	-0.522961127631483	0.480437485984132	0.249623139258422	-1.00642712236554
3.10.129	-3.74496641306097	-3.0363271166029	-0.0266964114410382	0.250943838232035	-0.905069394538362	-0.42655903129503	-1.39218639983479	0.631297255791301	0.412373276117104	0.63704130950831	0.0771645092902449	-0.565223723050365
3.10.129	-0.341902445965777	-1.91094940810775	-0.629882358504019	1.69994316709094	-0.737175316126905	0.644887446040201	-0.851471760445198	0.199252427367602	0.286259463055557	0.991674642109078	0.0841029904797407	0.102243368599541
3.10.129	-1.48394256936175	-2.19884394496435	-0.452032328328764	0.249176204159143	-0.376579492119264	1.22044936488693	-0.9919377162021	-0.213474892276133	0.18001028274725	0.25554387926744	0.199664045949164	0.0389701612862935
3.10.129	-2.4522722420087	-2.80663287237	-1.33321175543767	0.187838493443058	-0.379511380588281	0.47883471105301	-1.4781163614911	0.00521655619658684	0.156786875346802	0.103159753215601	0.95807834513692	-0.125328704014097
3.10.129	-2.90825397597218	-2.58554572288835	0.0276174796318483	0.147357790174555	-0.682634128925236	0.461068744949985	-0.815790955197739	0.255680447603928	0.0823310971220632	0.686685530506741	0.0538798429026623	-0.471554921237715
3.10.129	-2.84827473318032	-2.55878649131944	0.0913521810458705	-0.0916442721949535	-0.718205908395449	0.530492238859471	-0.790503880479023	0.231630649701053	0.0990988872146719	0.680007473158621	0.255867379444913	-0.337448809509685
3.10.129	-0.437245077035602	-3.59874419157011	-0.548490498533319	-2.55013927399136	-2.72548251266045	-0.17177287031828	0.562184941597853	-0.0886249277548659	-1.19404475155423	-0.36121641145292	1.27623837262659	-1.96203604034405
3.10.129	-1.83220643632957	-2.34187554405705	-0.334200177747848	-0.0682888212541235	-0.295753903739877	1.18122719592679	-1.18903291909099	-0.607347828682562	0.749028811828139	-0.281273304757336	0.497029535754629	0.306173875725455
3.10.129	0.206233485911977	-3.20784098241406	-0.433639793555919	-1.46719076076965	-2.28564914595298	0.45657211054179	0.245414781892124	-0.130489749702397	-1.34993059393961	-0.551396421097551	0.877390303891429	-1.35304126339487
3.10.129	-0.589004766033876	-1.63674067425769	-0.233392771953857	1.1329355564022	-0.695416640877661	0.550650166684257	-1.2139140464089	-0.0668747410774534	0.225544386401294	0.517582564623362	0.0762838292121703	0.175158309399668
3.10.129	-2.11697762115955	-2.26753739786625	-1.38572049536172	0.272551860737552	0.128409406536013	0.698635117318765	-1.15270883516454	-0.145572305548595	-0.310386025368165	0.367169760009866	0.989989900299703	-0.412138906256203
3.10.129	-2.7682668393315	-2.60981726272567	-0.632906601030125	-0.573278394452709	-0.370896137527703	1.49915995091505	-1.17563168756619	-0.438528159681436	0.640520389503448	-0.0811097405932891	0.761067958841393	-0.149801189538473
3.10.129	-0.62071243028581	-2.75305730927507	-1.16243976756573	-2.46729824985561	-1.35334254164171	1.74464381466155	-0.0791626497398044	-0.184877516848912	-1.08472276479179	-1.42220495547128	0.586492891799997	-0.477527218239662
3.10.129	-1.48105201897371	-1.28799150874099	-0.324075485311446	-0.123193410300268	-0.713769091515485	1.36815970955393	-0.892540800117008	-0.32862373442717	0.564631499499979	0.14611176786717	0.85536092145367	0.61830013963407
3.10.129	-2.72411555553479	-3.68536653328344	0.578743440577959	-0.494296365719447	-0.808285210727217	0.391723657136403	0.430564393321853	-0.186004487806039	0.152179417423449	0.241943331995297	-0.152317709625609	-0.518676203414609
3.10.129	-2.37817631502652	-1.89601913721039	-0.921107837425607	0.677838398731026	-0.789708979919152	-0.0565576100020597	-2.11693572554516	0.494293563702741	-0.00993425378690017	0.0590718051199271	0.841718430062225	-0.383104227462349
3.10.129	-3.38977131689548	-4.37901928512118	-1.08580351650973	0.123155911079268	-0.181905199329921	-0.446647130139706	-1.43777850450595	0.269244088580953	0.669101718285701	0.0854387357330318	0.844509532732215	-0.327853711364045
3.10.129	-1.27672652211611	-3.19363041363052	0.688608263272354	-1.15459999198746	-1.30830173401121	1.09208243244646	0.133336938230879	0.378902518480013	-0.417257285124594	-0.232902606167676	-0.411294268196616	0.0784962053275653
3.10.129	-0.217540119715909	-0.518009925816393	-0.297126551768002	-1.53912506014493	-1.09311312137826	0.131290889863594	0.0547803555937666	0.345404939375787	-0.415040403696943	0.0507965373116669	0.0429755117164198	0.571025361802737
3.10.129	-1.89822545669077	-2.78808916259409	-0.108745067435333	-0.985740357441149	-1.17443619526324	1.42550427079124	-0.782624914832296	-0.0398726935902748	-0.39599281713391	-0.411992688574076	0.0980411784394272	0.285183931023657
3.10.129	-3.24809350528851	-2.02004578419774	0.499870637490979	-1.08371425125521	-1.97034656723654	1.85986361779334	0.344727255383212	0.790322100543381	-1.00805250429247	-0.330936759579327	-1.95075555170343	-0.491698489338518
3.10.129	-1.99353458872661	-3.88455018440175	0.237608985510032	-0.00234871674448796	-1.1272878360286	0.578351019485929	0.535881012235269	0.221181728850538	-0.600832650760564	-0.0619156066731025	-1.27570593772765	-0.692821589605274
3.10.129	-0.828798531671546	-4.31172801838626	-0.156564096542409	-2.07756747375806	-1.31624684061531	0.700251257184052	0.38466991048394	0.446312182732957	-0.438427720401889	-0.50484436818634	-0.0157929079159047	-0.438491500383251
3.10.129	-1.94773688485148	-0.489523138186866	-1.9718543027334	-1.42287894008382	1.07782353900938	0.228098713158469	-1.87457957631407	-0.881596673392612	-1.18042486230572	-1.16152990599202	1.0120577955344	0.573333397163803
3.10.129	-1.92161554487179	-1.07662950680967	-1.15980103356534	-1.88969498012821	0.0207622567663514	2.35401984267399	-1.44316042305857	-0.129087976910513	-0.385179158420795	-0.773592787556458	0.261537071162028	0.439759626629264
3.10.129	-3.61851586631233	-2.18741017910115	-0.442488108376431	-0.569370068711642	-0.0207634670097845	0.883145792033435	-1.93149277805206	-0.944834541641792	0.55930792438792	-0.898061111939266	0.66193833011374	-0.0538975096488364
3.10.129	-0.664296969660563	-2.80794807116211	-0.868061500752123	-1.84480885328227	-1.6831955288273	0.665557240066558	-0.0949750609281806	0.06266727053502	-1.02267804687934	-0.816298084419391	0.0766667276520531	-0.510141663127699
3.10.129	-2.46985080490153	-2.74610143112304	0.323150665564391	0.193344910251765	-0.405148194513856	0.247511603804569	-0.272460521663604	0.394093672998005	0.259836461041819	0.836155603289615	-0.0635922968855751	-1.34044115299878
3.10.129	0.0767134627085675	-2.81837950774112	-0.199072199089915	-1.04340813974022	-1.89139573771869	0.600151674140402	-0.0908949227911199	0.159136202746003	-1.07257967907601	-0.311054481228349	0.0357590367633802	-0.470549829324529
3.10.129	-1.86119664465636	-2.27421123155725	-0.324796772432261	0.134370259551663	-0.294608502432018	0.938268607882965	-1.37497857828419	-0.0048363800332314	0.342999217925	-0.355223272367877	0.249384027585486	-0.204425977051201
3.10.129	-4.44107485821282	-4.77375369556126	0.109409908243426	0.262389862745131	-0.559456373206659	0.353886724517816	0.861397555066357	-0.110943504199588	0.204454293224552	-0.100157945979634	-1.69174060593042	-2.05273780067053
3.10.129	-0.125203639740044	-2.84242719874592	0.0285977792904517	-0.385803438602162	-1.25033341938952	1.17319463420457	-0.233056002250636	0.29883035703326	-0.580266643958064	-0.599636728583163	0.554278791024068	-0.641914488869709
3.10.129	-1.87938678125616	-5.10886354353438	-0.0356975010850114	-1.05124706225388	-1.51105940848437	0.551047632181493	0.897685607826804	0.259546331158414	-0.536155642980362	-0.0280008731244608	-0.190598106752567	-0.637365876101401
3.10.129	-0.812506539052684	-2.37314200571528	-0.902484798114598	-2.59956719788582	-1.66073990432622	1.59703280605216	0.253811387784544	0.368231324856206	-0.413975788434203	-0.362055446731627	-0.199197304244097	-0.025973171884589
3.10.129	-3.53884929458527	-6.25411978288881	0.659249324509763	-0.511948177442344	-1.4541297000309	-0.712642262999464	0.738746273711747	-0.161508325525805	-0.486823183983237	0.458080178836401	-0.508440280166243	-0.809783344597685
3.10.129	-2.5052396064396	-2.26999302254123	-1.66848165004962	-0.495381709976026	-0.213348333940774	0.766578379729469	-1.47990571401843	0.00969169417287066	0.177064337220617	-0.134455886768142	0.970703820274334	0.0277948867743864
3.10.129	-0.42078317441325	-1.43577716790431	-1.30230738528058	-0.648018110589138	-0.460975716901734	0.89563783020804	-0.463054751536355	0.757692603062631	0.0893101091378705	-0.083141431835796	0.397793702446008	0.370168084008213
3.10.129	1.65593485233308	-0.798728650894905	-1.41634549145665	0.0810659080661294	0.968181388315912	0.803766337607343	-0.836727725828072	-0.313948735369978	-1.52094914004882	0.431434258415729	1.01741992657354	0.368623269278218
3.10.129	-1.39878410754636	-1.862205692189	-0.520172406722543	1.2352634031085	0.357729069934375	1.17817135097287	0.670552333214901	0.527832995040588	-0.632709050915608	0.499486438432803	0.135189688274049	-0.409472159204134
3.10.129	-2.88924243704004	-0.90470517226036	-0.915684348094644	-0.0311780616598025	-1.35036689626945	-0.518076297840064	-1.50038612263566	0.226471311176635	-0.698250128177526	0.389447276556491	-0.168829305055694	-0.31367857771856
3.10.129	-2.54376330803598	-2.95016006081843	0.172487962798165	-0.725407011883835	-1.16179481195983	0.59001292668576	0.370526843141983	-0.112501350099834	-0.0463203918202099	0.182520216472942	-0.910466588954828	-0.254669347192789
3.10.180	0.566748429318188	-0.86608979260399	-3.27935592968885	1.9391031558075	-1.12732120456699	0.661905138138474	-0.393943749657229	-0.0404270919453242	-1.05254214108209	0.191869692757026	0.194649399965679	-0.00578555420206477
3.10.180	0.976583897899427	-1.39331498994803	-5.23213072836427	0.779647439652659	-0.955845478438319	-1.15085632595978	0.740892070695765	1.77008792002834	1.25804752160651	0.648561685975716	0.459361150030434	-0.179204575765285
3.10.180	4.32543590265032	2.47072188297881	-2.39112220226125	-4.29492742910997	2.47998148129252	0.438898621340629	-0.577103103109964	-0.614419924557169	1.03922371179618	-0.364817667232881	-0.979900942129443	-1.33966437473998
3.10.180	0.224731037467087	0.167186235273816	-2.73727475472918	-0.668841859676498	-1.42241189060315	2.56727861450855	-0.131080031697724	0.710323929459786	0.07801096298739	-1.91037210585908	0.515265270330482	0.293948192082888
3.10.180	1.87304371011349	-2.35107265011196	-4.83756845323157	0.572925977525905	-1.41268000928119	-1.70837291359954	0.0546341201341393	1.67385813056556	1.64616473338493	-0.0638938063625578	-0.130550222538945	-0.313537498232666
3.10.180	-0.367814767587803	-0.383192260537131	-2.87042565319805	0.0335822515313713	-1.59659269053322	2.81199716561898	0.0817993882426436	0.68520202733037	0.0757954912280981	-2.22231694157856	0.786010620314012	0.327083808779252
3.10.180	0.635630302293662	-1.73072665683881	-5.22776285770012	0.147480499665646	-0.277284351228656	-0.46387741321887	1.67236161831638	1.14055051529599	1.43918714371243	0.48337088896258	0.333552761162317	0.639537600879204
3.10.180	0.550970680034663	-0.215526004769352	-5.03034077558137	-0.610019320245677	-0.134078252599525	-0.0994500222642618	0.541170858086153	0.621816022083503	0.744486525741606	-0.0570940438936438	0.578059773863097	-0.463545406911104
3.10.180	0.660342718974986	-1.35973515011543	-5.35369189911975	0.0995368770909777	-0.883991251393933	0.862309413164994	2.15355132626481	1.16318045836778	-0.17283758681632	1.29699766070944	-1.41719401030859	0.971682311852666
3.10.180	4.03323779000339	1.92538563983325	-0.675909046542283	-3.55557923877049	1.68905158770953	-1.00985579547352	-0.783555040743233	0.0641118006145264	0.065089294830656	0.744562110252353	0.470523138900536	-1.22904022325192
3.10.180	0.521643590000985	-1.56041996504681	-5.22476766685764	0.827246880833446	-0.951921651565671	-0.585981910841407	2.73868315227412	0.43971224444492	0.993085297476392	-0.235406120756304	0.118503327683102	0.675050208268893
3.10.180	-0.658512890420718	-1.70583448156379	-2.92625309467342	-0.568569532379824	-1.0486445302565	2.29076032281472	0.404245818335962	0.0393051546701102	0.183910223484966	-0.939054037284535	-0.363548319061984	-0.108066459910672
3.10.180	-0.37500490530339	-1.64855740613413	-2.81506935373771	-0.471740407830428	-0.932295502821347	2.10488261944495	0.125513472078495	-0.0174790747905366	0.0944396486447506	-1.02116047380405	-0.0128411992709447	-0.166719325145355
3.10.180	0.609269862554412	-1.55518192765984	-5.24413995687056	0.748415455115233	-0.89676124762938	-0.652805464162064	2.59382643716113	0.453306174606131	0.826363454890302	-0.183997895544173	0.592100919774579	0.534682063196581
3.10.180	1.16441798640713	-2.22324396370179	-5.03933296775357	0.837430707471589	-1.54169205124119	-1.4388040552034	-0.0338635266084067	1.01634382312357	1.49154208612025	-0.0539443901697259	0.411774845779694	0.405471099904903
3.10.180	-0.0455742043724711	-0.279362729134778	-2.62997098607512	-0.96901056755533	-1.04860319316408	2.52030251891809	0.0245318339564057	0.648849816842874	-0.491601372367461	-1.46885330355166	0.61517008050714	0.726186348238495
3.10.180	4.74440616947156	1.60627223526244	-0.80486479960911	-2.94984214166168	1.65085923366715	-1.13329801881795	-0.126214689242882	-0.178226272078676	0.553900330975599	0.843170326793272	-0.0725751341440557	-0.752516795369236
3.10.180	5.06876237797178	1.77729166375933	-0.541541496806518	-3.26099643124826	1.31084942724234	-0.788653531074428	0.20846833601441	-0.147580722824728	0.640914285123077	0.844184599232643	-0.601974021157661	-1.16311016279674
3.10.180	5.3923516786322	1.11840020779395	-1.41438513238538	-1.12720843384294	0.383196172968856	-1.40207082291253	-0.804135569113387	1.77684384320135	0.964561827604189	1.08690176406593	-0.126313395212109	-0.357115660310342
3.10.180	5.1009953642363	2.22685031725595	-2.48617058819932	-3.60434624256262	2.4436409171846	0.620568230014754	-1.0749815089801	-0.444407623578926	1.50660765550049	-0.097841624023735	-0.923956615991722	-0.875631519456176
3.10.180	4.30290471988158	2.00416887307441	-0.707146404839579	-3.34361396694031	1.52094968877585	-0.233003887433485	-0.511642244196504	-0.342417904345312	0.709640191865963	0.629328431523613	-0.455878375486527	-0.608874920657921
3.10.180	0.681342519410157	-0.682431218124175	-2.82555769629872	1.6632693589141	-0.369789659861504	1.037853990796	-0.697455084301484	-0.161659502771737	-1.6717314293244	1.80876155572971	1.11776573687972	0.739193435462785
3.10.180	1.40669049424029	-0.360310539124959	-4.80787119397295	0.854716662591032	-0.540422974742259	-1.45938554962328	-0.225253973951375	2.04657869152566	0.234534193116938	0.476250409039563	1.29969856927873	-1.3188062686503
3.10.180	0.528439787056139	-0.820802444160076	-4.00824213130543	0.840226002158435	-0.814242365046051	0.633141169429095	-0.65490837509058	0.417318842947381	-0.0895834771719016	1.56218931983196	1.0998756433469	0.725598890202841
3.10.180	1.22376437470585	-1.39048726077776	-5.06927563429149	0.846563985680461	-0.29550662330373	-1.7405948196182	-0.053159482960953	1.72860598596555	0.405686740608807	0.51324563384058	1.03670654431281	-0.709221905069704
3.10.180	3.62684317611834	0.778106550564896	-0.910545899792623	-3.81798720229463	0.751981963689314	-0.807311728222129	-1.49684773009568	0.114374857937101	0.499369532432199	-0.89193071761422	-1.27016512343039	-1.49768120444183
3.10.180	1.15580017097875	-1.33674527929757	-5.25734465376404	0.758753475805366	0.0893548654245228	-1.88242977379126	-0.286530451105616	1.64268283328519	0.427076604022921	0.0981231693270248	1.62950995740821	-1.18143740448645
3.10.180	0.863489874650793	0.0813724618587715	-3.90059173153445	1.44634332557061	0.324326447935282	1.05292542019707	-0.772288836381159	0.181987176553922	-1.30179089381689	1.471692628771	1.31181855573599	0.461681394433388
3.10.180	1.92501415312201	-0.337862278546454	-4.48987043727848	0.442616324806325	-0.861673096312095	-1.60840744601815	-0.0898399568762444	2.28104600504916	0.493436914516233	-0.0544132872421275	0.594211316269102	-2.03878839208489
3.10.180	0.145475497072942	-0.866575003196404	-3.46471826046288	0.728798204861643	-0.904569268124921	0.923562922202592	-0.0406009847422181	-0.142337433976501	-0.83684811170647	1.28989597369847	0.841597154129985	0.634572713953712
3.10.180	1.19702662274413	0.213137601905107	-3.58339549641497	-3.26113151578279	-0.117193581369526	-0.739392914231428	0.0931734534619033	-0.00591677251249847	1.93737917506103	-0.465321741222334	-0.566531359571256	-0.0736304392222727
3.10.180	3.54555962333177	0.72975557703669	-0.421160338834949	-2.34513621706035	1.49391630619273	0.547656199951736	-0.0710664291777846	0.330882649858478	0.788378919526619	-0.447426909637424	-0.145741398885833	0.215133472460846
3.10.180	4.94796794459036	2.53823844502164	-2.33683022319331	-3.56664583358974	2.48406245228866	0.797346855645813	-1.24286061931023	-0.521483262811798	1.36012869124332	-0.134864567740311	-0.867362539574809	-0.89003496445615
3.10.180	2.50060664076987	0.218913300428787	-4.37108621809129	-1.7168381754971	0.0497808966576402	0.468782356470841	-1.01369748763208	1.4579278223935	0.829746355004901	1.50973135691235	-1.53460418415428	1.18671121664121
3.10.180	5.24984635016076	1.34264194310448	-1.5094955846594	-2.43290501857152	0.729611139009427	-0.562532191844322	-0.710298430076528	0.480570718698794	1.35109225652406	1.02634412219102	-1.00191294931345	-0.567853966897017
3.10.180	0.343861007829657	-1.64021041343501	-3.90391485553455	-0.978500431892362	-1.29967372068579	2.08422590732839	0.772169099891447	0.641285418314301	0.488563176264646	-0.60768101911527	-1.30903523748126	-1.12017194935754
3.10.180	1.02330185109618	-1.23412416108181	-5.1887627767416	0.518066399543633	-0.355455601785395	-0.934044516638688	2.32138884222514	0.832821757774524	1.05262069633121	-0.0987763283679622	0.46016998072442	0.540211144644982
3.10.180	3.7295750554673	2.24229870392557	-0.993848647226934	-3.78638404977232	2.13661709699788	-0.635067330066576	-0.435716662884389	-0.183313370104654	1.00472738968284	0.349906535223644	-0.0219923079198301	-0.805253187141315
3.10.180	2.84528575546592	1.86672580253324	-0.644194934839243	-3.97934437575203	1.53830703081367	-0.493084126948849	-1.09428470871503	-0.248531667316326	-0.016191053794084	-0.502679508684692	-0.317359315839762	-0.366793013082302
3.10.180	3.37206292702286	1.95473495635406	-1.554698881123	-3.39744078065774	1.61016071402425	-0.0234565709605735	-0.934685634843708	-0.835952588627474	0.483024254308982	0.378444696069204	0.488129903977187	-0.952053136972051
3.10.180	1.50683580523046	-2.74332196181366	-1.09408478657277	-0.645988365190655	-0.38623555264168	0.303013927087323	0.537706310362482	-0.770726636544523	2.33995587950993	0.407173783961637	-0.0098740589331464	0.777289378984959
3.10.180	3.63111283406171	2.1293771061275	-0.5297003374228	-3.45670071138386	1.66289872643308	-0.384621884994137	0.0263884431457247	-0.167483180424006	-0.0503375865731694	0.1950332489622	0.259288120975499	-0.202781599043465
3.10.180	3.09242613504516	1.6776289525626	-1.06581707258691	-4.78735526121457	2.10822658487585	0.142372973469302	-1.10799632827223	-1.76422378345657	1.20287488044915	0.879553572968052	-0.508456989909652	-0.308147072582612
3.10.180	0.0584320343213253	-0.813771516223907	-3.89635403624904	0.940867795595213	-0.55464145777739	0.866149920693294	-1.27919838046711	0.154477434143037	-1.03321448587636	0.918645902192033	1.10693194443609	0.294505190383831
3.10.180	0.00282546172870011	-0.230811533766794	-4.63990331813618	-1.50484278439597	-1.10322045130988	-0.136083252060802	0.459796598071111	0.478587319434635	1.38113498542976	-0.188899518069344	0.892971267889064	0.0288266713861932
3.10.180	3.92657114487536	1.52559142243126	-0.957991468380851	-3.48135997741636	1.60443728603253	-0.744122764977407	-1.62548602233788	-0.518336144087224	0.722096703080563	1.06415099158732	-0.220324713068519	-0.643512297351846
3.10.180	3.21592519194981	1.84025358152055	-0.682149542089612	-3.69862304043251	1.18737541115636	-0.105321587378912	-0.223933150175741	-0.351076779873495	0.596304464439796	-0.492222896819098	-0.618020348543535	-0.776356421000798
3.10.180	1.8946526425427	0.945299134335213	-3.34998019448103	-1.964308283151	0.911988535446545	-1.15043789039763	0.494738684292117	0.467095194104659	1.71360117638162	-0.70737600629063	0.405318884456392	0.255790473289711
3.10.180	0.902269746591951	-1.43242499335648	-5.35800191379028	0.762040605788885	-0.484843461947601	-0.967475496183008	2.44317065411676	0.759580542084139	1.00605030868845	-0.0344889068736713	0.431772227401239	0.598299205336517
3.10.180	0.661671893752437	-1.54136202975803	-3.8836676001031	-0.502936968392687	-1.5002242044623	1.56771998581278	0.751858584282651	0.614374306475258	0.765511135485703	-0.581673638264192	-1.67871131291465	-1.27741821214282
3.10.180	0.349684520573955	-1.22204095598396	-2.64798050731264	-0.25551894873673	-1.0914333586348	1.74650688057607	0.120325108930196	0.0811803316399394	0.243905759202042	-0.934512556397084	-0.119136855077692	-0.000918923046892305
3.10.180	0.584271420071988	-1.18836508359151	-4.8860378904805	0.907491047372296	-0.85218441858964	-0.490851104052165	3.02727104156057	0.584976033347963	0.959549516409989	-0.53494693216489	0.0926535565060199	0.761250820149392
3.10.180	-0.201330244431611	0.0782634776790575	-3.86393167115844	-1.70880775472664	-0.512811933496312	2.71188243975624	0.42919257236259	0.38345053938385	0.64454115934498	-1.36349975819422	0.507680030540128	0.472391826045106
3.10.180	0.814783932504273	-1.44751214324451	-5.06040953724787	-0.263634148895292	0.357066403007146	-0.573938493704606	0.738533176813555	0.474893833115088	1.44364992291565	0.528407856542056	0.625733238712229	0.697501864054865
3.10.180	3.04344802511823	1.83127396275409	-1.89358693625224	-2.42138452841796	1.96136551105916	-1.00877199742529	-1.24234724661563	0.278808421009488	-0.342772166403686	1.14988532151392	1.01236004337018	-0.0239710437713472
3.10.180	4.48730482900851	1.91802290042432	-0.00781288408404697	-3.11881262252022	1.42377806654185	-1.50918860697799	-0.759247836665275	-0.418796675220853	0.0120343829462761	1.31613943848768	0.129036968014563	-0.409637015680085
3.10.180	2.04816569833055	1.59782639467942	-4.10045853996362	-1.90107109123379	-1.76987509300365	-1.34705678065498	3.59985805581388	0.693764406400606	3.9529228176134	-1.58887125213992	-4.1200621293246	0.331697221057245
3.10.180	1.98856516030325	1.05254638902357	-1.31111212331336	-4.84203608310513	2.16723740661059	-1.13997106353048	-1.56131800316617	-0.95439780463579	-0.128268417151492	0.505838769468838	0.307147391231284	-0.375628059682097
3.10.180	3.29080756367199	1.79895485824133	-1.00936381008619	-3.83250403382744	1.80894802269306	-1.08528725968789	-1.17537426672692	-0.171003362436032	0.853438908473276	0.589483914623016	-0.453552443267519	-0.355067242275915
3.10.180	0.235663322771484	-0.141554991325385	-5.33242254900547	-0.682803754045388	-0.222820033545487	-0.57492857825581	0.707860430652637	0.606059191062707	0.886760793138582	-0.521332484033582	0.574050009192643	-0.25822613751481
3.10.180	0.413102381195076	0.141467244138625	-2.95024156470624	-1.13821928389449	-1.35515846382593	2.00495038188384	1.37166155504326	1.01739672685233	0.35400381767603	-1.68095296121969	-0.742583268978997	0.207559396958973
3.10.180	1.65663295380426	-1.78819492433669	-5.08794993794346	0.824665015086534	-1.40231145775265	-1.75090803751976	-0.0910606116208084	1.24803202758837	1.4547347986871	-0.162683794098532	0.397106015484234	0.0327766312981283
3.10.180	2.46109229101893	1.10331574223056	-1.15699272170576	-4.28758592750539	1.74457679145012	-1.22057563701165	-1.64508823373243	-0.912101956087887	-0.138418885073752	0.671078170395539	0.462324021072419	-0.407059270236179
3.10.180	0.643901408074117	-1.05041435968535	-4.05152566254962	2.27017880153733	-0.46060303306592	0.461780628799622	-0.810598897823948	0.285235541252379	-1.16574220436933	0.981139638475839	0.569763012638345	0.157041807575083
3.10.180	1.1637245870839	-1.50274207526873	-5.22821030908888	0.925946254672185	-0.304023395057382	-1.90988254687396	-0.0886165864236469	1.74477565966011	0.458739151147719	0.550559440585318	1.11441256407716	-0.747862324810501
3.10.180	3.44677772826709	2.24374274447987	-0.797466264862	-4.37642792446058	1.74278439583286	-0.886182099385383	-1.38237527402918	-0.374140059072848	0.0139092637281243	0.215474252602717	-0.319778253374462	-1.08063762437024
3.10.180	1.27214288727727	-2.60758091916088	-4.84968541024341	0.921869697574978	-1.78744201362335	-1.73702094461571	0.479707138701139	1.89115528487868	1.60836838032634	-0.426054857121295	0.126716920588024	-0.394313436574228
3.10.180	0.109479298065983	0.12671487798368	-3.6911350893303	-1.02324429063076	-1.19058422163495	1.6204346048335	1.19933937414762	0.751281828603208	1.20859293198961	-0.708769643834904	-0.47500657475322	1.22124150089154
3.10.20	-2.0898965130712	-0.613610412888064	2.55152677086312	-0.920274230411261	0.809494187455674	0.0271471055702845	1.52935933160063	1.08243814557588	0.708054941622942	2.56258866587617	-0.441456278776718	0.94817000613068
3.10.20	-0.15367845666678	-0.430591970975506	2.60341029883849	0.240159967143449	0.894219809684149	0.54554426314195	0.767107256466847	0.650127011627866	0.38324104311997	-0.171756498879751	0.518861596839661	-0.353039277445664
3.10.20	-3.090325796887	2.13137897741746	3.72566704576432	-0.0947387984358825	1.71910603486516	2.27087577886664	0.60023770045191	3.61203181904842	0.142845060470561	-0.140517997880187	0.326303568968785	0.963153240015208
3.10.20	-1.04605483211152	-0.533705853601412	2.82609166732088	-0.321511726798859	0.737189443717666	0.716261032809524	0.906234123816322	0.808306498248567	0.485384026060497	-0.16476691146512	0.623027049723324	-0.427272905872514
3.10.20	0.957947305988577	-0.369003497653593	2.2848741420797	1.48628703776885	1.81671646355995	-0.171616790945782	0.458236008520552	1.34667560300863	1.35895282914971	0.184725265417238	0.0976100703383283	0.741295497598199
3.10.20	0.158649807491391	2.05820908927794	0.954353958504585	-0.615831248596163	1.40176164353304	4.35311142138009	-0.42854926947063	0.986619772111297	0.259675310071003	0.364615699989983	-0.416740732888076	0.66834415812567
3.10.20	1.52446202426443	-0.267532122358484	1.74215771500798	0.892651662198368	1.44782616802189	0.861904364983523	1.02037998834621	1.32053402470796	0.655009309698893	-0.26635369165999	-0.276590830856999	-0.466280190813174
3.10.20	-0.516733748043866	2.68258976515903	1.65721663664115	-0.476022515908343	1.0173881722414	4.73020161755393	-1.39769828491321	-0.0263660087351597	0.215195944073889	0.186485527565216	-0.125015625930226	1.24198757008909
3.10.20	1.4807698744762	1.76356346184708	2.82935301853121	0.586189627505804	-1.14629874212457	0.917258705449109	0.222814201341984	1.75727975880766	-0.526737943822111	0.471252706400674	1.59322443438399	2.17599770673631
3.10.20	-3.11796839341232	2.60853566593202	3.87889855543215	-0.0882660834040767	1.28280304331269	2.78192851092365	-0.477886304408038	1.80442134686993	0.0467454955516529	-1.13391656572665	0.203903766616218	0.500418686335159
3.10.20	0.360237871304747	-0.385377501329446	2.44380492096871	0.216217604161445	1.27659797607728	1.15329072450497	1.26482448323953	1.14216711767976	0.595941057693231	-0.0431647009440098	0.0780063300617836	-0.242540752221012
3.10.20	-0.634730962615973	-1.57069212956772	2.13173933773493	2.5271517426654	0.85559700543974	-1.23356710457475	-0.828864706575206	1.5927010834127	1.13400552004395	1.34302494923522	-0.0877265246370859	-0.150331071153408
3.10.20	0.69080059392865	-0.941726168347356	2.11873642697554	0.699915796923563	0.875873112555635	0.317788599365991	0.660417790360028	0.571501489482825	0.848430123826734	-0.36216049436268	0.282935366467005	-0.571534322344276
3.10.20	1.77669794639694	-0.570476001929151	1.39979976491501	0.421837688469651	1.07935658138441	1.17521089699344	0.820150398455597	1.22065502674685	1.20668989462812	-0.318487921796801	0.391730323341743	-0.0398635149510467
3.10.20	-3.97997202647934	-3.7445504306644	2.01492768180053	-3.33871190809182	-1.14099715085477	0.0107007559259772	2.27715791043334	-1.84050232400966	-0.719393443535126	1.48453692642993	-2.14476191577711	1.11543011150977
3.10.20	-0.0386847303934879	-0.89210603236449	2.20615959140507	0.0266623982848058	1.0882738194902	0.990253492630975	0.885517854217402	1.12510268434166	0.660743616488885	-0.117011557026879	0.33069976762777	-0.425716378809597
3.10.20	-1.50136077323821	2.43171734631469	2.32264658669674	1.60965434647325	1.93118335867898	2.67239048592516	-2.15834774789462	0.509991625887439	0.220731388391864	-1.39262381263069	-0.699145640000772	-0.345191862007397
3.10.20	1.61841013838637	-0.177847428136535	2.35176901907934	0.607810602969114	1.63942470584373	0.693284663941892	0.627073903091337	0.190641052379181	0.992101460348437	-0.313308816949109	0.658464228010226	0.303785994657614
3.10.20	-3.009549037105	-1.2336764441219	3.20884843710475	-1.36491523785412	0.122433426412202	0.0712755086292393	0.998528370730156	-0.756576932064987	1.32810940400566	-0.266566445351824	-0.260772466561155	0.147441577635037
3.10.20	-1.29466415219803	-0.571190088440319	2.47621246871081	-1.24834059606046	1.582763860395	2.66618162505969	-0.314511528155043	0.0828625219460198	0.797968200028353	0.760903780630171	-0.699329572537587	-0.0452237362842015
3.10.20	-3.69148580237551	-1.38105474977554	2.8120896945395	-0.958721591959598	1.8189336594216	0.743904148281673	0.188511660880733	0.229898727869231	-0.703285972611344	-1.2237794416344	-0.723030316670354	-0.208146043992385
3.10.20	-0.478139492228381	-1.04332114556325	1.88460720249636	1.20700524026125	0.843896722604411	0.0186093096692161	-0.4864536108663	1.40532225949559	1.86350521397647	-1.23001994429402	0.788349324335601	0.0333256170244928
3.10.20	-2.03108240317203	-1.72352785898612	1.84971285117843	1.65849805927454	1.83759634507169	-1.49697521383825	0.528912496724777	0.772038001412226	2.12558703760487	-0.989690598749054	0.95689388916771	-0.412794828660469
3.10.20	2.1179088808315	-1.85155614449455	4.88361147548166	0.195545683689541	2.05867991035272	1.56401057618447	2.21929966857205	0.416256491031019	-0.591066323780319	0.509326050676682	0.496877599144591	-1.73473902040027
3.10.20	-4.92823603712851	-2.43950131521433	4.02650795136272	-1.52575300915903	0.819892587066526	-1.71659133233268	3.18048351018002	-0.216809859667741	0.859814930687849	1.2935787111284	1.28688802759878	-1.05041222783535
3.10.20	-4.65095943025428	-3.73465058537768	5.24730957918586	-1.89468509393798	-0.854756559742278	-1.98982372588589	-0.219049381331276	1.11794186370097	-1.09990199313868	-1.86348963228171	-0.884248798101633	0.336085020318663
3.10.20	-0.721021833936022	-1.27530644205399	2.77363668989218	-0.0621483864865484	1.59234658234006	1.16692287097508	1.46892363878196	-0.617148443874894	0.45208896987367	-0.30868938347289	1.05162862645168	-0.535480098936131
3.10.20	-0.206572349912436	-0.595063675152979	2.52505866020154	0.24133267318114	1.10053558890477	0.783208715828325	1.40942180416557	0.356981561021955	0.232790564243253	-0.0276445761373056	0.186458867964695	-0.726094157915514
3.10.20	-1.73165305453575	-0.100347574997394	2.80788439433174	-0.826213683720516	0.722740950325867	-0.0810754363825793	1.35434595045464	1.23973781277004	0.483062764972349	2.37526236200341	-0.780124650515998	1.0127366458851
3.10.20	-1.59589387287254	-0.709240480184958	1.78841757111452	1.65059511079338	1.54234898392111	-0.373706293629926	0.231129200374358	1.08310551009302	2.10347104814631	-0.916090183605391	0.365616885803135	-0.151926148642047
3.10.20	-0.737876555397095	-0.778860963910047	2.86495253436026	-0.38087224444321	1.37467948573034	1.03928678517779	1.11210003257068	0.412855103923749	0.411715566166262	-0.0474216545398695	0.348917230039741	-0.477983417624265
3.10.20	0.65552004137207	-0.8489819362673	2.74036563828044	0.359552125074379	1.17637076893904	0.656490150016022	1.05638347220136	0.514274774187692	1.06529586474132	0.41730670904105	1.23180166118039	0.427652764518118
3.10.20	-0.560609311699827	-1.69662413060255	2.56872789244233	0.826456927234778	1.69838040971503	-0.225897624032501	0.652504917856952	0.424827042190451	0.984035182758655	0.242061108401742	0.659824886312013	-0.644637832490707
3.10.20	6.06294940221076	0.771721615859045	0.710028322892411	1.35326984957287	0.246185673582324	-1.20511883635939	0.981797508534489	0.669429700117919	1.56131105927793	0.300924692501942	0.17818974044906	0.862556350954395
3.10.20	-0.696616953354983	-0.948154188277495	2.34639699213387	2.44478253757427	0.892760793393888	-0.979874836672556	0.420110575943542	-1.87408616648238	1.86935245163409	-2.52299816537931	1.83949746221459	-1.98453395029099
3.10.20	-0.997728990442602	-2.38037600403587	3.14309491847019	-0.770086072672603	0.768878025714023	-0.276075463835337	0.852325814552884	-0.610026920342337	0.444871103873025	0.63511244167587	1.87903482209466	-0.852994861554228
3.10.20	-3.11732354635059	2.90873336572676	4.0252822488148	0.270704251196444	1.20867446637471	2.54322086553939	-0.727747937775538	1.49086455117861	0.0708586202260474	-1.0624477993717	0.262080300786175	0.107672422932895
3.10.20	0.45692271496219	0.354099248753919	2.65397117523814	0.519179131226424	1.72995056334217	0.853175751113496	0.775114700057537	1.4396254849654	1.23767539446761	1.20164959434757	0.109280352011854	1.3557256031881
3.10.20	-1.18914743508234	-0.761439987594949	2.91527872702519	-0.0704355337987478	0.672257412597423	0.605050801181523	0.831028129762963	0.883209002472573	0.563853367024602	0.154313206129507	0.575452913992283	-0.467690001766874
3.10.20	-1.98735038382908	-0.934170995433627	2.46707454298352	-0.92246031185166	0.31978193447479	0.219729458180834	0.679756390503991	-0.451893432294989	1.12223591966509	-0.0554116623407415	0.00119477042284438	0.506087920340525
3.10.20	-3.47019811195959	2.25933670224719	4.27171476404224	0.150401250468708	1.50682114270749	1.99741875056732	0.438820472943479	1.31599499259702	-0.0361357771265002	-1.0057528229886	0.883937076261421	-0.216030262523475
3.10.20	-3.67188552581018	-3.89676617162131	1.86552383636163	-3.04598232055148	-0.692177705361308	-0.029105036267299	2.04745082172673	-1.65606278751939	-0.753781753590629	1.32442968605404	-2.06019912813537	0.889668732277582
3.10.20	-2.6181491826659	-0.949082288270245	3.30835854921904	-1.06630884207577	0.0399875369407974	-0.0164063958887054	0.895354156334918	-0.52930959909151	1.31708856414072	-0.551465509660103	-0.455886995863721	0.155856243631578
3.10.20	-1.45598228149182	0.323350118511304	3.54418794451839	0.094173685483128	1.12970452744708	0.294157456627182	0.712580665911794	0.787537971846519	0.888318687166552	1.90249680020445	-0.506616430530177	1.49772896537786
3.10.20	-1.23261754093143	-1.08095387035944	3.14100991943374	-0.279781366537814	1.27891526996061	0.764522396957856	1.29348063352262	0.119877467744684	0.310375124218451	-0.176607430213951	0.399653603669457	-0.978579480177397
3.10.20	0.0471980305531943	-0.439607324540091	2.47597038119366	1.10878178174621	0.680443009706794	0.771021905008644	-0.386210614601504	1.16109377507995	0.764827185921124	0.445982067050458	0.0406410427540742	1.02456365788463
3.10.20	0.427795647240528	-1.16344861616835	2.33901090012231	-0.021495853187105	0.62024820991586	0.659197895635684	0.686052417277528	0.132448940935673	1.00492138100308	-0.287320183250994	0.5065103187668	-0.81488175869789
3.10.20	-4.07326542339047	-1.26995442795617	3.8370043101281	-1.60806855856792	0.472432425339101	-0.381271854670853	-0.0627498238043723	0.212356735873436	0.467738417106534	0.0934186825725979	-0.239776020621521	-0.652162816294985
3.10.20	-2.40892992751498	-0.909479051173738	2.7722999108081	-1.1871469502916	-0.376507753159005	0.273991131306713	0.422354910622882	-0.0532881640771563	1.45254523050673	-0.492199938051757	-0.660889198773825	0.884319394654897
3.10.20	0.101150609685606	-1.74674427851549	2.71616875050059	0.00216392815616938	0.645305753486267	0.412964205734885	0.944296873826606	-0.173896642315936	0.640265271193716	-0.179583502520147	0.232502827756226	-1.24917297733058
3.10.20	0.102680115067953	-0.19594334238269	2.11243770303272	1.87834214047411	0.774519155346748	0.109559223630222	-0.559260447189496	1.22572763012472	0.511137288444329	0.0735727840195759	0.349587688661494	0.892779118913948
3.10.20	0.284227491050055	-0.190283468503326	2.13040469198284	1.21910390963178	0.838217630133301	0.555869048075456	-0.469007461863856	1.16558469403359	0.602686960701456	0.256741755918892	0.335173568177967	1.19402763016813
3.10.20	-1.7475587959095	2.92760550838119	2.6419216692789	1.54902397486224	2.394211353851	2.9587410359729	-1.61040655785035	0.349790623955222	0.305956701944715	-1.11320583841001	-0.421630798464701	-0.340649427993633
3.10.20	-0.680879763550019	-2.25223155366645	1.5039593460672	2.34896144852085	1.28836601336357	-0.809335106832983	0.0193748138431459	0.906750370300575	1.07987076475453	1.4558964639055	-0.0521975682508897	-0.811789362365786
3.10.20	-0.0100994843739113	-0.0896834989709508	2.28326027708475	1.4336679669051	0.945012129175274	0.61799775095172	-0.642795598975406	0.740068729166831	0.35578828086285	-0.506452667965428	0.0644440876058627	1.00161971373159
3.10.20	-4.18179301087729	-0.376705815413483	3.88742990430805	-0.06810304295308	0.820437498595192	-0.191056936803904	0.634748569182096	-0.0941623175433869	1.03777915858353	0.0588252379240538	1.19593490761123	-0.659769898991823
3.10.20	-1.18849056068469	-1.78685365608799	1.97705937383667	2.78274464474043	0.817714533934974	-1.19224709411316	-1.00129557643644	1.51353567923399	0.888049393988549	0.591733315776369	-0.107536280959834	-0.0297389660284038
3.10.20	-4.73171732502605	-0.281995625759337	3.64382764013483	-2.32624353854349	1.00538519587415	2.12080957069268	1.99770705512528	2.13375038594877	0.298117094179251	1.51424420980253	1.3444867402284	0.165028198929562
3.10.20	-3.74092909444249	2.16238759165183	4.01261276307929	-0.386933556174976	1.23420191813908	2.43554762901406	0.266469346082405	0.0503797577992035	-0.426001494555443	-0.544476408665014	0.817773776319442	-0.630684019894981
3.10.20	-5.38225963826609	-0.214174861892509	4.48771557506478	-2.39835360264681	0.645777963423878	1.49366370520556	2.49936781147527	2.25096373527892	0.204147734520145	1.3098220134501	1.51925390296045	-0.195780173536667
3.10.20	-0.691776015267414	-0.512379437636829	2.7028511870673	-0.417175396348968	1.12780922480041	1.1793846273274	1.13986681322677	0.370669264711241	0.551635606411002	-0.588070243042716	0.364013553093382	-0.56272779098502
3.10.20	-3.24166296590847	2.24884180900331	4.32665462782444	-0.3389622079825	1.21609132915955	2.24767224089203	0.00721390801774752	1.83748301566911	0.0494804669199887	-0.3420625948472	0.525960885308085	0.409615803813959
3.10.20	-3.77883046596012	-3.97877279188528	1.70483325158544	-3.44800482032004	-0.834301941209115	-0.14987391498315	2.14266666106874	-1.76874580034504	-0.92685421546874	1.48252260492255	-1.89805650646516	0.771020515786856
3.10.20	0.528697151463376	-0.902397465950888	1.88004077897839	-0.100333525039214	0.958045779220157	1.24672103727958	0.853698974424244	0.518339772387943	1.33343219614236	-0.408385188494231	0.704434363130106	-0.289422836917773
3.10.20	-3.79941272135802	-1.11772944957869	4.30342362865284	-0.213110451876848	0.217398625780259	-0.677553819830202	1.0894995114832	-0.612562907850232	0.755737315059389	-0.502634472888115	1.08599903865693	-1.06590737654598
3.10.20	0.152157256244221	0.303163854685377	2.12976655553373	-0.0172626838701128	1.4578580515874	1.7079479643577	0.940622369854087	1.16869815188374	1.04415302836903	-0.308693533623611	0.597952044076183	0.657411934415744
3.10.20	0.849312236055142	0.556472106775499	1.50515143786573	0.402525908919423	1.73033423442558	1.78595740792075	0.739367386023611	1.20824576366709	0.896930443287113	-0.220885781135062	0.431460590590582	0.765221536408899
3.10.20	0.719205606875982	-1.19755333728414	1.94960035701434	0.858005869096736	0.889123355480483	-0.0972325533575018	0.806742763676734	0.146564507562871	1.3903855862249	-0.0179408399942622	0.0236902091977883	-0.552736211796843
3.10.20	-0.0149945170690771	-0.567902760306898	2.64413482152131	0.104826000801169	0.856952690373892	0.713988176181026	0.0334535766076907	1.10222952207869	0.899239800308988	-0.63309176450889	0.537743846589968	0.0498213168660447
3.10.28	2.98540486860979	1.80610819418655	2.14501442611236	-1.55166251750712	-1.95063434997696	-1.15282385314268	1.35077986720067	-0.217518452599272	0.00712809332812173	-0.377297237499707	0.724277353374357	-0.267833617142839
3.10.28	4.98982522591094	1.97641220874336	1.9512049862715	-0.391223282433032	-1.51358732152945	-0.19745053194612	0.706102205050436	0.0693618284000838	-0.518272587673498	0.0645570704002117	0.00334776101168507	-0.521034099186509
3.10.28	4.49263638291796	2.98586715041006	0.79107322144758	1.67159684712886	0.036275247298513	-0.0590132747291592	-0.136628106414041	-1.29770176396219	0.631750009230635	-0.947405469042484	0.68111065499654	-0.100477710102002
3.10.28	5.28619322910102	1.98763053967054	2.17168862248199	0.583935231855376	-1.54123344822786	-0.496265751052269	0.626981543267485	0.496575138882174	-0.630366374447575	0.42693222268083	0.142305481458217	0.153345330258423
3.10.28	4.67738302589823	1.5062391140374	2.35825108483162	1.45442340258844	-0.402742540621991	0.364896517422311	-0.0474038227963947	0.338218930680756	0.385563945743451	-0.173410810371944	0.112219766087375	-0.123206376689382
3.10.28	4.42517899697622	1.87473753739893	2.17068936334638	-0.0117862221831417	-0.155048046825082	-0.995804757160853	0.233537101471395	-0.798157372402952	-0.369455742409506	-1.18260722221267	0.378941911928136	-0.0256834397192733
3.10.28	5.04654367893929	1.96163200796404	2.00102870703758	-0.129773098962914	-1.30123236958775	-0.0425352943360075	0.549035022752596	0.111110797317845	-0.544526193490279	-0.0221616194613965	0.0140837683626431	-0.322410894507412
3.10.28	3.71094774134745	2.04332130188052	1.7667612564335	-0.203590321302692	-0.52126094036386	-0.0687884710732611	0.377882909343906	-0.810366373753029	0.209281451896438	-0.715737902826269	0.878241524033692	0.0214759664859586
3.10.28	4.15705211472431	1.84121282980501	1.35650653455891	0.158716918509628	-0.242784606367206	-0.415457360455803	0.600313897331645	-0.6530047381357	-0.47195786897064	-0.81392348031633	-0.002934524206642	0.180486292880231
3.10.28	2.96453784424064	1.37027850372973	2.07368751479137	0.504148101049055	1.81757953033445	0.215305692166071	0.344628278834478	-1.24820804979197	-0.291811791285596	-1.22981578108486	-0.375081961301266	1.13218564712726
3.10.28	2.13302911494673	3.20243827580322	0.926974243911925	-1.25324462716349	-0.985501229097259	-2.37053349522291	-0.830799126616088	0.206676128076457	-0.621842808568467	-0.34791694452023	1.17268903570772	0.991088132273087
3.10.28	5.07792213401432	2.07342232918082	2.02546119230984	-0.280192483618353	-1.56289436670135	-0.203984562332706	0.722721784352038	0.0155881349181302	-0.553942106868189	0.0492086805397218	-0.0239901438765441	-0.436214186022444
3.10.28	5.11604946225542	1.94921980270722	2.04209849866675	-0.184481744057777	-1.38619487335852	-0.0764792144818479	0.619002043515819	0.0196468225538194	-0.540132602887023	-0.0366349530298218	-0.129473582247408	-0.388646251812852
3.10.28	4.98824434866336	2.05839252635496	2.05849986907112	-0.370430923916403	-1.58455321021976	-0.227328516321317	0.69717302774255	-0.0261536914515532	-0.532826302641382	-2.81859387318839e-06	-0.00396601243678893	-0.43873162870199
3.10.28	4.97355461236135	1.99389151659041	1.9747814837359	-0.350043213427495	-1.56144194370783	-0.286236365348882	0.730969580889954	0.119933022136068	-0.477479846207399	-0.00908048321359778	0.0492967787938358	-0.496049052023229
3.10.28	3.13719917632448	2.3142408615782	1.14993887496776	-0.402297465969707	-0.678125863009191	-0.610457969948472	0.275896093771948	-0.302164157539091	0.0469624023634652	-0.382199125884481	1.77081507603683	-0.476095169736487
3.10.28	4.03509418816632	2.12858279669562	0.150384387668677	0.412307929124588	0.281058844370081	-0.0991011018876777	0.420510503833594	0.0875920411049835	0.0507189731484348	-1.29494889241302	-0.149238368323861	-0.301942485066652
3.10.28	5.28494141228657	1.98532304485344	2.14259216602529	0.576996932106191	-1.51059179698749	-0.454104215305899	0.606726911474023	0.42162596827276	-0.633551345587435	0.405520526562214	0.110412334716164	0.156380640474421
3.10.28	5.04946705020129	2.02577313040038	2.011011205069	-0.276693597391293	-1.51046823684963	-0.178848443882529	0.687514007012237	0.0128422326449065	-0.516206126028662	0.027649583637728	-0.035282833553804	-0.392021160800742
3.10.28	5.11051523064183	2.00290981460587	2.06123800309661	-0.243646683354208	-1.50381829279998	-0.184883729429872	0.63449743545166	0.0329490963270957	-0.56941812556852	0.075136041032508	-0.00319269912052481	-0.385959113744495
3.10.28	4.84792770264078	2.42650080206048	1.49401029230586	-0.225162618619122	-1.64704186940266	-0.7824847900386	1.21730952252475	-0.0794772364302659	-0.232514556130658	0.551607337484029	0.346018922769852	-0.0583832196608982
3.10.28	5.15797914427637	2.03459874082442	1.90704220846501	-0.233036007193388	-1.40775801762103	-0.0701233864399597	0.682447717353198	0.079961315274898	-0.508158888680737	0.0629035887056664	-0.0370423529462836	-0.452868544838499
3.10.28	5.10555991329205	2.03967309365535	2.02172195255721	-0.253159027809023	-1.4687270031333	-0.158033459642758	0.657145721549598	0.0988882575060172	-0.545131973352111	0.0599646964293675	-0.0144186853885527	-0.379953272514409
3.10.28	5.08307649470141	2.00262720617118	1.93439969460797	-0.227685970045849	-1.38238381782895	-0.0831219813382304	0.662547278723915	0.0737079249945326	-0.546056374156345	0.0794612567285194	0.00839684114802827	-0.385577644750625
3.10.28	5.10424025334729	2.02933586835185	2.04261850625227	-0.265690591724243	-1.47821769577133	-0.184226382304845	0.671417403777332	0.0922719255975044	-0.567989163535031	0.109646931928999	0.0192962414196653	-0.367568818229109
3.10.28	4.97193438305603	2.0672044717253	1.94924058804457	-0.384684963388314	-1.48760769051995	-0.177790112436273	0.558854501525624	-0.0639078393146936	-0.534867113795479	-0.123163848713329	-0.047349384873564	-0.41924775122879
3.10.28	5.10582870650722	2.00316877895906	1.99568582928838	-0.293048356783497	-1.42382649394369	-0.104450796897236	0.671048187145317	0.10666604543531	-0.532255083115083	0.0742981089415945	-0.0359319728843317	-0.405527602674546
3.10.28	5.09869054970146	2.04010093076054	1.9997835350633	-0.355166312023296	-1.46169780119524	-0.126294542382646	0.750957559898506	0.0731178958411645	-0.539346756681386	0.080246137202493	-0.0291189700567784	-0.451492512695412
3.10.28	5.00457287804869	2.07174328972187	2.07364175432815	-0.330034026409949	-1.53571928508649	-0.171959468597772	0.664334689326205	0.00378520572125834	-0.542549432102346	0.014660655450963	0.025068937410336	-0.419660421858756
3.10.28	3.87799362072553	2.06699734582241	1.66068510353699	-0.115062791801268	-0.580392037583951	-0.215313724913143	0.316581692675489	-0.671285765311227	0.172072035926538	-0.535455828572177	1.06202338832223	-0.0310381927797514
3.10.28	4.6101827298367	2.06996801832978	1.25623482125375	0.199426342712755	-0.370064901834414	-0.580019412675438	0.857478248670234	-0.601537348738736	-0.194330922818148	-0.94054297028314	-0.366270120228623	-0.107030514549522
3.10.28	5.41654546681976	2.09493919789662	2.06428303089808	0.470834050134164	-1.66268450087294	-0.552939122399294	0.711022467212723	0.464941594252333	-0.552225569232923	0.417290335187873	0.0488420662142996	0.123503172559378
3.10.28	5.59963955658015	2.19345466861283	1.84109402800766	0.343578065864087	-1.74737410953124	-0.487946520186144	0.795132708785784	0.589078050236882	-0.471504052704959	0.432761495431013	-0.221884937275236	-0.159988755740906
3.10.28	5.27488720696879	1.93804737974962	2.1757757735747	0.576069257712373	-1.48383519291818	-0.512053756818989	0.598385918472279	0.485301122785907	-0.597755223248759	0.411287052518916	0.148710721007476	0.181249062453369
3.10.28	5.30627115640952	1.97125822648355	2.18386616102559	0.591382756120939	-1.51807813068195	-0.471291029492134	0.587939794078211	0.446910689173012	-0.628898875878151	0.444118543932011	0.123550825812477	0.195905976564901
3.10.28	5.32482613477235	2.02209617218949	2.17831930513867	0.559583067106576	-1.53754635528349	-0.492367259390905	0.626457130752525	0.47785079234686	-0.630760681967226	0.467711580450062	0.11687761189235	0.168661380113928
3.10.28	5.04145837894872	2.11634930499594	2.09399757464971	-0.332295592004324	-1.60997724563135	-0.194886796232547	0.652419831316869	-0.0858083507985523	-0.554482589591532	-0.00464541938433399	-0.0191528880930287	-0.422472691737688
3.10.28	5.09300829756568	2.09499435961246	2.04801952114623	-0.299924167013002	-1.51860240946091	-0.163276195416473	0.706738658247789	-0.0499430027010849	-0.547620728781305	0.026129292083901	-0.0349378310175677	-0.408321725817709
3.10.28	2.85602501129602	1.27421687348412	2.12726101193199	0.393154774129789	1.76110593259505	0.190991162323384	0.426329180075559	-1.23802225705924	-0.293407660137769	-1.18954919771635	-0.391815572672712	1.13372851171112
3.10.28	2.17067618456914	3.26977009180408	0.987836281033389	-1.20557766887582	-1.04997276664027	-2.39239831714075	-0.855795117975042	0.224005553967445	-0.576131521311446	-0.380859309979381	1.19450846079762	1.00397097367147
3.10.28	2.90461466943977	1.30925221421748	2.10731840883898	0.354292793944052	1.8393848508439	0.271953675688376	0.46793409335658	-1.28800010199463	-0.278425969195445	-1.26325013629046	-0.448021936835002	1.13794446920599
3.10.28	2.19806106720645	3.20037399505131	0.803968627332811	-1.25609063944481	-1.00058538017324	-2.38121620111331	-0.884624788263438	0.164930569522795	-0.503193417288009	-0.395632361523126	1.23045216353368	0.927323862096753
3.10.450	1.64143683371519	0.357506462768798	-1.28467542036738	-2.25634071220252	3.4457972462273	-1.20574410759276	-0.521193243379794	-0.882825647508501	-1.75385494851233	-0.722071173538031	0.431687904031796	1.20422397721089
3.10.450	-0.871950046975655	-1.58268883301798	-3.10049715669041	0.386289491575842	0.616792903757436	3.43721872706758	-1.04852871182646	-1.8929531421636	1.14682730833372	0.582128142360091	-0.672269748427722	1.44910839949095
3.10.450	-2.35476769324614	-3.79116147005425	0.353127630631517	-1.76192955182837	0.0946766969709647	0.429326938689096	-0.57526496027211	-4.0130383859399	0.908734306489186	2.11464839661057	1.52701636452649	0.856387834840123
3.10.450	-1.77203865526737	-4.25816067550722	1.56953171599604	-0.737304452925155	-0.0223262987695821	-1.47415369848827	-0.904735453118824	1.37028224850786	0.127830454215927	-1.53418472961524	-0.516383996382771	-0.330208865342255
3.10.450	-1.47359852335951	-1.57684278872509	-1.31741134036782	0.201362784282378	-0.432510637682039	2.74608835127821	-0.107413031164472	-1.50354323686861	0.81961472404743	0.643425752545275	-2.25267333558368	0.929708094317506
3.10.450	-0.621304748934162	-2.42999048874447	0.239743598529094	-0.13639925020012	1.24075818089607	-0.807668745473748	-0.273559792722226	-0.301596715839236	0.243964598876442	-0.976546965471315	-0.203207915165542	0.797315146918712
3.10.450	-2.14454469090337	-3.34773408840587	-0.0835037539697049	-1.84592924260313	-0.409493504918409	0.769247370964166	-0.353603676558303	-2.52927979258777	0.793196045023582	1.26053197064327	0.295604361335702	0.232410418306709
3.10.450	1.71419967283967	0.394854186078267	-1.41430891657167	-2.10368311441215	3.51464539636788	-1.27057446704588	-0.585609574630864	-0.767695039028486	-1.75161659253816	-0.678668497419875	0.47272850118519	1.0953583732178
3.10.450	-0.823008129410779	-4.33916347324668	1.36995960113174	0.17553225948293	-0.0156644824983923	-2.57348851661434	0.0806531692191794	-0.0977804749036086	-0.702929233944652	-0.352172101157504	-1.01001241713059	0.105070909156159
3.10.450	-1.37585636792101	-4.49317501431898	1.33427520847022	-0.265884646952839	0.00342392448002465	-2.3652996778713	-0.0435165237873095	-0.275297476465521	-0.901267309837239	-0.739158338493917	-0.766029705987218	0.0909635529957342
3.10.450	0.544440126644352	-1.75032255707822	1.62508045131806	-0.755343495556579	-0.679211000575542	-1.38949271937124	-0.252354490968731	0.552709028995209	-1.23113352264508	-0.532439593059526	0.626490882220299	0.234146475506074
3.10.450	-2.45159489915659	-3.87490291149804	0.395909279918643	-1.70539929804405	0.146012183698331	0.378357984338855	-0.546150259758839	-4.06843570666574	0.891265876142731	2.09141169338915	1.59001342449536	0.786230490471491
3.10.450	-0.357402567218036	-2.92154111954319	-0.219711251882847	0.425952331955954	0.893890515000254	-1.90115215672071	-0.778000364739475	0.492492635152524	-1.6723149287528	-0.0277068989699565	-0.380574293186294	1.20760963958667
3.10.450	-1.52732476277037	-1.6206259974713	-2.08445163614562	0.33123696635663	-0.302158237345486	3.28224850415447	-0.809593849135072	-1.84017428174269	1.2592799703849	0.476761437150605	-1.98732031294404	1.26549830625294
3.10.450	-0.82585261875155	-4.0481503298688	1.60302188179945	-0.189295183163102	-0.632918276201179	-2.23205385431507	-0.265073643586747	0.107355926781668	-1.00255613714203	-0.895671905237154	-1.30075831880912	0.378859382648947
3.10.450	2.60341675923885	-1.92233511569532	-3.04421642865676	2.21240215555705	1.91598213994667	1.52759144593141	-1.77699429503489	-0.453380003021082	-1.08359439086852	-0.251764463424635	0.273157224014036	1.83011683472047
3.10.450	0.857993492581289	-2.58172800503492	0.168797713409023	1.24401358037032	0.0200750547940931	-1.21302562941736	-0.884826940067797	0.178733515442126	-0.215748874762649	0.0246269216624847	-0.297211114026281	-0.0974110208340561
3.10.450	1.10636376418485	0.604569583496804	0.73784227030103	-1.86168896005745	-2.34113923146906	1.94378102681815	-0.996546413340733	1.25793783782723	-2.11104592491405	0.369791486544874	-0.0129429710956011	-0.0685727413080499
3.10.450	-0.233980784046884	-3.03545126023475	0.490023002039913	0.111688069145386	0.351180218406239	0.308451355365067	0.625958995010597	-1.23548000669007	-0.12805442393153	-0.131754941168547	-0.641254276352038	-0.516582314869592
3.10.450	1.64763778144067	-2.22139225995488	0.0328891187638834	0.541417416251348	1.579235612934	-0.767848769951072	0.11108698293024	-0.689194762138573	0.276525812896536	-0.197822708829234	0.26168232102142	0.429612743690412
3.10.450	-0.298772045946459	-3.07951441524161	-4.92420861986072	2.64895330021499	4.17962828095841	1.44713995035639	-2.45579245866117	0.342066441770754	-2.33338025968858	-0.346585298951854	0.696943526010591	-0.0951351586966774
3.10.450	-0.167418520819592	-3.48330552947716	-0.165910472007264	1.01887719795931	0.700679809809373	-2.50057125200208	-0.95006605150742	0.774898332223011	-0.674089601898585	-0.770603758860734	0.185782083471421	-0.0653987248024313
3.10.450	-0.340105686676323	-3.2577178439144	1.40127819146154	-0.657263859230668	-0.115976923387047	-2.01176509268929	-0.0488309214612805	-0.289164473358979	-1.05016743378188	0.252317573178982	0.00827365408857697	0.0383002328249312
3.10.450	0.129529766295175	-3.05648584326159	1.27210196126884	0.128451160952675	0.426599999261307	-2.44584985062036	-0.281070563483456	-0.0847181462313287	-0.775855516641626	0.154308525032205	0.0217427286989615	0.0158303693218747
3.10.450	0.194995255480328	-3.84727033118166	-0.227070859838157	0.743070598922563	0.117491590756503	-0.970991534526143	-1.05755947121231	-0.390671477711946	-0.159420284976159	0.341444193435389	1.8126637912783	-1.19061664655378
3.10.450	-0.205586582118585	-1.04822028610929	-2.16308371724447	-0.105769160735696	0.926803857532239	2.83253294985925	-0.910349316677301	-1.40477445605443	0.584948160393031	0.822161464885313	-0.0676730376661351	1.28953884811733
3.10.450	-2.90092440157377	-4.5022952842633	0.0550183172297967	-0.931203854887035	0.375631571312358	-0.201953994762732	0.00486217696335917	-4.25229683756966	0.511712777786441	1.20781358151987	1.04346701797658	0.270875212753144
3.10.450	1.74692813681705	0.454010828920866	-1.50524456365339	-2.05201889461095	3.52124902022488	-1.11953651650718	-0.696523689887417	-0.84606698357618	-1.69547423306569	-0.67661720644103	0.520740741440593	1.01143125811099
3.10.450	-2.06344780811179	-5.21964751276144	1.01895902071594	-1.05951447694834	0.255294712111069	-1.57222863981458	-1.13634080214835	0.346458503601403	0.0042556384171611	-1.99387486414364	-0.154054525941209	-0.896963984524095
3.10.450	0.579635144041974	-0.52551547381067	0.651331657248358	-0.717874816270741	0.164107501362246	-0.128284354481891	0.472976742016251	0.26655031785742	-0.844022546038432	0.187155001427045	-1.13186568083022	0.658766129469445
3.10.450	0.766466507807873	-1.33199411279538	0.271852671127585	0.221006473746814	0.189652003116072	-0.25853185043688	-1.27058754731502	-0.00840118976517185	-0.48300435045526	-1.19076307920018	-0.325379539640016	0.756987513855147
3.10.450	1.63567573778527	-1.94296068468524	0.161895962213223	1.32369959621853	1.01558406375084	-1.48633094600143	-0.533279633007983	-0.367013340479738	-0.773467872353009	-0.293787237343543	-0.275778956587106	0.567399386944066
3.10.450	-0.117918609666825	-2.08698696564935	0.338168262288762	0.0288345248588932	1.37963679968952	-2.11519753217441	0.204711692602158	0.617376449870201	-1.54225931770284	-0.327927937593629	-0.293333405412827	1.10364022268536
3.10.450	1.1154579458256	-2.61189521699481	-0.182469282586323	1.24970224173156	0.597603090004489	0.131088100005973	-0.13750142896552	-0.920360740810129	-0.281197225857077	0.275508206840298	0.162854925486209	-0.264009433610535
3.10.450	2.25758830216462	-0.453947932079679	-0.599757380703964	0.233880326708165	2.49068943264061	-0.0774112464664266	0.208948614238509	-0.067066860506135	-0.453865936716557	0.0319871153284661	0.13582379457152	0.924212776336344
3.10.450	1.58954493024755	-1.59954566052031	-0.302910265848963	1.33717947764838	1.08988982977212	-0.795998195455555	-0.751801580671246	-0.0744054610330378	-0.68328108384429	-0.541040821547004	-0.604425250448619	0.937058454172663
3.10.450	-0.173284420111104	0.623895722744993	0.531508468591411	-2.57708260573161	-2.29290841941955	2.53202757962533	-0.858041086232907	1.17293014569826	-1.87079013277798	0.752500358856103	0.294637527420776	-0.0160399953306009
3.10.450	1.18103295106884	-1.71849856434338	1.68257459585532	0.388756000501027	0.609005206960066	-0.86983565883519	-0.157988076505272	0.599330058338581	-0.479580697636981	-0.29845401386473	-0.977937726642351	1.74374742383516
3.10.450	-0.873699189746746	-4.0163727380557	0.68748181979586	0.395627170695506	0.956154027938162	-0.174516763398303	0.481328002868172	-0.901082975166828	-0.216599263377696	-0.421389244199238	-0.537721674374474	-0.687355662470459
3.10.450	0.156426457875098	-2.95236741844378	0.873138949815793	0.792696013588025	-0.0417786595892285	-0.165456395193112	0.751655158771248	-0.890033180743235	0.0402464454310603	0.811482635422718	-0.159801845461154	-0.0241650644570451
3.10.450	1.96911794646686	-0.519228060811864	-0.979920046756668	0.163323689723607	1.82003534093882	0.533429332319259	-0.181458358575702	-0.0121556589427839	-0.333420747068561	-0.0811249835387633	0.142941104041463	0.909769215080009
3.10.450	0.720513230522619	-1.29234485357653	0.12658607745212	-1.10194556314702	1.32532504866336	-0.647715616413729	-0.527904766918265	-0.569767583463916	-1.0374474733759	-0.833435846104207	-0.0702494194137295	0.562838648828554
3.10.450	0.375049978393688	0.53973261607557	0.610223957408619	-2.63202883697203	-2.39835858351859	2.65672389173978	-1.126769109257	1.06754629887693	-2.2532583668295	0.390331634666692	-0.0173039516974883	-0.590055025407597
3.10.450	1.61955229927081	-1.29504072252511	-0.165408814101828	0.847241843923866	1.12287289324889	-1.00704045216766	-1.26704398559104	-0.0961574608677958	-0.650810990482576	-1.14741976605601	-0.280753488988463	0.593909362651002
3.10.450	-1.39684397339394	-5.37781954070185	1.79370489566627	-0.677976704219171	-0.534235876262841	-3.31593513707057	-0.464551232725671	-0.0965590049355344	-0.925093021257975	-1.10084783458397	-0.543360121953723	-0.00421732324176434
3.10.450	-0.626793757852752	-0.674044106449859	0.879786114885112	-2.86999113268789	-2.21357935533611	1.13760454444102	-0.113810136504071	1.08928405258024	-2.15535240368443	0.509525628059875	0.838354339833386	-0.73871238613854
3.10.450	1.2104838213271	0.706792651472053	0.736988031304658	-1.79290641773403	-2.36656553093855	1.98293323878734	-0.934256498022522	1.19662658841829	-2.08023693702436	0.473988143022045	0.047070285319329	-0.00707773404048631
3.10.450	0.780572162172014	-1.15396471560544	0.0354516641877938	-1.08455335883633	1.29638899499009	-0.594070095649886	-0.601993192358779	-0.470992947695125	-0.929004178078268	-0.958777089553302	-0.172922888608789	0.595882832760293
3.10.450	-0.835358110304822	-2.96885502759405	1.48097858303424	-0.317153258633054	0.0344281024013611	-2.70135689787739	-0.157573305684392	0.493541584888596	-1.0602897797675	-0.254054228696895	0.0511868586989164	0.532434546758247
3.10.450	1.30760123747378	-2.39288860197327	0.632308545557876	1.12587676220991	0.847209183002529	-1.9510222200168	-0.287589202458246	-0.497588625832671	-0.787859764581014	0.105961010637405	0.13973238379916	0.469844531451646
3.10.450	0.689145877076737	-0.561710998248053	0.873417856558083	0.0902974453193085	-0.314400838258093	-0.685559042248087	-0.991826030415116	-0.172901152116302	-0.926729981093193	0.000398955522491751	0.164744139901742	1.09671731336268
3.10.450	3.88347544884892	1.58802714891199	0.524397016035619	-0.909917761492705	0.493249463183133	-1.584900243105	-0.698842368740472	0.870518613391903	0.198908233100477	-0.40787674463068	0.422025540860519	1.34296522288726
3.10.450	-0.5048117649354	-3.36197977905575	0.214644118277178	0.436409228942386	0.313600361090211	-0.730157277643775	-0.603320717068201	0.153138789039116	-0.594845703418462	-0.796232690803196	-0.427360856426517	-0.291720768259875
3.10.450	1.14588499289632	-0.0596735642018267	0.576922109648431	-0.556546666773975	0.474614557368031	-0.0361980124978406	0.304909912043394	0.432317195988816	-0.901343084367506	0.0191496342896527	-1.09641191721662	0.687940535557979
3.10.450	1.35675295572612	-0.204164118179704	0.204665707396694	-0.298766990481056	0.472797641979056	-0.0336163181978471	0.370620276912002	0.537549370106047	-1.04046732765833	0.119234073946464	-1.02160743159857	0.655936959162689
3.10.450	0.208895003778545	-1.07559177787424	0.823175720438514	0.460360205738189	0.744794534149789	-1.80764597317362	-0.746914147312447	-0.982323866755594	-0.474909441913699	-0.105534406650575	0.503553494643915	0.865436484850115
3.10.450	1.49437674405685	-0.501780774853639	1.46420868748532	-0.850282675843573	-0.59362355711246	-0.171937945150231	-0.0322990378647992	-1.56047238990571	0.796068049939636	0.565764569789273	0.762163573095777	1.27945576078571
3.10.450	0.376500911036983	-2.54045392133753	-0.259637880117397	0.829424627005357	0.777826390003686	-1.86004967663709	-0.768909080420644	0.717505383828904	-0.605113943171774	-1.36997879728001	-1.30104974243475	1.0399402436195
3.10.450	1.4634000938165	-0.288993724787726	-0.167036467896051	0.927754222331285	0.0436314981186394	1.09770470467837	-0.403029120305833	0.733385051840367	1.88103258487844	-1.47276562434329	-0.0381049107295866	1.03295315096298
3.10.450	-0.519207831466837	-0.835518425780277	-0.996590664320346	-0.213796890916011	0.455014811065964	0.710793575128517	-1.60519887559135	0.587890384311061	1.13779191967384	0.58639532023671	0.77454873159309	1.76888124960859
3.10.450	-0.518352714593933	-2.67521674778982	0.535940889262311	0.0755741979421798	0.837358887998206	-1.53224948848499	-0.00961997605175055	-0.164824860151027	-0.940517295558699	-0.587127008641396	-0.599462954322727	0.469534167159831
3.10.450	0.459609286304854	-2.39818630420253	0.301914401999168	0.862392642288574	0.410364826728734	-1.93283642351145	-0.929920643642322	0.699511628392813	-0.176632381434649	-1.64617238999474	-0.981846555350191	1.06068460891599
3.10.450	1.13245403857481	-1.58737434574592	1.00757289259583	0.858836144801854	-0.256013038036922	-1.66647665274749	-0.527594541841693	0.39167063511226	-0.963328872227723	-0.0459528688650338	-0.628476173758063	0.538102408749355
3.10.450	0.0765519567005455	-2.3811837900785	-0.563079937489513	0.370625276566925	0.751931788268657	-1.65172091960986	-0.775514092234286	0.0241346688752228	-0.578335501122968	-1.18573363389529	-0.814792843746821	0.504363247389495
3.10.450	0.0539033333432511	-2.69133523473048	1.49157198151577	0.26209927547081	0.0181256488833575	-2.65123558881061	-0.0697277235748218	0.513249263373103	-1.1446224257289	-0.079754190146637	0.262358818146594	0.52086363454282
3.10.450	-1.14082087434738	-3.34106669495902	1.66760360413893	-0.585142608674238	-0.0775271491028952	-2.77929034121104	-0.178932833629226	0.399204537471404	-1.05441572171926	-0.276132664941412	0.0965095720971204	0.317212009823614
3.10.450	0.815150471820186	-3.50966399515677	0.230731235272625	1.27380125696213	0.189790829717941	-0.349934525633451	0.386861645743517	-1.48223782397887	-0.132817086246187	0.349606135578958	-0.1135944518849	-1.05191687224868
3.10.450	2.28643808138843	-0.502103576844236	-0.498408226779781	0.141132931599729	2.22344590476132	0.0254645512267977	0.140607681679672	-0.0642229707479308	-0.404518824063988	-0.148990235470276	0.0366619449739607	0.840252585869351
3.10.450	-0.0226023952692763	0.705912522247608	0.715517617572395	-2.79748467397551	-2.90282473433458	2.82868030945453	-1.29350166094543	0.855399610197988	-2.01457224424622	-0.004056631344314	-0.137480143954236	-0.40612305582011
3.10.450	-3.46033130077187	-1.95294162454251	0.411719193356333	-0.721065066750212	0.0683862385278401	0.156217770082167	0.0651491009822475	-1.4963910365883	-0.066472264885374	0.561349803632565	-0.721199835385793	-0.245947675297085
3.10.450	-0.644735036425447	-2.26450678025084	1.25654962391213	-1.07605229630916	0.107043881932288	-1.11681101866174	0.0556344747252226	0.0577893736193344	-0.644156752799663	-0.891786047106839	-0.961145466742193	0.831145485893765
3.10.450	0.195423108864807	-1.6236397387968	-0.808218757650846	-0.566784106528082	0.258752431781319	0.0866405114974149	-0.774072526477869	0.0597019521482913	-0.73048381404197	-1.71553514667493	-0.830250811884931	0.44331919378184
3.10.450	0.029584091728913	-1.85105274905467	0.855834637210511	-0.552141262827255	0.3439543652128	-0.887121655845277	-0.993622933119502	0.107823409300243	-0.423592148503693	-1.01026075710286	-0.489797077662845	0.866019713953111
3.10.450	-0.139567711142326	-3.18258340118159	1.44807342246717	-0.155267926176995	0.542774496679638	-2.82670598270176	0.344744033834246	-0.0642143730612724	-1.08514296589954	-0.623661778718297	-0.195755666565463	-0.245395851083998
3.10.450	-0.38831734188198	-2.7360701296791	0.369269657222933	0.805326719642224	0.549623260139833	-2.53088196062864	-0.775248994022475	1.29297068686599	-1.24840566070331	-0.412972174286196	-0.447521346675849	0.85256092312319
3.10.450	1.67698450236687	-1.85829577652868	1.7041104229718	1.03216887449859	-0.855438051132087	-1.36485546900452	0.152138794715898	0.135121547769947	-1.21664688376416	0.472063307298442	-0.640440777332002	0.671985438105398
3.10.450	2.09652564259297	-0.670444476209996	-0.94801104024326	1.70550312204888	1.67777274626778	-1.11147825937006	-0.956275999359675	0.329763764952347	-0.768389216364516	-0.351357430471311	-0.391583569272581	1.31647318418937
3.10.450	0.164985180013782	-3.11368921565298	0.662323319190132	0.313852580136708	0.776461464068077	-2.54821208254719	-0.362076709127353	-0.0633678327183164	-0.746871087585849	-1.46518774201908	-0.713532685657036	0.0719718731661251
3.10.450	-0.0575515665046162	0.645702050641675	0.608623266108526	-2.66009063797718	-2.45388501781718	2.60089590612778	-1.03423498417329	1.0406088770052	-2.04050212503686	0.567885119740038	0.104843192186899	-0.208880698307565
3.10.450	-2.34236671361293	-5.73363165155549	1.06763069833291	-0.690680503405237	0.0307206352518148	-2.14718714716545	-1.09797508902387	0.968065837199182	0.290166475420498	-1.87765528077189	-0.252934685949489	-0.969191941935604
3.10.450	-0.0711743489417251	0.615514793459564	0.431508206712302	-2.63406368723625	-2.48303934110253	2.42285461573265	-1.01673526596338	1.24279972049617	-2.20361456634024	0.836748983657863	0.169929960775944	-0.291563409105864
3.10.450	2.32363886692836	-0.500085626617585	-1.26457859653232	0.808299334098085	2.6556663242704	-0.141518459567545	-0.201559739037473	-0.151514919497369	-0.316277780453873	-0.217643128112505	0.399169679064751	0.94985957609339
3.10.450	-2.11170862965259	-3.31482315705433	1.05895014697679	-0.592733893559489	-0.390205611970963	-0.878745966259889	0.186264465699092	-0.369040035457381	-0.807269560921438	0.580022975103505	-0.657839292788673	0.0776279719193445
3.10.450	3.43597391899291	0.728280005295303	-1.3254007795283	1.68753350840827	0.584632323958485	2.42212690451985	0.229834520010359	0.907518557945737	1.61946673202299	-1.18218729451443	-0.397612041110743	-0.421869712206296
