2.60.120	0.377542	0.217065	0.222812	0.182582
2.60.120	0.414646	0.209921	0.208189	0.167244
2.60.120	0.38618	0.211818	0.224088	0.177914
2.60.120	0.431902	0.184458	0.208998	0.174642
2.60.120	0.462692	0.180012	0.18196	0.175336
2.60.120	0.441272	0.176184	0.195328	0.187216
2.60.120	0.41812	0.20688	0.200097	0.174903
2.60.120	0.417853	0.206123	0.204183	0.171841
2.60.120	0.390546	0.226419	0.215595	0.16744
2.60.120	0.378725	0.205583	0.236137	0.179555
2.60.120	0.391304	0.218055	0.210422	0.180219
2.60.120	0.425135	0.206968	0.200747	0.167151
2.60.120	0.415122	0.210932	0.202023	0.171924
2.60.120	0.43492	0.184368	0.205484	0.175228
2.60.120	0.435179	0.179898	0.183456	0.201468
2.60.120	0.414423	0.210577	0.2025	0.1725
2.60.120	0.42136	0.201674	0.196601	0.180365
2.60.120	0.451613	0.177976	0.200501	0.169911
2.60.120	0.432399	0.168753	0.219329	0.179519
2.60.120	0.426818	0.185845	0.194752	0.192585
2.60.120	0.439333	0.183056	0.1908	0.186811
2.60.120	0.418132	0.203415	0.194124	0.184329
2.60.120	0.421684	0.201843	0.210199	0.166274
2.60.120	0.424804	0.200522	0.183715	0.190959
2.60.120	0.425678	0.193196	0.204131	0.176995
2.60.120	0.39673	0.217217	0.213213	0.17284
2.60.120	0.404255	0.223824	0.215006	0.156915
2.60.120	0.417526	0.199742	0.204897	0.177835
2.60.120	0.428624	0.173945	0.209174	0.188257
2.60.120	0.391622	0.212529	0.22329	0.17256
2.60.120	0.39481	0.213432	0.205546	0.186212
2.60.120	0.411952	0.221004	0.205799	0.161245
2.60.120	0.444059	0.189429	0.152006	0.214506
2.60.120	0.407127	0.214903	0.211663	0.166307
2.60.120	0.414536	0.216142	0.199451	0.169871
2.60.120	0.433897	0.211097	0.173819	0.181188
2.60.120	0.400935	0.222364	0.206207	0.170493
2.60.120	0.426962	0.194639	0.184149	0.19425
2.60.120	0.457893	0.162596	0.164783	0.214728
2.60.120	0.398084	0.218198	0.207124	0.176594
2.60.120	0.411996	0.190851	0.220539	0.176613
2.60.120	0.42735	0.179739	0.197335	0.195576
2.60.120	0.414784	0.207392	0.209715	0.16811
2.60.120	0.438384	0.190765	0.183261	0.18759
2.60.120	0.433333	0.204591	0.196208	0.165868
2.60.120	0.480129	0.16042	0.169952	0.189499
2.60.120	0.404586	0.212981	0.200155	0.182277
2.60.120	0.381287	0.217825	0.22855	0.172337
2.60.120	0.428525	0.177219	0.203655	0.190601
2.60.120	0.395981	0.219948	0.217715	0.166357
2.60.120	0.383696	0.218552	0.227337	0.170415
2.60.120	0.403514	0.177027	0.247838	0.171622
2.60.120	0.418498	0.189065	0.228411	0.164027
2.60.120	0.39308	0.215399	0.210411	0.18111
2.60.120	0.432416	0.214209	0.179302	0.174074
2.60.120	0.390599	0.214046	0.218243	0.177112
2.60.120	0.436477	0.214003	0.171654	0.177866
2.60.120	0.43637	0.194444	0.184432	0.184755
2.60.120	0.395261	0.221055	0.207862	0.175821
2.60.120	0.454095	0.184968	0.176193	0.184743
2.60.120	0.469717	0.16218	0.161507	0.206595
2.60.120	0.410423	0.218965	0.190011	0.180601
2.60.120	0.389301	0.218838	0.210392	0.181469
2.60.120	0.450856	0.187698	0.16487	0.196576
2.60.120	0.429412	0.208932	0.196296	0.165359
2.60.120	0.413484	0.209293	0.200193	0.17703
2.60.120	0.434028	0.203241	0.199537	0.163194
2.60.120	0.418524	0.215907	0.204866	0.160703
2.60.120	0.458573	0.173682	0.149313	0.218432
2.60.120	0.438484	0.201729	0.198404	0.161383
2.60.120	0.434517	0.194412	0.191502	0.179569
2.60.120	0.418676	0.187097	0.197963	0.196265
2.60.120	0.424439	0.214647	0.197451	0.163463
2.60.120	0.434435	0.2035	0.204364	0.157701
2.60.120	0.419056	0.215995	0.197887	0.167062
2.60.120	0.392069	0.237586	0.201034	0.16931
2.60.120	0.39069	0.215862	0.22069	0.172759
2.60.120	0.476863	0.160182	0.167055	0.1959
2.60.120	0.408241	0.217139	0.186552	0.188069
2.60.120	0.378034	0.220074	0.232003	0.169889
2.60.120	0.386929	0.215718	0.228148	0.169206
2.60.120	0.398896	0.223948	0.207384	0.169772
2.60.120	0.425186	0.209078	0.199036	0.1667
2.60.120	0.400552	0.214434	0.214434	0.17058
2.60.120	0.413161	0.216133	0.207256	0.16345
2.60.120	0.422856	0.211715	0.194104	0.171325
2.60.120	0.427213	0.192026	0.216533	0.164228
2.60.120	0.433875	0.189965	0.204466	0.171694
2.60.120	0.427847	0.211071	0.192478	0.168603
2.60.120	0.42993	0.197219	0.194658	0.178192
2.60.120	0.425073	0.216537	0.189137	0.169253
2.60.120	0.433711	0.175829	0.207357	0.183104
2.60.120	0.413308	0.213687	0.200703	0.172302
2.60.120	0.437223	0.20384	0.197299	0.161637
2.60.120	0.446637	0.184857	0.154249	0.214257
2.60.120	0.408516	0.211738	0.192175	0.187572
2.60.120	0.403353	0.209744	0.205947	0.180955
2.60.120	0.423906	0.213874	0.18698	0.17524
2.60.120	0.411178	0.215284	0.199601	0.173938
2.60.120	0.449255	0.186712	0.184422	0.179611
2.60.120	0.431013	0.197374	0.202376	0.169237
2.60.120	0.42549	0.190196	0.21098	0.173333
2.60.120	0.407269	0.205772	0.205238	0.181721
2.60.120	0.422222	0.202268	0.186395	0.189116
2.60.120	0.416573	0.193851	0.209411	0.180165
2.60.120	0.438914	0.191459	0.186934	0.182692
2.60.120	0.447692	0.182126	0.15629	0.213892
2.60.120	0.409764	0.204761	0.207918	0.177556
2.60.120	0.408636	0.225907	0.177722	0.187735
2.60.120	0.481577	0.176093	0.158098	0.184233
2.60.120	0.401538	0.213462	0.207692	0.177308
2.60.120	0.395953	0.216588	0.212341	0.175119
2.60.120	0.408093	0.216961	0.176496	0.19845
2.60.120	0.431698	0.182264	0.213962	0.172075
2.60.120	0.417789	0.200921	0.195606	0.185684
2.60.120	0.386997	0.227112	0.212295	0.173596
2.60.120	0.4202	0.210247	0.190224	0.179329
2.60.120	0.415947	0.206977	0.200664	0.176412
2.60.120	0.403561	0.217507	0.203858	0.175074
2.60.120	0.423036	0.185629	0.21099	0.180345
2.60.120	0.434646	0.201837	0.182415	0.181102
2.60.120	0.448696	0.187944	0.186929	0.176431
2.60.120	0.432051	0.208761	0.19359	0.165598
2.60.120	0.37358	0.219105	0.23544	0.171875
2.60.120	0.386638	0.222845	0.219397	0.171121
2.60.120	0.424472	0.210044	0.170187	0.195297
2.60.120	0.433586	0.200439	0.197846	0.168129
2.60.120	0.426067	0.202117	0.183592	0.188224
2.60.120	0.422165	0.213354	0.197748	0.166733
2.60.120	0.410936	0.222331	0.200065	0.166667
2.60.120	0.395534	0.217703	0.210526	0.176236
2.60.120	0.383704	0.221799	0.233228	0.16127
2.60.120	0.430448	0.206662	0.196106	0.166784
2.60.120	0.431587	0.208879	0.200631	0.158903
2.60.120	0.42615	0.188136	0.1954	0.190315
2.60.120	0.410338	0.205765	0.205765	0.178131
2.60.120	0.422382	0.202286	0.198033	0.177299
2.60.120	0.415633	0.198098	0.182382	0.203888
2.60.120	0.44181	0.173491	0.177083	0.207615
2.60.120	0.409065	0.212181	0.2	0.178754
2.60.120	0.351682	0.221713	0.244648	0.181957
2.60.120	0.387826	0.217767	0.230927	0.163479
2.60.120	0.417474	0.209814	0.203661	0.169051
2.60.120	0.390751	0.217919	0.22948	0.16185
2.60.120	0.374812	0.230808	0.219769	0.174611
2.60.120	0.411414	0.2134	0.198511	0.176675
2.60.120	0.393737	0.213135	0.215871	0.177258
2.60.120	0.407639	0.219167	0.205	0.168194
2.60.120	0.35586	0.219754	0.241966	0.18242
2.60.120	0.452662	0.175132	0.154002	0.218204
2.60.120	0.444354	0.182897	0.159574	0.213175
2.60.120	0.394911	0.206107	0.208142	0.19084
2.60.120	0.436461	0.206685	0.186178	0.170677
2.60.120	0.436846	0.19957	0.188817	0.174767
2.60.120	0.382495	0.227085	0.209511	0.18091
2.60.120	0.40246	0.223952	0.197088	0.1765
2.60.120	0.450429	0.163012	0.158246	0.228313
2.60.120	0.43965	0.182998	0.174562	0.20279
2.60.120	0.416307	0.186285	0.180886	0.216523
2.60.120	0.382439	0.212344	0.223365	0.181852
2.60.120	0.375539	0.21521	0.234026	0.175225
2.60.120	0.423544	0.217031	0.192152	0.167273
2.60.120	0.426807	0.208923	0.199363	0.164907
2.60.120	0.387457	0.207772	0.220085	0.184686
2.60.120	0.469293	0.175077	0.17115	0.18448
2.60.120	0.396515	0.233369	0.20169	0.168427
2.60.120	0.473319	0.192102	0.129669	0.204909
2.60.120	0.478084	0.153925	0.141692	0.2263
2.60.120	0.4191	0.202729	0.193633	0.184538
2.60.120	0.423589	0.208378	0.195613	0.17242
2.60.120	0.383414	0.240805	0.199861	0.17592
2.60.120	0.420428	0.219066	0.19144	0.169066
2.60.120	0.374807	0.215331	0.241911	0.167951
2.60.120	0.383201	0.223987	0.213122	0.179691
2.60.120	0.394971	0.212603	0.210694	0.181731
2.60.120	0.421154	0.210163	0.203121	0.165562
2.60.120	0.412252	0.214416	0.208093	0.165238
2.60.120	0.3724	0.23795	0.219178	0.170472
2.60.120	0.394987	0.216792	0.210025	0.178195
2.60.120	0.475354	0.131162	0.158594	0.234891
2.60.120	0.400324	0.226904	0.193949	0.178822
2.60.120	0.418105	0.194049	0.19855	0.189297
2.60.120	0.414326	0.210875	0.20305	0.17175
2.60.120	0.429872	0.201991	0.189758	0.178378
2.60.120	0.432982	0.21511	0.187249	0.164659
2.60.120	0.431618	0.185817	0.212477	0.170088
2.60.120	0.436589	0.209302	0.179225	0.174884
2.60.120	0.422358	0.204878	0.204065	0.168699
2.60.120	0.420814	0.208762	0.20835	0.162073
2.60.120	0.419512	0.194371	0.203002	0.183114
2.60.120	0.413937	0.215029	0.195268	0.175767
2.60.120	0.420081	0.200813	0.196434	0.182671
2.60.120	0.422403	0.192331	0.221618	0.163647
2.60.120	0.435512	0.177773	0.198624	0.188091
2.60.120	0.389671	0.21895	0.230901	0.160478
2.60.120	0.435823	0.179115	0.190476	0.194585
2.60.120	0.416148	0.205071	0.212633	0.166148
2.60.120	0.430581	0.196024	0.19633	0.177064
2.60.120	0.42202	0.210456	0.198051	0.169473
2.60.120	0.377453	0.210132	0.233678	0.178737
2.60.120	0.444217	0.192371	0.153815	0.209598
2.60.120	0.396226	0.211538	0.20537	0.186865
2.60.120	0.37566	0.210693	0.233204	0.180443
2.60.120	0.422704	0.209737	0.196816	0.170743
2.60.120	0.41141	0.214263	0.207607	0.166719
2.60.120	0.411515	0.218515	0.204776	0.165195
2.60.120	0.406504	0.197832	0.211382	0.184282
2.60.120	0.424542	0.190995	0.197427	0.187036
2.60.120	0.422578	0.207526	0.199436	0.170461
2.60.120	0.41441	0.210526	0.195708	0.179356
2.60.120	0.430455	0.195236	0.194385	0.179923
2.60.120	0.409201	0.198547	0.205273	0.186979
2.60.120	0.416185	0.206936	0.197688	0.179191
2.60.120	0.393733	0.216167	0.214805	0.175295
2.60.120	0.409458	0.208766	0.205882	0.175894
2.60.120	0.419278	0.207028	0.193257	0.180437
2.60.120	0.427323	0.204545	0.196304	0.171828
2.60.120	0.366265	0.219679	0.251004	0.163052
2.60.120	0.383816	0.215642	0.227396	0.173146
2.60.120	0.442435	0.211156	0.183902	0.162506
2.60.120	0.398551	0.206522	0.216787	0.17814
2.60.120	0.405952	0.194201	0.212514	0.187333
2.60.120	0.411751	0.202559	0.209192	0.176498
2.60.120	0.422489	0.204217	0.202563	0.170732
2.60.120	0.435103	0.1973	0.188708	0.178889
2.60.120	0.391566	0.202668	0.225473	0.180293
2.60.120	0.389784	0.21611	0.221611	0.172495
2.60.120	0.463431	0.169215	0.182846	0.184508
2.60.120	0.415035	0.199011	0.209693	0.176261
2.60.120	0.454078	0.205067	0.179731	0.161124
2.60.120	0.421208	0.197636	0.190414	0.190742
2.60.120	0.434845	0.177669	0.193743	0.193743
2.60.120	0.43477	0.177117	0.193165	0.194948
2.60.120	0.435354	0.181145	0.187205	0.196296
2.60.120	0.429977	0.211195	0.196637	0.16219
2.60.120	0.404323	0.225514	0.199093	0.17107
2.60.120	0.440518	0.202285	0.185682	0.171516
2.60.120	0.414381	0.208343	0.194515	0.182761
2.60.120	0.427644	0.206963	0.199882	0.165511
2.60.120	0.407908	0.21384	0.207596	0.170656
2.60.120	0.384412	0.225643	0.214337	0.175607
2.60.120	0.428453	0.216708	0.188792	0.166046
2.60.120	0.391286	0.199915	0.225972	0.182828
2.60.120	0.384732	0.218002	0.216483	0.180782
2.60.120	0.381564	0.209294	0.227427	0.181715
2.60.120	0.380195	0.208312	0.224731	0.186762
2.60.120	0.421835	0.21198	0.203483	0.162702
2.60.120	0.405252	0.214336	0.185238	0.195174
2.60.120	0.431116	0.187009	0.196962	0.184914
2.60.120	0.422662	0.211871	0.165827	0.19964
2.60.120	0.421792	0.205771	0.175778	0.196659
2.60.120	0.419625	0.201942	0.180174	0.198259
2.60.120	0.451637	0.170982	0.161843	0.215537
2.60.120	0.42639	0.202472	0.168666	0.202472
2.60.120	0.423831	0.20362	0.183761	0.188788
2.60.120	0.420098	0.180582	0.192671	0.206649
2.60.120	0.349523	0.234537	0.234122	0.181818
2.60.120	0.411566	0.192238	0.214379	0.181818
2.60.120	0.449084	0.173116	0.203157	0.174644
2.60.120	0.384692	0.209318	0.222296	0.183694
2.60.120	0.38705	0.217266	0.216691	0.178993
2.60.120	0.382609	0.22971	0.209058	0.178623
2.60.120	0.48531	0.146445	0.161212	0.207033
2.60.120	0.438082	0.198818	0.197455	0.165644
2.60.120	0.407456	0.209211	0.224561	0.158772
2.60.120	0.386838	0.230819	0.206421	0.175923
2.60.120	0.420325	0.211334	0.205362	0.162979
2.60.120	0.461828	0.173118	0.164516	0.200538
2.60.120	0.384201	0.221893	0.211917	0.18199
2.60.120	0.351111	0.236444	0.229333	0.183111
2.60.120	0.405303	0.215035	0.206294	0.173368
2.60.120	0.400549	0.214678	0.210219	0.174554
2.60.120	0.398026	0.207942	0.209586	0.184445
2.60.120	0.432443	0.192961	0.201456	0.173139
2.60.120	0.439352	0.188373	0.19033	0.181945
2.60.120	0.376009	0.217416	0.222607	0.183968
2.60.120	0.418431	0.205989	0.188694	0.186887
2.60.120	0.434313	0.20849	0.18739	0.169807
2.60.120	0.424135	0.200259	0.193788	0.181818
2.60.120	0.405668	0.191903	0.206478	0.195951
2.60.120	0.394526	0.208117	0.200566	0.196791
2.60.120	0.395486	0.229745	0.199038	0.175731
2.60.120	0.38262	0.220061	0.22179	0.17553
2.60.120	0.413695	0.212661	0.198966	0.174677
2.60.120	0.411443	0.208936	0.207972	0.171649
2.60.120	0.435897	0.203156	0.187815	0.173132
2.60.120	0.408381	0.235004	0.172966	0.183648
2.60.120	0.427775	0.203601	0.186884	0.18174
2.60.120	0.407541	0.209711	0.195248	0.1875
2.60.120	0.376984	0.216089	0.233766	0.17316
2.60.120	0.387665	0.219163	0.229809	0.163363
2.60.120	0.433109	0.206657	0.195345	0.16489
2.60.120	0.433079	0.20705	0.193739	0.166133
2.60.120	0.406634	0.226362	0.205901	0.161103
2.60.120	0.423112	0.208277	0.197648	0.170963
2.60.120	0.418576	0.191858	0.19844	0.191126
2.60.120	0.407267	0.202587	0.217234	0.172912
2.60.120	0.429927	0.194091	0.193548	0.182434
2.60.120	0.421398	0.212823	0.176516	0.189262
2.60.120	0.454943	0.170011	0.177308	0.197738
2.60.120	0.428224	0.184629	0.194346	0.1928
2.60.120	0.434924	0.198965	0.192831	0.17328
2.60.120	0.428004	0.206058	0.198361	0.167577
2.60.120	0.438671	0.18711	0.193924	0.180295
2.60.120	0.446583	0.194762	0.186091	0.172563
2.60.120	0.435354	0.197961	0.172479	0.194206
2.60.120	0.420723	0.211615	0.198245	0.169417
2.60.120	0.488173	0.166395	0.159869	0.185563
2.60.120	0.381861	0.217198	0.216414	0.184527
2.60.120	0.394804	0.223067	0.207224	0.174905
2.60.120	0.386157	0.217664	0.225493	0.170686
2.60.120	0.420185	0.204931	0.201233	0.173652
2.60.120	0.384824	0.238144	0.204607	0.172425
2.60.120	0.427438	0.179705	0.180272	0.212585
2.60.120	0.420445	0.215141	0.203807	0.160607
2.60.120	0.372439	0.209963	0.236034	0.181564
2.60.120	0.428709	0.211668	0.188831	0.170793
2.60.120	0.401791	0.203473	0.212968	0.181769
2.60.120	0.408707	0.213635	0.206547	0.17111
2.60.120	0.411054	0.196891	0.192055	0.2
2.60.120	0.426316	0.179876	0.200619	0.193189
2.60.120	0.449027	0.184436	0.157588	0.208949
2.60.120	0.37708	0.209225	0.232525	0.18117
2.60.120	0.47179	0.167933	0.175437	0.18484
2.60.120	0.424033	0.201629	0.171487	0.202851
2.60.120	0.426888	0.184338	0.189189	0.199584
2.60.120	0.437357	0.165849	0.193981	0.202813
2.60.120	0.401718	0.194845	0.196907	0.206529
2.60.120	0.434091	0.197114	0.184642	0.184153
2.60.120	0.470962	0.166993	0.174228	0.187818
2.60.120	0.478242	0.152967	0.168352	0.20044
2.60.120	0.361277	0.234043	0.219149	0.185532
2.60.120	0.439038	0.191185	0.194047	0.17573
2.60.120	0.389513	0.217603	0.218352	0.174532
2.60.120	0.423936	0.197468	0.187112	0.191484
2.60.120	0.400639	0.197444	0.198722	0.203195
2.60.120	0.435538	0.175556	0.192319	0.196586
2.60.120	0.41001	0.190247	0.196343	0.203401
2.60.120	0.409074	0.214339	0.208178	0.168409
2.60.120	0.453409	0.184579	0.167312	0.194701
2.60.120	0.425743	0.206629	0.199526	0.168102
2.60.120	0.431978	0.20645	0.18442	0.177152
2.60.120	0.41564	0.216954	0.203202	0.164204
2.60.120	0.388617	0.209574	0.209951	0.191858
2.60.120	0.456116	0.157567	0.167934	0.218383
2.60.120	0.410439	0.211546	0.202452	0.175563
2.60.120	0.439169	0.200162	0.185055	0.175614
2.60.120	0.374255	0.238864	0.207646	0.179235
2.60.120	0.417819	0.202765	0.196109	0.183308
2.60.120	0.394737	0.221607	0.210526	0.17313
2.60.120	0.434839	0.182581	0.220323	0.162258
2.60.120	0.414553	0.192331	0.22343	0.169686
2.60.120	0.384085	0.215482	0.238921	0.161513
2.60.120	0.474908	0.180443	0.160886	0.183764
2.60.120	0.42425	0.209051	0.201426	0.165273
2.60.120	0.416561	0.21241	0.200974	0.170055
2.60.120	0.424165	0.199943	0.201371	0.174522
2.60.120	0.42581	0.214955	0.196603	0.162632
2.60.120	0.456332	0.187402	0.183605	0.17266
2.60.120	0.389898	0.221525	0.219875	0.168703
2.60.120	0.427533	0.182129	0.192817	0.19752
2.60.120	0.394289	0.203407	0.207415	0.19489
2.60.120	0.376577	0.212145	0.212934	0.198344
2.60.120	0.447208	0.165512	0.166735	0.220546
2.60.120	0.38186	0.229347	0.213749	0.175043
2.60.120	0.417141	0.210314	0.211965	0.16058
2.60.120	0.44046	0.191062	0.188119	0.180359
2.60.120	0.426559	0.215867	0.170164	0.18741
2.60.120	0.411437	0.210948	0.175732	0.201883
2.60.120	0.438555	0.196702	0.159403	0.20534
2.60.120	0.428571	0.185455	0.194805	0.191169
2.60.120	0.425912	0.181991	0.193389	0.198708
2.60.120	0.426759	0.182622	0.178393	0.212226
2.60.120	0.405524	0.197282	0.210434	0.18676
2.60.120	0.391542	0.202819	0.216007	0.189632
2.60.120	0.390424	0.224985	0.209638	0.174954
2.60.120	0.427137	0.209242	0.200588	0.163032
2.60.120	0.396441	0.199644	0.220996	0.182918
2.60.120	0.400869	0.193916	0.209669	0.195546
2.60.120	0.405741	0.217224	0.202131	0.174904
2.60.120	0.423757	0.202225	0.193063	0.180955
2.60.120	0.402542	0.213378	0.206416	0.177663
2.60.120	0.40064	0.22208	0.2016	0.17568
2.60.120	0.407237	0.213383	0.20046	0.17892
2.60.120	0.394688	0.216875	0.211875	0.176563
2.60.120	0.366874	0.216149	0.243478	0.173499
2.60.120	0.404837	0.222362	0.199749	0.173053
2.60.120	0.357247	0.2254	0.245274	0.172079
2.60.120	0.431825	0.195036	0.204672	0.168467
2.60.120	0.441416	0.189941	0.18966	0.178983
2.60.120	0.423077	0.196342	0.206294	0.174287
2.60.120	0.371078	0.219118	0.22402	0.185784
2.60.120	0.401646	0.212346	0.222222	0.163786
2.60.120	0.436536	0.192641	0.189107	0.181716
2.60.120	0.448346	0.192875	0.165903	0.192875
2.60.120	0.440558	0.194753	0.190735	0.173954
2.60.120	0.399872	0.217317	0.217104	0.165707
2.60.120	0.392052	0.217807	0.221246	0.168896
2.60.120	0.402579	0.190659	0.2168	0.189962
2.60.120	0.414688	0.188667	0.205128	0.191516
2.60.120	0.368553	0.224928	0.227077	0.179441
2.60.120	0.420445	0.209488	0.197103	0.172964
2.60.120	0.421658	0.21224	0.196615	0.169488
2.60.120	0.376847	0.206404	0.236453	0.180296
2.60.120	0.417223	0.178916	0.206756	0.197105
2.60.120	0.415497	0.19037	0.204082	0.190051
2.60.120	0.438221	0.195511	0.18712	0.179148
2.60.120	0.449221	0.185567	0.185348	0.179864
2.60.120	0.4382	0.201217	0.184185	0.176399
2.60.120	0.48439	0.123415	0.159024	0.233171
2.60.120	0.425058	0.200731	0.195746	0.178465
2.60.120	0.393956	0.20939	0.212898	0.183756
2.60.120	0.361168	0.215138	0.248046	0.175648
2.60.120	0.388158	0.199013	0.23273	0.180099
2.60.120	0.383298	0.205139	0.239829	0.171734
2.60.120	0.374569	0.196476	0.254692	0.174263
2.60.120	0.388782	0.229487	0.200641	0.18109
2.60.120	0.399113	0.220898	0.204823	0.175166
2.60.120	0.418239	0.208491	0.189937	0.183333
2.60.120	0.406504	0.211092	0.20993	0.172474
2.60.120	0.384227	0.227617	0.217233	0.170923
2.60.120	0.373423	0.232548	0.221194	0.172834
2.60.120	0.416148	0.214072	0.19654	0.173241
2.60.120	0.393172	0.222945	0.20994	0.173943
2.60.120	0.434547	0.177769	0.212239	0.175445
2.60.120	0.419134	0.191724	0.204632	0.18451
2.60.120	0.42535	0.212438	0.190363	0.171849
2.60.120	0.437419	0.198354	0.194456	0.16977
2.60.120	0.384443	0.208762	0.224408	0.182387
2.60.120	0.428939	0.179906	0.197939	0.193216
2.60.120	0.373012	0.225453	0.213933	0.187603
2.60.120	0.400677	0.212754	0.196953	0.189616
2.60.120	0.407778	0.219639	0.20139	0.171193
2.60.120	0.433355	0.20374	0.182866	0.180039
2.60.120	0.429105	0.211475	0.1796	0.17982
2.60.120	0.427036	0.209327	0.182463	0.181173
2.60.120	0.394211	0.231838	0.197106	0.176845
2.60.120	0.423258	0.199001	0.207605	0.170136
2.60.120	0.41533	0.191622	0.224599	0.168449
2.60.120	0.396503	0.208554	0.215735	0.179207
2.60.120	0.438218	0.179255	0.175426	0.207101
2.60.120	0.441773	0.189081	0.174305	0.194841
2.60.120	0.464368	0.16705	0.175479	0.193103
2.60.120	0.430807	0.206699	0.191494	0.171
2.60.120	0.424783	0.202585	0.186762	0.18587
2.60.120	0.397536	0.195201	0.202983	0.20428
2.60.120	0.389065	0.214462	0.22328	0.173192
2.60.120	0.399474	0.211912	0.204014	0.1846
2.60.120	0.380228	0.218631	0.201521	0.19962
2.60.120	0.437112	0.193534	0.187334	0.182019
2.60.120	0.398198	0.226577	0.201351	0.173874
2.60.120	0.409141	0.181718	0.226691	0.18245
2.60.120	0.412362	0.205758	0.202935	0.178944
2.60.120	0.429407	0.203509	0.189794	0.177289
2.60.120	0.420941	0.183587	0.201981	0.193491
2.60.120	0.396408	0.20153	0.223479	0.178583
2.60.120	0.411003	0.205681	0.190219	0.193096
2.60.120	0.422201	0.208104	0.20235	0.167346
2.60.120	0.405189	0.216649	0.205838	0.172324
2.60.120	0.379819	0.217515	0.230366	0.172299
2.60.120	0.375683	0.224954	0.223133	0.17623
2.60.120	0.451268	0.164986	0.165292	0.218454
2.60.120	0.421846	0.19209	0.20565	0.180414
2.60.120	0.383299	0.212526	0.230664	0.173511
2.60.120	0.405303	0.223193	0.201923	0.16958
2.60.120	0.410484	0.200443	0.205242	0.183832
2.60.120	0.450481	0.186096	0.19016	0.173262
2.60.120	0.426942	0.202661	0.18508	0.185317
2.60.120	0.413446	0.194785	0.193214	0.198555
2.60.120	0.406756	0.215289	0.204089	0.173867
2.60.120	0.398798	0.2179	0.206831	0.176471
2.60.120	0.432173	0.204714	0.187997	0.175116
2.60.120	0.400677	0.225451	0.19921	0.174661
2.60.120	0.390827	0.221361	0.215978	0.171835
2.60.120	0.417566	0.206736	0.199107	0.176591
2.60.120	0.450447	0.177225	0.172173	0.200155
2.60.120	0.452968	0.173863	0.151118	0.222051
2.60.120	0.400529	0.228622	0.195122	0.175727
2.60.120	0.40956	0.215956	0.194635	0.179849
2.60.120	0.411085	0.209832	0.199274	0.179809
2.60.120	0.443791	0.185893	0.158339	0.211976
2.60.120	0.431325	0.19759	0.189398	0.181687
2.60.120	0.402299	0.189133	0.206897	0.201672
2.60.120	0.432104	0.207845	0.181198	0.178853
2.60.120	0.424347	0.192192	0.212751	0.170709
2.60.120	0.419152	0.201465	0.190999	0.188383
2.60.120	0.410945	0.194426	0.194086	0.200544
2.60.120	0.411437	0.208868	0.206203	0.173492
2.60.120	0.428672	0.211986	0.19342	0.165922
2.60.120	0.444473	0.177432	0.193771	0.184325
2.60.120	0.419959	0.197537	0.20626	0.176244
2.60.120	0.408559	0.202538	0.214481	0.174421
2.60.120	0.395391	0.225783	0.209579	0.169247
2.60.120	0.428978	0.207047	0.184942	0.179033
2.60.120	0.41917	0.213366	0.198038	0.169426
2.60.120	0.403472	0.202933	0.216702	0.176893
2.60.120	0.405803	0.198945	0.200075	0.195177
2.60.120	0.400913	0.208931	0.220013	0.170143
2.60.120	0.386364	0.216761	0.221875	0.175
2.60.120	0.342817	0.241658	0.23112	0.184405
2.60.120	0.389427	0.213216	0.215272	0.182085
2.60.120	0.407355	0.205222	0.213083	0.17434
2.60.40	0.440743	0.213545	0.16876	0.176952
2.60.40	0.420671	0.206706	0.202558	0.170066
2.60.40	0.427997	0.182018	0.200658	0.189327
2.60.40	0.454001	0.175607	0.180102	0.190291
2.60.40	0.458459	0.173913	0.193715	0.173913
2.60.40	0.393612	0.186235	0.221772	0.198381
2.60.40	0.415085	0.205408	0.197818	0.181689
2.60.40	0.471649	0.168814	0.165378	0.194158
2.60.40	0.442446	0.193645	0.183453	0.180456
2.60.40	0.429653	0.193232	0.195459	0.181656
2.60.40	0.417257	0.182301	0.216372	0.184071
2.60.40	0.555556	0.15015	0.13964	0.154655
2.60.40	0.428379	0.202562	0.189754	0.179306
2.60.40	0.40383	0.214468	0.211489	0.170213
2.60.40	0.402468	0.209462	0.21049	0.17758
2.60.40	0.446454	0.181342	0.198477	0.173727
2.60.40	0.463559	0.179908	0.170059	0.186474
2.60.40	0.434906	0.189881	0.196703	0.178511
2.60.40	0.412636	0.194771	0.209586	0.183007
2.60.40	0.463319	0.172106	0.183543	0.181032
2.60.40	0.439772	0.19197	0.192682	0.175576
2.60.40	0.463839	0.162031	0.189152	0.184979
2.60.40	0.420176	0.209625	0.201296	0.168903
2.60.40	0.431339	0.206268	0.183476	0.178917
2.60.40	0.430762	0.195167	0.189591	0.18448
2.60.40	0.451499	0.184597	0.185185	0.178718
2.60.40	0.430153	0.212441	0.182393	0.175013
2.60.40	0.427958	0.189885	0.204676	0.177481
2.60.40	0.415276	0.19474	0.21042	0.179565
2.60.40	0.449252	0.199786	0.163996	0.186966
2.60.40	0.397389	0.196654	0.22807	0.177887
2.60.40	0.447393	0.194505	0.184515	0.173587
2.60.40	0.436837	0.184667	0.186114	0.192382
2.60.40	0.45696	0.177656	0.194597	0.170788
2.60.40	0.450992	0.182201	0.17739	0.189417
2.60.40	0.425565	0.188848	0.206733	0.178853
2.60.40	0.419424	0.206274	0.19596	0.178341
2.60.40	0.402749	0.214868	0.193992	0.188391
2.60.40	0.433636	0.197727	0.189091	0.179545
2.60.40	0.410848	0.221322	0.187656	0.180175
2.60.40	0.439628	0.184727	0.198658	0.176987
2.60.40	0.451777	0.175761	0.185914	0.186548
2.60.40	0.426842	0.187895	0.195789	0.189474
2.60.40	0.455059	0.171849	0.193895	0.179197
2.60.40	0.417812	0.18117	0.20916	0.191858
2.60.40	0.4546	0.196785	0.178922	0.169693
2.60.40	0.485167	0.155024	0.178947	0.180861
2.60.40	0.431227	0.205081	0.208178	0.155514
2.60.40	0.410979	0.195227	0.212888	0.180907
2.60.40	0.421164	0.18827	0.214195	0.176371
2.60.40	0.420247	0.192593	0.209383	0.177778
2.60.40	0.454115	0.191829	0.176436	0.17762
2.60.40	0.418594	0.20771	0.19093	0.182766
2.60.40	0.453162	0.18267	0.176815	0.187354
2.60.40	0.432495	0.184823	0.202514	0.180168
2.60.40	0.42077	0.199642	0.195166	0.184423
2.60.40	0.43504	0.187897	0.1989	0.178163
2.60.40	0.431291	0.190344	0.202414	0.175952
2.60.40	0.442632	0.189284	0.184042	0.184042
2.60.40	0.462871	0.176361	0.17698	0.183787
2.60.40	0.437969	0.185556	0.189131	0.187344
2.60.40	0.414215	0.183794	0.214124	0.187868
2.60.40	0.403003	0.204545	0.198864	0.193588
2.60.40	0.411551	0.186187	0.218901	0.18336
2.60.40	0.415811	0.216119	0.200719	0.167351
2.60.40	0.439481	0.201369	0.168588	0.190562
2.60.40	0.432397	0.204442	0.182887	0.180274
2.60.40	0.408825	0.194057	0.213868	0.183251
2.60.40	0.411939	0.205083	0.203901	0.179078
2.60.40	0.461115	0.190447	0.167789	0.180649
2.60.40	0.411639	0.192205	0.210358	0.185798
2.60.40	0.457801	0.176044	0.182012	0.184143
2.60.40	0.431229	0.212514	0.177001	0.179256
2.60.40	0.404366	0.212625	0.209302	0.173707
2.60.40	0.411793	0.210451	0.20278	0.174976
2.60.40	0.443734	0.186381	0.18766	0.182225
2.60.40	0.432407	0.174282	0.212906	0.180405
2.60.40	0.444295	0.201342	0.169799	0.184564
2.60.40	0.460088	0.187932	0.170333	0.181647
2.60.40	0.431905	0.203333	0.182857	0.181905
2.60.40	0.403435	0.209887	0.211563	0.175115
2.60.40	0.436364	0.186667	0.192727	0.184242
2.60.40	0.432148	0.180061	0.204216	0.183575
2.60.40	0.413223	0.193997	0.209656	0.183123
2.60.40	0.427565	0.193422	0.198121	0.180893
2.60.40	0.422261	0.19523	0.203622	0.178887
2.60.40	0.416074	0.210558	0.200474	0.172894
2.60.40	0.425812	0.185689	0.200615	0.187884
2.60.40	0.439901	0.183744	0.197537	0.178818
2.60.40	0.441481	0.189984	0.190528	0.178008
2.60.40	0.416584	0.195631	0.207051	0.180735
2.60.40	0.448834	0.185626	0.190861	0.174679
2.60.40	0.448642	0.174873	0.209253	0.167233
2.60.40	0.436499	0.197439	0.176094	0.189968
2.60.40	0.420937	0.193167	0.211564	0.174332
2.60.40	0.434506	0.2087	0.179374	0.177419
2.60.40	0.421117	0.207501	0.191194	0.180188
2.60.40	0.425794	0.204362	0.189663	0.18018
2.60.40	0.422874	0.190774	0.202307	0.184046
2.60.40	0.403989	0.188034	0.219943	0.188034
2.60.40	0.418684	0.200849	0.208493	0.171975
2.60.40	0.414234	0.201186	0.202099	0.182482
2.60.40	0.430448	0.189851	0.201194	0.178507
2.60.40	0.416126	0.183144	0.213533	0.187196
2.60.40	0.441882	0.189176	0.185882	0.183059
2.60.40	0.410853	0.224437	0.186785	0.177925
2.60.40	0.418462	0.211282	0.185641	0.184615
2.60.40	0.429613	0.186333	0.196355	0.187699
2.60.40	0.434783	0.195652	0.199488	0.170077
2.60.40	0.436181	0.196818	0.191975	0.175026
2.60.40	0.440362	0.175138	0.205335	0.179165
2.60.40	0.44094	0.199443	0.181509	0.178108
2.60.40	0.425926	0.206349	0.178571	0.189153
2.60.40	0.42576	0.209302	0.193202	0.171735
2.60.40	0.418251	0.198352	0.203739	0.179658
2.60.40	0.428292	0.202978	0.196708	0.172022
2.60.40	0.423905	0.198309	0.196387	0.181399
2.60.40	0.455037	0.159214	0.195577	0.190172
2.60.40	0.433388	0.200109	0.19304	0.173464
2.60.40	0.436448	0.191526	0.195589	0.176436
2.60.40	0.453209	0.180816	0.179813	0.186163
2.60.40	0.428634	0.189142	0.202277	0.179947
2.60.40	0.427126	0.203947	0.189777	0.17915
2.60.40	0.431223	0.191048	0.187227	0.190502
2.60.40	0.458567	0.174157	0.176966	0.190309
2.60.40	0.427326	0.193798	0.196705	0.182171
2.60.40	0.427239	0.198228	0.202425	0.172108
2.60.40	0.446286	0.184162	0.203192	0.16636
2.60.40	0.436567	0.186034	0.197761	0.179638
2.60.40	0.437076	0.168198	0.204155	0.190571
2.60.40	0.396552	0.230471	0.1981	0.174877
2.60.40	0.405486	0.215466	0.197951	0.181097
2.60.40	0.429565	0.195478	0.191304	0.183652
2.60.40	0.467218	0.192234	0.154679	0.185869
2.60.40	0.401225	0.226646	0.194181	0.177948
2.60.40	0.489796	0.165816	0.190476	0.153912
2.60.40	0.439016	0.194435	0.185377	0.181171
2.60.40	0.485367	0.181115	0.128106	0.205411
2.60.40	0.410246	0.186066	0.222951	0.180738
2.60.40	0.41733	0.210773	0.192974	0.178923
2.60.40	0.432672	0.187481	0.198168	0.181679
2.60.40	0.440389	0.198705	0.178981	0.181925
2.60.40	0.405522	0.206254	0.204258	0.183965
2.60.40	0.432811	0.216685	0.159574	0.190929
2.60.40	0.462096	0.174687	0.18062	0.182597
2.60.40	0.426568	0.205166	0.187454	0.180812
2.60.40	0.440062	0.184161	0.19441	0.181366
2.60.40	0.439361	0.201213	0.168964	0.190463
2.60.40	0.458907	0.182423	0.171496	0.187173
2.60.40	0.451268	0.182644	0.177036	0.189052
2.60.40	0.42703	0.216354	0.174901	0.181715
2.60.40	0.439387	0.203902	0.181143	0.175569
2.60.40	0.441502	0.185364	0.198363	0.174771
2.60.40	0.442986	0.1988	0.172543	0.185671
2.60.40	0.455248	0.189955	0.172569	0.182228
2.60.40	0.452675	0.179012	0.179698	0.188615
2.60.40	0.430165	0.202001	0.191612	0.176222
2.60.40	0.436303	0.190674	0.196503	0.17652
2.60.40	0.44236	0.197662	0.167482	0.192496
2.60.40	0.442789	0.196913	0.191059	0.169239
2.60.40	0.417027	0.207311	0.190476	0.185185
2.60.40	0.438426	0.195708	0.194686	0.17118
2.60.40	0.42652	0.186692	0.219722	0.167066
2.60.40	0.434899	0.208645	0.173426	0.183031
2.60.40	0.4754	0.167897	0.177737	0.178967
2.60.40	0.421867	0.210185	0.194209	0.173739
2.60.40	0.437092	0.187325	0.207363	0.16822
2.60.40	0.417343	0.185598	0.208418	0.188641
2.60.40	0.439232	0.203269	0.164179	0.193319
2.60.40	0.407452	0.215144	0.195913	0.18149
2.60.40	0.421507	0.18819	0.211714	0.178589
2.60.40	0.427295	0.195037	0.195037	0.18263
2.60.40	0.414977	0.216384	0.190732	0.177906
2.60.40	0.421996	0.215534	0.192963	0.169507
2.60.40	0.420493	0.197197	0.199613	0.182697
2.60.40	0.400562	0.208517	0.212133	0.178787
2.60.40	0.44504	0.196783	0.174799	0.183378
2.60.40	0.42402	0.20098	0.189216	0.185784
2.60.40	0.419314	0.186785	0.21474	0.179161
2.60.40	0.434402	0.174344	0.209329	0.181924
2.60.40	0.405276	0.194245	0.206715	0.193765
2.60.40	0.408774	0.22333	0.18993	0.177966
2.60.40	0.426489	0.214195	0.185044	0.174271
2.60.40	0.450484	0.192999	0.188853	0.167665
2.60.40	0.41826	0.192639	0.206501	0.1826
2.60.40	0.438295	0.197831	0.182872	0.181002
2.60.40	0.418668	0.196507	0.208515	0.17631
2.60.40	0.418364	0.207346	0.196661	0.177629
2.60.40	0.456808	0.19108	0.174178	0.177934
2.60.40	0.421335	0.198734	0.197272	0.18266
2.60.40	0.42151	0.206865	0.198627	0.172998
2.60.40	0.420401	0.192488	0.213402	0.173709
2.60.40	0.421179	0.221019	0.183313	0.174489
2.60.40	0.44325	0.176822	0.204898	0.17503
2.60.40	0.461736	0.180707	0.166559	0.190997
2.60.40	0.423529	0.203361	0.181513	0.191597
2.60.40	0.387304	0.213029	0.225392	0.174275
2.60.40	0.454461	0.177487	0.177954	0.190098
2.60.40	0.418026	0.202284	0.201876	0.177814
2.60.40	0.437107	0.190925	0.182839	0.189128
2.60.40	0.459057	0.162945	0.191894	0.186104
2.60.40	0.444343	0.190822	0.19582	0.169014
2.60.40	0.4594	0.181818	0.198588	0.160194
2.60.40	0.424966	0.194682	0.209554	0.170798
2.60.40	0.416323	0.190537	0.215624	0.177517
2.60.40	0.430366	0.201047	0.186387	0.182199
2.60.40	0.446173	0.155569	0.197884	0.200373
2.60.40	0.459321	0.203716	0.165919	0.171044
2.60.40	0.443289	0.193045	0.169321	0.194345
2.60.40	0.428802	0.177513	0.210052	0.183634
2.60.40	0.430345	0.191264	0.201379	0.177011
2.60.40	0.449807	0.191763	0.173745	0.184685
2.60.40	0.437238	0.184623	0.192992	0.185146
2.60.40	0.426916	0.183601	0.204545	0.184938
2.60.40	0.447179	0.182051	0.189231	0.181538
2.60.40	0.424179	0.215737	0.190203	0.16988
2.60.40	0.44	0.196632	0.173053	0.190316
2.60.40	0.426428	0.180058	0.21636	0.177154
2.60.40	0.460117	0.167802	0.184825	0.187257
2.60.40	0.428718	0.179104	0.195574	0.196603
2.60.40	0.430607	0.183395	0.192689	0.193309
2.60.40	0.435522	0.194615	0.19367	0.176193
2.60.40	0.438251	0.190528	0.183971	0.18725
2.60.40	0.441024	0.175445	0.191024	0.192507
2.60.40	0.423163	0.198588	0.181585	0.196663
2.60.40	0.432342	0.199628	0.186617	0.181413
2.60.40	0.443136	0.183515	0.191557	0.181792
2.60.40	0.457468	0.193172	0.159033	0.190327
2.60.40	0.461036	0.177188	0.178494	0.183283
2.60.40	0.439736	0.196328	0.190678	0.173258
2.60.40	0.436575	0.210084	0.17407	0.179272
2.60.40	0.417016	0.180947	0.206711	0.195327
2.60.40	0.448657	0.188784	0.157978	0.204581
2.60.40	0.426197	0.197473	0.191489	0.18484
2.60.40	0.463497	0.172326	0.185059	0.179117
2.60.40	0.446142	0.199389	0.181054	0.173415
2.60.40	0.425073	0.197085	0.201166	0.176676
2.60.40	0.436712	0.195302	0.195737	0.172249
2.60.40	0.449795	0.20082	0.170082	0.179303
2.60.40	0.447873	0.175146	0.193495	0.183486
2.60.40	0.430162	0.18168	0.205972	0.182186
2.60.40	0.444404	0.191927	0.176881	0.186789
2.60.40	0.419925	0.204606	0.196036	0.179432
2.60.40	0.44612	0.191664	0.183164	0.179051
2.60.40	0.449328	0.18254	0.178877	0.189255
2.60.40	0.425626	0.18704	0.199804	0.187531
2.60.40	0.452012	0.185759	0.180186	0.182043
2.60.40	0.441586	0.1806	0.202036	0.175777
2.60.40	0.423462	0.181211	0.215069	0.180258
2.60.40	0.444139	0.192075	0.176665	0.187122
2.60.40	0.403047	0.210065	0.204063	0.182825
2.60.40	0.442521	0.182595	0.188827	0.186057
2.60.40	0.436112	0.206954	0.181818	0.175115
2.60.40	0.430403	0.184524	0.20467	0.180403
2.60.40	0.438655	0.180252	0.210504	0.170588
2.60.40	0.428225	0.216233	0.180497	0.175045
2.60.40	0.431851	0.181241	0.197851	0.189057
2.60.40	0.437183	0.187437	0.173252	0.202128
2.60.40	0.431165	0.184065	0.19768	0.18709
2.60.40	0.424914	0.196947	0.195963	0.182176
2.60.40	0.444505	0.190424	0.178999	0.186072
2.60.40	0.425512	0.187054	0.201809	0.185626
2.60.40	0.423254	0.186121	0.217371	0.173254
2.60.40	0.4506	0.198744	0.169046	0.181611
2.60.40	0.427754	0.19361	0.20267	0.175966
2.60.40	0.436955	0.206714	0.170764	0.185567
2.60.40	0.44437	0.193205	0.180546	0.181879
2.60.40	0.439831	0.20572	0.173305	0.181144
2.60.40	0.439324	0.204576	0.177553	0.178548
2.60.40	0.429078	0.200101	0.191489	0.179331
2.60.40	0.436689	0.187919	0.196421	0.178971
2.60.40	0.426054	0.202349	0.190069	0.181527
2.60.40	0.416981	0.202642	0.205283	0.175094
2.60.40	0.426418	0.187943	0.202128	0.183511
2.60.40	0.417929	0.183081	0.219276	0.179714
2.60.40	0.415754	0.212833	0.188315	0.183099
2.60.40	0.429877	0.17775	0.186889	0.205484
2.60.40	0.444866	0.186423	0.182977	0.185734
2.60.40	0.432296	0.204941	0.183898	0.178866
2.60.40	0.453638	0.188967	0.172535	0.184859
2.60.40	0.430703	0.193455	0.19538	0.180462
2.60.40	0.423543	0.190998	0.201385	0.184074
2.60.40	0.407592	0.214189	0.201085	0.177135
2.60.40	0.439282	0.187434	0.197994	0.17529
2.60.40	0.43038	0.193281	0.200584	0.175755
2.60.40	0.457702	0.183712	0.166035	0.192551
2.60.40	0.423774	0.208422	0.190299	0.177505
2.60.40	0.428821	0.212227	0.183843	0.175109
2.60.40	0.436094	0.202964	0.195025	0.165917
2.60.40	0.44011	0.181319	0.189835	0.188736
2.60.40	0.477502	0.187742	0.164856	0.169899
2.60.40	0.397716	0.204568	0.225122	0.172594
2.60.40	0.443038	0.201381	0.175489	0.180092
2.60.40	0.436597	0.178705	0.198502	0.186196
2.60.40	0.43875	0.193125	0.17875	0.189375
2.60.40	0.427694	0.201323	0.180529	0.190454
2.60.40	0.441696	0.192327	0.180212	0.185765
2.60.40	0.421164	0.194772	0.209106	0.174958
2.60.40	0.447255	0.198062	0.171152	0.183531
2.60.40	0.418913	0.198109	0.205201	0.177778
2.60.40	0.416509	0.223022	0.181749	0.17872
2.60.40	0.409378	0.201791	0.209168	0.179663
2.60.40	0.478189	0.175594	0.176698	0.16952
2.60.40	0.414647	0.211275	0.198103	0.175975
2.60.40	0.455497	0.179939	0.181042	0.183522
2.60.40	0.434426	0.201898	0.181622	0.182053
2.60.40	0.428111	0.197235	0.196313	0.178341
2.60.40	0.448571	0.186857	0.175429	0.189143
2.60.40	0.432381	0.184286	0.199524	0.18381
2.60.40	0.453431	0.181373	0.186887	0.178309
2.60.40	0.434868	0.190989	0.196376	0.177767
2.60.40	0.416942	0.215089	0.193911	0.174057
2.60.40	0.455752	0.174578	0.179807	0.189863
2.60.40	0.444114	0.176796	0.19252	0.18657
2.60.40	0.448503	0.192841	0.151936	0.20672
2.60.40	0.423864	0.202815	0.197377	0.175944
2.60.40	0.427803	0.190135	0.211211	0.170852
2.60.40	0.426189	0.195684	0.194213	0.183914
2.60.40	0.429773	0.17767	0.193528	0.199029
2.60.40	0.44863	0.181849	0.180479	0.189041
2.60.40	0.438727	0.205305	0.169761	0.186207
2.60.40	0.416769	0.212084	0.196465	0.174681
2.60.40	0.428692	0.190576	0.198149	0.182583
2.60.40	0.459751	0.172902	0.184807	0.18254
2.60.40	0.410633	0.216629	0.201923	0.170814
2.60.40	0.45894	0.180764	0.177312	0.182984
2.60.40	0.426383	0.202979	0.19617	0.174468
2.60.40	0.430264	0.204631	0.186322	0.178783
2.60.40	0.419148	0.21902	0.190202	0.17163
2.60.40	0.426722	0.201968	0.180218	0.191093
2.60.40	0.436937	0.181869	0.201577	0.179617
2.60.40	0.423873	0.198408	0.193634	0.184085
2.60.40	0.452932	0.199846	0.176312	0.17091
2.60.40	0.401584	0.190737	0.224863	0.182815
2.60.40	0.431694	0.193244	0.196721	0.178341
2.60.40	0.42539	0.208241	0.180401	0.185969
2.60.40	0.425179	0.212752	0.198764	0.163305
2.60.40	0.404202	0.211606	0.208604	0.175588
2.60.40	0.454205	0.181099	0.173189	0.191507
2.60.40	0.434571	0.196286	0.179929	0.189213
2.60.40	0.408019	0.196226	0.209906	0.185849
2.60.40	0.458438	0.205709	0.161209	0.174643
2.60.40	0.40357	0.186415	0.227566	0.182449
2.60.40	0.474175	0.154232	0.174319	0.197274
2.60.40	0.443006	0.199582	0.185386	0.172025
2.60.40	0.460295	0.188599	0.18321	0.167896
2.60.40	0.462569	0.179669	0.170607	0.187155
2.60.40	0.44635	0.193492	0.186456	0.173703
2.60.40	0.468898	0.166667	0.18357	0.180865
2.60.40	0.430745	0.195563	0.19271	0.180983
2.60.40	0.432879	0.197416	0.185212	0.184494
2.60.40	0.424377	0.190836	0.200623	0.184164
2.60.40	0.428431	0.197245	0.191835	0.182489
2.60.40	0.414201	0.209073	0.191815	0.184911
2.60.40	0.436182	0.198927	0.176696	0.188195
2.60.40	0.457926	0.199609	0.164384	0.178082
2.60.40	0.430611	0.194434	0.19004	0.184914
2.60.40	0.425625	0.190873	0.211935	0.171566
2.60.40	0.440464	0.196523	0.182824	0.18019
2.60.40	0.40623	0.210902	0.207657	0.175211
2.60.40	0.425511	0.195716	0.196689	0.182084
2.60.40	0.438998	0.186275	0.194444	0.180283
2.60.40	0.411906	0.216035	0.204033	0.168027
2.60.40	0.436268	0.193966	0.181342	0.188424
2.60.40	0.438087	0.204332	0.172047	0.185533
2.60.40	0.422273	0.189545	0.208182	0.18
2.60.40	0.417083	0.195366	0.208542	0.17901
2.60.40	0.421315	0.195918	0.195918	0.186848
2.60.40	0.423665	0.213193	0.189391	0.17375
2.60.40	0.424035	0.209311	0.185853	0.180801
2.60.40	0.413793	0.216605	0.200536	0.169066
2.60.40	0.462177	0.17286	0.181155	0.183809
2.60.40	0.410878	0.181475	0.222402	0.185245
2.60.40	0.42029	0.215321	0.184783	0.179607
2.60.40	0.439057	0.193623	0.186317	0.181003
2.60.40	0.434462	0.195508	0.185567	0.184462
2.60.40	0.445026	0.188482	0.175102	0.19139
2.60.40	0.421642	0.213753	0.188699	0.175906
2.60.40	0.423961	0.180929	0.212714	0.182396
2.60.40	0.442018	0.1875	0.18863	0.181852
2.60.40	0.389964	0.203082	0.225603	0.181351
2.60.40	0.447545	0.191997	0.180565	0.179892
2.60.40	0.436979	0.19045	0.189895	0.182676
2.60.40	0.4156	0.208382	0.203725	0.172293
2.60.40	0.407277	0.170775	0.231221	0.190728
2.60.40	0.413921	0.197714	0.215535	0.172831
2.60.40	0.445819	0.202591	0.170789	0.180801
2.60.40	0.435926	0.201481	0.19037	0.172222
2.60.40	0.453437	0.18847	0.186253	0.17184
2.60.40	0.458394	0.186131	0.183942	0.171533
2.60.40	0.449739	0.183172	0.182427	0.184661
2.60.40	0.410082	0.202997	0.197548	0.189373
2.60.40	0.426417	0.200183	0.198355	0.175046
2.60.40	0.454137	0.214881	0.146889	0.184092
2.60.40	0.448085	0.183182	0.182787	0.185946
2.60.40	0.4375	0.202922	0.172078	0.1875
2.60.40	0.420581	0.202391	0.194278	0.18275
2.60.40	0.430127	0.216878	0.179673	0.173321
2.60.40	0.42549	0.215686	0.183333	0.17549
2.60.40	0.443182	0.189935	0.180844	0.186039
2.60.40	0.434811	0.182203	0.185789	0.197197
2.60.40	0.420975	0.21615	0.168882	0.193993
2.60.40	0.441328	0.18524	0.194834	0.178598
2.60.40	0.435052	0.204811	0.17732	0.182818
2.60.40	0.431707	0.180139	0.214983	0.173171
2.60.40	0.431476	0.188253	0.200678	0.179593
2.60.40	0.426421	0.212932	0.181159	0.179487
2.60.40	0.447929	0.182428	0.186497	0.183146
2.60.40	0.425274	0.164455	0.21408	0.196192
2.60.40	0.405494	0.196392	0.211152	0.186962
2.60.40	0.421429	0.204839	0.183871	0.189862
2.60.40	0.415018	0.212454	0.19011	0.182418
2.60.40	0.445703	0.171899	0.193001	0.189398
2.60.40	0.426123	0.196513	0.202128	0.175236
2.60.40	0.428933	0.20978	0.180644	0.180644
2.60.40	0.486831	0.153644	0.151449	0.208077
2.60.40	0.425437	0.191223	0.206897	0.176444
2.60.40	0.454391	0.210765	0.152975	0.18187
2.60.40	0.411322	0.2058	0.204685	0.178193
2.60.40	0.443779	0.168203	0.210138	0.17788
2.60.40	0.480629	0.170691	0.165637	0.183043
2.60.40	0.424304	0.204583	0.196399	0.174714
2.60.40	0.439024	0.195861	0.17221	0.192905
2.60.40	0.453165	0.169897	0.184755	0.192183
2.60.40	0.413978	0.217986	0.185239	0.182796
2.60.40	0.456423	0.165239	0.2	0.178338
2.60.40	0.462561	0.179146	0.191043	0.16725
2.60.40	0.439655	0.183333	0.201149	0.175862
2.60.40	0.436037	0.16331	0.217746	0.182907
2.60.40	0.450692	0.185986	0.184689	0.178633
2.60.40	0.444537	0.178482	0.203086	0.173895
2.60.40	0.45258	0.171499	0.164619	0.211302
2.60.40	0.458288	0.160263	0.199232	0.182217
2.60.40	0.464702	0.180603	0.168951	0.185744
2.60.40	0.440935	0.172142	0.197094	0.189829
2.60.40	0.39779	0.222573	0.190608	0.189029
2.60.40	0.433624	0.217324	0.167606	0.181445
2.60.40	0.398855	0.215967	0.206743	0.178435
2.60.40	0.425532	0.18153	0.212766	0.180172
2.60.40	0.443605	0.19374	0.17701	0.185645
2.60.40	0.420522	0.197435	0.197435	0.184608
2.60.40	0.429503	0.205786	0.192339	0.172372
2.60.40	0.450559	0.190203	0.189295	0.169943
2.60.40	0.45375	0.192188	0.15375	0.200313
2.60.40	0.4398	0.184462	0.211722	0.164016
2.60.40	0.432331	0.179914	0.211063	0.176692
2.60.40	0.431959	0.176736	0.210051	0.181254
2.60.40	0.436709	0.187764	0.199367	0.17616
2.60.40	0.442724	0.177709	0.204954	0.174613
2.60.40	0.409413	0.210526	0.199393	0.180668
2.60.40	0.441459	0.191708	0.186733	0.1801
2.60.40	0.410359	0.212863	0.188958	0.18782
2.60.40	0.462167	0.179541	0.176641	0.18165
2.60.40	0.407934	0.197231	0.219311	0.175524
2.60.40	0.421711	0.205263	0.203289	0.169737
2.60.40	0.436299	0.183013	0.167846	0.212841
2.60.40	0.452524	0.197716	0.176082	0.173678
2.60.40	0.459459	0.198198	0.15991	0.182432
2.60.40	0.441971	0.193747	0.186641	0.177641
2.60.40	0.445205	0.191096	0.183562	0.180137
2.60.40	0.453544	0.209222	0.160358	0.176875
2.60.40	0.435155	0.198815	0.175115	0.190915
2.60.40	0.400626	0.205008	0.206573	0.187793
2.60.40	0.446095	0.17058	0.18208	0.201246
2.60.40	0.428571	0.184127	0.202721	0.18458
2.60.40	0.449367	0.183544	0.191821	0.175268
2.60.40	0.422192	0.19337	0.200276	0.184162
2.60.40	0.444215	0.188017	0.172865	0.194904
2.60.40	0.445501	0.185808	0.180688	0.188003
2.60.40	0.452749	0.181594	0.189623	0.176035
2.60.40	0.422611	0.205473	0.188425	0.18349
2.60.40	0.422809	0.201205	0.198887	0.177098
2.60.40	0.440382	0.187786	0.188617	0.183216
2.60.40	0.438613	0.184391	0.183478	0.193519
2.60.40	0.427986	0.203747	0.193208	0.175059
2.60.40	0.466877	0.173788	0.170921	0.188414
2.60.40	0.423549	0.183397	0.219822	0.173232
2.60.40	0.44499	0.162083	0.209725	0.183202
2.60.40	0.424075	0.198893	0.194051	0.182982
2.60.40	0.44742	0.166018	0.203505	0.183057
2.60.40	0.435078	0.184109	0.186531	0.194283
2.60.40	0.458333	0.180751	0.180164	0.180751
2.60.40	0.436716	0.189282	0.194413	0.17959
2.60.40	0.424743	0.205002	0.18803	0.182224
2.60.40	0.460337	0.179888	0.173017	0.186758
2.60.40	0.457856	0.186785	0.177419	0.17794
2.60.40	0.425049	0.193294	0.195266	0.186391
2.60.40	0.434611	0.172659	0.210984	0.181746
2.60.40	0.434127	0.181332	0.193972	0.190569
2.60.40	0.438695	0.189744	0.198135	0.173427
2.60.40	0.450309	0.18922	0.179113	0.181359
2.60.40	0.423221	0.201311	0.200375	0.175094
2.60.40	0.415323	0.193996	0.214606	0.176075
2.60.40	0.428019	0.19304	0.198989	0.179952
2.60.40	0.430118	0.190167	0.203463	0.176252
2.60.40	0.409379	0.193071	0.212505	0.185044
2.60.40	0.448219	0.187397	0.174795	0.189589
2.60.40	0.421559	0.202117	0.201636	0.174687
2.60.40	0.409272	0.219603	0.19947	0.171656
2.60.40	0.493225	0.135501	0.123306	0.247967
2.60.40	0.413537	0.213723	0.197497	0.175243
2.60.40	0.415378	0.198496	0.20351	0.182616
2.60.40	0.434075	0.165491	0.221378	0.179056
2.60.40	0.423658	0.199583	0.191767	0.184992
2.60.40	0.452567	0.185216	0.17577	0.186448
2.60.40	0.416587	0.218121	0.1721	0.193193
2.60.40	0.424551	0.189233	0.196574	0.189641
2.60.40	0.430646	0.192288	0.193791	0.183275
2.60.40	0.487685	0.162562	0.152709	0.197044
2.60.40	0.446372	0.182965	0.180994	0.189669
2.60.40	0.436194	0.206786	0.177772	0.179248
2.60.40	0.404399	0.198393	0.212775	0.184433
2.60.40	0.439951	0.190564	0.183824	0.185662
2.60.40	0.42292	0.195998	0.197362	0.18372
2.60.40	0.423442	0.194387	0.200991	0.18118
2.60.40	0.442233	0.196794	0.175788	0.185185
2.60.40	0.430059	0.188773	0.203712	0.177456
2.60.40	0.438404	0.189189	0.197989	0.174419
2.60.40	0.413062	0.20017	0.206955	0.179813
2.60.40	0.42709	0.194326	0.198292	0.180293
2.60.40	0.467509	0.148014	0.208785	0.175692
2.60.40	0.4337	0.213086	0.177765	0.175449
2.60.40	0.439332	0.207907	0.191888	0.160873
2.60.40	0.425881	0.213852	0.183475	0.176792
2.60.40	0.443472	0.182349	0.188184	0.185996
2.60.40	0.414141	0.223979	0.182697	0.179183
2.60.40	0.408314	0.203125	0.200767	0.187795
2.60.40	0.423945	0.199706	0.199706	0.176644
2.60.40	0.430568	0.201747	0.176856	0.19083
2.60.40	0.42404	0.195326	0.202003	0.178631
2.60.40	0.443057	0.200588	0.157972	0.198384
2.60.40	0.423277	0.202861	0.196359	0.177503
2.60.40	0.411384	0.204072	0.207774	0.17677
2.60.40	0.43748	0.181877	0.182202	0.198441
2.60.40	0.442763	0.182566	0.190132	0.184539
2.60.40	0.424039	0.183651	0.212019	0.180291
2.60.40	0.443842	0.1758	0.185024	0.195334
2.60.40	0.424336	0.216183	0.183447	0.176035
2.60.40	0.445094	0.198708	0.181175	0.175023
2.60.40	0.394937	0.219892	0.212658	0.172514
2.60.40	0.442714	0.184279	0.188728	0.184279
2.60.40	0.411341	0.19606	0.211437	0.181163
2.60.40	0.419304	0.185522	0.213608	0.181566
2.60.40	0.426168	0.180374	0.201869	0.191589
2.60.40	0.439796	0.182653	0.189796	0.187755
2.60.40	0.410287	0.210526	0.196172	0.183014
2.60.40	0.406412	0.219235	0.201138	0.173216
2.60.40	0.436899	0.194712	0.188101	0.180288
2.60.40	0.44338	0.184057	0.191242	0.181321
2.60.40	0.437451	0.18921	0.190383	0.182955
2.60.40	0.446589	0.166667	0.206564	0.18018
2.60.40	0.475333	0.16758	0.181676	0.175411
2.60.40	0.422939	0.199821	0.203853	0.173387
2.60.40	0.428981	0.189861	0.197513	0.183644
2.60.40	0.445095	0.178218	0.19937	0.177318
2.60.40	0.462733	0.166149	0.200311	0.170807
2.60.40	0.464226	0.15391	0.197171	0.184692
2.60.40	0.447552	0.176224	0.192075	0.184149
2.60.40	0.439794	0.184288	0.193098	0.182819
2.60.40	0.406685	0.207057	0.210306	0.175952
2.60.40	0.432056	0.198109	0.189647	0.180189
2.60.40	0.433712	0.191572	0.193517	0.181199
2.60.40	0.440102	0.201242	0.165814	0.192841
2.60.40	0.48801	0.165468	0.166067	0.180456
2.60.40	0.418766	0.210957	0.195844	0.174433
2.60.40	0.424023	0.227931	0.157742	0.190304
2.60.40	0.464458	0.167702	0.195307	0.172533
2.60.40	0.47726	0.158895	0.187104	0.176742
2.60.40	0.448882	0.184239	0.191693	0.175186
2.60.40	0.440158	0.187199	0.202104	0.170539
2.60.40	0.438243	0.205911	0.176519	0.179326
2.60.40	0.456971	0.163442	0.200801	0.178786
2.60.40	0.493998	0.157895	0.155125	0.192982
2.60.40	0.418698	0.189772	0.21694	0.17459
2.60.40	0.44653	0.191695	0.174061	0.187713
2.60.40	0.421151	0.180159	0.211044	0.187646
2.60.40	0.431447	0.180294	0.201677	0.186583
2.60.40	0.454394	0.184093	0.175195	0.186318
2.60.40	0.425973	0.189995	0.19808	0.185953
2.60.40	0.421739	0.193043	0.208261	0.176957
2.60.40	0.445939	0.177444	0.196068	0.180548
2.60.40	0.461665	0.155531	0.1977	0.185104
2.60.40	0.423964	0.211327	0.181175	0.183534
2.60.40	0.454655	0.172007	0.177146	0.196191
2.60.40	0.419042	0.193653	0.206563	0.180742
2.60.40	0.421643	0.191182	0.191984	0.19519
2.60.40	0.437212	0.177858	0.197847	0.187084
2.60.40	0.440138	0.178493	0.192248	0.189122
2.60.40	0.48655	0.164327	0.160819	0.188304
2.60.40	0.44224	0.187281	0.196616	0.173862
2.60.40	0.436456	0.173671	0.20962	0.180253
2.60.40	0.442111	0.190061	0.185451	0.182377
2.60.40	0.451598	0.168133	0.195461	0.184808
2.60.40	0.436533	0.196904	0.190093	0.176471
2.60.40	0.441088	0.175831	0.195166	0.187915
2.60.40	0.45585	0.178808	0.188742	0.1766
2.60.40	0.432287	0.199552	0.188341	0.179821
2.60.40	0.424417	0.199641	0.192101	0.183842
2.60.40	0.442231	0.183573	0.195219	0.178976
2.60.40	0.436939	0.201847	0.169393	0.191821
2.60.40	0.433333	0.178313	0.218876	0.169478
2.60.40	0.432187	0.199093	0.187382	0.181337
2.60.40	0.436028	0.194043	0.191773	0.178156
2.60.40	0.438443	0.204003	0.167261	0.190293
2.60.40	0.4125	0.211	0.193	0.1835
2.60.40	0.407703	0.209958	0.202442	0.179897
2.60.40	0.450102	0.180923	0.192125	0.17685
2.60.40	0.443922	0.20685	0.182673	0.166555
2.60.40	0.443694	0.189343	0.187211	0.179751
2.60.40	0.44099	0.193528	0.191942	0.173541
2.60.40	0.417462	0.189177	0.214188	0.179172
2.60.40	0.445915	0.19275	0.177791	0.183544
2.60.40	0.416551	0.20111	0.208969	0.17337
2.60.40	0.453209	0.182861	0.192542	0.171388
2.60.40	0.442459	0.199418	0.167428	0.190694
2.60.40	0.427013	0.202461	0.176734	0.193792
2.60.40	0.445051	0.187773	0.169578	0.197598
2.60.40	0.440117	0.190514	0.187334	0.182035
2.60.40	0.425139	0.193245	0.178621	0.202994
2.60.40	0.428182	0.189696	0.180143	0.201979
2.60.40	0.434092	0.194574	0.191559	0.179775
2.60.40	0.450278	0.172329	0.190241	0.187153
2.60.40	0.450785	0.194241	0.16911	0.185864
2.60.40	0.442473	0.208065	0.182258	0.167204
2.60.40	0.440625	0.175391	0.195703	0.188281
2.60.40	0.440532	0.194444	0.170579	0.194444
2.60.40	0.442045	0.184091	0.202652	0.171212
2.60.40	0.485911	0.189691	0.125086	0.199313
2.60.40	0.464309	0.168304	0.18926	0.178127
2.60.40	0.446429	0.178013	0.1875	0.188058
2.60.40	0.430404	0.204276	0.19715	0.168171
2.60.40	0.391172	0.216134	0.218037	0.174658
2.60.40	0.449118	0.190412	0.177748	0.182723
2.60.40	0.433078	0.186424	0.205067	0.17543
2.60.40	0.411574	0.22037	0.189352	0.178704
2.60.40	0.412516	0.195828	0.211154	0.180502
2.60.40	0.432456	0.200439	0.181579	0.185526
2.60.40	0.42332	0.199311	0.197013	0.180356
2.60.40	0.457534	0.186301	0.172603	0.183562
2.60.40	0.422287	0.19306	0.201857	0.182796
2.60.40	0.428309	0.213848	0.177696	0.180147
2.60.40	0.428474	0.21015	0.19891	0.162466
2.60.40	0.414666	0.184636	0.219555	0.181144
2.60.40	0.432203	0.188225	0.195807	0.183764
2.60.40	0.431065	0.181501	0.203025	0.18441
2.60.40	0.420091	0.214155	0.183562	0.182192
2.60.40	0.417515	0.199185	0.203259	0.180041
2.60.40	0.415933	0.214256	0.187002	0.182809
2.60.40	0.43546	0.199221	0.191427	0.173892
2.60.40	0.409384	0.201012	0.212971	0.176633
2.60.40	0.436493	0.180967	0.198951	0.183589
2.60.40	0.408805	0.202437	0.212264	0.176494
2.60.40	0.438729	0.206505	0.16112	0.193646
2.60.40	0.413002	0.216699	0.198853	0.171447
2.60.40	0.427273	0.185795	0.204545	0.182386
2.60.40	0.425343	0.189632	0.202924	0.1821
2.60.40	0.440388	0.19491	0.185867	0.178835
2.60.40	0.413793	0.193462	0.206897	0.185849
2.60.40	0.42548	0.195278	0.196754	0.182489
2.60.40	0.450992	0.189235	0.176204	0.183569
2.60.40	0.435933	0.193593	0.188951	0.181523
2.60.40	0.430251	0.192082	0.194247	0.183421
2.60.40	0.446832	0.172481	0.203461	0.177226
2.60.40	0.454315	0.190586	0.161514	0.193586
2.60.40	0.481132	0.167634	0.159652	0.191582
2.60.40	0.450788	0.188146	0.178902	0.182164
2.60.40	0.440609	0.176306	0.191231	0.191853
2.60.40	0.427335	0.185421	0.200456	0.186788
2.60.40	0.407901	0.202155	0.20626	0.183684
2.60.40	0.432663	0.202513	0.178894	0.18593
2.60.40	0.432182	0.196511	0.189747	0.181559
2.60.40	0.433538	0.183757	0.203623	0.179083
2.60.40	0.43166	0.206692	0.170399	0.191248
2.60.40	0.400915	0.203661	0.218764	0.176659
2.60.40	0.442358	0.198748	0.187272	0.171622
2.60.40	0.434003	0.179411	0.217001	0.169586
2.60.40	0.43859	0.17311	0.196031	0.192268
2.60.40	0.425461	0.188861	0.203936	0.181742
2.60.40	0.452661	0.187115	0.17423	0.185994
2.60.40	0.419639	0.199166	0.195924	0.185271
2.60.40	0.429764	0.185443	0.211868	0.172925
2.60.40	0.455543	0.200878	0.16191	0.181668
2.60.40	0.437274	0.204956	0.179143	0.178627
2.60.40	0.45	0.188788	0.174848	0.186364
2.60.40	0.450264	0.192916	0.169932	0.186888
2.60.40	0.44264	0.177609	0.195577	0.184174
2.60.40	0.427013	0.185822	0.205956	0.181208
2.60.40	0.428642	0.194747	0.194252	0.182359
2.60.40	0.428668	0.191346	0.19574	0.184246
2.60.40	0.414081	0.1965	0.204455	0.184964
2.60.40	0.450917	0.187163	0.17206	0.18986
2.60.40	0.419214	0.196021	0.202814	0.181951
2.60.40	0.448762	0.185905	0.194667	0.170667
2.60.40	0.41048	0.200328	0.207424	0.181769
2.60.40	0.454374	0.180076	0.179536	0.186015
2.60.40	0.45095	0.19774	0.1736	0.177709
2.60.40	0.42735	0.191833	0.19943	0.181387
2.60.40	0.449531	0.190292	0.17209	0.188086
2.60.40	0.421809	0.185545	0.209637	0.183009
2.60.40	0.44593	0.19186	0.175581	0.186628
2.60.40	0.460694	0.184393	0.175145	0.179769
2.60.40	0.411107	0.202157	0.209349	0.177387
2.60.40	0.458635	0.188728	0.16908	0.183557
2.60.40	0.427848	0.181266	0.210127	0.180759
2.60.40	0.432946	0.200634	0.181098	0.185322
2.60.40	0.43466	0.19056	0.194787	0.179993
2.60.40	0.457143	0.191071	0.167857	0.183929
2.60.40	0.4533	0.191158	0.169365	0.186177
2.60.40	0.45283	0.192807	0.181604	0.172759
2.60.40	0.435807	0.202297	0.192285	0.169611
2.60.40	0.438111	0.177797	0.204168	0.179923
2.60.40	0.421205	0.199484	0.195295	0.184015
2.60.40	0.413169	0.202469	0.206996	0.177366
2.60.40	0.414686	0.214346	0.193973	0.176995
2.60.40	0.408085	0.202128	0.213191	0.176596
2.60.40	0.415523	0.208405	0.203259	0.172813
2.60.40	0.410939	0.205839	0.210643	0.172579
2.60.40	0.45133	0.179187	0.17948	0.190003
2.60.40	0.430704	0.182516	0.208955	0.177825
2.60.40	0.447311	0.192645	0.181668	0.178375
2.60.40	0.454772	0.190268	0.172177	0.182782
2.60.40	0.41899	0.199082	0.204024	0.177903
2.60.40	0.400658	0.212829	0.211842	0.174671
2.60.40	0.434097	0.198473	0.174555	0.192875
2.60.40	0.417511	0.192136	0.206323	0.184029
2.60.40	0.426013	0.188486	0.2	0.185501
2.60.40	0.441508	0.202155	0.174962	0.181375
2.60.40	0.414512	0.193912	0.206839	0.184737
2.60.40	0.491512	0.153597	0.165724	0.189167
2.60.40	0.423978	0.19782	0.20654	0.171662
2.60.40	0.420213	0.201064	0.204255	0.174468
2.60.40	0.454393	0.214269	0.162317	0.169021
2.60.40	0.423557	0.199538	0.196305	0.1806
2.60.40	0.433149	0.19337	0.190424	0.183057
2.60.40	0.445924	0.207246	0.167821	0.179009
2.60.40	0.443042	0.183502	0.183221	0.190236
2.60.40	0.412392	0.185373	0.219401	0.182834
2.60.40	0.39259	0.208458	0.225674	0.173278
2.60.40	0.419841	0.210967	0.195898	0.173294
2.60.40	0.430769	0.196833	0.195475	0.176923
2.60.40	0.432704	0.185535	0.203774	0.177987
2.60.40	0.439573	0.166948	0.215289	0.17819
2.60.40	0.406967	0.2	0.212705	0.180328
2.60.40	0.430648	0.197674	0.193937	0.177741
2.60.40	0.429907	0.189586	0.201602	0.178905
2.60.40	0.394634	0.21561	0.207805	0.181951
2.60.40	0.494031	0.148301	0.15427	0.203398
2.60.40	0.482981	0.157691	0.161137	0.19819
2.60.40	0.459227	0.150215	0.18598	0.204578
2.60.40	0.384738	0.237944	0.189719	0.187599
2.60.40	0.415211	0.200411	0.204008	0.18037
2.60.40	0.415302	0.208357	0.19904	0.177301
2.60.40	0.407519	0.228571	0.189975	0.173935
2.60.40	0.4408	0.1836	0.1828	0.1928
2.60.40	0.422505	0.197768	0.199008	0.180719
2.60.40	0.422339	0.198953	0.208988	0.169721
2.60.40	0.449372	0.18034	0.189209	0.181079
2.60.40	0.452055	0.170091	0.198059	0.179795
2.60.40	0.436758	0.183789	0.198761	0.180692
2.60.40	0.410589	0.1745	0.230686	0.184225
2.60.40	0.435217	0.179565	0.196522	0.188696
2.60.40	0.423329	0.183486	0.210572	0.182612
2.60.40	0.433257	0.201956	0.181243	0.183544
2.60.40	0.419066	0.20387	0.194431	0.182633
2.60.40	0.432255	0.202224	0.189585	0.175935
2.60.40	0.421769	0.184099	0.207058	0.187075
2.60.40	0.422535	0.188315	0.215441	0.173709
2.60.40	0.416088	0.222565	0.182729	0.178617
2.60.40	0.43472	0.203414	0.183698	0.178168
2.60.40	0.464242	0.184242	0.171515	0.18
2.60.40	0.419262	0.202683	0.204121	0.173934
2.60.40	0.417254	0.18794	0.222271	0.172535
2.60.40	0.426326	0.212181	0.185331	0.176162
2.60.40	0.413004	0.202381	0.202839	0.181777
2.60.40	0.444088	0.196897	0.17282	0.186196
2.60.40	0.421209	0.2111	0.196234	0.171457
2.60.40	0.434109	0.18863	0.200904	0.176357
2.60.40	0.451453	0.163265	0.199753	0.185529
2.60.40	0.423645	0.167488	0.216133	0.192734
2.60.40	0.455779	0.185567	0.174173	0.184482
2.60.40	0.433799	0.205589	0.182967	0.177645
2.60.40	0.457961	0.17424	0.184615	0.183184
2.60.40	0.459824	0.175557	0.172181	0.192438
2.60.40	0.428249	0.188177	0.201264	0.18231
2.60.40	0.426303	0.182818	0.205619	0.185261
2.60.40	0.416246	0.200155	0.205597	0.178002
2.60.40	0.452306	0.181274	0.180922	0.185498
2.60.40	0.415776	0.190222	0.20871	0.185292
2.60.40	0.452484	0.186285	0.174406	0.186825
2.60.40	0.438183	0.175388	0.208741	0.177688
2.60.40	0.457263	0.18783	0.164615	0.190292
2.60.40	0.432617	0.18301	0.20818	0.176193
2.60.40	0.435824	0.202812	0.175475	0.185889
2.60.40	0.441752	0.185461	0.191519	0.181267
2.60.40	0.433166	0.17335	0.203008	0.190476
2.60.40	0.424793	0.201653	0.191736	0.181818
2.60.40	0.424227	0.179422	0.214901	0.18145
2.60.40	0.450501	0.200401	0.175952	0.173146
2.60.40	0.457209	0.192093	0.164651	0.186047
2.60.40	0.434299	0.167527	0.204446	0.193728
2.60.40	0.421974	0.18668	0.204667	0.18668
2.60.40	0.424526	0.197395	0.199943	0.178137
2.60.40	0.445378	0.171849	0.191176	0.191597
2.60.40	0.465505	0.173519	0.181185	0.179791
2.60.40	0.431469	0.199561	0.183662	0.185307
2.60.40	0.430504	0.191574	0.198954	0.178967
2.60.40	0.418906	0.200096	0.200576	0.180422
2.60.40	0.429604	0.184602	0.207571	0.178222
2.60.40	0.441673	0.178848	0.195011	0.184469
2.60.40	0.420482	0.196084	0.202711	0.180723
2.60.40	0.427989	0.186863	0.207262	0.177887
2.60.40	0.45097	0.198338	0.170637	0.180055
2.60.40	0.436102	0.196885	0.186901	0.180112
2.60.40	0.454496	0.183662	0.172697	0.189145
2.60.40	0.436515	0.181295	0.202599	0.179591
2.60.40	0.43858	0.186595	0.201775	0.17305
2.60.40	0.461671	0.195965	0.161383	0.18098
2.60.40	0.448107	0.171551	0.204518	0.175824
2.60.40	0.441685	0.185809	0.192905	0.179601
2.60.40	0.458869	0.174379	0.180805	0.185947
2.60.40	0.411003	0.175297	0.233549	0.180151
2.60.40	0.480884	0.158879	0.161852	0.198386
2.60.40	0.439536	0.190986	0.19411	0.175368
2.60.40	0.466219	0.17661	0.165547	0.191624
2.60.40	0.470194	0.190891	0.166778	0.172137
2.60.40	0.433482	0.192411	0.189732	0.184375
2.60.40	0.457197	0.185796	0.166772	0.190235
2.60.40	0.438966	0.169938	0.20584	0.185256
2.60.40	0.438572	0.190079	0.199815	0.171535
2.60.40	0.412965	0.213085	0.195078	0.178872
2.60.40	0.463639	0.164528	0.181968	0.189865
2.60.40	0.450824	0.184224	0.182227	0.182726
2.60.40	0.443803	0.190651	0.184874	0.180672
2.60.40	0.440354	0.181322	0.193592	0.184731
2.60.40	0.441926	0.184136	0.195872	0.178066
2.60.40	0.423093	0.191734	0.20196	0.183213
2.60.40	0.407668	0.207355	0.204617	0.18036
2.60.40	0.4428	0.194081	0.182698	0.180421
2.60.40	0.424642	0.203843	0.189902	0.181613
2.60.40	0.412684	0.206492	0.197175	0.183649
2.60.40	0.463188	0.18029	0.170435	0.186087
2.60.40	0.425579	0.173351	0.210339	0.190731
2.60.40	0.478746	0.200053	0.158077	0.163124
2.60.40	0.416766	0.190419	0.20479	0.188024
2.60.40	0.42389	0.220776	0.177318	0.178015
2.60.40	0.433693	0.195451	0.187741	0.183115
2.60.40	0.444444	0.181046	0.201307	0.173203
2.60.40	0.441713	0.194199	0.173481	0.190608
2.60.40	0.421223	0.193141	0.204788	0.180848
2.60.40	0.463043	0.177536	0.165217	0.194203
2.60.40	0.433709	0.189341	0.205806	0.171144
2.60.40	0.42537	0.194083	0.204841	0.175706
2.60.40	0.422157	0.181704	0.210239	0.1859
2.60.40	0.443638	0.194196	0.178013	0.184152
2.60.40	0.401105	0.199862	0.211943	0.18709
2.60.40	0.426249	0.18976	0.1987	0.185291
2.60.40	0.445046	0.192204	0.176502	0.186248
2.60.40	0.444832	0.198606	0.173635	0.182927
2.60.40	0.423295	0.187973	0.216383	0.172348
2.60.40	0.45406	0.184351	0.176052	0.185536
2.60.40	0.431241	0.195017	0.194538	0.179205
2.60.40	0.433518	0.196676	0.192059	0.177747
2.60.40	0.446783	0.191825	0.172805	0.188588
2.60.40	0.41179	0.188381	0.224263	0.175566
2.60.40	0.458024	0.178678	0.17422	0.189079
2.60.40	0.420681	0.191781	0.208131	0.179408
2.60.40	0.445848	0.188929	0.183514	0.181709
2.60.40	0.414782	0.193053	0.208401	0.183764
2.60.40	0.459201	0.183455	0.173889	0.183455
2.60.40	0.419066	0.196319	0.201982	0.182633
2.60.40	0.401992	0.223631	0.195111	0.179267
2.60.40	0.443743	0.168197	0.202641	0.185419
2.60.40	0.420589	0.179817	0.207924	0.191669
2.60.40	0.440431	0.204852	0.174663	0.180054
2.60.40	0.41179	0.194625	0.220633	0.172952
2.60.40	0.449252	0.182692	0.17094	0.197115
2.60.40	0.495706	0.145515	0.158874	0.199905
2.60.40	0.430341	0.186791	0.198142	0.184727
2.60.40	0.421591	0.202841	0.200568	0.175
2.60.40	0.406907	0.206206	0.198198	0.188689
2.60.40	0.438869	0.197993	0.19708	0.166058
2.60.40	0.460751	0.186348	0.172014	0.180887
2.60.40	0.460346	0.188432	0.161002	0.190221
2.60.40	0.433746	0.187321	0.196378	0.182555
2.60.40	0.443144	0.186734	0.186734	0.183389
2.60.40	0.420188	0.18216	0.215493	0.18216
2.60.40	0.4236	0.1808	0.2104	0.1852
2.60.40	0.448295	0.201705	0.180114	0.169886
2.60.40	0.424056	0.179803	0.211412	0.184729
2.60.40	0.458804	0.182844	0.1693	0.189052
2.60.40	0.403059	0.213616	0.201283	0.182042
2.60.40	0.446757	0.19008	0.186264	0.176899
2.60.40	0.448761	0.178342	0.19639	0.176507
2.60.40	0.459719	0.186183	0.158314	0.195785
2.60.40	0.426619	0.2	0.18741	0.185971
2.60.40	0.431988	0.186744	0.202017	0.179251
2.60.40	0.441276	0.198797	0.169239	0.190688
2.60.40	0.452166	0.194043	0.161552	0.192238
2.60.40	0.425256	0.192121	0.203454	0.179169
2.60.40	0.447573	0.192718	0.175243	0.184466
2.60.40	0.411354	0.205212	0.208004	0.17543
2.60.40	0.423587	0.184187	0.206272	0.185954
2.60.40	0.410813	0.207024	0.201479	0.180684
2.60.40	0.436307	0.202397	0.175322	0.185974
2.60.40	0.405909	0.197086	0.217321	0.179684
2.60.40	0.411678	0.208538	0.198724	0.18106
2.60.40	0.435045	0.200691	0.179111	0.185153
2.60.40	0.438234	0.178018	0.201973	0.181775
2.60.40	0.435265	0.204069	0.192972	0.167694
2.60.40	0.421035	0.220701	0.192321	0.165943
2.60.40	0.418182	0.200423	0.201691	0.179704
2.60.40	0.435815	0.200762	0.18347	0.179953
2.60.40	0.423967	0.177273	0.211983	0.186777
2.60.40	0.436258	0.190499	0.195831	0.177412
2.60.40	0.396648	0.212756	0.205307	0.185289
2.60.40	0.419175	0.178665	0.213024	0.189136
2.60.40	0.421168	0.204655	0.187967	0.18621
2.60.40	0.454545	0.179856	0.175932	0.189666
2.60.40	0.441842	0.196507	0.178245	0.183406
2.60.40	0.438999	0.192909	0.184567	0.183525
2.60.40	0.431512	0.180523	0.2019	0.186065
2.60.40	0.42915	0.191633	0.190283	0.188934
2.60.40	0.419201	0.198523	0.199392	0.182884
2.60.40	0.417744	0.187695	0.210878	0.183683
2.60.40	0.455542	0.183922	0.175396	0.18514
2.60.40	0.405518	0.209787	0.20406	0.180635
2.60.40	0.438849	0.202038	0.170863	0.188249
2.60.40	0.417681	0.205929	0.190048	0.186342
2.60.40	0.418818	0.189842	0.218152	0.173189
