2.60.120	0.731530187726436	-0.408247942908455	-0.4167065957379
2.60.120	-5.00315945261476	0.979666623072087	-2.10461933260155
2.60.120	-1.24968312220051	-0.0130701971637843	0.144162994266821
2.60.120	0.307214333736925	0.587119136683226	-0.103373368796184
2.60.120	-4.23983790707439	0.351418274639295	-0.890364208214715
2.60.120	-1.47032990651593	-0.724888502240166	-1.10455966324267
2.60.120	1.52236096786842	0.904747042921335	-0.286628405338335
2.60.120	-3.38189821764172	1.0079497182642	0.114086165309567
2.60.120	-3.02717195280382	1.43105706004044	-0.362023580768779
2.60.120	-0.306985209127271	-0.280396823909962	-0.299280337529823
2.60.120	-1.04441073429247	-0.162923220216157	-0.353214156501822
2.60.120	-3.50193335316505	1.23455640756784	-0.732488894845451
2.60.120	-2.91154125757365	0.882261241935672	0.316145522447664
2.60.120	-1.3850124265592	0.552078933091851	0.543053251015598
2.60.120	-4.26067548804532	-2.75635231280457	-1.79815834103105
2.60.120	-3.96674482023352	0.47931623579895	-0.60383729101726
2.60.120	-2.9145530169059	0.108805945286951	-0.59546919575526
2.60.120	-1.80891224710162	0.907446871478928	-1.71756194113473
2.60.120	-2.75241312623038	-0.133110700335986	-1.8753379628716
2.60.120	-3.53394799358092	-1.28458591983839	-1.05737134886792
2.60.120	-3.66778319981183	-0.379165728276676	-1.76136494782453
2.60.120	-3.15494522793112	-0.402003072176553	-1.95345751809674
2.60.120	-3.11978556430018	1.02299611171199	-0.712979792936375
2.60.120	-2.15809152834604	-1.56543289538567	-1.66258360512652
2.60.120	0.454013762293777	0.395836778163772	-0.489851471512267
2.60.120	-0.422201072794676	0.323199680595464	-1.34311264729169
2.60.120	-5.2718767084465	2.05121989945118	-2.1595845477589
2.60.120	0.618764367317659	0.295282810678653	-0.152679141498967
2.60.120	-0.975661797009254	-0.998972611186082	0.684429680844552
2.60.120	0.316443238876094	0.561970526954585	0.0826858484360555
2.60.120	-3.03259502545408	-0.799240809332151	-0.110790341703771
2.60.120	0.682640874852789	1.65057956640832	-1.35203204064457
2.60.120	-1.3028966699105	-3.30343145085203	1.0172595384591
2.60.120	0.135048471900569	1.72951096658534	-0.45118163899377
2.60.120	-3.51586538158261	1.11919092186271	0.0431269622715624
2.60.120	0.911214050188527	-0.230343656916849	-1.1293278061232
2.60.120	1.36572879927884	0.381853980877035	-1.24624471584928
2.60.120	-0.967610348779397	-1.03937920914155	1.10341736463549
2.60.120	-1.46901317143453	-3.23738781589523	0.0747419877400747
2.60.120	-1.63932394783302	0.309841602735913	0.445692761481267
2.60.120	-1.63696627801765	0.278731799214122	-0.213767841578679
2.60.120	-3.44753804925223	-1.78609243652486	-2.24321653739225
2.60.120	-3.2017251003844	0.998638461902159	-1.15089977764446
2.60.120	-2.08581173905576	-1.03533318196975	-1.36257925141122
2.60.120	-3.60973159621161	1.49106533442299	-0.910537119118392
2.60.120	-5.62729841282298	-1.45699381575181	-0.310715826355922
2.60.120	0.278565881218409	-0.917060954995292	-1.80190228041313
2.60.120	0.0299069157397683	0.641214551568578	0.159870181248195
2.60.120	-1.64046707497962	-1.27620860045879	-1.14610012231687
2.60.120	0.378205063330571	1.41487346363646	-0.785058168412434
2.60.120	-0.289203471702004	0.879618841235468	0.100886011933732
2.60.120	-1.93940512854309	0.469910984767842	-0.103507168687115
2.60.120	-1.96548452514667	1.82681546919732	-0.495943098777717
2.60.120	-1.62993006903	-0.180417156607178	0.137569956858409
2.60.120	-5.50922423876253	0.338125906352372	-0.166563155736829
2.60.120	-2.10093267759553	0.540775202027473	-0.48985539924031
2.60.120	3.62749689762476	-0.717864350313105	-3.9628519209612
2.60.120	-1.39286370201952	-0.907606090364224	-0.539246302362672
2.60.120	-2.3016234550127	0.668262087146015	-0.365809069827574
2.60.120	-3.57466997859498	-0.584843428781547	-1.30308830353422
2.60.120	3.0319775706811	-3.65912544938188	-1.50524847125014
2.60.120	-0.648138164554604	-0.12729716188399	-0.394666621073825
2.60.120	-2.80764034913422	-0.156471253603422	0.12406764558359
2.60.120	-1.85500354321027	-1.73871170834712	0.35689978637198
2.60.120	-3.23104089542323	1.69947471998447	0.222874839165971
2.60.120	-6.19626594181664	0.0892654874875832	-0.851323618305393
2.60.120	-2.3889576110309	1.63357083211404	-1.57538443037623
2.60.120	-3.29196041803206	2.15155743230386	-0.88149902255406
2.60.120	-0.307331355838694	-3.83690245816464	-0.0440664385955237
2.60.120	-2.78134731163915	2.01174335827831	-1.63085965837462
2.60.120	-1.92195148803266	-0.176484878498021	-1.1107699605635
2.60.120	-1.59441077880118	-1.82516375574536	-0.796548675124279
2.60.120	-3.30585366919988	1.32161438306883	-1.12377232138129
2.60.120	-2.77091356220045	2.66473006912039	-1.2366403478625
2.60.120	-3.23613238391725	1.56622556372575	-0.307077223769829
2.60.120	-0.286572985331388	1.12100252125056	-1.26465401229354
2.60.120	-0.664004287819211	0.577800405556927	0.0182028482874826
2.60.120	-7.40467906472676	-1.6703191485688	-0.53032177274742
2.60.120	-3.12840669849224	-1.22359662426568	0.313306388556436
2.60.120	0.80528941256606	1.23195972763084	-0.340587973297322
2.60.120	0.46064133042694	1.62191015851102	-0.870545526167592
2.60.120	-0.607798376543467	1.47611939153954	-0.576860907279687
2.60.120	-3.59650813320641	1.21981506843588	0.0151517289586124
2.60.120	-0.535716476120068	1.2632518477691	-0.349757777966855
2.60.120	-3.82812507736195	1.80776537062596	-0.900900801055392
2.60.120	-4.16868813400866	0.839995812190447	0.143485739082471
2.60.120	0.242738030225224	2.1132099557672	-1.14964569226077
2.60.120	-1.73191148781711	1.07487857593525	-0.753027774533941
2.60.120	-3.58845884594243	1.0511181402832	0.200200607641652
2.60.120	-0.509604317679348	0.0273683755476141	0.141471069253231
2.60.120	-2.87082534304768	1.19116908653143	0.282416588773644
2.60.120	0.0990878178325297	-0.723819719393852	0.390893886350794
2.60.120	-2.12938394920622	0.981823351147921	-0.229219917812596
2.60.120	-2.96904392621141	1.83919617544437	-1.37021724632079
2.60.120	-1.14737878847799	-2.82777355230497	0.707315489018027
2.60.120	-0.700874435727999	-0.287469194167288	0.15830242976494
2.60.120	-1.65077750135681	0.0550018094093057	0.52516466539532
2.60.120	-3.54843545319272	0.0929248872034357	0.48799373341093
2.60.120	-1.66584511355352	0.376848397471841	-1.33269333856954
2.60.120	-3.23287981799379	-0.161959493369101	-0.793822147068071
2.60.120	-3.56323965849309	0.954580643274332	-0.836973068633524
2.60.120	0.00346197286873207	1.14028068797878	-0.14865232844379
2.60.120	2.19470324571122	-0.138986425284287	0.366369530898907
2.60.120	0.707343002584239	-1.49501418697574	-0.303687896705269
2.60.120	-4.64978587399856	-0.110389723736411	-0.0696671537076221
2.60.120	-2.25122236375273	-0.427835281782868	-0.298680372084104
2.60.120	-0.669251198987867	-3.22387618408798	0.28893302968808
2.60.120	-3.25536074845746	0.193396755712642	0.445206889658491
2.60.120	-1.75240607740132	-1.01494865684753	0.159432913611194
2.60.120	0.999324273917448	-0.974909999200083	-2.76494589956409
2.60.120	0.0201988824871907	0.195947234007601	-1.14502208666536
2.60.120	-2.63072750039698	0.642940467888939	-0.391849519227556
2.60.120	-0.0439233838722967	-2.28242605441612	-0.727439685235516
2.60.120	-0.00851374866705379	0.772413811791082	-0.23542551064528
2.60.120	-1.00887985898776	-0.526808094855911	0.209222796835946
2.60.120	-3.60906086538416	1.1111627034799	0.0944161571491056
2.60.120	-1.93590689971092	-0.140238234642418	0.486686601977157
2.60.120	-1.08201416703623	0.50637746334199	0.182730119622301
2.60.120	-1.93163249750048	0.942594590079966	0.575010781459538
2.60.120	-0.864435189164077	0.0306289941883605	0.347329748460845
2.60.120	-2.87503037541641	-0.0303503273897308	1.25205059581897
2.60.120	-0.825629464187845	0.133128572779455	-0.084170332583608
2.60.120	-3.42093893322858	1.67743083387648	-0.289651931976135
2.60.120	-0.578352332016788	0.932165092634057	-0.0669838799131478
2.60.120	0.752240208737404	1.1031176655219	0.442476972240173
2.60.120	-0.599529010757101	-1.94381597652926	-1.59422329731686
2.60.120	-3.87513618029154	1.3854888905548	-1.08162052718704
2.60.120	-1.5105202287363	-1.26424867979916	-0.223928604664988
2.60.120	-3.66271687379288	1.19825079364304	-1.11655667648924
2.60.120	-0.235854048913077	1.40661595111283	-1.63729640029799
2.60.120	-4.06640739539886	0.0893561658721354	-0.541517066002907
2.60.120	-3.02353363092995	2.08790707346052	-1.06248498515442
2.60.120	-2.69344639158458	1.5677969363451	-0.0723024753269067
2.60.120	-1.9563471857119	2.1518706500931	-1.7700754186047
2.60.120	-3.44076513938527	-1.54088720991227	-1.89992389392012
2.60.120	-3.92351394787372	-0.289503887671848	-0.815057416593509
2.60.120	-2.4300034432112	0.414213024935199	-0.991165548080711
2.60.120	-0.622364377283781	-2.7432929474822	0.889196933830973
2.60.120	-1.62268344489718	-2.67101809991442	0.598459730230736
2.60.120	-2.08161383628426	-0.127597341816556	-0.890782983881297
2.60.120	1.54826056762411	0.181224602129187	0.538048136667238
2.60.120	-3.26613640554759	1.72419071571749	-0.878343891012095
2.60.120	-5.36293536956819	0.995468085759917	-1.26832007728941
2.60.120	3.97351520162911	1.81092030616029	-0.370303842651717
2.60.120	1.93510338268957	0.264984421293451	0.614371865447759
2.60.120	-2.95374517551812	0.54909770932823	-0.232743547279527
2.60.120	-1.65649622902219	0.171633367654905	-0.774687389228402
2.60.120	-5.87295336884327	0.952250882048758	-1.88481980737526
2.60.120	1.07721624603043	-0.25713155200955	0.856424044736329
2.60.120	-0.848451815598819	-3.81934854797163	0.767656399362493
2.60.120	-0.978510914340183	-2.91992794058513	0.543536830987259
2.60.120	1.52014666597165	-1.41257274634682	0.123900699404537
2.60.120	-4.97871859105822	0.863656768727663	-0.592307111617276
2.60.120	-5.94786687328673	0.395524797605908	-0.561844755464143
2.60.120	-1.26446288635598	0.156807817066703	0.434794018847481
2.60.120	-3.04138312475279	0.573030239206403	0.489760385938554
2.60.120	0.00476834071892041	-5.01452167458713	-0.638313233202771
2.60.120	-2.17064236653015	-2.51306391708675	0.567170624431164
2.60.120	0.991952587162695	-3.75390023943274	0.409905185130408
2.60.120	-0.706017974514489	-0.0751996962063373	0.911013387410309
2.60.120	-0.0826354231389473	0.954782003367978	0.0961735148943727
2.60.120	-3.92473704299076	1.50670645724467	0.167188299577276
2.60.120	-3.72041629064559	1.55445595618347	-0.0556866366223104
2.60.120	-0.395124386404285	-0.842539532707754	0.699540532809912
2.60.120	-7.14439071132696	-0.767622910935334	-0.168326073140471
2.60.120	-2.32834181217867	1.74857582938898	-0.0626728241870193
2.60.120	1.69755696687037	-4.00558092772332	-0.666972497288382
2.60.120	6.44951142119941	-6.99578613008941	-4.13057846564859
2.60.120	-3.27428590667517	-0.553518189519854	-0.379801510416794
2.60.120	-4.82705447749395	0.798742009421787	0.483575166715296
2.60.120	-0.741376557334086	0.243502290023023	-0.880655632711353
2.60.120	-4.06450870223542	1.35634048408948	-0.116953427286154
2.60.120	0.297267822006497	1.42225702016119	-0.608387952765286
2.60.120	0.318217295374072	0.0107903061283215	-0.3396235384738
2.60.120	-1.34518529621244	-0.571192300141399	-1.16827201280318
2.60.120	-5.80754553914532	1.04607799157636	-1.87349018067776
2.60.120	-5.68946911702979	1.13032523030618	-1.79873454752314
2.60.120	2.27247974855585	1.23117835681202	-0.261904438985931
2.60.120	-2.79897652755876	0.130556139360724	-0.146284618471225
2.60.120	-1.25439990590851	-6.22279348151818	0.735337428085602
2.60.120	2.406716358791	0.197678572611093	-0.24741680746293
2.60.120	-3.16639024717222	-1.39426783876336	-2.22080663687357
2.60.120	-3.67129347322622	0.649496620917878	-1.35797540768238
2.60.120	-2.03474054339935	0.349041367662573	-1.46607738245288
2.60.120	-2.26939733519133	1.49183678951121	-0.431439997526907
2.60.120	-2.03749394569853	1.13744778148549	-0.367843214287462
2.60.120	-1.45478222343029	1.09788303464776	-0.479297556479559
2.60.120	0.535748758547022	1.51739045380177	-0.173040027487654
2.60.120	-3.29472459815576	1.83334512451925	-1.08795656048944
2.60.120	-0.3642445782941	-0.352394635045947	-1.31958391117632
2.60.120	-2.22113326871545	-0.0449581569218477	-1.15510777749796
2.60.120	-1.41305032691808	-0.391760584564613	-1.45358095057324
2.60.120	-0.806192910558574	1.79380830123106	-1.3581085161151
2.60.120	-4.46425752210016	-0.882286875777772	-0.685388007042403
2.60.120	1.55263581838563	2.15087832704236	-0.970031935217368
2.60.120	-3.48407739701466	-1.94915205538395	-2.2132028177534
2.60.120	-2.65854328760273	0.99442858524993	-1.43053048482954
2.60.120	-1.36882551153795	0.273104875230578	-2.06002513281369
2.60.120	-2.98096235013415	1.18605576442181	-1.3809151098831
2.60.120	-0.812508849307725	0.170982068462632	0.640221688282204
2.60.120	-0.798232058866046	-3.00757122468979	0.975089176084395
2.60.120	-0.790670414133007	-0.474064438906726	-0.363479062208555
2.60.120	-0.579881941444914	-0.540572860077607	-0.41237264409403
2.60.120	-2.90347358760841	0.720281332319312	-1.29014235125744
2.60.120	-0.974240612505866	1.64610786747986	-0.0720322300842098
2.60.120	-0.61159250937421	1.6199950349537	-0.41200742013554
2.60.120	2.00453121857561	-0.0858075345516723	0.490117165833252
2.60.120	1.37839042829095	-0.806835714191779	-0.127011143326463
2.60.120	-4.19844191129603	0.993644314828358	-0.538587710307882
2.60.120	2.17027930630124	-0.295353815441046	0.39801847408169
2.60.120	0.52313047578467	-0.0127969413460211	-0.409037905451858
2.60.120	-2.52711286272794	-1.12445517368782	-0.549569281036433
2.60.120	2.89428808504742	0.395440171675947	-0.178324196559959
2.60.120	1.13558064528682	0.536244406810342	0.79993600537708
2.60.120	3.20439412368085	0.553017063196715	0.156774215988169
2.60.120	1.40460061065553	-0.221499786928237	0.129623992218511
2.60.120	-2.55544458612981	0.733636614685081	-0.364054774834683
2.60.120	0.824367403211741	2.3097179155297	-0.568572666440173
2.60.120	1.26215354334082	0.693197732148483	0.476068083105859
2.60.120	-2.07383674874546	1.53350215890982	0.0380664777044849
2.60.120	-1.52951905302015	-0.0532351901780342	-0.297438959221347
2.60.120	-0.487697415586816	-0.825784402651892	-0.166058614194981
2.60.120	-3.33373827793126	0.745679379421623	-1.79853838582959
2.60.120	-3.50598480944176	0.518208821126054	-1.15137013238557
2.60.120	-1.37763307323529	0.373873648443138	-1.84940383955261
2.60.120	0.808675341625142	-0.377183479869787	-0.709797163586575
2.60.120	0.107945412944287	0.76216866423857	-0.0893080021376063
2.60.120	-1.03849743545581	-0.745012210970468	-2.32663360368323
2.60.120	-4.10121658885228	0.492552740440314	-0.152983521833146
2.60.120	1.13644699591964	2.19606847532366	-1.73119388130943
2.60.120	-1.77344874607145	-1.11114511673674	-0.646752635118409
2.60.120	-2.6836650982191	-1.68426548747361	-0.672915443066935
2.60.120	-2.47382508543142	-1.40705668039791	-0.972285425190426
2.60.120	-1.60399658684603	-2.00625855187207	-1.1862496028703
2.60.120	-3.30947997018135	1.99118769180226	-1.10883973586868
2.60.120	-2.38651013439171	1.41271979971084	-0.522072940791663
2.60.120	-5.51258932752081	0.987659990409674	-0.267119958319691
2.60.120	-3.68537033334485	-0.0584788585460037	-0.108342333427168
2.60.120	-5.44888083679976	1.36788345659794	0.0719876251268983
2.60.120	2.23878018920584	1.04150640205752	0.186718639709319
2.60.120	-3.11600602705557	0.604298158116632	0.263448026477044
2.60.120	-3.64886336677995	1.47283683456832	0.000543403148266425
2.60.120	0.37577024163766	-0.368878880315783	0.45668588624519
2.60.120	-0.306739512319256	-0.166212411713899	0.56732741613182
2.60.120	-0.388587380939675	-0.0139873536250437	0.48278958485185
2.60.120	1.79577493873367	-0.964866364515747	-0.13554922328711
2.60.120	-3.07782528534974	1.96718137589936	-0.823095790232783
2.60.120	-1.57013238112461	-1.2761645463621	0.894560883612047
2.60.120	1.62434780483068	-0.315562586653591	-0.445366525011611
2.60.120	-1.43854257210622	-2.03411513791691	1.07277576907849
2.60.120	-1.23577515556035	-1.07948377775772	0.894657528351583
2.60.120	-1.89301270892172	-1.83441939917912	1.04853168611888
2.60.120	-0.968019672061091	-3.79025702645485	0.868539280977293
2.60.120	-1.40110937598312	-2.24936855623667	0.51980016480895
2.60.120	-3.42105880113713	-0.731281762549199	0.510581868733493
2.60.120	-1.3244234403793	-2.60467317867714	-0.51214474082693
2.60.120	0.185224269105534	0.0832091659444241	0.647670673351952
2.60.120	-2.72007892915277	-0.385178469507588	-0.323611045926567
2.60.120	2.47210231089848	0.0496351965483006	-0.275908754995662
2.60.120	-1.45273862975819	-0.582477563903002	0.670804103934059
2.60.120	-1.94126368945762	0.146229567578537	-0.236164508452987
2.60.120	-0.727744079588919	0.011360591129366	0.526543452884725
2.60.120	-6.36508603215523	-3.33972628810198	-0.522173704747567
2.60.120	-2.67387015362279	1.48465303712946	-1.56618104492805
2.60.120	1.75452428949871	2.7767992426712	-0.974670499985171
2.60.120	-1.2785899415503	0.635863924971063	0.48738797860036
2.60.120	-6.60023559339407	1.56764893726742	-0.146757694773962
2.60.120	1.56292496005412	-2.56301212887397	-0.343276056248655
2.60.120	-2.57569535433276	-0.154251546467649	0.0350434976936209
2.60.120	1.03802206109314	-0.645470310579869	0.888077247928757
2.60.120	-1.68579944780262	0.666389017950726	-0.168498756792897
2.60.120	-0.530081326691647	0.178735106944555	-0.242993517246813
2.60.120	-3.47534954227987	-0.441273102500194	-0.0327341072005282
2.60.120	0.529068258904057	0.717033590456965	-1.10310593806731
2.60.120	-2.29665909424869	-0.469992396528545	-0.486023162343972
2.60.120	2.40577157051873	0.055772955536476	-0.202475547208871
2.60.120	-3.04326628464013	-0.564459563977578	-0.131653787065831
2.60.120	-2.43741642725494	0.89363905008814	-0.0505671163199288
2.60.120	-1.56844587201946	-0.0683486993988914	-0.381479860584801
2.60.120	-0.475965233144326	-1.2743829799962	0.522127372129119
2.60.120	0.913408371250574	-2.41314654283229	0.793709613424743
2.60.120	-0.306390929394291	0.778669892534485	-0.48563339737489
2.60.120	0.730048772525202	0.644248666431723	-1.02228256643904
2.60.120	-2.66166375748142	0.524214877010009	0.299870286085186
2.60.120	-1.00284842471942	0.90772727812255	-0.414811060868893
2.60.120	-3.44539663984369	0.69104178670651	-0.0974754226228056
2.60.120	-0.0750769090802154	0.246479521374571	-0.659614010058392
2.60.120	0.445354152758182	-0.207748481892133	-0.674081139943358
2.60.120	1.36429552087623	-0.665257314241828	0.152951723977605
2.60.120	-0.412800857869159	0.765295261617586	0.665102092903694
2.60.120	0.199022294577784	2.07732880758468	-0.698762172720305
2.60.120	-3.10499122102269	1.84408367657988	-0.168905480669412
2.60.120	-2.5527046367734	1.59372959396076	-0.341471781026907
2.60.120	-3.05659721324659	2.24392071038126	-0.0718460095580603
2.60.120	-3.17928017873217	0.846531141740791	0.0931004850782215
2.60.120	-3.24487537066297	-1.57898623592122	-2.17397856924226
2.60.120	-4.05641054289692	0.446605463228528	-0.891670130462165
2.60.120	-2.31017059214191	-0.371073992894199	-1.03815924805173
2.60.120	-0.530567299257138	-0.989322235515215	-0.176710671719782
2.60.120	-1.0814133222223	-1.84917867813983	-1.37483417674902
2.60.120	-4.29272299364934	-1.65854358884968	-0.00700080322837865
2.60.120	-4.24993756215702	0.786302950069446	-0.242082393891035
2.60.120	-2.52038138656553	1.28880558864341	-0.542387758323089
2.60.120	-2.22637335979315	-0.0833804494994406	0.443007061831119
2.60.120	-4.74731967933719	0.784514060498808	-0.48025129007603
2.60.120	-2.95508984726346	-1.8373015589263	1.08890593430707
2.60.120	-3.56492502306527	1.2160994983911	0.0132483384889616
2.60.120	0.157582068684862	-0.848373500301798	-1.81971995188835
2.60.120	-2.92639471779554	-0.211903346907306	0.427387221538018
2.60.120	-3.64757949666818	0.248718255240219	-0.715431335620828
2.60.120	-0.909163663348727	1.23908100579491	-1.27532690187768
2.60.120	-5.39858488747449	0.373730601342164	-1.0195141585717
2.60.120	-0.818300170463758	1.38100166772395	-0.762471083779021
2.60.120	1.17898374959875	-3.3716973673623	0.214631678135037
2.60.120	-3.04285724626937	2.2578109593252	-0.928364381209728
2.60.120	0.868573476697553	0.307366903047962	0.701104282005979
2.60.120	-4.16848087625523	0.947267047113612	0.163037969085604
2.60.120	-2.47288169545174	-0.295395047027339	-0.599120864464706
2.60.120	-0.602150956548639	0.900106553648221	-0.232943719067091
2.60.120	-1.46894272773839	-2.50751276820326	-0.763475726990563
2.60.120	-2.17730393723877	-1.54463284654292	-0.903234505164512
2.60.120	-1.19959383238013	-2.55703011386932	0.740522476254752
2.60.120	1.17116816199723	-0.0150699226062635	0.418173379420894
2.60.120	-8.40575416524308	-0.799018213254389	-0.925376958483574
2.60.120	-0.691834112357596	-2.20647146050261	0.56194133888762
2.60.120	-1.51546182764539	-2.31125501476462	-0.588438478843664
2.60.120	-1.98380355965678	-2.75950088399634	-1.3394849090638
2.60.120	-1.88702384569646	-2.61700347846483	-0.289090144852335
2.60.120	-3.28089790884876	-0.53555163764507	-1.40123485079006
2.60.120	-8.36856355963341	-0.947308478333477	-0.480377774039303
2.60.120	0.13031163697228	-3.05179041694362	-2.84690831097383
2.60.120	0.427361206194497	-0.604200626011291	-0.759198400684417
2.60.120	-2.06959853527816	0.471374117746498	0.573680955848908
2.60.120	-0.00861007041960407	0.35443298313345	-0.192553284332654
2.60.120	-3.76620922551112	-1.24846264641858	-0.41336081291964
2.60.120	-2.37928543135809	-2.62338253167852	-0.248973988144778
2.60.120	-2.51874699745499	-1.7123260273689	-1.05764096037806
2.60.120	-2.08843230608461	-2.56171448025862	-0.364554626106356
2.60.120	-4.11204644850863	1.04576160876377	-0.00735303460206405
2.60.120	-2.58716142119658	-1.54288170977425	-0.930545442570784
2.60.120	-3.24199456300472	1.37443538317089	-0.152753346307491
2.60.120	-3.50602849661222	0.536344398111226	0.0283034434102243
2.60.120	-3.26557803217066	1.56392192311788	-0.61557095568925
2.60.120	-0.365849011000507	-2.45044297171239	-1.06527988491259
2.60.120	-2.01246758226217	-4.0162077667351	1.08194168173633
2.60.120	0.398892322837946	0.279796871924115	0.841851306093195
2.60.120	-2.50918726728391	0.329334837484978	0.732559820782926
2.60.120	-1.09804252496278	0.427947362647261	0.413862423809035
2.60.120	-2.95157421931937	-0.0975556857547137	-0.664896578592844
2.60.120	-1.96077283992482	1.01117980704374	-0.568930908865338
2.60.120	-0.464003355767261	2.2549741952583	-1.43068363561162
2.60.120	-0.985632018143557	0.711854769528558	-1.08819854247584
2.60.120	-3.53930190477478	2.1121129873571	-0.709748172369419
2.60.120	-0.518546959108111	-0.442122649496734	-1.04575536533123
2.60.120	-2.30796360567254	1.92207512008955	-2.37625226697528
2.60.120	-3.33104897636159	0.8350483766881	-1.14555107301005
2.60.120	-1.66368428417812	0.950468224289148	-1.31454213373243
2.60.120	-3.74487900768453	1.85958509352699	-0.154147858586129
2.60.120	-3.21538014866344	0.667482600010482	-1.09074601226834
2.60.120	-0.805204333146908	1.2264458656219	0.05381868691925
2.60.120	-0.174357568544333	-1.87281120047093	0.185771211369881
2.60.120	1.01256066641833	-1.72286601532541	-0.0958479331112118
2.60.120	-0.68329661377339	-2.10696134327035	1.28000237151485
2.60.120	-0.872880082109006	-3.81205353224173	0.855337864366404
2.60.120	2.88129634806361	1.02913908735149	-0.37204333821246
2.60.120	-4.02710755534867	2.10144830481962	-1.10507015443293
2.60.120	-2.73282620946451	0.0943822218168834	1.11248360321072
2.60.120	-2.26206929559286	-0.92795251752545	0.268385355517677
2.60.120	-1.60289886776383	-2.46553234110661	0.969109107417237
2.60.120	-1.10074959399569	-2.62075727241448	0.627772091284807
2.60.120	1.31222462914464	-1.23767940422676	0.575174762767652
2.60.120	-0.705782050467256	-2.43385673910752	-1.18679902519929
2.60.120	-1.28036373124065	-2.95867558138182	0.951159768325796
2.60.120	0.465479931285439	-0.460895552312442	0.234905704211584
2.60.120	0.841636381945438	-1.64312274993178	0.365127630084575
2.60.120	-1.09267003454018	0.48955911367674	-0.732096121314843
2.60.120	-4.31462354252824	1.72286657723894	-1.38817826216595
2.60.120	-1.0255939801288	-0.0439688215815824	0.775196661852759
2.60.120	2.06505620583456	-1.85965249402296	-0.492423864409386
2.60.120	-1.90275621347036	0.99520121761294	0.701318609088043
2.60.120	-1.23208330085461	-0.217037244281001	0.282528125334691
2.60.120	-1.83433819033669	0.479561989639199	0.382817139508609
2.60.120	-1.39227279989574	0.579223597751824	0.032976914592534
2.60.120	-2.33127454247579	0.54763400744428	0.576755728038086
2.60.120	-1.58487696428801	0.665064385301095	0.392021533067889
2.60.120	0.400633559126252	1.31603437153397	1.28611852305341
2.60.120	-1.45177360725311	1.20293722728377	-0.146596754328179
2.60.120	1.61316497108745	1.10865475940647	0.506467866769849
2.60.120	-1.716969898335	1.62045688786077	0.081570250405308
2.60.120	-2.21399439173128	0.452188308802	-1.06423972072183
2.60.120	-2.01485684824161	0.462421466412875	-0.106859563265832
2.60.120	1.2218555400408	-0.445224433865698	0.431370616370692
2.60.120	0.970617598623818	2.17244086466197	-0.538725591500351
2.60.120	-5.53003624157297	-0.608483131962328	-0.209279608965291
2.60.120	-3.3040416083277	-1.14731738191946	0.303818061706187
2.60.120	-3.12840586794984	0.654689840077821	-0.342846279993345
2.60.120	-3.00436569501965	0.786750745815448	-2.75681439124323
2.60.120	0.149079470289968	1.38732210472502	-0.607525739188755
2.60.120	-1.38318330410917	-0.882292423922061	-0.0696079386480818
2.60.120	-2.03807591630571	-1.13358224268119	-0.689784461358992
2.60.120	-0.820994795896567	-0.036482753479806	0.925451653238717
2.60.120	-3.85568425269288	0.437320238097888	0.190627859486711
2.60.120	-3.44957867941824	1.10135441417143	0.504258319082908
2.60.120	1.33379082359869	0.158874286265273	0.033162262736057
2.60.120	-0.991433833521633	-1.8477364439795	-0.420863869094502
2.60.120	-1.69045074958465	-0.589331678950559	-0.553978839057779
2.60.120	-3.7371107453023	-0.300456075423812	-0.437060092902611
2.60.120	-3.48901318049882	-0.236268725790774	-0.866489310320651
2.60.120	-2.84936279286746	0.34275811003698	-0.084966708659858
2.60.120	-0.755139800791837	-5.87837445698373	0.584656661255606
2.60.120	-0.962401879580858	-0.0262635288147988	0.419113775407837
2.60.120	-2.69230654844812	-0.374966486397039	-0.344315105924054
2.60.120	0.435608383953192	0.567499225746891	1.30754894981654
2.60.120	0.365513876486898	-0.171092541091765	-0.059680991200251
2.60.120	1.17198825204032	0.738389950614216	-0.234664370878293
2.60.120	0.0529836633270262	0.401097115834504	0.68837522359727
2.60.120	-0.994861408631835	-0.64302617874554	-0.758971249036732
2.60.120	-1.89064008632892	0.332241243890992	-1.09700820905
2.60.120	-1.38589213703647	-0.214481253441914	-1.83631614561525
2.60.120	-1.92927414697681	1.37062282349902	0.219808647935098
2.60.120	-1.98677903734582	0.90716486420313	0.0708883505470295
2.60.120	1.02210291289706	0.340724679366227	-0.177221786650061
2.60.120	-3.19079669983287	0.665754275144141	0.65401908986512
2.60.120	-3.07803807808209	0.489956902911705	0.174104847770588
2.60.120	-0.226303229883618	0.430458333585603	0.458664806351205
2.60.120	-0.344945224099094	-0.881654822625492	0.622026193427739
2.60.120	-3.04221582918364	0.928935690563433	0.180592287308377
2.60.120	-3.47404457705927	1.17544478860773	-0.11365251167234
2.60.120	0.988440822795701	-0.560601235384012	0.0318941925947267
2.60.120	-0.150679250639986	-0.947208212732541	-0.200572090857281
2.60.120	1.79616779005984	-0.673583436269505	0.095303825589166
2.60.120	2.21869680185089	-1.13723028084842	0.137278185998238
2.60.120	-3.26700692791618	0.769697743587736	-0.240765398657687
2.60.120	-3.79195477710016	0.209969277900842	0.132929722105108
2.60.120	-3.80447033875495	0.345009279539572	0.14808306144281
2.60.120	-3.92305575877347	0.093146345335074	0.391135119112335
2.60.120	-2.16854629746099	0.808566801475115	0.608492022809795
2.60.120	-1.70272212309605	1.03222894735038	-0.227622855109487
2.60.120	-1.24613321271807	1.24417372087236	-0.255677629581255
2.60.120	-1.65843415824789	0.711894221088865	0.578172889803679
2.60.120	-1.79121348388479	-2.27360095518086	1.372305125943
2.60.120	-3.43518899207159	-1.65074290704567	0.192911824274418
2.60.120	-0.718518304888019	-1.23104753472268	-0.219874664919695
2.60.120	-3.21028306352791	0.803765334322692	-0.2047424570867
2.60.120	-3.87981466422397	-0.723121048844707	-1.0782943005369
2.60.120	-2.04995632223521	-2.71459839367758	-0.270763760495037
2.60.120	-0.200033528228144	0.463991362492835	-0.646127427458931
2.60.120	-1.57408257154798	-0.845758475361229	0.330135148721787
2.60.120	2.72062315311492	-1.92319340310241	-0.69390599170631
2.60.120	0.739074047001642	-0.360239671296522	-0.789802768240267
2.60.120	0.872906458592209	1.17738071160985	0.189231873868452
2.60.120	-0.632624262992974	-0.16802412043631	-0.0254531069732895
2.60.120	-1.97392301420249	0.410034956155505	-1.35144993882119
2.60.120	-3.78002378493799	-0.346422967742275	-1.22605924733863
2.60.120	-1.44246960322627	-1.38081610141721	-0.152095987616366
2.60.120	-1.28762413389216	0.368384243450889	0.345033859925504
2.60.120	-1.11943302936021	-1.72211610581875	0.693758866561717
2.60.120	-2.91194152253959	1.56788778150048	0.480000418196262
2.60.120	-3.50495993643861	0.636029028243511	-0.130264618631555
2.60.120	1.57865503056781	1.22757921885113	0.65905960319482
2.60.120	1.12759657804739	0.451034995010084	0.826328146260868
2.60.120	-2.94860513450515	-3.63546360217074	1.19423901768597
2.60.120	-0.387146897703022	-0.25152128877934	0.941686371532815
2.60.120	-0.611326440040843	0.757126918894895	-0.191128861574613
2.60.120	-1.42591477453025	1.43441092615197	-0.668615200994106
2.60.120	-0.462194541099739	-0.483787779585472	-0.697593708255574
2.60.120	-3.55067182803411	0.574517315638144	-0.792156737453125
2.60.120	-3.45249986204654	-0.798118595895854	-0.790085259362993
2.60.120	-2.47503551401223	-1.74051984207111	-0.289058630664418
2.60.120	-4.75324873814442	0.657340321616586	-0.144377048808803
2.60.120	-1.13381957217277	0.322080530344734	-0.733795952448593
2.60.120	-2.19740195710513	0.734912317348891	-0.456584349619033
2.60.120	-2.23270665896778	0.821490596012755	0.730192452051815
2.60.120	-3.41852461398953	0.700810100404006	-0.214764298018797
2.60.120	-4.44459100547357	0.115134393066052	0.771375352226257
2.60.120	-1.24844849046534	-1.57684019451532	0.787728451340422
2.60.120	-1.51111088352763	-3.85878109468227	0.640281883726792
2.60.120	-1.63745748043995	0.208286797677958	-0.21024288897705
2.60.120	-0.743138441374307	-0.0798360099097608	0.153140073401827
2.60.120	-1.47661267297296	0.572932897083309	0.123686439958019
2.60.120	-1.49994931095752	-3.0255353352177	1.29114180045145
2.60.120	-3.16456191837528	-0.284639006243288	-1.15470027581888
2.60.120	-1.7758853813857	-2.38684076187239	-1.01822587956073
2.60.120	-3.92458113191993	0.239796834843542	0.0705718985722142
2.60.120	-3.01993592078008	0.72768780846768	-0.33410051571308
2.60.120	-2.79362783436989	-1.49501592719352	-0.517694228282691
2.60.120	-1.79950517407648	-2.10018111358835	-0.64970966297658
2.60.120	-2.98733229211278	0.799933317177464	0.424200398731837
2.60.120	-2.8718168588366	1.78329720841454	0.0771607743976446
2.60.120	-2.59215083412572	-1.11310981232186	-1.25755019074207
2.60.120	-2.58703551711339	0.48826680976539	-0.246073171315974
2.60.120	-2.76012476534897	0.659076296467662	0.526255826341108
2.60.120	-0.0977507923588453	1.56410375716803	-0.536027265491943
2.60.120	-3.72299482437302	0.300626818948252	0.138353650836753
2.60.120	-3.67806582991382	1.1558878975276	0.022550231944418
2.60.120	-1.73455768376619	0.613775923437354	-0.464699969042833
2.60.120	-0.535617581824634	-2.00502060046691	-0.522150153718237
2.60.120	-0.629735694125679	0.943134396840537	-0.853544144939798
2.60.120	-2.04478696884704	0.538973681234337	-0.31063145831124
2.60.120	-1.13530858200535	-0.342743077006012	0.807508781753412
2.60.120	-2.09790203413982	0.0560179781898009	-0.458507444855453
2.60.120	-1.8815660338015	0.43935793894768	-1.0873715630775
2.60.40	2.15274092805603	1.44277046115371	0.248995522730012
2.60.40	-0.133279986225771	0.957439863824818	-1.06052577622215
2.60.40	-1.07424714845199	-0.609748545932223	0.691519907751924
2.60.40	-2.17264744732164	-1.28282909060518	-0.179042420739466
2.60.40	1.53806125166358	-0.536636100400426	-2.6178922244757
2.60.40	-0.210096237719023	-2.31327999066246	2.85037013204847
2.60.40	1.0680973721383	0.0269323855786598	1.03870079005015
2.60.40	0.281403587415989	-1.29896963868012	0.0382155728080522
2.60.40	2.43996624392791	0.882415735035131	0.0400066978802422
2.60.40	0.50023562233859	0.290199091380156	1.63577755652427
2.60.40	0.644532362396439	0.326015333513555	0.865348105700222
2.60.40	16.4844600685835	1.23942804064962	-9.86895559815754
2.60.40	-1.18592594278258	0.351805213843618	-0.127069633787741
2.60.40	0.95164798059051	1.53734366129059	-1.33153811377176
2.60.40	-1.16270827985711	1.16115203787458	0.0919841698748005
2.60.40	1.62833275908248	1.32823503060364	-0.296618747722809
2.60.40	3.10955466540806	-0.395629133416917	-0.19890795298751
2.60.40	2.45890708926936	0.799459849374849	-0.460472173062115
2.60.40	0.824249834333879	-0.573121408406575	0.293694944928009
2.60.40	-2.10075188182968	-0.387912126309144	-1.148651791618
2.60.40	-3.10218067606234	0.665280749853937	-0.820469932085199
2.60.40	4.16765253806287	-0.5279301395687	-1.30591842715071
2.60.40	1.72005966918001	1.24219099480356	-0.954520544276273
2.60.40	2.46063271045668	0.503982898739365	0.798005297809565
2.60.40	1.04586674811709	-0.643794250020323	0.979850075907468
2.60.40	2.38556774094854	0.729157837135345	0.456850652854865
2.60.40	2.06244306189904	1.3610878753005	0.345550914696603
2.60.40	1.27603812564579	0.705100334537812	0.56597408504538
2.60.40	1.91413873106837	0.0172892798822843	-0.671127484758611
2.60.40	1.72146827747784	-0.66594065125869	-0.399869244666842
2.60.40	0.115229439988475	0.250710790779283	2.14281065153343
2.60.40	-1.4491824914324	0.778027333311266	0.552298810404305
2.60.40	0.760056474678793	-0.880691501313052	0.60760404420012
2.60.40	1.63112591910984	1.42138571418214	-1.33412538014
2.60.40	2.41650164528861	-0.861902429583162	0.306516916565259
2.60.40	1.98535147172191	0.702171075155974	0.450586335444158
2.60.40	0.466736944413479	0.910941299692849	0.632732884758476
2.60.40	1.31180366367737	-0.687100542343747	1.2271718991123
2.60.40	1.22373180635161	0.128054728219874	-1.40956163316936
2.60.40	3.32665826293544	-0.131706032659368	0.181636383926405
2.60.40	1.66044637399016	0.68794053774894	1.23126128982259
2.60.40	2.88599871172945	-0.264560525218019	0.145507186647759
2.60.40	1.83774794909397	-1.05958554911765	0.974576952709706
2.60.40	2.25093698644024	0.878411349845403	0.336455532601581
2.60.40	0.987180534379994	-0.211552787647791	0.777966835784957
2.60.40	-1.53032802207445	1.29678705686208	-0.5166346151969
2.60.40	7.76445648467797	1.0107099624779	-3.44390557546878
2.60.40	4.64394308695117	2.99746158901125	-0.966487030106307
2.60.40	1.03084268853299	0.164245141411182	1.14130568091788
2.60.40	0.348189227761034	1.42934715045644	0.507424235607507
2.60.40	1.48836313358114	0.920978475382542	0.501645297620599
2.60.40	2.2757207079974	1.30868946579386	-0.0466242212464135
2.60.40	0.598726026617876	0.0635891478117025	1.61030404145643
2.60.40	2.14217785060608	-0.789213235578666	0.218908922040998
2.60.40	0.883055872946029	0.241141347454	1.14278345119049
2.60.40	0.601592868748704	0.31921486160019	0.600152733946877
2.60.40	0.64473472674555	0.573270226992813	0.886739500433
2.60.40	1.03341196865825	1.18151098971901	0.90785165798495
2.60.40	2.43989690014506	-0.191486699569453	0.461585167794365
2.60.40	3.13448237826625	-0.51693497527687	-0.903184742213349
2.60.40	-0.629703557585384	-0.987072807069368	-1.17164792464106
2.60.40	0.0926922780486639	-0.515022333352051	1.35067926227648
2.60.40	-0.370544835180221	-1.12822733143822	1.51015473314207
2.60.40	-0.27087468686928	0.0476487092222044	1.84717762943781
2.60.40	1.99972723913204	2.21982209944344	0.226712392539728
2.60.40	-0.817234736131868	-1.19413343849303	-0.961255390106433
2.60.40	3.89286552647314	0.329638097640337	-1.37624751428793
2.60.40	0.748490132972564	-0.497308219503473	0.406647530603641
2.60.40	2.64867460276463	1.07723922151768	0.447401173145861
2.60.40	2.95425601100451	-0.0309406998529461	0.166706370535763
2.60.40	1.54548950897965	-0.289066463473093	1.31991523704727
2.60.40	0.398962465363442	-0.333330918252266	0.274358677915873
2.60.40	2.56953818752117	0.237204930949663	0.138343093783046
2.60.40	1.22466254823787	1.39491797222173	1.12668459813343
2.60.40	1.26762716782227	0.865464232377055	1.00993461425501
2.60.40	-1.36724044514969	-0.513981291506953	-0.138754461059118
2.60.40	1.40747004827632	-0.0301143973810808	0.435838845403637
2.60.40	3.64907205229486	-1.0804357279484	0.0490224296631562
2.60.40	2.93849513301011	0.33025564216884	-0.359884156684763
2.60.40	1.00951859845641	0.0379138585698157	1.1146330797148
2.60.40	0.486703807737983	0.855603163538991	0.0292327384764774
2.60.40	3.23495731375644	-0.786263251881242	-0.118338575575414
2.60.40	0.476364964766561	-0.271360431707634	0.599143444299219
2.60.40	0.767411251091018	-0.608568019051955	-0.329781916261441
2.60.40	-0.260948029714042	0.636163476982065	1.06252579237677
2.60.40	0.540859894669552	0.717323645970803	1.14551103532095
2.60.40	-1.76727976429749	1.1420124605885	0.650871743389072
2.60.40	0.237313704331517	-0.730799644826264	0.302755041075389
2.60.40	1.81913572295795	0.827773851243418	-0.562705853571547
2.60.40	2.18287234127605	0.788082148974532	0.234818276559816
2.60.40	1.92818663259931	-0.767286632787289	-0.0557675326889051
2.60.40	1.46434656160686	1.23885224098586	-1.20191837534656
2.60.40	1.12394799007324	1.91232213352362	-1.07681489531205
2.60.40	-1.00263747697986	-1.05497025088211	-0.970629947092476
2.60.40	1.0415962816026	0.852194915777494	-0.778111219544398
2.60.40	1.7464619979385	0.41555707308225	-0.115680277267446
2.60.40	0.129457043997785	0.23972688620062	0.326778716686071
2.60.40	1.06953242457389	0.40871323125813	-0.613603012793495
2.60.40	1.00984774318531	-0.500617056324471	0.698349358710814
2.60.40	2.08832267063454	-0.801741777382914	0.0387177764830163
2.60.40	0.601778482099833	1.3127602981739	-0.449043627779331
2.60.40	0.683663038901731	0.175178387663429	0.801543337243392
2.60.40	3.17051055292776	-0.180042584964507	0.397371387057399
2.60.40	-0.36243525388366	0.162435319601058	1.15566201177415
2.60.40	1.07198489236543	-0.114240124053301	1.09793978527441
2.60.40	-0.392403570831913	0.367402594581818	0.333206589097623
2.60.40	1.65514267918855	-0.426560098158266	0.014986044132434
2.60.40	0.623745310111004	-0.381510236013638	1.02020955826121
2.60.40	-1.06994468748459	1.26212814879522	-0.0714791032168659
2.60.40	-0.786150272692434	0.558534855216659	-0.242085624493538
2.60.40	1.52004388255337	0.731116796362636	-0.361412155194706
2.60.40	-1.51942822144209	0.186550253674141	-0.390032562851273
2.60.40	3.90051916510974	-1.66639036880888	-1.36965804748307
2.60.40	-0.212216073173215	1.11942204722944	-0.791308290171158
2.60.40	-1.55246695347744	0.0965134738746886	0.41733151255993
2.60.40	0.197367300854101	1.51850499918005	0.74237768947425
2.60.40	-0.43661661974017	0.178131650993724	0.99697995848774
2.60.40	1.11414486282027	-1.32550997931959	0.294075963417166
2.60.40	2.27058704733906	1.44942707556553	0.316017050883303
2.60.40	2.71538940205538	0.902242478399384	0.190162855231654
2.60.40	-1.04498847703984	-0.968625204014954	-0.265218320094565
2.60.40	0.647784327201871	0.738750600516039	0.698203139516902
2.60.40	1.49558004173427	0.848514140027991	0.877010596591969
2.60.40	1.73934591979355	-1.08423548008794	0.589713806415706
2.60.40	3.38911889528356	-1.35642513149703	-0.440199168835013
2.60.40	1.10784167464575	0.220452451192116	0.963419090322233
2.60.40	1.32882404070139	1.28686297349593	0.518502177355409
2.60.40	3.74503625408759	2.40500557198304	-0.372362289492828
2.60.40	1.7484600732501	0.372144567284742	-0.202177742570653
2.60.40	-0.345184851926591	-1.50134295751437	0.148165169152088
2.60.40	-0.668098985875243	0.750797698619638	0.333978689854977
2.60.40	-1.11618459600759	-0.412948936665969	-0.445635629817818
2.60.40	-0.835547700066468	-0.463413003171369	-0.75646259739351
2.60.40	3.44026776809684	-1.40559537426656	0.664385288391389
2.60.40	-1.73649333231595	0.515360648386881	0.0735360125092201
2.60.40	7.9452766169683	3.40179509893862	-2.71971025139779
2.60.40	-1.40013565964631	-0.0266973279933842	-0.763673125273216
2.60.40	2.15541697959978	-3.25815024615844	-1.65572893834206
2.60.40	0.0909950709426682	0.123553174327382	-0.124028201076408
2.60.40	1.19656937442784	0.366567692257721	-0.0565827924903434
2.60.40	-1.68314684466017	-0.071272739413046	-0.172149652734456
2.60.40	-1.84703454833493	-0.452785104200512	0.36257942563808
2.60.40	-1.22804621139211	-0.508417204075132	0.401122184973753
2.60.40	2.35523810345161	-1.65652486142608	-0.11989639162892
2.60.40	4.49514287626645	-1.07100151858222	-1.97177243051141
2.60.40	-0.502779522327641	0.396675962408304	0.765875333337615
2.60.40	-1.26536435494058	-0.280873510358902	-0.472310179034248
2.60.40	-2.69207997580837	-0.870679814847591	-0.281161435128045
2.60.40	0.90537426413102	-0.988744076387611	0.151246883417172
2.60.40	-3.05632970526488	-0.965751798532711	0.150878573320521
2.60.40	2.38274863854573	-0.167026503467425	0.759787006628617
2.60.40	1.13970682814617	0.543687151614311	-0.0938802862568407
2.60.40	1.60919236317744	1.20397384428526	0.458561632655558
2.60.40	-0.490958753280702	-0.57868503425995	-1.33696917918166
2.60.40	3.45100476796892	0.076364064359436	-1.05958017028889
2.60.40	3.806097402943	-0.997612575336261	-0.286125073990735
2.60.40	-0.269976454169893	1.1588428859789	0.348640475663464
2.60.40	-2.01566728482053	0.356526540259987	0.289285682372571
2.60.40	-2.80897779008743	-1.300395594015	-0.0907378890579781
2.60.40	2.37089063098833	1.38214661013853	-0.948171214770893
2.60.40	0.990426806263181	-0.0710386374240169	1.17042591458139
2.60.40	2.24810975439858	0.962137321792001	-0.328540656641751
2.60.40	1.66271051910165	2.24933072613733	-0.0592088231993137
2.60.40	1.80883095040418	0.0712332664094708	0.858558169165418
2.60.40	3.04966765907435	0.103553236631955	-0.117792762153877
2.60.40	1.71574020115988	1.49496006610307	0.974820906470268
2.60.40	1.564452430933	2.37498303691431	-0.204391190179525
2.60.40	0.952241244457393	0.00331566052427475	1.2994937660274
2.60.40	3.65408726917226	-1.82098432665891	-0.588268277669585
2.60.40	3.07157513374095	-0.0916123696237742	-0.417719721671651
2.60.40	1.20685514756585	0.878969192854966	0.593305532846857
2.60.40	1.4305511376197	-0.291045554862132	0.860960131917361
2.60.40	0.486345233460661	0.626336738467139	0.851233979707089
2.60.40	-3.27080923567883	1.00578770005396	0.331185663767591
2.60.40	1.2301296293032	-0.359909657771261	1.32868824368413
2.60.40	-0.144573354941452	1.12473552937831	1.43106693045739
2.60.40	1.55277772578155	0.464383003725333	0.487026271313257
2.60.40	1.0681839939805	-0.275865946990513	0.942342728937559
2.60.40	0.24548588523555	1.23519801758528	1.00168159828353
2.60.40	2.68254181675791	0.18370542179006	0.199718504985251
2.60.40	0.631064001497614	-1.59332645908574	0.946859543467618
2.60.40	1.57168460439238	0.589994947982062	0.945011168487938
2.60.40	3.8979843027794	0.392197918942118	-0.659388908418669
2.60.40	1.77343667880711	1.6079548908075	0.281058862949422
2.60.40	1.09006194763375	0.0146422348557108	0.645484868349682
2.60.40	-0.55443777250802	0.457870632403207	0.343794931853913
2.60.40	2.32547985726856	0.578985718952547	0.752765331241433
2.60.40	-1.02318263411483	0.242961154933854	-0.752902276440711
2.60.40	0.988239734463606	0.391864979511214	-0.0268630178919355
2.60.40	1.15342430084849	0.0306140254720227	0.903547096701428
2.60.40	0.967362758542516	1.38551930316123	0.854623125929676
2.60.40	0.590998517051189	1.51096632350755	0.641143918544942
2.60.40	0.125827667914261	1.32871226940141	0.590827255458035
2.60.40	3.24747628506106	0.610856700201639	-0.624961793561676
2.60.40	3.08943508134409	-1.4370317804964	-0.660592074739334
2.60.40	2.36481881874841	-1.59119295976428	-0.106346856169606
2.60.40	-3.23466399454247	0.981476332514855	-0.207254782262163
2.60.40	0.684136184846194	-1.18327852049701	1.74551842656056
2.60.40	-0.0405627525176231	0.874899608828388	0.402750225790694
2.60.40	0.424420102802936	-0.94805373184961	0.380941335207891
2.60.40	-0.0469826245684039	-0.389925421209598	0.499200249473869
2.60.40	1.26157981327583	1.55641073485803	0.507104495584463
2.60.40	1.99845973030272	2.39440414376499	-2.11719286635306
2.60.40	1.52926300006813	0.661265782399115	-1.18586599231945
2.60.40	-1.02653644400965	-0.269180742338292	-1.12359358183893
2.60.40	1.73241305840606	0.456957618063541	-0.0476051552014223
2.60.40	2.77388531011726	-2.97634631232684	-0.496824019998888
2.60.40	3.68315178127121	1.82209994886711	-0.678947050172388
2.60.40	-1.75559382354614	-2.06544119998594	1.2687927434176
2.60.40	-1.71689838234433	-0.0474062753379841	0.457039352307042
2.60.40	0.964270715660447	0.998512889752654	0.721106513377997
2.60.40	3.13605713724227	-0.216929632820703	-0.310200797878178
2.60.40	1.64657853334712	-0.725681809413377	0.479121355825446
2.60.40	0.654383512666314	-0.108930349964947	0.453176152542307
2.60.40	1.7831562552233	0.661410624304149	0.323212455083752
2.60.40	2.37203920646156	1.52443588573438	0.456986354901606
2.60.40	-0.519898284004048	-0.776992451639801	0.594159936590595
2.60.40	1.22434299633277	1.01438352354347	0.821126100793667
2.60.40	1.24291183585172	-1.33899650900858	-0.0122331069591001
2.60.40	1.67180611924204	-2.78005106033125	-1.50332446586712
2.60.40	3.16394974958453	-2.26011677806688	-0.316414706720244
2.60.40	1.16140485046184	0.730700231557045	0.177153100933949
2.60.40	-0.600396998402336	-0.857332619237771	-0.478473533594354
2.60.40	-0.74553838672834	-1.41657305731185	0.582682455510203
2.60.40	-2.01925127014307	-1.40032717154002	1.1193191230514
2.60.40	-0.478486418831222	0.141739837436348	0.784052342785065
2.60.40	-1.82766650321948	-0.367179114720728	0.21810749825121
2.60.40	-2.25292839801192	-1.17165444733175	-0.485655054655902
2.60.40	0.791558152197085	-0.79959397608699	-0.254813166136611
2.60.40	1.6892782470743	0.794375129197779	-0.338491152342054
2.60.40	0.238317202780806	0.0355728812399823	0.642254602640069
2.60.40	2.15686546744517	-1.90586504812726	-0.536619996912237
2.60.40	4.43421901561924	-3.45010318012394	-1.56413374169177
2.60.40	3.95017981735593	-1.27503422434635	-1.31805553176781
2.60.40	6.78884123200906	-1.11295895628502	-2.92105821801676
2.60.40	5.88105023126279	0.645088269841647	-2.24147916482285
2.60.40	2.77888444642922	0.702216882140484	-0.153549354723224
2.60.40	0.736257957770225	1.48136859049006	0.816205487798427
2.60.40	1.65046436585041	0.116061962254051	0.97972125383019
2.60.40	0.314081440818143	-0.64549839991419	-0.406143470365033
2.60.40	1.56476252469512	-0.346712766297438	-0.0773231437605648
2.60.40	-0.182209750538304	-0.867236161721707	-1.41973313078986
2.60.40	1.9021384403002	0.489314428548916	0.495650496251781
2.60.40	-2.38456332865623	-0.111356274079059	-1.37575359658281
2.60.40	2.67085922255445	-0.656562331261474	0.448565457682584
2.60.40	1.24492829511549	-0.68825741719057	0.60913423332105
2.60.40	2.58535165709872	0.693600574697443	0.171586134657539
2.60.40	2.47132516956837	0.488077987279182	0.254293117021027
2.60.40	1.35829191869311	0.746324337381353	0.294002701971517
2.60.40	1.67686908686345	-0.353324694682085	0.562425865823673
2.60.40	0.724665613821572	0.10432771518428	1.32956067137743
2.60.40	-3.52974932577101	-0.787476843923464	-1.47672196975141
2.60.40	0.796054167200735	0.536660712254664	0.173098132454687
2.60.40	0.990346829450192	0.324654543055354	1.00820178288688
2.60.40	0.660078212224019	1.80862313311786	0.42627497713743
2.60.40	3.01570315547013	0.878349529915989	0.146783848616085
2.60.40	1.25278714753312	-1.41015289724268	1.05004132599992
2.60.40	0.908602670841891	-1.94348224515026	1.07282577556092
2.60.40	1.25489795847717	-0.41985107297601	0.57560660950432
2.60.40	1.30671469509714	0.275966256298125	0.385402296255774
2.60.40	1.78183320736657	-0.283814041626004	0.613141378611244
2.60.40	0.822605371761516	-0.418228630405846	0.818241161016518
2.60.40	1.04321060955708	1.70533550763678	0.574111601278222
2.60.40	2.05571665778351	0.759867860365892	0.0982539763752565
2.60.40	1.42569173176524	0.855937963152679	0.556961824838149
2.60.40	-2.73532165793734	-1.04415569326122	-0.618834546894796
2.60.40	-0.942411400834867	-0.373516283787909	-0.493784129619049
2.60.40	-3.78154424902379	-0.434509632073041	-0.991628158475959
2.60.40	-5.27041201192872	0.272724752033492	-0.869050827373761
2.60.40	1.90133280113827	0.244047931551131	0.199346325226972
2.60.40	0.982991282051837	1.11061324089431	0.0110125424343317
2.60.40	2.21278930238916	-0.242646555229894	0.59801008683771
2.60.40	-0.0893035841420677	0.979827947476031	0.997401830401979
2.60.40	0.402197149033225	0.0459338602917222	1.50258001649744
2.60.40	0.423812248493636	0.503968971913471	0.934417939967594
2.60.40	1.79274448065958	-0.0376755012088588	0.79744285807175
2.60.40	-2.18153683808146	-2.77754876961007	-0.34850259186278
2.60.40	-1.22335545107448	-0.564954695739917	0.716038750853353
2.60.40	1.00113896111038	0.655702994821948	0.374132786386673
2.60.40	2.09889442547898	0.291162450388458	0.0602816106957316
2.60.40	1.21487632586317	0.509507307456747	0.859033243009319
2.60.40	2.43719885052136	0.00753777691966778	0.613734721703383
2.60.40	1.49633126262242	-0.124733310035344	-0.519333358580801
2.60.40	1.89450770193632	1.08155889426877	0.277092100557549
2.60.40	1.78813379097803	0.771742368898604	-0.0281884010890549
2.60.40	2.67541273578499	-0.888917872834379	-0.0994598663441996
2.60.40	2.12913864199697	1.15417424719572	0.470181167551827
2.60.40	0.994104486381438	0.887531784712438	-1.10024494619667
2.60.40	-1.79075243371456	1.73533772131356	-0.562232323640526
2.60.40	-2.72643973652336	-0.641912797975716	-0.515430500819857
2.60.40	0.353189475852371	1.27418293630854	-0.537996830771121
2.60.40	-0.891786431417976	0.644592334642	-0.076935365232954
2.60.40	2.53758516371028	-0.14981266283195	-0.247896390987925
2.60.40	1.69988613533911	-0.513999582315043	0.442600647393261
2.60.40	2.82202953678258	-0.930201280509961	-0.290623441400447
2.60.40	0.612742800945528	-1.19774482795921	1.08427196916876
2.60.40	1.54755345274027	-0.411263790510765	0.400824545051295
2.60.40	0.463437890350347	1.61271521911705	0.745853584168491
2.60.40	1.64421064979588	-0.0679820957310781	0.519791877841106
2.60.40	1.07217077078835	1.07328100700643	0.867180348215454
2.60.40	-0.238308954617361	0.127106726157335	0.494606741208986
2.60.40	2.30919429227539	0.17965378569493	0.217469246389646
2.60.40	3.82348229189351	0.725977065609585	-4.01879633472513
2.60.40	1.89243420887644	1.22121976213006	0.592224431037602
2.60.40	-2.45518116845812	-0.717635106684542	-0.933205265199096
2.60.40	0.464786829525272	0.177964410427154	0.455201901646586
2.60.40	1.33511386493645	0.600674234645334	0.121830414326122
2.60.40	1.81838283037829	-0.733834618381202	1.09044918105982
2.60.40	0.913683634676947	-0.000111749819988988	0.560443731872336
2.60.40	3.4506388820962	0.597033084383268	-1.35715409349698
2.60.40	1.64570606770374	0.686271650794481	-0.115618227861037
2.60.40	3.6961605890576	2.29128392498687	-0.671831988161829
2.60.40	-0.0675502937707111	-1.19205828624639	0.968113428116854
2.60.40	0.323221531118039	-0.950486530494355	0.433960478458171
2.60.40	4.01696994086329	-3.65288140348686	-0.997986129699582
2.60.40	-1.29447450216695	0.687415078086636	0.492002580090562
2.60.40	1.05200444261924	1.97410639737025	0.476134364843934
2.60.40	1.34402988341463	-0.0967564301577218	0.688117660891387
2.60.40	-1.939702350467	-2.10942749606814	-0.0476007770592409
2.60.40	-1.09627808685153	-1.4042823153341	0.556466346424982
2.60.40	2.25734411532847	-1.2306447518754	-1.1328272612752
2.60.40	0.28884111392612	1.00365955303509	0.947562276244091
2.60.40	0.251418678594914	0.0950104866999519	0.949842879637693
2.60.40	2.48033395764481	-0.552779009182867	-0.405983687267109
2.60.40	2.77452599037453	1.62747919700783	0.0435275912157299
2.60.40	-3.20576080030912	-0.428287650542631	-0.560541913785498
2.60.40	0.766671710288182	0.938445698717092	0.736500998440429
2.60.40	2.17531350377132	0.632381515018381	0.620747538319717
2.60.40	-0.964171061328943	1.0296928450618	-0.853188898121097
2.60.40	1.52030311051222	-1.12946589625783	0.434520741859329
2.60.40	2.77861835125978	0.272266248126114	-0.0852314522401532
2.60.40	1.98747292248483	-0.114769775973165	0.159835985569126
2.60.40	0.332231915476443	0.959294217915168	-0.194949037639648
2.60.40	2.82574603530999	-0.822453280715674	0.515621478046109
2.60.40	1.69197668583442	0.100630745032899	-1.12881539494667
2.60.40	2.36798762029825	-0.406314610752503	0.340180609216345
2.60.40	-0.437878522850474	2.04990937035059	-1.0033906815596
2.60.40	1.59332151630105	0.86480723338436	0.999688688375176
2.60.40	-0.202792291491117	-1.40335112789886	1.20713422550589
2.60.40	0.345953178694298	-1.01538152431216	0.218237304382857
2.60.40	0.792826657049227	-0.235008115536185	1.24767503026509
2.60.40	6.5073323560495	-0.159349443615694	-2.17693619236241
2.60.40	1.46066162069152	0.00423130119399051	0.398622738088265
2.60.40	4.26940765992176	-3.23143093691353	-0.750875905522555
2.60.40	0.558823317111572	1.59606297396027	0.693390055195743
2.60.40	-1.69541230782329	1.68475391498979	-0.489933921363767
2.60.40	-0.427610148679737	-0.740311150657089	1.0264052313243
2.60.40	0.90315767925167	1.0744539281212	0.842212011097661
2.60.40	-1.1239762350118	0.0668545624961297	0.21757963738414
2.60.40	-1.46255404617514	0.274485584526073	-0.373314522913372
2.60.40	-0.70738284838572	-0.753135541757529	-0.1090244104792
2.60.40	0.424635690083545	0.329398794851563	0.727086627252798
2.60.40	1.42060605773848	0.229563753029434	0.792901565702669
2.60.40	1.27629596967786	-0.225541568299737	0.240580583068735
2.60.40	-0.495543115220257	-0.658777019953423	-1.47550152980714
2.60.40	3.94814391500055	0.503135087513265	-0.375628583924581
2.60.40	-1.00637560300675	-0.318042926225726	0.225587568117915
2.60.40	1.22541425668813	1.07060140747058	0.262906735687914
2.60.40	2.20239982175951	-0.0420864061621855	0.242304115520123
2.60.40	3.62127495492965	1.03340191161005	-0.438390357855723
2.60.40	1.51280310186846	-0.00241453253448853	0.550030361996851
2.60.40	2.22334993874087	0.0599426313020714	0.278575579721067
2.60.40	1.65165007408295	2.1698195539823	0.613227164748944
2.60.40	-1.89017689783683	-1.1870056115451	1.63346438973514
2.60.40	-0.246406259318339	-0.445071598781713	1.01524032163962
2.60.40	0.917472591421695	0.720703271429872	0.0828208725549976
2.60.40	0.811699619066642	0.469629807246241	1.29152782302743
2.60.40	0.806264395990356	-0.366185855851388	0.662515738455188
2.60.40	-0.794596448020404	0.791915659986458	0.339340451448105
2.60.40	-0.782277914782159	0.24029692237404	-0.311417485202555
2.60.40	-0.61226644140624	1.51951259491419	-0.381663315082771
2.60.40	-1.27685809650169	-0.343280605715412	0.363746259116433
2.60.40	1.72842427015878	0.111537587214832	0.334578197725161
2.60.40	1.81881504611602	0.00242936696949303	0.948327383997646
2.60.40	-1.14967080370554	0.33484089744056	-0.8126844106936
2.60.40	-0.620090382926886	-0.509059167466116	0.495326372227747
2.60.40	1.98345095984043	-0.810138945638778	0.160169660031903
2.60.40	2.29897050543568	1.22779380004673	0.473590897539682
2.60.40	1.30347845100685	0.580920410018533	-0.125810604196346
2.60.40	-0.534286596386263	0.0433034991253357	0.809769680762701
2.60.40	-0.163129789284887	0.0443555085373009	0.897279472947859
2.60.40	-1.14544532175216	-0.0427586342151564	0.325130019124634
2.60.40	2.17521419936576	-0.466823739215181	0.242966801199002
2.60.40	3.22457636419603	1.20891429490447	-0.90457798478518
2.60.40	2.63068004191905	-1.20178910904084	-0.616967073434787
2.60.40	-0.618884485330234	0.655529814366349	-0.0165482764386638
2.60.40	2.95806434760247	0.543115504715257	-0.135661220818905
2.60.40	0.383619066498463	0.435359617908253	-1.26756939418217
2.60.40	0.0460652014467149	1.07988121810645	-1.07199732675231
2.60.40	5.00296506791652	1.67592277171873	-0.747711158442503
2.60.40	-0.438383333126058	-0.69176420323265	-0.287722410587154
2.60.40	0.74176174261264	-1.47052060481875	0.129667417415799
2.60.40	1.39581073452746	0.894024776258484	0.642445504107259
2.60.40	3.5026861948824	-0.656487955594442	-1.0298083145764
2.60.40	-0.221378925736611	-0.382904489275264	0.565161594356015
2.60.40	5.42768080709009	-0.654418678073832	-0.00902372511957655
2.60.40	0.363609452251216	0.0757271038648391	1.14446473871096
2.60.40	1.18840805616326	1.31434743515303	-0.283961892592866
2.60.40	1.48898806796936	0.730355129873194	0.637819247763198
2.60.40	-1.69367435752159	-0.477908246520998	1.02820394136629
2.60.40	-1.89819235018428	-1.69637621749426	-0.214738007005608
2.60.40	0.917118740554021	-1.19857892175072	-0.172923391146691
2.60.40	-0.0902109296782974	-0.212154323741159	-0.325886838979109
2.60.40	3.71031788395773	0.167090027201561	-1.42567356432069
2.60.40	-0.407784253619275	0.660933886794011	-1.57141677671189
2.60.40	-0.187198824407834	-0.001046789668881	-1.29488112965684
2.60.40	2.3662204862975	0.348098470076638	0.35893494087264
2.60.40	-3.31875497035071	-0.73824480464986	-0.0671222161621939
2.60.40	2.25966915175516	-2.35547196058699	1.09255026064936
2.60.40	-0.036563956066677	-0.48481162574612	1.53969713200072
2.60.40	-3.82044684353975	-0.943767555792752	0.332807317400971
2.60.40	-0.376034146927569	-0.420928001756305	-0.0930481818712803
2.60.40	1.42732981690343	-1.08082139021462	0.203100791784918
2.60.40	-1.78340428079555	0.70114743639473	0.715407476912787
2.60.40	-2.71095811113284	-0.450843273658436	-0.188623284653074
2.60.40	-0.0990744514209059	-3.44184986330558	-1.03270628916941
2.60.40	0.852660749234165	1.11250122767764	0.75505631709048
2.60.40	2.89177158852587	-0.36367064415906	-0.826360772148068
2.60.40	-2.28984027417442	0.286995215719213	-0.0795277225346699
2.60.40	1.20785705454213	0.480635795157715	0.138331305048073
2.60.40	2.75365090780024	-0.0857256836091206	-1.79405486529491
2.60.40	0.416880736460044	1.18993697173311	0.743355334956454
2.60.40	4.20177599365073	-1.06880820719624	-0.544218931788688
2.60.40	-1.88013138615108	-0.984827829555218	-0.375135897916127
2.60.40	1.30220733045102	0.35653701607681	0.497041843344463
2.60.40	1.47612124755106	0.449562727732796	0.496835087080971
2.60.40	5.05868526370622	1.95336377728329	-1.82337331739839
2.60.40	2.82283209001266	0.608201438809334	-1.23795444680628
2.60.40	2.20035507765136	-0.95349805141671	0.110998488775609
2.60.40	0.52116288932895	0.0379499029413113	0.397084631789165
2.60.40	0.531025905790726	1.08422250448727	-0.119134287453102
2.60.40	0.507335538992495	-3.21922138631089	-1.10850387505294
2.60.40	2.64024390469761	-0.672189527581928	-0.141690009906624
2.60.40	-0.822728027708934	-0.69715398200929	-0.327592463410541
2.60.40	-1.67424060753317	-1.2982478997716	0.158600688398938
2.60.40	-0.395667741204006	-1.29139989283207	0.578430084211981
2.60.40	1.63676830206615	0.423769962400443	-0.109848948691267
2.60.40	-1.20684536732133	0.115083900317015	0.238178412920719
2.60.40	0.85622440434894	0.74045265805943	0.776950967782148
2.60.40	1.57797077730933	-0.211588800638429	0.783236777077346
2.60.40	0.650064917162767	-0.121061096949607	1.23133806118187
2.60.40	0.41518494674778	1.03064949233236	0.204815658598609
2.60.40	-1.27504457147673	0.992358359415232	-0.444597494519299
2.60.40	-2.18744921484676	-2.46833928188831	-0.337998663680917
2.60.40	1.74361398111453	1.86011258352857	-0.515607804926071
2.60.40	1.99991609638756	0.894832564048519	1.31638288918924
2.60.40	2.19120995006784	0.459028610609775	0.108999516284352
2.60.40	2.26880163086397	0.155858211924581	0.469782409146362
2.60.40	3.67578273276077	0.457478366975203	-1.08225909313496
2.60.40	1.63711562771016	0.530586984999658	0.534741724515007
2.60.40	-1.10644336505379	0.206808602919266	-0.586151642084873
2.60.40	2.3550128691907	-1.09966162934314	0.367749107563557
2.60.40	-2.58430390719209	-0.489283946383958	-0.733990354309569
2.60.40	-0.374406603945298	0.64895712852139	0.561700801193412
2.60.40	4.09901801764279	1.34695795906796	-0.81196091171109
2.60.40	0.850488918604603	-4.00498668018168	-0.0998847279290504
2.60.40	2.94486123279781	1.51552968148646	-0.711338093550753
2.60.40	2.47115108298107	-0.495583185043639	-0.0499837426572632
2.60.40	1.13194172000418	0.377392061806881	0.644042727235248
2.60.40	4.44506737717841	-0.251664351817585	-1.26714225338255
2.60.40	4.50865126422197	0.508040781391797	-1.07511241275223
2.60.40	3.33400794454896	-1.02157957695884	-0.226759152523555
2.60.40	5.42819964410648	-1.47219735205366	-1.03862098917587
2.60.40	0.744258161906525	-2.93048979293406	1.9922930070813
2.60.40	0.661457081309409	0.0979404697089859	0.671757721101568
2.60.40	1.37108359156072	1.1286802464839	0.525853636032239
2.60.40	0.727641917046474	-0.307106831994612	1.58652147954475
2.60.40	3.3076101791922	-1.37339925990295	0.636549060374504
2.60.40	4.39438406593203	-0.730504859613263	-0.0258501206411354
2.60.40	3.17748339521088	0.545165732341626	0.273652127909002
2.60.40	0.801151937161345	-0.0936273310402613	0.00757348788385982
2.60.40	1.09952614530944	1.01706492644858	1.11904592870087
2.60.40	0.00940215663974286	0.596106332386097	1.02262304541227
2.60.40	0.507876703499512	-1.79704294422649	1.81625443122024
2.60.40	3.09355039945883	0.714216159259224	0.027692227283997
2.60.40	-2.63045520363669	-0.72161416402568	-0.104208915154423
2.60.40	0.462404663947862	1.73650098510266	0.903938078851274
2.60.40	1.35558546647343	0.210103980556703	-0.249635393325326
2.60.40	-0.993378361664347	-0.652996769392969	0.126000959520759
2.60.40	1.42422928786436	-0.121854825066368	0.0717994882383698
2.60.40	1.43069166879136	-2.74251600182098	-1.0482687244696
2.60.40	2.27269834451611	0.887923219059731	-0.0809469855242589
2.60.40	2.89437623928819	0.746024815690974	-0.248194425510318
2.60.40	0.691319197943841	0.598598055872364	0.252137034980722
2.60.40	2.70811617321701	-0.570931899544228	0.367958371438867
2.60.40	1.97107464702359	0.577069635678146	-1.37219345882687
2.60.40	1.44030989190423	-0.334322112588615	0.698339994190513
2.60.40	0.0122944295641216	-0.233813740848234	0.292597324601683
2.60.40	0.986567899744685	-1.02115513649747	-0.198229276083403
2.60.40	1.84610231337254	0.876352952778855	-1.06771552151983
2.60.40	1.74245999795416	0.769402933139906	0.520414419154675
2.60.40	1.10954843705171	1.11784367775942	1.3160444720742
2.60.40	1.07482315277324	1.17286661728964	0.408377235740491
2.60.40	-1.87574492680417	-0.189185313588002	0.598019796094616
2.60.40	-1.3843775595442	0.135611499095671	0.265401294168118
2.60.40	0.270631649473435	0.11080831953947	0.669827767384281
2.60.40	1.50317584497124	-0.872792376711232	0.790222350932347
2.60.40	1.30427858792802	1.02807330822647	1.22261526235515
2.60.40	-2.40800179960043	0.856291551126718	0.292868849842735
2.60.40	9.00148691081191	-8.63948324822467	-5.79530917382844
2.60.40	1.12173471551553	0.715880971988912	1.1314693583641
2.60.40	0.32068541924228	-0.247275573170647	0.567814287757607
2.60.40	2.04774601299296	0.358446485974735	0.109953772016401
2.60.40	1.16017862046028	0.0663980978215849	0.555261919920017
2.60.40	-0.162792531503547	-0.7338038989654	0.98308252332975
2.60.40	0.816276267364305	-1.13706601815672	-0.00158022928176631
2.60.40	-0.206389351511651	-0.555665398063827	0.996494518378886
2.60.40	1.26690199637999	0.0386510934998182	0.625416872225161
2.60.40	4.26990709535345	-2.24726416063776	-0.942095747579086
2.60.40	-0.428151507183605	-0.953100114992332	1.02032440227338
2.60.40	-2.8569820202139	-0.247567763144683	-0.28507002547969
2.60.40	0.416307183368252	-0.28807787093669	1.05484308277327
2.60.40	2.60471822974449	-0.13449219618378	-0.0434916915197075
2.60.40	0.685317652195744	-0.57182708549427	1.55203706761949
2.60.40	0.169973248350696	0.327357806533744	1.3173025672547
2.60.40	1.80080863161816	-0.077142393055207	0.477323179631401
2.60.40	0.902129655779163	0.651834852420136	1.19706252218551
2.60.40	-1.39102377729046	0.714017840328307	0.26656222924409
2.60.40	0.253343990459122	0.203424183415269	1.95094055208007
2.60.40	-1.76053159036604	0.0315486862773873	0.425174382711289
2.60.40	3.55358089491471	0.153361843112384	0.261720582018745
2.60.40	2.85093438833995	1.28406804091091	-0.573653820178128
2.60.40	-0.0338630425615943	2.36675175735595	-1.1413026629694
2.60.40	3.31185652253388	0.799397493468557	-0.496161936811724
2.60.40	-0.705983505427152	-0.763360453861177	1.19127019515268
2.60.40	0.556163694409971	0.242950147522243	-0.497478851115201
2.60.40	-2.41051061571052	-0.790597467217137	0.387361156116893
2.60.40	1.50244799153042	1.05624432038097	0.287743132767775
2.60.40	-0.397490754762611	-0.494040589683236	0.563286328777293
2.60.40	0.103588410292686	0.645826028537819	1.74791401995611
2.60.40	4.0596943234399	-2.60807628941678	-0.95542171085891
2.60.40	3.76490470934426	0.430713452302328	-1.33836276345826
2.60.40	1.3127030853872	0.339994067529627	0.184243869918988
2.60.40	-1.88533949450756	-2.10999276521871	-0.010015161769788
2.60.40	-1.5300808654289	-0.302680888732838	0.744946462818866
2.60.40	-0.646566274828314	0.254428443303588	1.30774738972122
2.60.40	1.74438957041724	-1.82580313058589	0.888518400808068
2.60.40	3.68792955177658	0.49131456369148	-0.0471232696851267
2.60.40	-1.37654996314854	0.626359975751355	0.475462539247827
2.60.40	-0.405147203860664	1.34225775637415	0.156573998089373
2.60.40	-0.650212239030855	-0.461395658388101	1.03272368597845
2.60.40	1.33579709261472	0.34620454183957	0.846103214819501
2.60.40	-0.194506428787079	0.00498478740055464	0.484121636523442
2.60.40	0.646327666499076	-1.28283119345855	1.51584140606537
2.60.40	-1.32606184726037	-0.911895109729457	0.564237014952072
2.60.40	2.75527541274678	-0.186684375863209	-0.0814562553223215
2.60.40	1.94667928930079	1.29443898178225	0.772668613813638
2.60.40	3.10897950611651	-0.08299971690911	-0.00920292876766171
2.60.40	-1.06243089316808	0.133388406817194	-0.213973554404015
2.60.40	-0.217365279279505	-0.440587459767541	1.28868953863823
2.60.40	3.28452540665804	0.0590064250353829	0.585793690947257
2.60.40	6.06139614902072	0.211230479634992	-0.456669371519561
2.60.40	1.06972014998947	1.32944114350985	0.631953035160155
2.60.40	1.06860641238087	-0.0619684397583825	1.05965506530743
2.60.40	1.10467057094603	0.577322940264944	-0.567334517698799
2.60.40	5.86235025113042	1.16010792672632	-1.80370951907074
2.60.40	5.72576722430789	-1.25988878235263	-1.02714829684817
2.60.40	0.854892532640151	-0.059752000004423	0.518044695276497
2.60.40	5.00535606658791	-0.657258082313259	-1.68421528893795
2.60.40	1.03657716587429	1.26244776442979	0.707631360330598
2.60.40	1.58407875252915	-0.134771468995812	1.08160664611603
2.60.40	-1.4522088156145	-0.25708140031397	0.456802749221577
2.60.40	-0.727455830233569	-1.67506055581144	-1.0084407818882
2.60.40	3.59084226153982	-0.985471986678533	-1.73454299113089
2.60.40	3.62958508313215	1.10821611270253	-0.499128742186953
2.60.40	4.57508132581406	-2.8284095050535	-0.336094447361896
2.60.40	4.74056880220023	0.756204600363386	-0.230128202720136
2.60.40	2.74283948996713	-0.276169757181455	-1.13468672648367
2.60.40	2.66526554863242	0.20827880230756	-1.77079342471662
2.60.40	1.47474514557302	1.3172137565135	-1.75273726103995
2.60.40	-5.36331889814746	0.250187488279592	-1.04762832463296
2.60.40	3.79693473834771	0.833901849081497	-1.88012141568349
2.60.40	0.257228055727131	-0.97875477793449	-1.21498558934537
2.60.40	0.176692937155598	1.56510222863379	0.96516306438723
2.60.40	1.88933601397341	-0.299163224167797	0.896298980281251
2.60.40	0.596183339264181	-0.447667642568806	1.01602716480631
2.60.40	0.124383536110118	-0.920258350266911	-0.456413798395276
2.60.40	1.48522537830873	0.279702684960675	1.04614571509679
2.60.40	1.62835874207317	-0.600567530176232	0.965982627360468
2.60.40	0.689710093216644	0.948454279958402	0.89738980986912
2.60.40	1.76016128637802	0.100894540125544	0.24111588391234
2.60.40	2.12988113446782	-0.410941953205266	-0.39850104800758
2.60.40	-2.68430118719145	-0.432809273206482	0.00359602815128146
2.60.40	-2.43182445125121	-1.23310656093646	-0.220583537687338
2.60.40	2.09828466878163	0.5486070165255	0.796770478864194
2.60.40	-0.607589104212469	-1.45986337807116	2.54743044798446
2.60.40	1.57934822964254	-0.8194807468429	0.453117700519567
2.60.40	-2.02462622918607	-0.457543879850777	0.58544088985323
2.60.40	2.48180694227981	-0.591223458514371	0.755168233544759
2.60.40	2.53678044107072	1.23681496594916	0.652163999251898
2.60.40	1.54227041926737	0.38133136279649	0.311849627057058
2.60.40	1.90667905613856	-0.0726146216413239	0.178167894142168
2.60.40	0.745735777042639	-0.203248869459194	1.15495365278544
2.60.40	3.44103738944	0.572113196322414	-0.750858607156775
2.60.40	2.45790263560721	-0.189088497365629	0.517229442766798
2.60.40	2.26953573385561	0.818428310520194	0.409352745964823
2.60.40	0.75021260355387	-0.110942768253143	1.1127321559285
2.60.40	-0.659222779079999	-0.548786464790904	1.23072691862496
2.60.40	-1.4527098682826	0.204331137354265	-0.388233686412176
2.60.40	-3.18886270791917	-1.04484413231634	-0.0528729592822365
2.60.40	0.506621568686423	1.82822145736957	0.0982336750319985
2.60.40	-0.283335372695756	0.209672963065232	0.796587630531274
2.60.40	-1.82454593839326	0.0794289078387829	0.262774413505791
2.60.40	-2.66698548977755	-0.668167812024123	-0.0372839028535543
2.60.40	1.34032646308323	0.135956396895742	-0.0202501027725379
2.60.40	0.993801450078861	0.406086459277018	0.783420405052964
2.60.40	-0.921043037971574	0.861325310200517	0.0820897825495925
2.60.40	4.69281941339368	1.69101337822591	-1.4342412202907
2.60.40	-0.362790554754013	-0.123723454973839	-1.05798190993287
2.60.40	-1.16275826723429	0.861355836087849	-0.185171234935424
2.60.40	0.8510266308678	0.760584491196868	0.744799492139284
2.60.40	2.15211465082399	0.150811943883392	0.210746670658128
2.60.40	0.937145698883817	1.27719191580263	1.31860388493531
2.60.40	-0.428825210619586	1.73074052156126	-0.440260484715406
2.60.40	0.0490347556380383	-1.52844507532571	0.732209389464222
2.60.40	-2.5188156970989	-1.8427366086222	0.00329357923504972
2.60.40	-1.38890451736623	-1.66263429213984	0.123572106122807
2.60.40	-2.71316050530594	0.174421440281054	-0.548607961919401
2.60.40	-1.60770245726119	-2.52800074893154	0.423506508394706
2.60.40	-1.81343745833343	-2.22610964195395	0.321765588257341
2.60.40	-2.33714551675828	-0.121477793440084	0.61747139451412
2.60.40	3.2540713832838	-0.651750216101993	-0.0567551402703592
2.60.40	1.84456008460756	-0.909898824848145	0.892290698446613
2.60.40	2.83095324653683	1.59666666454551	-0.709908003803628
2.60.40	-0.589302075385439	-0.620437448666517	0.353120045879593
2.60.40	-0.164326029055128	-1.70584588508854	-1.58697514727434
2.60.40	0.379596668264562	0.60533635028194	-0.436070743652762
2.60.40	3.30082882039993	-2.08588093569727	-1.17258326861338
2.60.40	3.76831040135648	0.407677301909049	-0.119406564927118
2.60.40	2.29475983789555	-1.13820022108729	-0.138040953287892
2.60.40	1.49881696258604	1.49626273096511	0.888156474470206
2.60.40	-0.286699504493829	0.915358397491445	0.345057634950484
2.60.40	0.438576695051588	0.143395430790437	0.0102078489001683
2.60.40	1.41060482712469	0.609996630444861	0.474073229485405
2.60.40	1.07408552022276	0.369084697966566	1.28328355344114
2.60.40	0.497790919652617	-0.202909003014324	2.056230011035
2.60.40	-0.0685657354599511	0.00296701026138925	0.281438324384318
2.60.40	2.64334457975314	-0.0842421890735038	-0.0979715115720682
2.60.40	-2.6398099923947	-0.4359720184923	-1.08952390008064
2.60.40	1.10556319244875	-0.180174072125983	0.568148229456833
2.60.40	3.22696658909451	0.422736546767909	-0.589319627690485
2.60.40	-0.108628527991304	2.17305930105654	-1.49144112675773
2.60.40	0.572663908927727	0.519426209440764	1.19561573431705
2.60.40	0.587404753289486	0.142822350263002	1.38534305965162
2.60.40	2.5190587564618	-0.563829297124727	0.618088926459829
2.60.40	0.755354984175752	-0.0221418834247529	1.3457814405918
2.60.40	-0.0158941028229225	0.83308275209566	1.32870504741906
2.60.40	0.0597187296830215	-0.223404874286417	1.98827828858268
2.60.40	1.44163957493807	1.45732819389435	0.700374607269205
2.60.40	0.868037809819664	0.810963825941729	1.88084669096992
2.60.40	-0.326179761184848	-0.374867665774408	-0.135070538030863
2.60.40	0.00463360484583349	0.719307320134507	1.50158014714296
2.60.40	4.44010965629371	-2.07475551991545	-0.958993199906259
2.60.40	3.7096119806647	1.87529783439004	-1.0734266930325
2.60.40	2.46357917795268	-0.226192190479273	-0.492963196369246
2.60.40	0.632477498270508	-0.13907346617317	1.52494119670106
2.60.40	-0.874082024787851	-0.10836875084666	0.247736279886975
2.60.40	0.646575189402408	-0.536694001696798	1.64510023941438
2.60.40	1.5637809824485	0.0381609756487048	0.765298265232791
2.60.40	2.00432810926931	0.15728160902766	0.4934685879103
2.60.40	0.823952428634988	0.185641871866701	1.26947696758356
2.60.40	-1.94724416669739	0.00993001078516104	0.546005446554572
2.60.40	-2.07252095652366	0.119389029530374	0.099860362495447
2.60.40	-3.8190887113548	-1.57625708528501	-0.34707744561855
2.60.40	4.17257585243868	-1.30370670225509	-0.890115162397635
2.60.40	1.77982782578427	0.696534664648293	0.103586416105079
2.60.40	-2.0974589412758	-0.836378228154595	-0.371930684920741
2.60.40	0.669997934908891	-0.825931493936756	1.50218329560778
2.60.40	1.55842749723603	-0.10898127254885	0.259438868261124
2.60.40	1.03451705979697	-0.470975204531967	0.525102197334549
2.60.40	-0.884725744347084	0.413675345834159	1.16993348522393
2.60.40	-1.73943831960797	0.171437441291132	-0.0419411419322978
2.60.40	-3.21483998636409	-0.932378957135239	0.165403560420447
2.60.40	1.12941472164768	0.508366984842841	0.355994693911729
2.60.40	2.19029062721327	0.94026941624376	0.564453568273801
2.60.40	0.961412079313094	1.60144521107331	-0.569158616750073
2.60.40	-1.50827120695212	-1.18855188404451	0.186037132407576
2.60.40	0.107168322081596	0.564616856318394	0.849113006844702
2.60.40	1.67856743149608	0.119634991809244	0.627124274013173
2.60.40	0.815831211136492	-0.471099076650944	1.28828516754697
2.60.40	1.85628703803599	0.201759557618389	-0.795092146042551
2.60.40	2.01377568868112	0.161789138590204	0.652184433893403
2.60.40	1.51044809936561	0.870759901714457	0.152467216345912
2.60.40	-1.67183523552818	-0.874646025016752	-2.28418741574712
2.60.40	-0.652042495870334	-1.08097735540883	1.60641508882978
2.60.40	-0.911926434968255	-0.310347490820946	-0.34297880211104
2.60.40	0.140670953364045	0.65479390063676	1.25003913798186
2.60.40	1.28608039502777	0.430904573124926	1.30221654817646
2.60.40	-1.45909596724084	0.0882422706656724	0.707763326553071
2.60.40	-0.286573257230582	0.0768193963659581	1.105517505783
2.60.40	1.40770117036542	-0.930809088469319	0.862645093684151
2.60.40	1.31878085679452	-0.277743474890394	0.962056812166855
2.60.40	0.379957751018632	0.985638940692661	-1.8970373034975
2.60.40	2.05205367112082	-0.0389122208619677	0.541867185378392
2.60.40	-2.70315373085103	-0.664768560862346	-0.835122799754291
2.60.40	1.46126346700567	0.890825240776063	0.722899280235611
2.60.40	1.18371472784691	0.44384147617099	0.531994745524652
2.60.40	1.63324953169853	-0.35058742965181	0.553271396692509
2.60.40	0.04914652582686	0.71954591626708	0.737568445530303
2.60.40	2.39280997991284	-1.12511418349459	0.903588135066676
2.60.40	2.13771011332309	0.962129604994555	0.303582958518541
2.60.40	0.126174957407671	0.534552366220587	1.27496342278825
2.60.40	1.59875498803622	-0.286524841078482	0.516751236355706
2.60.40	1.66691994603924	0.40148386517859	0.20794647841755
2.60.40	1.46417546170665	-0.11837490026607	0.841891972067362
2.60.40	-0.888179664399613	0.0228191081847175	-0.563700246062532
2.60.40	2.26977232731717	0.187742757133412	0.847379074074083
2.60.40	2.67429019512792	-0.208690541835703	-0.47676953871046
2.60.40	3.17526952528094	1.04259227675676	-0.674166798709289
2.60.40	-1.81124425946693	1.64815255873457	0.262170830414972
2.60.40	0.645240477759744	-0.280849369801242	-0.819605695360485
2.60.40	-1.2557099304745	-0.982274023884796	0.499517224929523
2.60.40	0.226788697537624	0.457092849993895	0.83221860669473
2.60.40	0.456394351155755	0.91925652164854	0.842156687406335
2.60.40	0.667761380345205	0.680766225927124	0.937298909674825
2.60.40	0.805466621766533	1.41248094273443	0.976008496530457
2.60.40	-0.294830742829377	1.35802790990907	1.20215710385631
2.60.40	-2.53485826788309	-1.1159519891473	-0.0629484495936452
2.60.40	0.626526630520959	0.349773706341556	0.990649179254725
2.60.40	1.89269876876943	0.642080264826884	0.678248585568831
2.60.40	2.73008091535123	0.0679017347874726	-0.115327282411348
2.60.40	-0.795406992558131	0.505218931086405	1.52973672200796
2.60.40	-0.976436551787857	0.431033277673821	-0.276414545054131
2.60.40	0.867046123353653	-1.09717653281592	1.12437085612001
2.60.40	-0.234157799172044	0.246801468789863	1.60736464518907
2.60.40	0.230387525568441	0.0210006102060077	0.262644305367033
2.60.40	-2.83089002624238	-0.213192132921065	-0.453397471458498
2.60.40	0.0246317030260899	0.118833938362057	1.59521857754992
2.60.40	5.49444557604328	-1.04973894491224	-2.78940627485451
2.60.40	2.66579090896829	1.35087213760483	-0.272192200223896
2.60.40	2.20959315282404	0.933523631521489	0.150564325980801
2.60.40	-2.84286950932281	1.03200032535966	-1.4098735656202
2.60.40	0.976299119020476	-0.0731771268013301	0.10196274846349
2.60.40	-0.733521811044241	0.192566782391842	0.473087316227935
2.60.40	2.03247954694069	0.145961995393944	0.823199287682294
2.60.40	-2.61585949793067	-0.809183078809732	-0.857547260140263
2.60.40	1.23831318085568	0.317565307441373	0.474245477570743
2.60.40	-0.150585872750379	0.80981861254578	0.153163547445132
2.60.40	0.448687960467043	1.73562259653266	0.827204042227586
2.60.40	0.702047536644014	1.22386451236321	0.875085987828525
2.60.40	3.79022817283687	0.338060186106037	-1.2468701301512
2.60.40	2.10441740309947	0.845686389538861	-0.353421340510199
2.60.40	-0.0688537852109191	0.542067457930763	1.67421947456027
2.60.40	0.0849175106825286	1.35324599157636	0.64663381795431
2.60.40	0.634492200095703	0.678518445902161	1.06996709811689
2.60.40	1.14853948136301	0.0962542713106244	1.32453660861467
2.60.40	0.123630133619841	-2.44045837051251	-1.05585184464748
2.60.40	-0.267964260649476	-1.63357064036366	-0.495938977428483
2.60.40	-0.146042965779796	-2.77406987930192	-0.0536273982086937
2.60.40	1.59995814582673	0.0894056638282908	-0.469858423028883
2.60.40	1.49738099961274	0.184380749124896	0.720657998200892
2.60.40	-2.11791636261578	0.406319818116235	-0.0641143115625027
2.60.40	2.02115610114186	1.1453272776794	1.03698290772646
2.60.40	-0.510462416632514	-1.46830695750648	1.12751556866824
2.60.40	-1.62261706125844	-0.178613157785406	0.753423239579586
2.60.40	0.978473760734868	1.91462205756022	0.99475796056195
2.60.40	-0.484007639333137	0.113327236560917	0.140547051596804
2.60.40	2.91627874147193	-0.230641419288574	-0.949558092638744
2.60.40	1.80960363911649	0.400192463914288	-0.847422659532813
2.60.40	1.9165634158422	-0.210898232976151	-0.251680525798897
2.60.40	0.159748855101963	-0.37179956114614	2.1191230779212
2.60.40	0.653295448414593	0.127316860278761	0.766964523212111
2.60.40	2.06711543870993	0.382070968935173	0.159326082149007
2.60.40	0.781460396609732	0.240977932628472	1.16916150659209
2.60.40	1.86878893429092	0.323693529536662	-0.577657662592951
2.60.40	0.230797012676073	-0.260609139229422	0.705733245986314
2.60.40	1.9256783925097	1.22776448622432	0.589655201407515
2.60.40	-2.83409848884256	0.345073011320976	0.315939260962277
2.60.40	-3.06876547843909	0.101963259650251	0.0379929900987089
2.60.40	2.56911782937854	0.973391959427078	0.0125490033435968
2.60.40	1.12216332956734	1.76300002820478	0.994109998584705
2.60.40	0.755902482714461	2.01015482851488	0.900305183944373
2.60.40	3.82823595365365	1.17070160877192	-0.667105847535276
2.60.40	0.980284898445791	0.265739383336921	0.786412026778651
2.60.40	1.24603663706271	0.011443538149527	0.660584263408604
2.60.40	1.65322917488362	1.68235891382228	0.859935126435155
2.60.40	3.45360317834271	1.5036895241372	-0.505816109961265
2.60.40	2.95504359726607	-0.749114173595484	-0.898301167298647
2.60.40	2.86003421725925	-1.64477966425578	-0.120453905025873
2.60.40	1.79033828683874	-0.164096700480314	0.241486423225722
2.60.40	4.22611370457731	0.22152890653948	-0.486469432309331
2.60.40	-0.503043242074179	-0.759289492103639	-1.55682491539554
2.60.40	-1.27086640027488	-1.18828882757226	-1.31494438922643
2.60.40	0.51576174437095	0.429860663530248	1.27764635299528
2.60.40	-0.160895322639079	-0.0329672221179461	0.941315875375914
2.60.40	-0.0885217245221596	0.673924742520658	1.19161266820987
2.60.40	-1.25261630700054	-0.423615969398074	1.73607424012785
2.60.40	-0.13388799138371	0.294971905184909	1.26932682824739
2.60.40	1.48575023930812	-0.117696545060592	0.529509664254612
2.60.40	2.56559571606078	0.98468364026342	-0.0312843354021893
2.60.40	-1.31152106294056	-1.3782962397965	1.74062381806772
2.60.40	1.73586724670162	1.64628178357368	0.941515625140611
2.60.40	-2.89289408355177	-0.643250448271538	-0.181767086142918
2.60.40	1.20321251549871	0.117471786571504	0.40349945182954
2.60.40	0.102302462842011	-0.942880210448648	-0.110099639563755
2.60.40	-1.16075727159817	-0.477893938823919	0.29401958506759
2.60.40	1.80300678152774	-0.301731560099033	0.696387513168133
2.60.40	0.407640991298589	0.497617189676669	-0.781061948332149
2.60.40	0.945625099790571	-1.10390961343484	-0.873374794326397
2.60.40	-0.457026973443718	-1.34850649020206	0.254226289621326
2.60.40	1.55573132368942	-1.1944913664946	-0.131895505583977
2.60.40	-2.22988793365729	0.131759734045452	-0.228831488471134
2.60.40	0.0157317264618269	-1.52296495062591	0.915537423366944
2.60.40	4.46381603431624	-0.217836819618735	-1.11309651021759
2.60.40	2.05002500107423	-0.875099794436917	0.242930989774191
2.60.40	-1.75505325463973	0.362198771844057	-0.821843116674118
2.60.40	1.36659720117338	0.448083028165943	0.0309937676101239
2.60.40	0.561074721077659	0.833400598448381	0.749980999254952
2.60.40	-1.08116320063846	-0.350267030018233	0.639734958838372
2.60.40	-1.76881817670349	-0.17164146240979	0.854324876661339
2.60.40	0.147868767133619	1.11582160632848	1.06033649893689
2.60.40	2.1939627256349	0.099808229380245	0.257241872756124
2.60.40	0.0175564283871441	0.333330668547273	0.742988751282565
2.60.40	1.54945900379094	-0.192560535476677	0.571738778855279
2.60.40	-3.82260775185954	-0.290251075687786	-0.797920703568414
2.60.40	-3.06042609812645	0.819030842493173	-1.26256421068879
2.60.40	2.47479764562745	0.24057797703866	0.168825480622796
2.60.40	3.08838278439572	1.12535342291412	-0.0620621492836523
2.60.40	0.809834421311438	0.0111394502172734	-0.0185383011168843
2.60.40	0.431227473956892	-1.12162909911822	0.509300688652336
2.60.40	2.16070047819316	0.483430754086155	-0.0504450121004641
2.60.40	-0.309484102311623	-1.69629612133217	-0.381126314633496
2.60.40	0.721385089721577	1.38880558389802	0.407692640853418
2.60.40	-0.221729508902989	-1.02438007390119	-0.218572292414133
2.60.40	4.35216225497163	0.781460340015333	-0.546377757874795
2.60.40	0.558676250670398	0.457097039791172	0.213837429557355
2.60.40	2.53990030695721	-0.73734623123968	-0.5174213984382
2.60.40	0.971689751598049	-0.517393142381801	0.938083804709655
2.60.40	1.41927101040075	1.91152543059703	-0.226341496380512
2.60.40	3.07434501974268	0.289376123377754	-0.340464474420495
2.60.40	-1.49407211991856	-0.87932639557545	-1.17380479469668
2.60.40	1.52730330027	0.0898671084164278	-0.0210112106336921
2.60.40	1.96736711503409	0.225038997111646	0.680031776606395
2.60.40	3.93879733472071	-0.000360679072650083	-0.363638148066473
2.60.40	0.340670841905089	0.466380090143377	-0.211649951928909
2.60.40	0.296418549555874	0.24613284149729	1.30658088157275
2.60.40	-0.0816198107233734	0.0893139939925409	1.51593554304365
2.60.40	2.94657705629837	0.776311023074499	-0.10116008339109
2.60.40	-0.132107266090331	-0.393314906296279	0.198680998743118
2.60.40	-2.12541728135803	-0.324396872738771	-0.0122823836509812
2.60.40	1.96507850341669	0.0539256270852671	0.0883594497029752
2.60.40	0.597123507351885	-0.988562335730093	0.670957642866347
2.60.40	-1.54760132948192	1.48803999825553	-2.77749063438241
2.60.40	2.51264938413419	-0.839937353705777	0.501904916068625
2.60.40	-3.33499033073227	0.132202481963348	0.0522702836179237
2.60.40	-0.285507748241254	0.126315168705767	0.513203339942574
2.60.40	-0.500733791264777	0.724088231446007	-0.414101974935363
2.60.40	-2.65072412684301	-0.931579940178228	-0.406912377180582
2.60.40	-1.15598741011339	-0.541384511414187	0.452378262939017
2.60.40	4.02282837201996	-2.07371439418952	-0.872787968408897
2.60.40	0.609534734648842	2.03965601568007	0.564601159309604
2.60.40	0.857037150501307	1.19757764971114	-0.0942384234625384
2.60.40	0.282533151689481	-0.403684605589274	1.33369128213245
2.60.40	1.78234237610613	0.287459045595242	0.478322362000921
2.60.40	-1.22581023120017	-0.572218477257745	2.02705049508956
2.60.40	-0.13953669371699	-0.130349538884958	1.2664956609769
2.60.40	1.45285026861485	-0.164761033121034	0.382464137108834
2.60.40	2.44101571446127	-0.771601505895035	0.556395069486897
2.60.40	1.56991041497262	1.40337221232512	0.57592764962967
2.60.40	2.17389655812925	0.1485805751147	0.262284965393168
2.60.40	1.229575721388	0.330405796951737	0.0177663107697016
2.60.40	0.972085038064247	0.566826154809493	1.07204832910873
2.60.40	-0.790960067861711	-0.469821334299405	0.902809752436189
2.60.40	0.420972048284072	1.22456927958865	1.50169385613365
2.60.40	-0.776554111658909	-0.86485219340081	0.43848185598976
2.60.40	0.529890997083267	0.897708797087479	0.282250453930746
2.60.40	2.68777911831794	-0.211159414920828	0.659623108398513
2.60.40	-0.00529044179546945	0.19910172291188	1.08025743387386
2.60.40	1.73980392128844	0.452313123254821	0.330720306718139
2.60.40	1.07068752888533	-0.0741412540306078	0.880921266751092
2.60.40	0.955027084002054	0.315456987798221	0.0776548730984181
2.60.40	2.81634491514733	-0.950542580533107	0.207424192996492
2.60.40	-1.45540933968466	-1.37008134694534	0.765932187491999
2.60.40	1.84813503612403	0.25103141070813	0.533915125319558
2.60.40	0.973159297523208	1.43930706732414	0.421419896763295
2.60.40	1.17791803814985	-1.53933226861789	1.41295569503335
2.60.40	0.506900099235642	-2.48334133084966	-1.35107565792225
2.60.40	1.14549172285882	0.269298390746861	0.681396399292857
2.60.40	2.48183117102062	0.893262190488262	0.442395501152069
2.60.40	1.33525517860742	-1.20753032766319	1.07111543998023
2.60.40	1.45449644998962	2.59667444925126	-0.204079088013435
2.60.40	4.0281253191127	0.0864929798405191	-1.02740892475899
2.60.40	2.48832115514938	-1.21996757327417	0.465553753446961
2.60.40	1.01635500381552	0.593091571063733	0.715331347421416
2.60.40	1.67603742961111	0.602445916498188	0.524018123219543
2.60.40	1.21858653275456	-0.773215180034348	0.212638781193099
2.60.40	-0.100845540692389	-0.21930370862438	1.54425475672347
2.60.40	2.9532192914144	1.56824808022868	-0.298282751811046
2.60.40	-0.159554246474254	0.0214694402199026	1.1656926593607
2.60.40	1.73803187924626	-0.188871244760747	0.164955991014648
2.60.40	1.15778210098443	-0.208204461422837	0.904636293211932
2.60.40	-0.932588753712214	0.729112044166134	-0.291906745119214
2.60.40	-1.5743998975641	0.111103430417368	-0.635016902909531
2.60.40	-3.88450732964928	-1.61137294251765	-0.550664661353618
2.60.40	-0.795247617541518	-0.420882191241674	1.12925821662569
2.60.40	-1.76795385973735	-0.0155401200165897	-0.134133223799745
2.60.40	-2.92365910017137	-1.03419219275813	0.0358435216546318
2.60.40	-0.0595582067612705	-1.04581460742797	0.467739236669336
2.60.40	2.53775672296348	0.483221524663794	0.244014258659598
2.60.40	0.766237602867429	0.24785299222843	-0.197339119652213
2.60.40	1.08884145666365	1.10376753759344	0.670756550625732
2.60.40	0.708342118326388	-0.0611833126399382	0.103969650740387
2.60.40	0.798443070464724	0.0858651995458603	1.04099735667817
2.60.40	-0.0683239426564354	-0.131984119885452	0.207732628304474
2.60.40	-0.142967265135307	0.453655242666237	2.18903506258836
2.60.40	1.30013544983954	0.28909091985668	1.19467057173438
2.60.40	-0.127888961631793	-0.180410888231756	0.365546324035078
2.60.40	0.928477782794968	0.440536146294411	0.701123917313435
2.60.40	3.93377981745502	1.89628119147994	-0.709283305876502
2.60.40	-0.246423599402081	1.60676108018735	-1.18751380028193
2.60.40	0.4111155527116	0.64121311467073	0.89868092730514
2.60.40	-1.76828486571697	0.222401854100995	-0.948943545369238
2.60.40	-0.202905987496963	-0.575813281040974	-0.0457530081080513
2.60.40	1.2279143641021	1.09793453951891	1.15603393224364
2.60.40	0.745190227438196	-0.127948487534492	1.03926496272687
2.60.40	-1.57911372983344	-1.29665153959818	1.42541453869143
2.60.40	0.578577080834744	-0.602241656420134	0.527667639525755
2.60.40	3.10629317405468	-0.670104507674653	-0.178389029901728
2.60.40	0.0372489636077717	-0.615449819828316	1.08330832382012
2.60.40	1.30425544699104	0.242266359210123	0.824007159861651
2.60.40	-0.404970970433724	0.00354380015387212	1.11733288055477
2.60.40	0.543681198857421	-0.662614388013083	1.33027329930914
2.60.40	0.465876005443132	0.122344418870535	0.9173214020405
2.60.40	0.812963236958795	-0.118462004364414	1.07726414802993
2.60.40	2.44445371481401	0.484702229215855	0.250294570833453
2.60.40	1.35467417082674	0.86970345409591	1.02301341137877
2.60.40	2.27870235771059	-0.352666264395231	0.2932492246437
2.60.40	1.96025984161802	-0.861770326365782	1.00194111993162
2.60.40	0.534462466756287	1.47272030570058	0.893866249903955
