c.1.8.1	-6.31672544406682	-2.81368612472936	-0.836047108006473	0.250355445782187
c.1.8.1	-5.19762505087935	-2.09500066645315	1.03304430546294	-0.464859944263889
c.1.8.1	21.2790837037122	-0.514416085285044	0.41441730902678	-5.16704919413499
c.1.8.1	-0.888026343241679	-3.67643932843422	-1.12140314917671	1.17849555357422
c.1.8.1	-1.83323000566306	-2.28413214094992	-0.744892255741694	0.194895999776039
c.1.8.1	0.201836444964458	-1.57198376385775	-1.2836635270394	0.798510167138994
c.1.8.1	-4.25804572427746	-3.17720240128579	1.3754448195275	-2.35141056701309
c.1.8.1	3.55283684698817	0.509257238878061	-1.89237880996734	0.967200218151263
c.1.8.1	1.7065621891155	3.58952209364027	-3.56325731878223	-1.22887674649427
c.1.8.1	-8.01882038308256	4.89734377734747	0.304398855847256	-0.778292992560142
c.1.8.1	-2.47998760697145	1.5687911502229	-3.66717205843402	-0.114304757305416
c.1.8.1	-8.40673467712377	3.14890316408476	-1.54893637009722	0.711563261458568
c.1.8.1	2.94342683999967	-1.4425695176162	-1.17417179728274	3.75313055404752
c.1.8.1	-0.313531826969555	-1.29542579806421	1.27184241594539	0.900937615459663
c.1.8.1	-8.20396417980611	-0.105862312596646	-2.34237528246154	-0.386765940807355
c.1.8.1	-4.10338708523759	-0.71246206608186	1.15079992822882	0.268968299269073
c.1.8.1	-0.00126104214251568	0.390186211902534	1.50556240227162	-1.26270246793266
c.1.8.1	-0.851435620887214	-2.29195802395816	-1.14751104817807	-0.712480115251731
c.1.8.1	-3.33858217659169	-3.19978947058884	1.27419078508161	0.936507783287425
c.1.8.1	-10.689886581831	4.54951576503231	-3.73628341603656	0.402872150526667
c.1.8.1	-2.06572249046914	1.34065828801121	1.30465235596349	1.00524224992681
c.1.8.1	-1.7660842292962	-1.73452140684617	1.98165663574513	0.913970836674198
c.1.8.1	2.12582116730749	-1.26992301487974	-0.415017809265667	0.603979673561797
c.1.8.1	-5.20767893450416	-2.07530235457683	1.16479065905252	-1.018421231458
c.1.8.1	3.64756085346452	1.63663177100845	0.408166500311987	1.07245870862574
c.1.8.1	-0.83606047479247	2.57320369976605	-0.765933009268191	0.139462739405851
c.1.8.1	-1.43363959171897	-0.443074820543889	-0.875370335493109	-0.783035182960978
c.1.8.1	-6.2158221410212	-0.567496507751955	-0.282858913956195	-1.1299631689785
c.1.8.1	1.72491614785784	0.258024879114921	-0.826817905881527	-0.93753849428557
c.1.8.1	-1.79357252720253	-1.97484618943421	1.15880915582882	-2.36283358671504
c.1.8.1	-1.55186587414456	-0.283904995301657	0.255377258024324	-1.25839546817664
c.1.8.1	-0.756225752785457	-2.31706067663823	-1.4981657002488	0.767485486981587
c.1.8.1	-2.85161934192047	-1.24859360628728	-0.39803926047928	0.229085887025041
c.1.8.1	8.00161807510305	2.04676578032636	-3.23425773291345	0.111582011375614
c.1.8.1	-2.62076517437001	-1.08518678995938	-2.96569880367333	-1.11387383361025
c.1.8.1	1.67677321876784	-1.55409341479744	-1.8126219984074	0.295561399398926
c.1.8.1	5.35705491732381	-2.48673953303173	-1.2608559150453	1.66694905991266
c.1.8.1	-5.55404156069078	3.03018607108241	-1.91664869990436	-1.14895955865682
c.1.8.1	2.89718026522739	-2.66222946000333	-0.771561873267192	0.895564408227598
c.1.8.1	6.40164714561547	-1.80340548755611	-1.35332232180842	2.10325809651802
c.1.8.1	-1.54596196118098	-0.435985914790029	0.32441343926167	-1.31720188168178
c.1.8.1	-5.30598244121991	0.0701620209841863	-0.925661298573619	-1.49883894342304
c.1.8.1	-2.37621435890474	2.92938399051563	-0.902856268374768	-0.691326327550953
c.1.8.1	-7.59926457691268	1.62196657978736	0.946239848384545	-0.603919387362007
c.1.8.1	-2.88782771777839	-0.578183889320416	-0.440680397122379	-0.740949381126451
c.1.8.1	-0.462909501279682	0.693999728650179	-0.423312124400632	-0.421555938192604
c.1.8.1	-6.91877989276327	3.14622993819327	-0.709609075696333	-0.384178101429577
c.1.8.1	-0.050050962103959	-1.46465757933783	-1.01358109576247	0.621583396980852
c.1.8.1	-1.22789216651068	1.60542353893633	-0.229900055606666	0.441769652854709
c.1.8.1	-2.31108531167419	-1.69349342733005	0.00389293632943106	-0.959659673261675
c.1.8.1	-9.16926315329761	-1.65038554425724	-0.979122143149718	-0.503979503824969
c.1.8.1	-3.77036373705697	-1.32858703520946	1.64247236254798	-1.48145526184361
c.1.8.1	-0.60547856350706	-1.6270976873685	-0.433743130247373	0.737627762459344
c.1.8.1	-2.4789964597613	-2.60202499431997	0.367648181150986	0.59575495698967
c.1.8.1	-2.43165500243745	-3.44994467843682	1.29458221722251	0.0745728543018135
c.1.8.3	5.78227087718778	0.368959665158845	-1.80170874903052	-0.303277206587777
c.1.8.3	1.37746097804475	1.60756447331081	2.17529243473574	0.997016550620654
c.1.8.3	7.18564419332741	-0.213311935802732	-1.9525136791598	-0.598334979707009
c.1.8.3	2.43760515339913	-4.10402255310318	1.10487367056297	-0.155606979574047
c.1.8.3	2.66104995498267	-1.64144411194147	-2.62104028343192	0.0283348415192031
c.1.8.3	1.96292808375184	-3.66596812251262	0.111005521065459	1.09262971266537
c.1.8.3	0.345358464115463	0.810043645355551	-0.941913008686519	0.509477066652746
c.1.8.3	4.5044282914104	0.722239783519434	0.287605917892831	-0.259150085675914
c.1.8.3	2.45998745724421	4.20809689069296	1.00989024232108	0.84833639910397
c.1.8.3	2.85802573516335	-0.457947223600153	-0.55883190664022	-0.867183569150189
c.1.8.3	1.24588873000336	-0.535257954460536	1.37772542657093	0.29419468778056
c.1.8.3	9.12491769595073	5.07113953691053	-2.88406084624388	0.938299168909758
c.1.8.3	1.83532730829691	0.87585509307712	3.21718604656322	1.51327760976425
c.1.8.3	-2.75109387078666	-0.65352313687256	-0.0352028246804235	0.509159132926795
c.1.8.3	-0.138264192863113	-0.814414113905533	0.908792481692967	-2.04887592552838
c.1.8.3	0.681654820751711	1.63071868054616	0.967812816560131	-1.31143763629195
c.1.8.3	-0.0381388665024763	-0.446193990649395	1.70983212196986	-0.296247972964503
c.1.8.3	7.20101885443281	1.04912121099333	1.36987168958744	-0.191718390305556
c.1.8.3	1.45552067078935	2.3090797479396	0.747156943956524	0.0123111353530068
c.1.8.3	7.9611312473208	-2.56497346232004	-2.39334877680304	0.459993744770477
c.1.8.3	3.65688109712972	0.444694481421888	0.165507412641004	0.686588970580401
c.1.8.3	-1.86828843247029	-0.74557926786377	0.751196077637564	-1.02401383232504
c.1.8.3	2.41478598209275	-2.40045332581044	0.667115515466058	1.27025720321457
c.1.8.3	-0.651627836988281	-0.791651657569577	-0.247069893212502	-0.258645765641224
c.1.8.3	-2.28353247567072	1.73342502673237	1.11561430721273	-1.45711051468801
c.1.8.3	-0.550101880340474	-0.0620178026321519	-0.384972295680005	0.53293383557309
c.1.8.3	1.20073782624091	-1.38279684299453	1.1411670714437	0.487553160431148
c.1.8.3	1.69133918333041	-0.512790222397292	1.63263527491726	-0.473071738153984
c.1.8.3	0.495998835662695	-1.51104192948318	-0.233276699960671	-0.534844705556931
c.1.8.3	-0.124631250777718	0.300506280893408	-0.335159849984884	-0.253482196279901
c.1.8.3	-0.968474348332147	-0.272562624659532	-0.454016942970861	0.89691054454483
c.1.8.3	-1.41770541649547	2.41920593726372	2.58826724673231	2.44150919831936
c.1.8.3	-4.44153627347277	0.575598526563465	1.88905305940764	1.23404111077283
c.1.8.3	1.03425077718456	3.46305564012457	3.73440874348047	1.51189241330009
c.1.8.3	1.70963425382685	4.5466927662336	1.95258241856884	0.861627701891149
c.1.8.3	1.90211202862699	3.21845680225399	-0.788325660026572	0.378430864362224
c.1.8.3	0.122863862808502	0.259229837829188	1.9916759957531	-0.521585477459927
c.1.8.3	-0.467023585984215	0.0693673884932921	0.795321514059138	-0.232768538628011
c.1.8.3	-0.0624942752593052	-0.631391624804478	1.20885508097868	0.13446637260645
c.1.8.3	3.48684374610722	-1.84864896506164	0.770529499731539	0.0421966035178345
c.1.8.3	2.34737267071321	2.51388862101374	2.24324233675883	1.01707701987328
c.1.8.3	2.11795737015413	0.727430561238275	-0.725843373635392	0.336448753677029
c.1.8.3	5.22023386011494	4.28644968020107	2.54272284389698	-1.83797522588428
c.1.8.3	-0.121797190571664	2.44052580131266	1.3181450484641	0.319362329705059
c.1.8.3	1.52983436605556	-2.25623283595581	-0.381303675988176	0.198108739403558
c.1.8.3	-0.790616564225317	-0.565075638958237	-0.406377010891892	-0.0756346257532479
c.1.8.3	4.34772480819497	2.11920748808523	-0.568754230466372	-0.0323413657332158
c.1.8.3	-1.53611638389728	0.438069685358684	1.5276257932768	-0.503110336415822
c.1.8.3	-0.540484007447386	-1.24858568394817	0.42066242005703	-0.261461934687754
c.1.8.3	-0.902024115079777	1.04706498287008	-0.479487341812034	1.57736085511784
c.1.8.3	4.90221134992238	0.164503943827094	2.31689652048013	0.750901274050719
c.1.8.3	1.34959084296678	2.16722972565807	0.78400579043386	0.187504448885631
c.1.8.3	4.22310942248919	-0.350025857177029	-0.039742597035827	-0.386841026290997
