c.1.8.1	0.799897	0.668225	0.940655	0.802008	0.563597	0.871327	0.729265	0.59046	
c.1.8.1	0.79913	0.669073	0.939686	0.799196	0.557011	0.871671	0.731951	0.585898	
c.1.8.1	0.784823	0.646756	0.925573	0.764877	0.517764	0.858801	0.710393	0.546516	
c.1.8.1	0.79665	0.664268	0.939065	0.79856	0.554523	0.868417	0.72417	0.582708	
c.1.8.1	0.796459	0.665679	0.939126	0.79553	0.553107	0.87021	0.726012	0.586298	
c.1.8.1	0.797154	0.665366	0.938797	0.79456	0.545067	0.868251	0.724523	0.583649	
c.1.8.1	0.796038	0.664591	0.939276	0.796347	0.564937	0.870866	0.731013	0.584084	
c.1.8.1	0.796334	0.666845	0.936501	0.790283	0.536817	0.865861	0.724355	0.586724	
c.1.8.1	0.798727	0.672302	0.936189	0.783894	0.538427	0.868022	0.728138	0.595224	
c.1.8.1	0.799957	0.677688	0.938821	0.792411	0.54527	0.87444	0.740668	0.607804	
c.1.8.1	0.801005	0.672855	0.938966	0.791955	0.548983	0.869479	0.728241	0.597134	
c.1.8.1	0.801898	0.678918	0.940231	0.796948	0.551436	0.873657	0.737801	0.608918	
c.1.8.1	0.794681	0.661303	0.935908	0.796897	0.534667	0.867643	0.720803	0.581428	
c.1.8.1	0.793565	0.66236	0.937546	0.794942	0.544885	0.87005	0.727504	0.583203	
c.1.8.1	0.803698	0.677356	0.93983	0.799193	0.560949	0.872525	0.73407	0.600572	
c.1.8.1	0.79615	0.667527	0.939464	0.796277	0.551344	0.871927	0.731556	0.590896	
c.1.8.1	0.79385	0.66364	0.937567	0.789564	0.544384	0.869477	0.730106	0.583953	
c.1.8.1	0.796816	0.665889	0.938121	0.794528	0.554359	0.867946	0.727133	0.585568	
c.1.8.1	0.795695	0.664543	0.938796	0.800075	0.554018	0.871033	0.728199	0.584056	
c.1.8.1	0.805453	0.684138	0.940492	0.797403	0.55548	0.874541	0.739313	0.617722	
c.1.8.1	0.794627	0.668024	0.93783	0.792823	0.539537	0.871652	0.731067	0.593751	
c.1.8.1	0.794711	0.663598	0.938295	0.796963	0.546216	0.870971	0.728755	0.582222	
c.1.8.1	0.79458	0.662677	0.937221	0.792352	0.542442	0.86791	0.724536	0.58098	
c.1.8.1	0.797383	0.667729	0.939304	0.797995	0.55946	0.871699	0.732189	0.588433	
c.1.8.1	0.790606	0.661465	0.935212	0.786596	0.531043	0.868849	0.724824	0.587085	
c.1.8.1	0.795964	0.669441	0.937316	0.789021	0.540524	0.870038	0.730565	0.595414	
c.1.8.1	0.795956	0.667213	0.938145	0.79159	0.551923	0.869466	0.729084	0.590713	
c.1.8.1	0.799622	0.672293	0.940152	0.796375	0.558688	0.872027	0.733924	0.595089	
c.1.8.1	0.795657	0.665553	0.937351	0.789313	0.542516	0.868243	0.725887	0.585109	
c.1.8.1	0.794858	0.664049	0.937844	0.792001	0.557574	0.869937	0.729928	0.583386	
c.1.8.1	0.79654	0.666559	0.938233	0.792003	0.550432	0.869933	0.729901	0.587145	
c.1.8.1	0.796994	0.665868	0.938802	0.795743	0.550198	0.868935	0.72503	0.585292	
c.1.8.1	0.796775	0.667296	0.939018	0.795793	0.552306	0.869846	0.729677	0.589806	
c.1.8.1	0.791629	0.662577	0.934258	0.78078	0.527247	0.865337	0.720155	0.586572	
c.1.8.1	0.798918	0.669996	0.938885	0.793763	0.558399	0.868544	0.728073	0.594301	
c.1.8.1	0.79629	0.664981	0.937196	0.792644	0.545799	0.86704	0.724394	0.584399	
c.1.8.1	0.792235	0.660067	0.936139	0.791789	0.538534	0.865077	0.719322	0.579206	
c.1.8.1	0.800308	0.675722	0.938839	0.790628	0.550327	0.872613	0.734444	0.602977	
c.1.8.1	0.79417	0.660733	0.937457	0.792548	0.544771	0.867105	0.720694	0.578121	
c.1.8.1	0.789736	0.656945	0.934907	0.789985	0.53491	0.865205	0.718298	0.580289	
c.1.8.1	0.796275	0.66695	0.938277	0.792025	0.550549	0.869527	0.730215	0.587671	
c.1.8.1	0.800199	0.672877	0.938977	0.79465	0.558651	0.872298	0.732541	0.595259	
c.1.8.1	0.797666	0.671207	0.937813	0.78993	0.543162	0.869946	0.732973	0.597081	
c.1.8.1	0.79937	0.672781	0.940016	0.796229	0.55287	0.87357	0.737014	0.598493	
c.1.8.1	0.796757	0.668245	0.937781	0.793814	0.552807	0.870648	0.730324	0.591767	
c.1.8.1	0.795946	0.667447	0.937293	0.790161	0.544035	0.869283	0.728963	0.589985	
c.1.8.1	0.800558	0.676983	0.938559	0.794328	0.550082	0.872975	0.736788	0.60485	
c.1.8.1	0.79569	0.66494	0.938304	0.793834	0.546641	0.868829	0.725168	0.586105	
c.1.8.1	0.796924	0.668666	0.938181	0.792443	0.542887	0.86995	0.730291	0.592228	
c.1.8.1	0.796652	0.666085	0.938324	0.79478	0.554495	0.869397	0.729534	0.586586	
c.1.8.1	0.802099	0.674748	0.940856	0.801148	0.565815	0.873833	0.73393	0.597697	
c.1.8.1	0.796054	0.665438	0.938848	0.794552	0.555369	0.871554	0.731551	0.585698	
c.1.8.1	0.795542	0.664479	0.938505	0.794732	0.549181	0.869148	0.725638	0.585561	
c.1.8.1	0.796112	0.664741	0.939505	0.797689	0.553601	0.870105	0.727513	0.584739	
c.1.8.1	0.796053	0.664558	0.938315	0.79852	0.55403	0.870279	0.728182	0.580767	
c.1.8.3	0.792444	0.661176	0.935296	0.785433	0.536132	0.86511	0.722523	0.581933	
c.1.8.3	0.790741	0.662384	0.936324	0.789389	0.533857	0.869579	0.73003	0.588208	
c.1.8.3	0.792614	0.658501	0.936019	0.783881	0.536423	0.864443	0.719237	0.576094	
c.1.8.3	0.790324	0.656582	0.938386	0.79319	0.549534	0.866847	0.72274	0.576257	
c.1.8.3	0.793781	0.662315	0.936719	0.790015	0.548704	0.866672	0.721996	0.586213	
c.1.8.3	0.794181	0.659891	0.93899	0.795477	0.547221	0.867088	0.72267	0.575754	
c.1.8.3	0.795735	0.666302	0.937357	0.791096	0.540499	0.869403	0.726561	0.589582	
c.1.8.3	0.791155	0.660661	0.935631	0.786467	0.534408	0.866651	0.72522	0.583487	
c.1.8.3	0.791742	0.665208	0.935284	0.785525	0.52585	0.870133	0.730247	0.591551	
c.1.8.3	0.793348	0.662189	0.937356	0.788049	0.543775	0.867429	0.724674	0.582838	
c.1.8.3	0.793929	0.662046	0.938137	0.792367	0.539557	0.868317	0.727461	0.580752	
c.1.8.3	0.793227	0.664635	0.93323	0.778302	0.514845	0.865315	0.721475	0.587121	
c.1.8.3	0.79016	0.659977	0.937067	0.791205	0.531744	0.870631	0.727867	0.582881	
c.1.8.3	0.796345	0.666749	0.93896	0.795866	0.550782	0.870758	0.728899	0.590679	
c.1.8.3	0.793158	0.662336	0.93816	0.788906	0.549766	0.869678	0.729211	0.582956	
c.1.8.3	0.793237	0.66455	0.937122	0.786295	0.542271	0.870452	0.72984	0.587159	
c.1.8.3	0.790826	0.661089	0.936699	0.791098	0.547684	0.869742	0.729537	0.586959	
c.1.8.3	0.791041	0.659389	0.935381	0.782251	0.525742	0.866256	0.72407	0.573844	
c.1.8.3	0.792568	0.664567	0.936565	0.787564	0.534873	0.869237	0.729221	0.590033	
c.1.8.3	0.791033	0.656337	0.935424	0.78701	0.537743	0.86296	0.717366	0.574548	
c.1.8.3	0.791039	0.661078	0.936297	0.788769	0.536202	0.867357	0.724944	0.585355	
c.1.8.3	0.795022	0.664677	0.938603	0.7923	0.552468	0.870759	0.72892	0.587091	
c.1.8.3	0.792807	0.659358	0.938	0.794487	0.54308	0.867837	0.722771	0.57732	
c.1.8.3	0.795358	0.66527	0.937775	0.792717	0.549099	0.86895	0.728461	0.58679	
c.1.8.3	0.794887	0.667672	0.937143	0.79006	0.546642	0.871112	0.733068	0.592101	
c.1.8.3	0.7945	0.665132	0.938253	0.793044	0.545691	0.869453	0.727277	0.5899	
c.1.8.3	0.790503	0.660461	0.936484	0.792546	0.545286	0.869005	0.726652	0.585062	
c.1.8.3	0.789737	0.65957	0.93654	0.788986	0.543298	0.869802	0.726419	0.584906	
c.1.8.3	0.793575	0.663018	0.937916	0.790822	0.548773	0.868261	0.726723	0.584888	
c.1.8.3	0.793246	0.664977	0.936907	0.790279	0.543954	0.869195	0.728786	0.590577	
c.1.8.3	0.795775	0.666848	0.93822	0.793887	0.544253	0.869516	0.728502	0.590167	
c.1.8.3	0.793295	0.665502	0.937002	0.794385	0.531614	0.872268	0.731509	0.591799	
c.1.8.3	0.795613	0.667214	0.940177	0.797197	0.544707	0.871783	0.733898	0.592992	
c.1.8.3	0.789983	0.662189	0.936342	0.788716	0.528137	0.871438	0.730614	0.589664	
c.1.8.3	0.791579	0.664973	0.935543	0.787302	0.525412	0.870423	0.73179	0.592528	
c.1.8.3	0.792965	0.665492	0.936095	0.786463	0.533587	0.869074	0.729103	0.592921	
c.1.8.3	0.791625	0.661805	0.937704	0.789966	0.541013	0.870335	0.729527	0.585462	
c.1.8.3	0.793114	0.664825	0.936956	0.791641	0.545115	0.869825	0.729658	0.589234	
c.1.8.3	0.793295	0.662407	0.938086	0.792063	0.54477	0.869519	0.728493	0.584276	
c.1.8.3	0.790649	0.658331	0.937813	0.789185	0.542899	0.867157	0.723323	0.578783	
c.1.8.3	0.790767	0.661714	0.935904	0.788677	0.530527	0.869664	0.728231	0.587181	
c.1.8.3	0.792501	0.663496	0.936318	0.78933	0.538669	0.867292	0.727871	0.588941	
c.1.8.3	0.790937	0.662444	0.934497	0.779361	0.525657	0.869066	0.729414	0.582105	
c.1.8.3	0.794791	0.666197	0.937075	0.790075	0.536443	0.870885	0.730044	0.589239	
c.1.8.3	0.794167	0.661364	0.938367	0.792175	0.547183	0.8679	0.723807	0.580507	
c.1.8.3	0.79542	0.66555	0.937813	0.793265	0.546782	0.868895	0.728732	0.588011	
c.1.8.3	0.792525	0.662082	0.93535	0.784316	0.533467	0.86788	0.724964	0.584686	
c.1.8.3	0.792975	0.66512	0.937411	0.791171	0.545737	0.870872	0.731308	0.590494	
c.1.8.3	0.794332	0.663134	0.937878	0.792796	0.547415	0.869597	0.727404	0.584323	
c.1.8.3	0.795977	0.66743	0.93811	0.793968	0.538231	0.870273	0.728542	0.591724	
c.1.8.3	0.789234	0.657912	0.935232	0.78726	0.528952	0.867979	0.7253	0.577215	
c.1.8.3	0.793146	0.664135	0.93681	0.7869	0.534537	0.870174	0.729304	0.586865	
c.1.8.3	0.791169	0.659985	0.93691	0.786773	0.537242	0.866513	0.724527	0.581736	
