c.1.8.1	-3.22917555170477	1.96294140032316	-0.228482816108968
c.1.8.1	-2.69657888632975	1.15220299734934	0.097607419053333
c.1.8.1	12.0102589374002	-0.729988804179324	-1.61042910903723
c.1.8.1	-0.59386953296388	2.09596976903588	-0.431533298339309
c.1.8.1	-1.02330324839816	1.21611811386364	-0.121374003498612
c.1.8.1	-0.166142531281893	1.07965482477286	-0.690627126797472
c.1.8.1	-1.74769057258243	1.67363507435185	0.512322080294448
c.1.8.1	1.04811170485645	-0.191385653969149	-1.46303355196226
c.1.8.1	-0.185235134283562	-1.91449540439558	-1.94845342558728
c.1.8.1	-4.4814681891524	-2.69139147081927	0.111231112126684
c.1.8.1	-2.17784031264473	-0.376363550996036	-1.69917378289852
c.1.8.1	-5.24649035373699	-1.54702620178582	-0.530612077391174
c.1.8.1	1.62331617581416	0.893031340087002	-0.333269218528445
c.1.8.1	0.182568479430743	0.68083866826089	0.735432324218094
c.1.8.1	-4.87424687583894	-0.0209230912621547	-1.21933635416555
c.1.8.1	-2.07259639292643	0.363353287775773	0.629551744082395
c.1.8.1	0.265360666829542	-0.0888927105007844	0.453825235140813
c.1.8.1	-0.563635521608301	1.13289042013237	-0.713253406643055
c.1.8.1	-1.3098886621003	1.56518407535152	0.638437686394558
c.1.8.1	-6.85284083875459	-2.14427853319544	-1.37456783602671
c.1.8.1	-1.07125008113425	-0.978567743186894	0.611087182468816
c.1.8.1	-0.546775957454825	0.893857588556877	0.873455966722947
c.1.8.1	1.00842658060467	0.755091309021995	-0.239013039112333
c.1.8.1	-2.46515056268563	1.00825041587403	0.391253004042576
c.1.8.1	2.22250729474077	-1.08965301254397	0.457075494618395
c.1.8.1	-0.793697877386781	-1.35497261156589	-0.349009376462063
c.1.8.1	-0.912532753295323	0.132866564257684	-0.334997508230509
c.1.8.1	-3.55047087920146	0.237551357151448	-0.224428558046823
c.1.8.1	0.513828876865993	0.0145419470088494	-0.63794152353881
c.1.8.1	-0.533176767571733	0.854559207506069	0.293396063162518
c.1.8.1	-0.908383240336016	0.239945461490115	-0.132027267329246
c.1.8.1	-0.638035682867768	1.24705073152955	-0.548541236096217
c.1.8.1	-1.52360182670814	0.665920446274	-0.112733538248192
c.1.8.1	3.63060798401574	-1.39027986256236	-1.19649937006554
c.1.8.1	-1.85939572557653	0.628135107335684	-1.33686897153428
c.1.8.1	0.533052364165173	0.738565945079087	-0.991947346487425
c.1.8.1	2.74328588579122	1.13302741280072	-0.687744864231271
c.1.8.1	-3.45689077117055	-1.6233097084617	-0.772314367490111
c.1.8.1	1.6065218763209	1.53479017062184	-0.471404978059698
c.1.8.1	3.72715636299442	0.726546963328308	-0.200247933437097
c.1.8.1	-0.905539296974394	0.211497646402363	-0.179919663477814
c.1.8.1	-3.25733014350365	-0.0808699030161546	-0.583107747588778
c.1.8.1	-1.59072190489788	-1.38956261894745	-0.589344069755037
c.1.8.1	-3.96176142403385	-0.653216608644894	0.375568178001069
c.1.8.1	-1.49631356080336	0.0299512514841978	-0.159680169135422
c.1.8.1	-0.353024430533593	-0.504736777441084	-0.412256981914467
c.1.8.1	-4.06525015843561	-1.71531765279027	-0.531798711620495
c.1.8.1	-0.125950723417534	0.797453843320402	-0.340846100241219
c.1.8.1	-1.13272953959569	-0.524672757257816	-0.284734972929807
c.1.8.1	-1.07342886882035	0.842971662154707	-0.182612036914614
c.1.8.1	-5.05616452136743	0.776021745903451	-0.337201228587501
c.1.8.1	-1.52782651674629	0.719420580896133	0.628677001837948
c.1.8.1	-0.315208391656513	1.03813885879953	-0.145740916336861
c.1.8.1	-1.17746002552368	1.53069959825904	0.24234144992264
c.1.8.1	-0.899668753234708	1.57187133143811	0.35753704053816
c.1.8.3	2.91348942154344	-0.159434902069963	-0.871092403084925
c.1.8.3	1.09300044197903	-1.04764467117335	1.0909947880462
c.1.8.3	3.64359725048088	0.590780200971214	-1.04812524735857
c.1.8.3	1.91712349479066	2.15832794144686	0.694362955847763
c.1.8.3	1.33496645867683	0.801683108346735	-0.825788914776241
c.1.8.3	1.05367225228123	2.22027876688759	-0.0191251814542234
c.1.8.3	-0.0218991563792333	-0.337415026366545	-0.367306732965729
c.1.8.3	2.50233890484556	-0.478935371763067	0.0136408269621126
c.1.8.3	1.23476176677564	-2.37356036092176	0.657064358581605
c.1.8.3	1.36705174558487	0.400403040746182	-0.285867080779072
c.1.8.3	0.756451950351907	0.560141722458679	0.355046359936049
c.1.8.3	3.93371730006477	-2.65796832329168	-1.56177890345629
c.1.8.3	1.37080021632968	-0.375430018460164	1.65137130825997
c.1.8.3	-1.49951092269219	0.553202639217448	0.141950778528893
c.1.8.3	0.272369165892814	0.400699017236747	0.606755663140129
c.1.8.3	0.36093341310855	-0.851651953014923	0.496836256801724
c.1.8.3	0.625389578398422	0.0471520912910157	1.11076465074722
c.1.8.3	3.75948537168236	-0.667492923470433	-0.000347427827806362
c.1.8.3	0.808041871914768	-1.23119352236489	0.367692084642384
c.1.8.3	4.29051264931527	1.27780785060537	-0.98414533310286
c.1.8.3	1.98460805079027	-0.215093830074432	0.226926152842381
c.1.8.3	-0.809962775118979	0.53910276728778	0.389641754129329
c.1.8.3	1.4402618771114	1.61348670410047	0.351323459335233
c.1.8.3	-0.320164162278876	0.417433672586855	-0.135735757114002
c.1.8.3	-0.990670671248906	-0.985205151896301	0.409935705173301
c.1.8.3	-0.341329787764047	0.243409062715311	0.085119031799027
c.1.8.3	1.15115124417172	0.419555781280417	0.922293273342515
c.1.8.3	1.47897804007512	0.00923573388860696	1.16022340775965
c.1.8.3	0.463891130140962	0.641488928709792	0.0221148662105333
c.1.8.3	0.194981550391488	-0.465559242125276	0.18889970160186
c.1.8.3	-0.723272958705655	0.0473696718843087	-0.109475995238402
c.1.8.3	-0.474641133952601	-1.23986376711134	1.33421021750593
c.1.8.3	-2.22837406545419	-0.0288057579637246	1.05076167918335
c.1.8.3	1.01593372645239	-1.65813765725014	1.71044357023351
c.1.8.3	0.913978623913846	-2.3649173589515	0.975482354087344
c.1.8.3	0.810616628920408	-1.65594172568348	0.079861927058262
c.1.8.3	0.544852185168253	-0.222162828576738	1.17029785421588
c.1.8.3	-0.019410430483805	-0.30980644928876	0.494208227629357
c.1.8.3	0.248298803351476	0.413370416860462	0.653029764593963
c.1.8.3	2.12925418275139	1.05908370854616	0.460460049850168
c.1.8.3	1.54162180950268	-1.1388176227854	1.00342104391139
c.1.8.3	1.16088065672712	-0.552696797792682	-0.0442142328335125
c.1.8.3	2.70723213675175	-2.30361829622759	0.532060492328759
c.1.8.3	-0.146665782675361	-1.04755629024984	0.403038099475247
c.1.8.3	0.864158971424879	1.33257889037839	-0.106609728486826
c.1.8.3	-0.380979238840568	0.260700363087835	-0.120274496259719
c.1.8.3	2.24905879412283	-0.975454762876006	-0.207877577215968
c.1.8.3	-0.447869401435718	-0.527282799037806	0.844016126073688
c.1.8.3	0.0629657916310096	0.622243198525207	0.324099117819191
c.1.8.3	-0.767363000024098	-0.446311493384383	0.0249511658030555
c.1.8.3	3.16998606915394	-0.405894861813853	1.01065711662002
c.1.8.3	0.765133048908956	-1.14997916729404	0.542922636010573
c.1.8.3	2.34030671098417	0.109655213945225	0.0691956870978279
