c.26.1	-1.97767386205562	-0.465650522291487	1.85593927307606	1.04996395361332	-1.40034779678819	-0.908973858031003	-0.898706775612284	-0.0314850457552902	0.553327795106632	-0.210726257144072	0.209965301406357	-0.187668344449231	-0.782113168268902	-1.37389338712161
c.26.1	-2.53557089324077	-1.40237942070857	1.65802270322501	0.609941350522768	0.378252303323669	-1.71853011980657	-0.387944093638836	-1.17891326753787	-1.52240202669986	-0.0510834338767657	-1.7089560384491	-0.757043839811111	0.0164943757252664	0.998123192783888
c.26.1	0.670355421738526	0.497504648989045	0.0587366297852709	-1.64703801204754	-0.0940990925759439	-0.35230802441574	-0.20121409520408	0.195273423936668	1.62503549116817	-0.271782790309471	-0.672912048252261	-1.39014448182746	0.682684621884349	1.43722075263114
c.26.1	-2.62296267920246	1.14869653356183	-0.610091436585475	0.492838445364094	0.51208192217514	0.14404876911537	1.13051052801595	0.730337645392234	1.06827555029935	-0.302692506180572	0.175735913532708	0.0521670667019903	-0.281918524427753	0.142294641366391
c.26.1	-0.249791563697138	-0.0644852362348907	2.9757466614136	-0.910759275001811	0.189618413693065	-0.534594816476108	-0.306576054737205	1.5932414110457	-0.00919362386672836	0.517654056959337	-1.30826460159467	-0.430198548571656	1.20592769144712	0.413172191718053
c.26.1	-1.00362688043521	0.936073576897437	1.99303597776562	0.797060435831958	-0.974558412442197	-0.855893588264493	-0.542552103119644	-1.01093247966638	-1.24894421115651	0.700589322211554	0.551758189006671	0.673004890187169	-0.148393143215716	0.65559365494172
c.26.1	-1.42403010197902	-0.498677397314962	-0.906032956752553	-1.26970380921732	-1.54722010319817	0.984904694925196	0.48463542725242	-0.915729881187967	0.0391565493910428	-0.161889814664949	-0.728758309455497	0.0940802141947162	2.07865035555554	-1.26326264330356
c.26.1	1.58100438539773	2.53851206165228	0.526320613812459	0.178484408837705	-0.678269522628919	0.803213394694902	0.376915160943134	0.66305356081798	-0.0342095482627439	-0.47718900280087	-0.288099456140778	0.80166393324414	0.78024825857002	0.127093438963748
c.26.1	0.716557625555052	1.74112159765862	-0.369790322533684	-1.46033463064769	0.106908279409302	-0.591548675198998	0.186587076432521	0.914201088510656	0.426585916893555	-0.0254215025197938	-1.11762185755732	0.777502203222944	0.748397804884706	0.244951659094946
c.26.1	1.3285035488332	1.46807645503828	0.473514479567785	-0.75306446639103	0.341863584471032	0.816769675429694	0.835796955366506	-1.63064009796458	-0.668520057637617	-0.244993241506354	0.630742816455685	-0.311621655244571	0.653354676502889	-0.721613542543611
c.26.1	0.290451025806299	1.87138807781121	0.0757028745520567	0.320491029232678	-0.0348117437611195	1.93936650803532	1.00241235690779	-2.49871967488817	-0.0292515628911887	-1.03272760694455	0.267191846719235	-1.85126360393294	0.557011468660608	0.00387438067063812
c.26.1	-2.62296267920246	1.14869653356183	-0.610091436585475	0.492838445364094	0.51208192217514	0.14404876911537	1.13051052801595	0.730337645392234	1.06827555029935	-0.302692506180572	0.175735913532708	0.0521670667019903	-0.281918524427753	0.142294641366391
c.26.1	2.63038933590508	1.66313615120702	0.39534598756389	1.17255744982422	-0.19885476381797	-0.46054196811034	-0.820507308370672	0.958333030013733	-0.521635323901584	-1.43185352367247	1.31336060658855	-0.0713926282803534	0.366838972529011	0.138036748266893
c.26.1	0.45188990083433	3.18535419929137	1.64788486940827	1.1737958693589	-0.0427214135932788	-0.00458007167956362	0.8175668188757	-3.30483082595599	0.0203935836878926	0.610804985494442	0.232241331473143	-0.734799620896606	-0.336637702061329	-0.722194961487824
c.26.1	1.23618974207876	1.93123559712788	-0.181790212646673	-0.857848350410679	-1.00253746582749	0.432663607859092	1.16222005522337	-0.927284923148675	-1.49099302197208	-1.06478926429807	0.718295896852155	-0.591338081828827	0.742428660980599	0.62431592239284
c.26.1	-0.476420038747811	-0.224942627582208	-0.284544749992078	1.67987818309123	1.00421524445471	-0.210760194152458	-0.555528552690607	1.08806948684197	-0.436147625157816	-0.226338514237513	-1.29670074063352	0.627562695714988	0.4082427385178	-0.0502978584739035
c.26.1	0.554896595118345	-1.07938686054577	-0.861805502600886	0.354671772479796	-1.04642096329582	-0.904930404962505	-0.121409313162721	0.320704204817245	0.486689242933271	-1.65095405985175	0.224665785310977	-0.861597132046029	0.0233444090751799	0.304445440111794
c.26.1	0.791241009558755	2.58048257039735	2.34041973923138	0.257205676963744	0.789549430325392	1.65389452930177	0.626788532803854	-0.208218676531335	-0.743889157627641	1.44262620954868	0.293331369281124	0.421812682886171	0.464481797896331	0.0185718718853986
c.26.1	-0.882063242879504	2.16790481094027	0.123392449711301	-0.916275116414151	0.388303824375938	1.61515525210897	1.14526122417947	-1.18432712256965	-0.562773876691305	-0.0701684796813482	-0.559719817008446	-0.717797764437856	-0.571037956226746	-0.0314756629404346
c.26.1	1.9917449722677	1.77354115579265	0.0189378562288936	0.514236745279186	0.438997470345472	-0.633150803015883	-0.634007610244005	0.875005873206588	0.449932265603479	-1.02978008203285	0.432260498325409	1.23730124010422	-0.84657196059392	-0.98105810651425
c.26.1	-0.267358208627095	2.29217686690025	3.21292633190827	-0.412839947433625	-0.770207410356171	0.699907645589554	0.388162896048085	-0.627949300340859	0.524842847605582	-0.87910465112485	-1.8887588863693	-0.0427774138851396	-0.813669952765836	0.0504839869678406
c.26.1	1.61517099326353	2.69224296181704	0.595062535754354	0.128848085635113	-0.855982846209619	0.818483511131198	0.212783349617474	0.634946880511522	0.135663816615919	-0.371941353185255	-0.421612575678285	0.670026147173844	0.646192836190283	0.276995773807939
c.26.1	-0.779756270809861	-0.61053731645371	2.86643602467959	1.16035700834571	-0.155418910809579	-1.38986654312116	-0.199592303963337	0.767768567956156	0.759983147570527	-1.08993188246065	0.401361668534682	0.394710913859876	-1.09689918967129	0.586390475383827
c.26.1	-0.0431298101052462	0.803384518480459	-0.2098856986106	-1.65731186496365	-2.54579353969371	-1.918204735135	0.936502681249694	-0.0821124920356043	-0.0577136921872578	0.603869733249621	0.392195595097086	0.256687388897558	-0.558163292774022	0.154992346982034
c.26.1	-1.7374291750286	-0.057430617312289	-0.780083353796628	1.98256312662879	-0.790233186881145	-0.545490646064438	-1.62147849488015	0.28890274279376	0.741837254903115	0.528467915638031	-0.737071506727805	-0.717463724644429	0.599085880262212	-0.140075475036692
c.26.1	-0.207712169803259	2.01633323190191	-1.09358760835898	0.573749909496632	2.9597400021037	-1.44573566909382	-0.675236219680148	-0.514651911176165	-0.825519018532884	-0.306949740749014	0.714226771085186	1.21645418745022	1.30911007950989	1.17065220995792
c.26.1	-1.09660203666307	0.195907066458802	1.96689673130729	-1.21402100033717	0.021533884664778	-0.09855117336836	-1.75058223756524	-0.34436988191169	-0.802554842409952	-0.152355713347409	1.63449573768263	0.50567461860015	0.574763219880217	0.786484584613363
c.26.1	-0.846130947136115	-0.996247384095468	0.572513605646126	0.365234238390559	2.12401861970031	-0.0187771659781796	0.892295584936574	-0.716903057306611	1.12832831678057	-0.0967572045137253	-0.246361305214994	0.741387018293328	0.249855080835668	-0.667906373246754
c.26.1	-1.87221973294297	1.151995613491	-0.255472468019271	-0.93039959376559	-1.48327668278964	-1.07101460049291	0.862507697698442	-0.776875985485703	1.36037220190543	0.570955460716713	0.55078739001301	-0.0176117496875774	-1.32582450110462	-0.267364093997845
c.26.1	-2.49375264130793	-0.315224936413281	0.538823518668505	-2.57483982155909	1.27477840504335	0.750687366361593	-1.13177197313305	-0.319575920649606	-2.81327306708915	0.653471337298375	-0.76554195038616	0.612980854525256	0.507457637653575	-0.23515717570388
c.26.1	1.68983783005367	2.13986918114857	-0.672488110542419	-1.56237382876867	-0.39773060519751	-0.584830200033119	0.0699981734189394	0.398081480647614	0.796273175141719	0.816813393104194	-0.721472116716351	0.968362908931043	0.0103977842914084	0.21049719453613
c.26.1	1.40311249574951	-1.07305606034212	0.939103578340782	-2.25317981305612	-1.52067376173661	1.76114379460641	-1.30628509686216	1.57740502638899	0.840063748486487	1.13521182516288	-0.0627999678611819	-1.04950057676459	0.795817980029197	0.0769969635737542
c.26.1	0.156334084210219	-0.845183387713821	1.56814819815695	1.13082944556288	0.566438304268387	0.37184089483087	-0.768213739294245	-0.234225492951157	-0.757482514064365	-1.24481382687593	1.76770979375866	1.30518190338667	-0.660447946874266	0.179558849846505
c.26.1	-0.605047944338306	0.115122253903976	-1.3465494082132	-1.31185263804004	1.81309728304669	-2.25912330247096	-0.0663044707473349	-1.14104533571303	0.0347494097699458	0.148186134877337	-0.850788210330074	0.141885982342379	-0.554971692132817	0.606188973265867
c.26.1	-2.64577906020474	1.19611693225187	-0.534725792437665	0.478060599255978	0.523848742243988	0.15914086845147	1.05156745211534	0.691158302800234	1.12411091268205	-0.327096308375048	0.147029450276668	0.0101984256315253	-0.383556608531029	0.15689434419208
c.26.1	0.594592100692739	1.70025783088791	-2.53411593962711	-0.0352684480903851	1.159315482063	-0.429364988214754	-1.91463270747422	-0.427515795125071	-0.00760885562909228	-0.26900568235015	-2.61574125499518	-0.541632145531781	-0.877788316991771	0.373352902916338
c.26.1	-2.62296267920246	1.14869653356183	-0.610091436585475	0.492838445364094	0.51208192217514	0.14404876911537	1.13051052801595	0.730337645392234	1.06827555029935	-0.302692506180572	0.175735913532708	0.0521670667019903	-0.281918524427753	0.142294641366391
c.26.1	-0.615370509217932	-1.80772274423153	-0.08678447887683	-1.2990336465468	1.83253610085441	1.77287748705001	-0.502475287880171	1.22764947251785	0.715031727359158	1.07518271543854	0.0734864742080364	-0.721769307581864	0.357216468212104	-0.538270815360063
c.26.1	2.21391569163491	-0.877880011967056	-0.693578529053943	-0.526184830484174	1.13861376935174	-0.324587832574982	-1.31774756677796	0.384896868709542	0.567781023364135	1.42717202351004	1.15851789941933	0.476447036299903	0.181355770455724	-0.585849547951785
c.26.1	-2.52433826185768	-0.356028887035333	-0.233795569831384	-1.83078106281294	-1.15101127876978	2.06471511628689	-1.36619569474742	-1.89442418049505	0.411141397624135	0.64606870421522	0.663094784537269	0.364064338613644	-0.0896154547512726	-1.4287871216938
c.26.1	-2.33942022579396	0.659650141372645	-0.582345871107349	-0.933346187418349	1.00135993721254	-2.60360564214156	-0.806749064018356	-0.660063554230682	1.26486730624806	1.92448203296677	-0.0112630861763505	-0.679799402895285	-0.429144049594821	0.280152354906371
c.26.1	0.287524824927429	-0.595893884475583	-1.22970946056618	-2.67043177210774	1.07705955501105	-3.10371395098499	-0.206090038994697	-0.581248607607394	-0.0973648928673771	0.587552475646398	1.49104286438205	-0.0589304789718995	-0.293340114534515	-1.89985295216266
c.26.1	-2.65546712753599	1.16991826045767	-0.551698431605697	0.506543512827897	0.631363129277756	0.136123653809573	1.16912073965904	0.767032587272552	1.17226910778143	-0.207813563311845	0.247401937108338	0.122629305637366	-0.262792596594048	0.0525528624589205
c.26.1	-2.5291121838438	1.20341724455734	-0.572105413320366	0.55099458146643	0.478460468233007	0.162199677351725	1.10120366464728	0.767752975089184	1.10509891591394	-0.139842299827289	0.172718721808207	0.0272121774051588	-0.254004221189288	0.139538108823846
c.26.1	-2.60093623961775	1.17241794249014	-0.711666893300008	0.537830135004853	0.50454842741985	0.1527778270679	1.19700040054453	0.716223493479522	1.00935629971008	-0.25127591401524	0.285947787155745	0.0899893696818642	-0.183264788416145	0.110655446724303
c.26.1	-3.02163982442433	-0.560036124639552	-2.0773943446074	0.133061769313106	-0.86351020133479	1.01438907991013	-0.834149136546677	1.35468957061683	-1.81687223929713	-0.92650072218563	-0.529230457814744	0.272321459232902	-0.453054442118575	-0.398732115328917
c.26.1	0.795712249575855	1.68361152650979	-0.384766818007903	-1.4126495898066	0.0240817030557482	-0.633281868115902	0.0957725173896617	0.914606466726675	0.368921860828729	0.0257334912859224	-1.21608691877669	0.596787702373393	0.740335376989016	0.246510424021127
c.26.1	-0.624566240317385	0.949438768804286	0.485422263957566	-1.74846447888495	-0.0945963879258051	-0.624077227836906	-0.902579684113061	1.07891674627327	-1.69977525662237	1.94558004743695	0.310437542836809	-0.834957698579356	-1.47403537538502	0.601309241612822
c.26.1	-2.3916130482592	1.25716109256262	2.6670383891704	-0.607122217848319	0.0927795500714267	0.562223337256192	0.479226794462629	-1.06521445377203	-0.606208343166974	-0.467939833689712	-1.12455219569103	0.554674967471622	0.539665735833229	-0.854674869015455
c.26.1	1.42240116283886	-1.19261770347704	-1.88188506736753	-1.6594378172733	-1.52793678516579	-0.382527497014849	1.05783306791934	0.0359188089701496	0.218834738034814	0.958394970076753	1.70729737288186	-1.22818043504992	0.216390599929682	-0.199350348476514
c.26.1	-3.21857024557066	-0.171977710291598	-1.59689415232089	-0.429622141543427	-1.27738577369811	0.128146079350031	-0.89886416521222	1.05319648982181	-1.33975141879469	-0.574492482819202	0.462941447886456	-0.139371661485075	-0.570948281047557	-0.298083966436154
c.26.1	2.91778420102648	2.29259563404339	-0.482797899983304	-1.27663846690605	0.0771885047248033	0.0127232579881253	0.366440390192627	1.88103707880413	-1.62091702527987	0.344398789231578	-0.142719916357698	-0.929245928859224	-1.0130789669667	0.466707277752863
c.26.1	4.75186958233366	1.91247520144355	-0.412985475468393	-0.465642051816633	-0.677111020272287	0.939586235691996	-0.828108321519027	0.996474511347776	0.349390717245267	-0.233772380210874	0.722238291733672	-0.149604528927533	0.026315245003878	-0.345755786144219
c.26.1	1.05393423290579	-2.51200041643086	1.79419262629029	-0.564169153861386	0.549664432197238	0.209945333903485	-0.404590248253411	-0.514322934754925	-0.265967023007869	-0.827370643500523	1.17645525274256	-0.24150052027688	-0.340571806818411	0.892664374352581
c.26.1	0.827571198060673	1.89613146353656	-0.295826075686113	-0.651590622717132	-0.914880614877124	-1.63194283163223	0.493193290666646	-1.48484867406049	-0.741415343336152	0.131092322925775	1.6522676941484	1.01078305376514	0.0200131309324645	0.327093024887482
c.26.1	-3.2696018031632	-0.339175844446316	-1.72135530989776	-0.349594143077189	-1.51179454222986	0.0756364442829665	-0.775485343040812	0.95411696048987	-1.20608168342585	-0.698138785107029	0.406748345195708	-0.079567362441022	-0.46131297961499	-0.245801398925593
c.26.1	-3.09972390379521	-0.574242402141178	-2.07379343102193	0.046137485122602	-0.87501094455372	1.09693851950202	-0.908336422426793	1.39026327841954	-1.82349017870142	-0.917015322675028	-0.467590523132192	0.222936235851028	-0.411874388913664	-0.442166218035092
c.26.1	0.494112137827649	3.03688834897136	0.69927481385214	0.58542868014575	-0.86820611245515	1.09564840711757	0.0680617441024127	0.185813929004853	-0.0790287684070182	-0.00244808818375934	0.111997769297541	1.32991386348091	-0.353752376642341	0.493766736796593
c.26.1	-2.52435672951793	1.18159622387248	-0.564529954371743	0.428151859974201	0.425438371035785	0.0623558726161246	0.98745934332301	0.786637322609519	1.11627359614305	-0.355625415318436	0.105328794028018	0.162575786645866	-0.147106138441785	0.026850753155281
c.26.1	-0.438419987790001	0.267134881082099	-0.645572790522452	2.58413338033166	-0.809884101915133	-0.279090080768	-0.333725817279561	0.631837612478021	-0.318500588737168	0.36913429088339	0.249541413300974	-0.7445723856864	1.48921747235753	-0.843837781691983
c.26.1	3.9636593141577	0.0392168038927371	-3.09251740515613	0.306980528955664	-1.66544386635041	0.0483464214499016	-0.249883993096266	0.290213077577195	0.271736566659356	-0.373996417752018	0.416601898152963	1.01881638858933	-0.527025220982053	0.443574952349777
c.26.1	-0.373226416089783	0.405948102673859	-0.612277505934297	2.66321948846368	-0.832424669166684	-0.253813710923782	-0.337268165291273	0.574192808634906	-0.34102245151955	0.461836590703193	0.310500005704712	-0.609350524052227	1.37534736548936	-0.824358085174782
c.26.2	-0.662460466501201	-0.12762516045574	-0.36909278467423	-0.469847121964451	-0.223325455227223	-0.186680025646064	-0.0280979279832153	-0.653308018532791	-0.220666857553823	-0.472059975375654	0.773367716214186	0.411241796771552	-0.779753858990709	-0.37259178075917
c.26.2	3.18830985711247	-3.41325424487224	-1.94025870523636	0.953638483557121	-1.13731020120928	0.140498077878805	2.08365851708942	-0.792995517949775	-0.849490885006568	0.85063895014515	-0.319405710886266	1.68079685044216	-1.17119214037538	-1.08107644067495
c.26.2	2.20028085204562	-2.99324642415849	0.120336049143403	1.02760166122805	-1.38351204764484	-0.916502034521556	0.934254664090858	-0.235222691699768	-0.0381468188102215	-0.880689683608183	-0.846938412433206	0.434865832202999	-0.325606336976231	-0.720265572475161
c.26.2	-0.25630469494826	-3.49831605041004	-2.44791839961257	0.879647600068566	1.69960611945145	1.0129862546349	1.87562430975899	0.00664466185078281	-1.43996847384254	1.36061896379729	0.512963334500397	-0.0736077846579256	0.553409900756589	0.333927795803415
c.26.2	2.09044950712717	-1.96681261936635	-0.430889303670441	1.36489535608491	-0.264953113592499	-0.42831463080008	1.51952126518149	0.360008101382921	-1.52465388793624	-1.33730109078806	-0.0619633923722794	-0.817938865915951	0.337822889399292	0.829250900623703
c.26.2	1.4359709351519	-1.21885860341786	0.735723090357896	-0.122779078317965	-1.21601901894579	-0.064050221596516	-0.48173211950567	-0.585607528664257	0.212949543954328	-1.21758547193572	-0.175553573916055	-1.24501008391721	-1.20011322294691	0.756184127007343
c.26.2	2.01705700057756	-0.0250412726285525	1.91456016832551	1.02146293366974	-1.07304756044142	-0.962916559614697	0.0572796231102	0.27266913968857	-0.71834494609851	1.71823511329914	-1.59591421869657	-0.332140979477094	0.0616335703775995	-0.559295719025201
c.26.2	2.92267875939674	0.422892763758118	-2.72541954063602	-0.260724753200993	-0.770308334842272	-0.0500122519242422	0.937008768932167	0.0997473506796181	0.581672717009411	-1.75265886459771	-0.0243582101928738	0.0374843736937785	0.708506522058627	0.141085449325331
c.26.2	-1.24143807838868	-3.8782853497315	-1.4257104148066	-1.73951697484323	-0.232490498752156	-1.45869352168893	-1.44284849216573	-2.28490988968292	1.43074620758248	-1.68074548308353	0.0162694065899426	-0.27275054316274	0.724164103662447	1.4632087463817
c.26.2	-0.204291307121248	0.779849250789304	-0.901115481153291	2.36122572125749	-2.33713580939775	-0.327980765261937	0.6701030296442	-0.619995367466283	0.789006994850297	2.97065934376037	0.0250127622717132	-0.2927767938324	0.33219551967942	1.03735071874177
c.26.2	0.0775479410769741	-0.956432689953715	-1.1775616412048	2.11010146945375	-1.79214703431788	-0.329566403673739	-1.90849880959561	-0.792561972524249	-1.23735398979755	-0.255644934445371	-0.363247981945756	-0.678598899163724	0.930402245978587	0.0122888255537096
c.26.2	-1.17778848714096	-4.16668923940969	5.12913054604176	0.181515227855634	1.15543888235696	-2.45512508770766	1.67654262611622	1.11479519863033	-0.568344734954714	-0.620871036981803	-0.25799378787505	-0.00836296587516319	0.18457918415118	-0.6651672429445
c.26.2	2.12865953625922	0.507520792756582	-3.51560659290612	1.21042567052074	3.418839301278	0.0111885509273141	-1.35518214307178	-1.0605615103635	0.4040499855881	-0.543227125566136	0.0923656500841068	-1.76808990515494	0.399128425785441	-1.3357066345368
c.26.2	-1.37359714331927	-0.313995836843979	-1.79815149622802	0.653735499193818	1.3642893406088	0.810266394286444	-1.92625060529214	0.0752858051006608	1.27513058090417	0.384421269331181	0.561054501842239	0.804931563157585	0.395504522217559	0.282019708692618
c.26.2	1.1959052228836	-1.65835861042354	3.09435262246091	1.0211816620173	1.99292194996636	2.19027223407754	1.03985647773098	0.15635189477382	0.218610029358786	0.434941841138033	0.750815871657126	-0.20685284744935	0.209575323993935	0.754855905309531
c.26.2	0.193013484718043	-0.131153826020014	0.444129063078818	1.56404053109551	1.55150827500926	0.365740323050383	-1.06391868646171	-1.24320083625958	1.15229719925798	-0.55778280468633	-0.123347758887088	1.16006716983927	0.426871242237365	-0.160557412320632
c.26.2	2.38972077016248	-3.37722612559208	-1.30976987147544	-0.733978481216753	0.117473895741074	0.373215959609538	1.09713485747394	-0.0602753270667112	1.37631044413635	0.371958195339434	-1.48722829282949	1.77987594418474	-0.334597901892191	0.240213389105092
c.26.2	1.01987692393536	-1.51853601408338	3.21080445832803	-0.708421549250489	-1.0805696152843	0.810279566774529	-1.23670689180858	0.124514393074507	1.30620324490568	0.0804276992992989	0.394752208874101	-0.650465450888189	0.281311815360746	1.54610238861302
c.26.2	0.397474929708715	-1.50290585381082	1.49707035333529	1.70489780944726	-0.711457297436471	0.477645266626887	-0.0837961023277702	-0.346057503246894	-0.631059390660032	1.68057911139955	-0.204771616564447	0.916649223243827	-0.589328557827374	0.337704425907623
c.26.2	-0.442209025408356	-0.707461057708535	-1.05797139265196	2.12244200310531	-0.0283762873396138	-0.183396315829519	-0.844879470772107	0.16210123018695	-0.174972540234606	0.642701056608577	-0.576033540892119	-0.0429173903695252	0.0645586833580769	0.105801793924426
c.26.2	0.144772390517399	-0.247441570968017	2.58208691308329	-0.363150071551339	1.06574893527852	0.277695018366208	-0.0785151654783631	1.96606145093225	1.03809586952129	-0.536677297633923	1.23954835017366	-1.71430323150267	-0.468759640643003	-1.69045036151708
c.26.2	-1.42362490479656	-1.66720306239209	0.409543159045598	0.651841976873076	0.572209866036046	1.50065451619986	-0.874309113850202	0.166708863252435	-0.224705881289871	-0.141254620782493	1.86709646386528	0.464386458707838	-0.678905132502036	1.06715866421086
c.26.2	-0.83421254421183	0.209312424530953	0.73771884635416	-1.08581450044484	0.861936700717109	0.300140179043204	-0.74609644360291	-0.304602972715054	-0.5485647161148	-0.474152321361565	-1.23288711858716	0.435165082351044	-0.610154353586895	-1.10145840559874
c.26.2	-0.360666144691729	-1.27468768116761	0.244576459121929	-0.529457239514485	0.0590396718568759	-2.36410230913458	1.85593471433079	1.11504731848327	-0.459417380644138	0.838112442069244	0.959493068359771	0.532679376596475	2.65388971957539	-0.0494056316245563
c.26.2	0.894330005287952	-1.33176490586168	3.26318506431407	1.50204920463046	-0.504905779438862	1.2610825137134	-1.32623145372115	-0.785290408509263	0.979717447104064	0.729575727744555	-0.0494045912191853	0.0699398737196468	-0.458497201694233	-0.533113746082666
c.26.2	-1.3533355227472	-1.96434430269076	-1.05956299751112	-1.68488259526059	1.46528852132959	1.91680582904023	2.80058664781571	0.0588954959970881	-1.41744377633976	-0.153013608307674	-0.187427007879561	-1.14031985958874	-0.597565919576097	0.581065488965544
c.26.2	5.1259578398339	0.634589445753554	0.723585333901392	-0.651737575811248	2.71989307079453	-0.560371171117634	-0.390528737189028	-0.104554055273066	-1.22790030666642	-0.744192301934612	-0.6897681924714	0.562238494306994	-0.31095714440658	-0.0627372695584389
c.26.2	-0.595688208597953	-0.8556758008081	-3.2305775845867	2.0497057477067	1.02199219072178	0.980267741721776	0.417632534739762	-0.537128972661813	-0.207548987253516	1.54967503556609	-0.269755653630109	-0.572774927396056	-1.2229932364367	1.18835783543704
c.26.2	6.00179244576237	-0.3185005469726	0.226904735971702	0.781200499819854	1.26741414031044	-0.558425111040506	-0.287047402388827	0.610723824144009	0.179397223380665	0.70739856766289	-0.339022416572041	-1.49127508817808	-1.20900702820452	-0.552612226751128
c.26.2	-0.0341922523926149	-2.37925467196682	0.154167088757798	-0.0925469006030939	-1.70389223384035	-0.34030332400867	0.975524192009258	-0.553423313652101	0.785273763262018	-1.27624358703153	-1.12241463754083	-0.594423778508913	0.150092669266322	-0.651823922281467
c.26.2	1.34460008076041	-3.67174425673092	-0.781679166445941	-2.27585946240557	-0.715615041931934	2.75716269638809	-0.750075543255881	-0.202057344395922	1.4247539772733	0.27084138603898	-0.516073562715429	1.44085780866731	0.243894048622145	0.116359147869354
