c.26.1	-0.865893151400871	-1.51325210644484	0.68617000316713
c.26.1	0.622708669063218	3.35227732392947	-1.69966790544787
c.26.1	-0.180827831842535	1.54363845375524	-1.42746770196597
c.26.1	-0.950583308882019	-1.14638386935769	-0.442590260915341
c.26.1	0.00537974608809122	1.62350378650511	-1.60608407939875
c.26.1	0.859967426173496	-0.182463441520716	2.58687754345905
c.26.1	-0.0358787703341585	-0.782886710262624	1.2005844840471
c.26.1	-0.816081711159708	-0.886093122067227	-0.532479704958005
c.26.1	-0.281174387458392	0.0245547816265343	-0.227679246247727
c.26.1	0.78596607630175	0.0602603450961698	2.44410899582058
c.26.1	0.356374052601618	-0.868695313877885	1.79620549056878
c.26.1	17.9061027228153	-3.01522954933491	-2.21671153867733
c.26.1	-1.10265521836487	-0.982592298833298	-1.18873614214177
c.26.1	-0.106567168938952	-0.0858021580464428	-0.049999018550615
c.26.1	0.0607022860937092	-0.908421840527716	-0.0622987779795325
c.26.1	-1.08379297559357	-1.06533965650567	-0.180278549647046
c.26.1	-0.712750464441468	-0.630109619874105	-1.22095647282649
c.26.1	0.611863669929964	0.243562888896984	1.47028141676612
c.26.1	-0.00846426383239679	-0.994147453118766	1.1124165053613
c.26.1	-0.928371234903055	-1.40913056187528	-0.117902561768435
c.26.1	-0.839509767464997	-0.958961649040013	-0.615727811570231
c.26.1	-0.837183392815616	-1.01987279727391	-0.0843575448332995
c.26.1	-0.89499501284171	-0.807620364579139	-0.644001980747658
c.26.1	-0.366178832893699	-0.134247326019636	0.0267000169280475
c.26.1	-1.0273549019804	-0.878255141468664	-0.733590623395512
c.26.1	-0.279385073547881	0.186530606609297	-0.747618204072486
c.26.1	0.288344987014844	0.642040572721308	0.145594318937474
c.26.1	-0.575487605219808	-0.0839165611583412	-0.705588677821742
c.26.1	-0.710727356033505	-0.892302739736515	-0.480673939739369
c.26.1	0.149653716800044	1.46437588615293	-0.506186802888705
c.26.1	-0.112186512421098	-0.195088834586782	0.0868334700406879
c.26.1	0.148957898685136	1.65940088873578	-0.715132300471938
c.26.1	-1.01909081144811	-1.13959968396614	-0.224382059822576
c.26.1	-0.182364260602596	0.0182166308354458	-0.17752239620056
c.26.1	-0.496057272901126	-1.45552874799275	0.452849937766499
c.26.1	-0.571920050596704	-0.70910938941878	-0.350905867547965
c.26.1	-1.03649750574362	-1.09851618813888	-0.694392489635488
c.26.1	0.320910579459505	1.29061744775402	0.168477239587711
c.26.1	0.259873234087968	1.76868984732176	-0.969471226704681
c.26.1	0.540420075961497	-0.35333433851407	1.67159124525837
c.26.1	1.21547517192825	1.87888828277291	1.59007343691056
c.26.1	-0.000473451509025974	1.78703475668348	-1.3332070262398
c.26.1	-0.87767243836126	-1.12236308113427	-0.58413275157551
c.26.1	-0.82933953411857	-1.18365319971694	-0.455600456651851
c.26.1	-0.877876282398065	-1.10648573400944	-0.703646928505106
c.26.1	-1.26385098740316	-1.19327326574648	-1.17537907533678
c.26.1	-0.165418690267739	-0.148856299631927	0.0563299635080617
c.26.1	1.22190670992289	1.92060534279118	1.86859416006521
c.26.1	0.493920189009134	-0.547304840891144	1.67127381182358
c.26.1	0.130362019387543	1.83428045178135	-1.067320378001
c.26.1	-1.04227576470898	-1.2083578209032	-1.07683571153983
c.26.1	-0.343195902538775	0.160847900125772	-0.679163676129077
c.26.1	-0.76642339557199	-0.436509475851472	-1.49930865479631
c.26.1	0.147950201273119	1.77192371165362	-0.832700471324403
c.26.1	-0.384671140090462	-0.314277275683337	-0.0470142684508549
c.26.1	-1.32309141906675	-1.03828035127149	-1.31885077503557
c.26.1	-1.29241062370757	-1.21170156572705	-1.17468518617051
c.26.1	-1.15713711492823	-1.01344207119157	-1.22456839103028
c.26.1	-0.898102843126081	-1.14357860345733	-0.708893371320356
c.26.1	-1.09935786453954	-0.846733388310211	-0.380100764904439
c.26.1	-0.532196920971735	-0.845917674358464	-0.501816103198137
c.26.1	-1.05663085392424	-0.847520278053989	-0.50281357225648
c.26.2	-1.02343208094178	-0.947690706341586	-0.360908087065924
c.26.2	0.645827733325344	0.202690109085087	0.984669758051158
c.26.2	0.593850241415492	-1.19460918007714	2.32972258348515
c.26.2	0.658454926549467	0.165649391024304	1.34674649758312
c.26.2	0.498196245935956	-1.15597911192159	1.9411291608294
c.26.2	0.0897878774919509	0.968441537486265	-0.203253787001595
c.26.2	-0.0148226659971603	1.28705256914643	0.16416273543082
c.26.2	-0.825989744135297	-0.841375267432267	-0.286386151053223
c.26.2	0.596949562771665	2.42962059003209	-0.646842815685726
c.26.2	0.113560683230994	0.534694288476883	0.914501074018958
c.26.2	-0.749300204766303	-0.83413117006058	0.353937946030684
c.26.2	0.562846206378031	2.12314747398755	0.363471854681045
c.26.2	-0.294467661733055	-0.280040551488262	0.624878413835026
c.26.2	-0.655216275218087	-1.12518891182423	0.609874752888049
c.26.2	0.705095819179616	2.51401549425471	-0.450239795976549
c.26.2	-0.557143953143086	0.481224607160254	-1.53137204668955
c.26.2	1.80083668703781	2.25441581738936	2.23236979078665
c.26.2	0.736305844625779	2.6629904577762	0.170500095480389
c.26.2	-0.00965513694635996	1.22358537797962	0.344564888840621
c.26.2	-0.582497685716933	-0.84941028496187	1.10914839406993
c.26.2	-0.892410193415099	0.390081457303568	-1.04504327517525
c.26.2	-0.617761817174492	-0.581324732900443	0.486875795792298
c.26.2	0.522695667668898	-0.35353712145886	1.99416415751926
c.26.2	-0.354412508468512	0.2526177833928	-0.014870566504343
c.26.2	-0.0699030467347823	-0.126719789122622	0.0532547214553947
c.26.2	0.458267862484893	1.57335969611021	0.356166746999132
c.26.2	1.08859446460128	2.29490348668314	0.643274654004145
c.26.2	-0.392995952688173	-0.0217054210210082	0.126857969220322
c.26.2	0.841985090637241	3.19213204331476	-0.466299964460661
c.26.2	0.276267187807689	-1.00604467299925	1.52047778770943
c.26.2	0.65575146423498	-0.058958775262819	1.187946119329
