c.26.1	3.817301	3.238046	4.489663	3.735200	2.523746	4.186730	3.527243	2.920645
c.26.1	3.327972	2.763428	3.943939	3.212720	1.991226	3.674861	3.036230	2.392697
c.26.1	3.493040	2.910091	4.143140	3.440594	2.269513	3.854488	3.190612	2.571709
c.26.1	3.822364	3.215638	4.502727	3.767453	2.564666	4.190556	3.508530	2.864511
c.26.1	3.474071	2.879669	4.118397	3.427973	2.260071	3.820661	3.156852	2.530200
c.26.1	3.405517	2.927370	3.995811	3.199481	2.025306	3.734160	3.142702	2.646404
c.26.1	3.560982	3.008600	4.173565	3.462697	2.287802	3.898725	3.258398	2.654177
c.26.1	3.746479	3.158664	4.402657	3.660391	2.424882	4.101059	3.435685	2.804139
c.26.1	3.584783	2.992111	4.234315	3.514282	2.357935	3.922933	3.248954	2.635484
c.26.1	3.373647	2.892651	3.948217	3.149835	1.939519	3.696618	3.130655	2.582063
c.26.1	3.520745	2.967080	4.118893	3.350054	2.301030	3.828918	3.215638	2.579784
c.26.1	2.534026	0.000000	2.547775	0.845098	0.000000	0.000000	0.000000	0.000000
c.26.1	3.836261	3.235276	4.510813	3.790356	2.571709	4.202325	3.513750	2.902003
c.26.1	3.495128	2.986324	4.074268	3.298416	2.143015	3.819017	3.223496	2.659916
c.26.1	3.546789	2.993877	4.114110	3.361917	2.287802	3.834675	3.213518	2.587711
c.26.1	3.821710	3.240300	4.505570	3.749736	2.506505	4.205773	3.543571	2.926857
c.26.1	3.684127	3.106871	4.317813	3.571942	2.363612	4.019656	3.367542	2.756636
c.26.1	3.371806	2.921166	3.925776	3.134814	1.857332	3.692494	3.142702	2.638489
c.26.1	3.581722	3.022428	4.197308	3.456670	2.334454	3.910144	3.271842	2.656098
c.26.1	3.837778	3.246991	4.504946	3.761326	2.545307	4.194598	3.533264	2.903633
c.26.1	3.778368	3.163758	4.452553	3.747334	2.540329	4.138018	3.459995	2.797268
c.26.1	3.766710	3.167317	4.436369	3.711048	2.484300	4.137164	3.456973	2.810904
c.26.1	3.761025	3.174060	4.433690	3.682957	2.416641	4.123460	3.456821	2.846337
c.26.1	3.601625	3.011147	4.253386	3.510411	2.294466	3.955303	3.294246	2.655138
c.26.1	3.776992	3.194792	4.440516	3.714330	2.456366	4.137132	3.462548	2.870989
c.26.1	3.562769	2.970347	4.199728	3.472318	2.220108	3.904120	3.238799	2.603144
c.26.1	3.492481	2.902547	4.134528	3.391641	2.214844	3.841860	3.176959	2.542825
c.26.1	3.612254	3.039811	4.259331	3.511349	2.271842	3.960423	3.307496	2.700704
c.26.1	3.752048	3.132260	4.420154	3.708761	2.491362	4.100543	3.414137	2.755112
c.26.1	3.409595	2.851258	4.025961	3.282169	2.049218	3.748576	3.105169	2.491362
c.26.1	3.539578	2.960471	4.161338	3.412964	2.294466	3.859078	3.192567	2.599883
c.26.1	3.427161	2.854306	4.057210	3.341237	2.127105	3.776701	3.132260	2.489958
c.26.1	3.809627	3.221936	4.485579	3.759894	2.527630	4.182186	3.508126	2.903090
c.26.1	3.566084	2.979548	4.212081	3.485153	2.276462	3.911584	3.249932	2.633468
c.26.1	3.749814	3.158061	4.397558	3.654465	2.488551	4.082498	3.422754	2.806180
c.26.1	3.712734	3.103119	4.380048	3.650502	2.436163	4.064870	3.391993	2.735599
c.26.1	3.834039	3.225568	4.517829	3.784546	2.589950	4.204256	3.533009	2.875640
c.26.1	3.411788	2.846337	4.037984	3.285107	2.071882	3.748266	3.088490	2.501059
c.26.1	3.408918	2.842609	4.038262	3.278525	2.075547	3.744058	3.083503	2.503791
c.26.1	3.484869	2.949878	4.091843	3.331427	2.193125	3.812980	3.202216	2.607455
c.26.1	3.269046	2.784617	3.855337	3.097951	1.903090	3.615003	3.031004	2.484300
c.26.1	3.430398	2.860937	4.064870	3.326950	2.086360	3.775100	3.119915	2.523746
c.26.1	3.803662	3.202216	4.471292	3.733679	2.521138	4.161608	3.490380	2.854306
c.26.1	3.801335	3.199481	4.468761	3.729732	2.536558	4.155822	3.482445	2.854913
c.26.1	3.803935	3.200303	4.472405	3.743275	2.564666	4.157457	3.482159	2.854913
c.26.1	3.907143	3.299071	4.594912	3.868409	2.657056	4.278548	3.595717	2.959041
c.26.1	3.575765	2.977266	4.223963	3.505150	2.352183	3.904337	3.237544	2.613842
c.26.1	3.273464	2.799341	3.858116	3.073718	1.819544	3.637790	3.050380	2.503791
c.26.1	3.487138	2.941014	4.086538	3.343606	2.176091	3.809088	3.178401	2.593286
c.26.1	3.407221	2.845718	4.028164	3.304275	2.021189	3.752663	3.097951	2.506505
c.26.1	3.859379	3.248709	4.537353	3.808143	2.607455	4.215849	3.531607	2.894870
c.26.1	3.599009	2.990339	4.258158	3.541579	2.371068	3.944433	3.265761	2.627366
c.26.1	3.719497	3.106531	4.381747	3.646208	2.471292	4.063408	3.381115	2.729165
c.26.1	3.403978	2.841359	4.026697	3.291369	2.086360	3.738543	3.083861	2.505150
c.26.1	3.588047	3.013259	4.223444	3.486147	2.303196	3.917138	3.262451	2.672098
c.26.1	3.883434	3.287354	4.566873	3.845284	2.587711	4.262949	3.580925	2.954725
c.26.1	3.910891	3.303196	4.600014	3.875293	2.656098	4.285827	3.604442	2.961895
c.26.1	3.850095	3.244772	4.528531	3.788098	2.611723	4.214473	3.538825	2.884795
c.26.1	3.821906	3.206826	4.500346	3.776265	2.570543	4.184549	3.503382	2.848189
c.26.1	3.783260	3.201943	4.456533	3.726646	2.413300	4.163221	3.483730	2.877947
c.26.1	3.693991	3.100715	4.338496	3.580355	2.397940	4.020444	3.356599	2.741939
c.26.1	3.774225	3.198382	4.441082	3.712313	2.409933	4.147027	3.475962	2.881955
c.26.2	3.775829	3.195900	4.452201	3.700531	2.494155	4.144200	3.483159	2.876795
c.26.2	3.443419	2.815578	4.068891	3.335859	2.161368	3.747489	3.048830	2.380211
c.26.2	3.570543	2.968016	4.197997	3.447003	2.298853	3.885361	3.227630	2.555094
c.26.2	3.473487	2.850646	4.112873	3.378398	2.206826	3.781971	3.096562	2.414973
c.26.2	3.573336	2.999131	4.191982	3.424882	2.247973	3.897627	3.258158	2.609594
c.26.2	3.458638	2.916454	4.087107	3.314710	2.170262	3.790074	3.184407	2.596597
c.26.2	3.483302	2.922206	4.136752	3.383636	2.206826	3.862549	3.211388	2.610660
c.26.2	3.737352	3.156549	4.408477	3.671265	2.413300	4.103564	3.427161	2.841985
c.26.2	3.341830	2.775974	3.964307	3.232742	1.977724	3.659155	3.025306	2.423246
c.26.2	3.530072	2.963316	4.184464	3.425371	2.232996	3.905796	3.253580	2.635484
c.26.2	3.708931	3.136086	4.379160	3.616055	2.397940	4.073535	3.419129	2.826723
c.26.2	3.369958	2.825426	4.002425	3.224792	2.004321	3.716087	3.093071	2.492760
c.26.2	3.569257	3.020361	4.205123	3.439964	2.230449	3.908699	3.286905	2.702431
c.26.2	3.739018	3.148603	4.412561	3.654562	2.460898	4.105374	3.433290	2.812913
c.26.2	3.343014	2.790988	3.963929	3.203305	2.056905	3.670524	3.031812	2.465383
c.26.2	3.572639	3.006038	4.208065	3.472610	2.255273	3.921478	3.275772	2.664642
c.26.2	3.184691	2.684845	3.755265	2.973128	1.662758	3.498448	2.901458	2.363612
c.26.2	3.309630	2.770852	3.927473	3.134496	1.982271	3.635986	3.003891	2.439333
c.26.2	3.491362	2.927370	4.150111	3.403807	2.170262	3.878407	3.228657	2.593286
c.26.2	3.653116	3.111599	4.307068	3.512551	2.187521	4.017242	3.383815	2.811575
c.26.2	3.626853	3.064458	4.291169	3.540329	2.365488	4.008813	3.360593	2.752048
c.26.2	3.658298	3.105851	4.314373	3.532500	2.336460	4.017284	3.377670	2.804821
c.26.2	3.504743	2.902547	4.153693	3.422426	2.245513	3.839604	3.171434	2.532754
c.26.2	3.568788	2.992554	4.220134	3.464191	2.281033	3.931254	3.273001	2.664642
c.26.2	3.546543	2.951338	4.180900	3.451633	2.252853	3.871865	3.200029	2.578639
c.26.2	3.412796	2.846955	4.045675	3.282622	2.149219	3.762153	3.125806	2.489958
c.26.2	3.312600	2.748963	3.932626	3.156549	2.041393	3.632255	2.990783	2.396199
c.26.2	3.596707	3.027757	4.250176	3.501607	2.328380	3.955062	3.302114	2.706718
c.26.2	3.287354	2.741939	3.906443	3.116276	1.897627	3.625415	2.991669	2.409933
c.26.2	3.567026	3.000000	4.177450	3.414973	2.212188	3.884739	3.253096	2.614897
c.26.2	3.472903	2.832509	4.112169	3.396722	2.181844	3.769008	3.063333	2.380211
