c.26.1	0.0646431	0.0181063	0.0190209	0.0268029	0.190054	0.0521641	0.0119365	0.00823154	0.00975073	0.0389564	0.0561636	0.0454362	0.0112854	0.00962671	0.00127116	0.043793	0.00776648	0.0369567	0.0341663	0.00534817	0.0031779	0.000279035	0.00170521	0.0605661	0.019548	0.0168196	0.0104173	0.00981274	0.00178272	0.00193774	0.00982824	0.00866559	0.0184783	0.019703	0.0607212	0.00251132	0.00736343	0.00186023	0.0302908	0.00742544	0.00272834	0.0128976	
c.26.1	0.0657574	0.0218846	0.0226624	0.0300264	0.154488	0.0486439	0.00943837	0.0130166	0.0134834	0.0374942	0.0583934	0.0404501	0.0170617	0.0120313	0.00233366	0.0489032	0.00648239	0.0316859	0.0367163	0.00969766	0.00321527	0.000363014	0.00145206	0.055956	0.0188249	0.0176321	0.013639	0.0134315	0.00326713	0.00414873	0.0123425	0.0126018	0.0189286	0.0184619	0.0560079	0.00404501	0.00834932	0.003682	0.026863	0.0104237	0.00295597	0.0127574	
c.26.1	0.0622948	0.0212787	0.0206756	0.02721	0.160412	0.0507339	0.0145768	0.00884659	0.00881308	0.0374975	0.0578715	0.0488238	0.0194692	0.0108572	0.00351853	0.0444675	0.00961732	0.032538	0.0415187	0.00871255	0.00385363	0.000737216	0.00160847	0.0573018	0.0207761	0.0210777	0.0111588	0.0109242	0.00244622	0.00301588	0.00857851	0.0112258	0.0176262	0.0179278	0.0576034	0.00361906	0.00693653	0.00221165	0.0272435	0.00847798	0.00345151	0.0124657	
c.26.1	0.0604384	0.0198979	0.0206275	0.0249597	0.168531	0.0536284	0.0156112	0.0112334	0.0131335	0.041635	0.0594807	0.0471225	0.0143192	0.0115222	0.00171769	0.0457696	0.00913568	0.0343386	0.0368011	0.00869486	0.00332898	0.000349618	0.0018849	0.0552397	0.0189402	0.0172377	0.0110206	0.0113246	0.00212811	0.00273614	0.0116134	0.0114158	0.0188034	0.0199739	0.0552853	0.00316177	0.00798042	0.00200651	0.0252485	0.00816283	0.00244733	0.0111118	
c.26.1	0.0633114	0.02191	0.0207007	0.0269251	0.16461	0.0502223	0.0149386	0.00764716	0.00992353	0.038058	0.0559488	0.0479104	0.0198115	0.011204	0.00266762	0.0441757	0.00956785	0.0335408	0.0425751	0.00956785	0.00441046	0.000533523	0.00149386	0.0567313	0.0200249	0.0218033	0.0112751	0.010955	0.00238307	0.00245421	0.00775387	0.0110973	0.0176418	0.0167526	0.0564467	0.00369909	0.0061533	0.00227636	0.0273164	0.00789614	0.00366352	0.0120221	
c.26.1	0.0789959	0.0183544	0.0170498	0.0380134	0.205767	0.0453912	0.0071978	0.00751271	0.0103918	0.0381934	0.0421971	0.0381934	0.0101669	0.00674794	0.00175446	0.0319852	0.00512844	0.0267668	0.0317603	0.00751271	0.00287912	0.000404877	0.00143956	0.0713932	0.0185343	0.0168249	0.00881731	0.00796257	0.00251923	0.00224931	0.00697287	0.00737775	0.0143956	0.0170948	0.0697287	0.00161951	0.006568	0.00161951	0.0435017	0.0068829	0.00224931	0.0198839	
c.26.1	0.0674705	0.0218305	0.0214651	0.0310255	0.167336	0.0542565	0.010352	0.0084947	0.015528	0.041073	0.051973	0.0445135	0.0140056	0.00724638	0.00182682	0.0374193	0.00889051	0.0347095	0.0346486	0.0100779	0.0035014	0.000517598	0.00185726	0.0578188	0.0188467	0.0181768	0.0118743	0.0109609	0.00283157	0.00194861	0.0112045	0.0118134	0.0188771	0.0191511	0.0576057	0.00292291	0.00904275	0.00188771	0.0288942	0.00892096	0.0035014	0.0137011	
c.26.1	0.0635109	0.01962	0.0218795	0.027114	0.172155	0.0511589	0.0129545	0.0111657	0.0128603	0.0376772	0.0596697	0.0458491	0.0147621	0.0120507	0.00146868	0.0440792	0.00883089	0.0375643	0.0332712	0.00645842	0.00301267	0.000395413	0.00158165	0.0560734	0.0178877	0.0165132	0.0124084	0.011467	0.00218419	0.00293736	0.0116364	0.00937694	0.0199025	0.0202979	0.0569207	0.0028997	0.00877441	0.00259843	0.0259655	0.00820953	0.00288087	0.0119754	
c.26.1	0.0636964	0.0215003	0.0214171	0.0272152	0.164096	0.0516285	0.0138434	0.00909948	0.0127337	0.0449703	0.056844	0.0503523	0.0138712	0.0101814	0.00305166	0.0451368	0.0081285	0.0331798	0.0394496	0.00987627	0.00382844	0.000887755	0.00158131	0.0551518	0.0189758	0.0190035	0.0099595	0.0102092	0.00244132	0.00282972	0.0105421	0.0107085	0.0193364	0.0183932	0.0547356	0.00332908	0.00712978	0.00202519	0.0258836	0.00804528	0.00277423	0.0119569	
c.26.1	0.0821545	0.0175092	0.0172124	0.0385795	0.215897	0.0406568	0.00553962	0.00741913	0.00845781	0.0340291	0.0460481	0.0346721	0.00905134	0.00880404	0.000494609	0.0278959	0.00440202	0.0287862	0.0318033	0.00479771	0.00247304	4.94609e-05	0.00173113	0.0747848	0.0194381	0.0156296	0.00801266	0.0091008	0.00153329	0.00242358	0.00821051	0.00707291	0.0124641	0.0159264	0.0713226	0.00242358	0.00830943	0.00247304	0.0439707	0.00756751	0.0020279	0.0188446	
c.26.1	0.0708265	0.0222098	0.0229443	0.0323878	0.168864	0.051065	0.00867406	0.0118219	0.016054	0.0425309	0.0522892	0.0454339	0.0106327	0.0091987	0.00125914	0.0420412	0.00730999	0.0317233	0.0310237	0.00821937	0.00440698	0.000384736	0.00216851	0.0578504	0.0179077	0.0171033	0.0109825	0.0110524	0.00304292	0.00213354	0.011612	0.0099332	0.0184324	0.0184673	0.0573257	0.00405722	0.00923367	0.00237837	0.0291001	0.00930363	0.0033577	0.0132559	
c.26.1	0.479256	0.00429185	0.00429185	0	0.482117	0.00429185	0	0	0	0.00429185	0.00429185	0.00429185	0	0	0	0.00429185	0	0.00429185	0.00429185	0	0	0	0	0	0	0	0	0	0	0	0	0	0	0	0	0	0	0	0	0	0	0	
c.26.1	0.062313	0.0199023	0.0193396	0.0254405	0.178099	0.0555457	0.0151784	0.00885532	0.0124833	0.0428995	0.0539908	0.0479343	0.0119799	0.00907745	0.0023397	0.0416852	0.00787798	0.0359988	0.0381016	0.00938842	0.00361321	0.000340589	0.00155486	0.0565971	0.0206723	0.0191174	0.0102325	0.0101288	0.0023397	0.0019843	0.00998075	0.0101733	0.0177403	0.020776	0.0561972	0.00241374	0.00716718	0.00195469	0.0270546	0.00697468	0.00275433	0.0118022	
c.26.1	0.0768226	0.0209313	0.0188792	0.0361167	0.188158	0.0478696	0.00742482	0.00955153	0.0117529	0.0422357	0.0441012	0.0394	0.0106335	0.00697709	0.00126856	0.0332811	0.00511156	0.0296247	0.0329826	0.00641743	0.00320872	0.000186553	0.0017536	0.0676069	0.0188419	0.0191404	0.00869338	0.0110066	0.00182822	0.00235057	0.00899187	0.00925304	0.0148496	0.0171256	0.0662264	0.0024625	0.00899187	0.00167898	0.0374599	0.00895456	0.00283561	0.0170137	
c.26.1	0.0753743	0.0230108	0.0236346	0.034135	0.173447	0.0483088	0.00706959	0.00741614	0.0167383	0.0397838	0.0496604	0.0437691	0.0130302	0.00599529	0.00207929	0.0433532	0.00779734	0.0334073	0.0300457	0.00845578	0.00481702	0.000381203	0.00149016	0.0591905	0.0151442	0.0163571	0.010847	0.0127876	0.00332686	0.00183671	0.0112282	0.00977266	0.0181938	0.0197186	0.0583934	0.00277239	0.00994594	0.00211395	0.0292833	0.00959939	0.00291101	0.0133768	
c.26.1	0.0625131	0.0189547	0.0179058	0.0260421	0.187659	0.053283	0.0129162	0.00836105	0.00837604	0.0407714	0.0555456	0.0444424	0.0132308	0.0113429	0.00257724	0.0414307	0.00792652	0.0320507	0.0379394	0.00627828	0.00286194	0.000524439	0.00140849	0.0599509	0.0226558	0.0192394	0.00975456	0.011253	0.0015883	0.00239743	0.0100992	0.0103539	0.0157182	0.0170068	0.0606251	0.00325152	0.00660793	0.00179808	0.0295784	0.00866073	0.00247235	0.0126465	
c.26.1	0.0669396	0.0208734	0.0214387	0.0289016	0.172844	0.0516068	0.0119406	0.00879712	0.0119858	0.0444831	0.0530089	0.0483503	0.0122346	0.0105158	0.00239716	0.0419277	0.00879712	0.0354373	0.0328818	0.00725932	0.00361835	0.000316606	0.00126642	0.0571926	0.0194034	0.0176847	0.0103802	0.0101992	0.00235193	0.00289468	0.0104254	0.00970171	0.0184084	0.0202628	0.0576901	0.00300776	0.00798299	0.00199009	0.0293765	0.00759854	0.00273638	0.0128904	
c.26.1	0.0832533	0.0190452	0.0165698	0.0420813	0.205355	0.0455165	0.00591058	0.00570851	0.0101541	0.0346552	0.0354635	0.0395049	0.00884062	0.00409194	0.00262693	0.0279363	0.0042435	0.0251074	0.0308159	0.00868906	0.00257641	0.000151553	0.000858803	0.0730993	0.0162667	0.0172771	0.00853751	0.00843647	0.00272796	0.00202071	0.00762819	0.0082344	0.0137408	0.0174792	0.0733519	0.00207123	0.0079313	0.00146502	0.0479414	0.00747664	0.00323314	0.0219247	
c.26.1	0.0678577	0.0221116	0.0217894	0.0308098	0.167697	0.0523063	0.0103968	0.0108947	0.0162542	0.0469468	0.0521306	0.047064	0.0116269	0.00676527	0.00172793	0.0374579	0.00881535	0.0325084	0.0332113	0.00925465	0.00430517	0.000497877	0.00149363	0.0578708	0.0188022	0.0183043	0.0104261	0.0110411	0.00301655	0.00251867	0.0126226	0.0113047	0.01725	0.0178357	0.0571094	0.00342656	0.0093718	0.0026651	0.0279104	0.00858105	0.00278225	0.0132377	
c.26.1	0.0638576	0.0193644	0.020085	0.0264947	0.185253	0.052374	0.0140655	0.0089917	0.0110933	0.040245	0.0557966	0.0449885	0.0116187	0.0101776	0.00180134	0.0437126	0.00809103	0.0355165	0.0360869	0.00693517	0.00360268	0.000285212	0.00136602	0.0572977	0.0192443	0.017443	0.0111233	0.00989237	0.00237177	0.00265698	0.00992239	0.0102827	0.0184187	0.0191843	0.0571176	0.00318237	0.00713031	0.00220664	0.0287464	0.00719036	0.00277707	0.0120089	
c.26.1	0.0613483	0.0186978	0.0216982	0.0246987	0.168941	0.052703	0.0127816	0.0109847	0.0132732	0.0391585	0.0598057	0.0467359	0.0133071	0.0125951	0.00220373	0.0480751	0.0121883	0.0410232	0.0343951	0.00711973	0.00388195	0.000355987	0.00162737	0.0555678	0.0175111	0.0147141	0.0131376	0.0100354	0.002458	0.00269533	0.0107644	0.00971335	0.0190707	0.0216304	0.0556187	0.00283094	0.00867929	0.00232239	0.0252411	0.00725534	0.00254276	0.0106118	
c.26.1	0.0609356	0.0196369	0.0214174	0.0256415	0.165753	0.0534125	0.0142084	0.010892	0.01262	0.0381917	0.0593995	0.0471636	0.0152732	0.0138244	0.00158841	0.0444057	0.00942573	0.0398499	0.0333741	0.0070693	0.00326409	0.000331646	0.0017106	0.0552976	0.0183802	0.0174201	0.0128469	0.0119393	0.00223425	0.00301972	0.0116774	0.0100541	0.0192704	0.0210857	0.0561355	0.00289754	0.00879735	0.00258335	0.0243323	0.00836097	0.00300227	0.011276	
c.26.1	0.0633399	0.0196162	0.0194209	0.0264863	0.179262	0.0539845	0.0125331	0.00864533	0.00972821	0.0454102	0.0566118	0.0494222	0.0125508	0.00997674	0.00179297	0.0419485	0.00876959	0.0335517	0.0364098	0.0067991	0.00314214	0.000177522	0.00129591	0.058032	0.0216399	0.0189061	0.00949743	0.00981697	0.00202375	0.00216577	0.0100122	0.0102785	0.0170954	0.0187286	0.0576769	0.00314214	0.00745593	0.00170421	0.028226	0.00779322	0.00248531	0.0124443	
c.26.1	0.0627793	0.0216316	0.021235	0.0271056	0.163745	0.0576755	0.0146767	0.0102076	0.0111067	0.0414386	0.0536824	0.0496364	0.0146767	0.0113447	0.0024329	0.0432897	0.00758958	0.033611	0.0355679	0.00885892	0.0033849	0.000661113	0.00113711	0.0550311	0.0192516	0.0192252	0.0110538	0.0112389	0.00214201	0.00306757	0.0114769	0.0117414	0.0188814	0.020283	0.0551633	0.00346423	0.00825069	0.0024329	0.0263652	0.00827714	0.00325268	0.0119265	
c.26.1	0.064049	0.020642	0.0185709	0.0270107	0.177908	0.0551778	0.0140663	0.00869865	0.0123921	0.0449776	0.0517432	0.047273	0.0132724	0.00852606	0.00188126	0.0399896	0.00745599	0.0334829	0.039679	0.00876769	0.00302037	0.000431481	0.00146703	0.0594063	0.020642	0.0200725	0.00940628	0.010252	0.00219192	0.00219192	0.00930273	0.00940628	0.0163272	0.0185192	0.0589403	0.00245081	0.00636866	0.00189852	0.028426	0.00797377	0.00293407	0.0128064	
c.26.1	0.0638184	0.0222222	0.0223409	0.0276814	0.161074	0.0557781	0.0145972	0.00896009	0.0131138	0.0369678	0.0530485	0.0494882	0.0160807	0.0124611	0.00335262	0.0449785	0.00925679	0.0339119	0.035425	0.00940513	0.0030856	0.000623053	0.00118677	0.0545913	0.0200267	0.0188696	0.0116897	0.0110963	0.00353063	0.00338229	0.00996885	0.0109183	0.0186916	0.0194927	0.0556297	0.00329328	0.00759531	0.00225486	0.0259902	0.00878208	0.0034713	0.0118677	
c.26.1	0.0643691	0.0207542	0.02217	0.0275572	0.166413	0.0557014	0.0135023	0.00901305	0.0134332	0.0359831	0.0546999	0.0467919	0.0152635	0.0129498	0.00155397	0.0453761	0.00818427	0.0346709	0.0346709	0.00752814	0.00372954	0.000345328	0.00155397	0.055287	0.0192693	0.0174736	0.0113267	0.00953104	0.00283169	0.00317701	0.0119829	0.011016	0.0192348	0.0217556	0.0570136	0.00372954	0.00739001	0.00269356	0.0274536	0.00759721	0.00300435	0.0120174	
c.26.1	0.0655725	0.0204182	0.0204963	0.0284815	0.173776	0.0552203	0.00985798	0.00988399	0.012303	0.0376632	0.054466	0.0465588	0.012433	0.0143838	0.00179473	0.0442179	0.00710087	0.0337877	0.0355824	0.00793321	0.00306924	0.000390158	0.00137856	0.0565468	0.0200801	0.017375	0.0108204	0.0101181	0.0027311	0.00306924	0.0105082	0.0108464	0.0177132	0.0202362	0.0573792	0.00317328	0.0064246	0.00262706	0.029678	0.00785517	0.00301722	0.0130313	
c.26.1	0.0610058	0.0216685	0.0209713	0.024861	0.166853	0.0564373	0.0145864	0.0120727	0.0137424	0.0455388	0.0545475	0.0481808	0.0135589	0.00999945	0.00255032	0.0446764	0.00922885	0.0348054	0.0393556	0.0104214	0.00396308	0.000311909	0.00139442	0.053942	0.018898	0.0184394	0.0115223	0.0106783	0.00280718	0.00249528	0.0106233	0.0122012	0.0180357	0.0186779	0.0529329	0.00326588	0.00746748	0.0022751	0.0239069	0.00781608	0.00286223	0.0104214	
c.26.1	0.0697342	0.0206476	0.0207341	0.03069	0.16886	0.0528959	0.0112977	0.00887369	0.0094797	0.0380054	0.0526794	0.0420743	0.0153666	0.0119903	0.00225089	0.0457103	0.00666609	0.0326812	0.0372262	0.00627651	0.00281361	0.000303004	0.00168817	0.060471	0.0203446	0.0177041	0.0106051	0.010432	0.00268375	0.00290018	0.010432	0.00960956	0.0174877	0.019349	0.0605575	0.00277032	0.00787811	0.00242403	0.0308631	0.00813782	0.00303004	0.0133755	
c.26.1	0.0686491	0.0224074	0.02124	0.0295739	0.170731	0.0518516	0.0131331	0.00969583	0.0115442	0.0446851	0.0530514	0.0489331	0.0131331	0.00865815	0.00246449	0.0422531	0.00716648	0.0305143	0.0376484	0.00856087	0.0041183	0.000486413	0.00175109	0.0575589	0.0192295	0.0194241	0.00927427	0.00976068	0.00236721	0.00230235	0.0102147	0.0105714	0.0180946	0.0185485	0.05704	0.00272391	0.00729619	0.00178351	0.0287632	0.0070692	0.00285362	0.0128737	
c.26.1	0.0641709	0.0222518	0.0215249	0.0288345	0.154309	0.0531863	0.0117115	0.00860189	0.0140134	0.040546	0.0527825	0.0492287	0.0154269	0.010298	0.00343268	0.0471287	0.00844035	0.0319441	0.0368306	0.011348	0.00339229	0.000524998	0.00145384	0.0562152	0.0197076	0.0205153	0.012075	0.011348	0.00262499	0.00331153	0.0116307	0.0124384	0.0186172	0.017648	0.0553267	0.00375575	0.00872304	0.00258461	0.0274614	0.00856151	0.0036346	0.0124384	
c.26.1	0.0624453	0.0197582	0.0185399	0.0260215	0.178855	0.0542765	0.0127452	0.00937149	0.0124485	0.0452799	0.0548857	0.047123	0.0116831	0.00868424	0.00224916	0.0401724	0.00893415	0.0340341	0.0383138	0.00855929	0.00352993	0.000296764	0.00142134	0.0578689	0.0219918	0.0198832	0.00912158	0.0098713	0.00184306	0.00198363	0.0105585	0.0110427	0.0176965	0.018618	0.0571036	0.00265525	0.00704423	0.00156191	0.0286611	0.00777833	0.0026084	0.0124797	
c.26.1	0.0651803	0.0201824	0.0212248	0.0275952	0.171681	0.0544954	0.0116983	0.00926596	0.0122484	0.0377009	0.0552773	0.0471985	0.0127986	0.0123643	0.00170841	0.0454032	0.00729695	0.0357898	0.0372955	0.00807876	0.003301	0.000405386	0.00173737	0.056754	0.0183582	0.0173447	0.0102794	0.00877371	0.00220067	0.00344578	0.0107717	0.0103953	0.0188504	0.0212538	0.0577675	0.00359056	0.00657304	0.00280874	0.0283481	0.00735486	0.00277979	0.0124222	
c.26.1	0.0671262	0.0199311	0.0205437	0.0275321	0.180777	0.0550641	0.0126939	0.0100134	0.0117557	0.0412407	0.0561938	0.0439977	0.0125024	0.0100517	0.00132108	0.0426	0.00857745	0.0351331	0.0351714	0.00750527	0.00342715	0.000153169	0.00229753	0.0577637	0.0178059	0.0163125	0.010741	0.010224	0.00204863	0.00214436	0.00911354	0.00982194	0.0171166	0.0197205	0.0586827	0.00250814	0.00752441	0.00166571	0.0290829	0.00717978	0.0026996	0.0122343	
c.26.1	0.0611113	0.0202499	0.022299	0.025453	0.165374	0.050906	0.0145647	0.0106071	0.0137209	0.0422476	0.0611113	0.0496605	0.0175379	0.012154	0.00178794	0.0422677	0.0106473	0.036944	0.0344731	0.00775443	0.00337498	0.000401784	0.00168749	0.0532765	0.0181807	0.0179397	0.0120334	0.0115513	0.00218972	0.00319418	0.0117924	0.00970308	0.0199486	0.0194865	0.0539395	0.00337498	0.00827675	0.00239061	0.0246093	0.00789505	0.0029732	0.0109084	
c.26.1	0.0594205	0.0199145	0.0208691	0.0246729	0.166189	0.0532082	0.0160961	0.0118371	0.0135407	0.041048	0.0600079	0.0469225	0.0147303	0.0120721	0.0020267	0.0461882	0.00983977	0.0343805	0.0365981	0.00859144	0.00345126	0.000484646	0.00176235	0.0546034	0.0189599	0.017036	0.0114993	0.0115434	0.00214419	0.00270227	0.0112643	0.0113378	0.0189159	0.0201348	0.0548971	0.00317223	0.00850333	0.00232042	0.0249519	0.00838584	0.00276101	0.0110147	
c.26.1	0.0684375	0.0208307	0.0210873	0.0299842	0.168228	0.0536379	0.0107789	0.0107361	0.0103084	0.0339193	0.0541939	0.0432867	0.0157834	0.0125326	0.00316523	0.050216	0.00774199	0.0321228	0.0343471	0.0082125	0.00282305	0.000769922	0.00141152	0.0592412	0.0204029	0.0168527	0.010565	0.0105223	0.0027375	0.00329355	0.00979512	0.00975234	0.0175371	0.0191197	0.0597117	0.00286582	0.00637324	0.00265195	0.0302836	0.00752812	0.00269473	0.0135164	
c.26.1	0.0673428	0.0201126	0.0226911	0.0298681	0.169023	0.0488633	0.0118183	0.00902488	0.0110877	0.0343805	0.0558683	0.0442649	0.0188233	0.0128497	0.00287937	0.0504104	0.00842322	0.0344665	0.031759	0.00691908	0.00305127	0.000773561	0.00124629	0.0584898	0.0183936	0.0175341	0.0110018	0.00992737	0.00206283	0.00412566	0.00966952	0.0086381	0.0195969	0.0195969	0.0593064	0.00313722	0.00700503	0.00206283	0.0302978	0.0068761	0.00266449	0.0136663	
c.26.1	0.0722723	0.0197844	0.0206334	0.032851	0.187066	0.0503101	0.00922782	0.0100399	0.0138048	0.0404178	0.0489812	0.044109	0.00804666	0.00609036	0.00114425	0.0367636	0.00631183	0.0338107	0.0305994	0.00841577	0.0036173	0.000516758	0.00158718	0.0626753	0.0167577	0.0163148	0.0111472	0.00989222	0.00214085	0.00169792	0.00919091	0.00911708	0.0183818	0.0200428	0.0625646	0.00313746	0.00882179	0.00210394	0.034106	0.00701314	0.00358039	0.0149122	
c.26.1	0.0773437	0.0173765	0.0181056	0.0369403	0.197096	0.0445349	0.00686554	0.00935658	0.00978188	0.0326265	0.0463576	0.0350568	0.0108148	0.00814144	0.00157968	0.0331733	0.00467829	0.0317759	0.0349961	0.00461753	0.00273407	0.000243028	0.00182271	0.0721186	0.0175588	0.0145209	0.0101464	0.00917431	0.00218725	0.00322012	0.0108148	0.00716933	0.0144602	0.0194423	0.069506	0.00224801	0.00765539	0.00267331	0.0426514	0.00729084	0.00267331	0.0184701	
c.26.1	0.0670472	0.0202589	0.0209422	0.0291422	0.170994	0.0516521	0.0111745	0.0094059	0.00988825	0.0350912	0.0561138	0.0448187	0.0160383	0.0115363	0.00164804	0.0483158	0.00723531	0.0368197	0.0341265	0.00711472	0.0031353	0.000442158	0.00128628	0.058204	0.0198971	0.0169226	0.0101294	0.0101294	0.00229118	0.00285393	0.0114559	0.0109334	0.0185706	0.0186912	0.0593697	0.00333628	0.00703433	0.00229118	0.0302275	0.00699413	0.00305491	0.0133853	
c.26.1	0.0620658	0.0203045	0.0208888	0.0258391	0.169772	0.0536421	0.0153217	0.0101604	0.0138934	0.0415179	0.056661	0.0465007	0.0138609	0.0115237	0.00176914	0.0457865	0.00821269	0.0346523	0.0360969	0.00892683	0.00345712	0.000292151	0.00162306	0.055671	0.018373	0.0172207	0.0113614	0.011118	0.00215867	0.00253197	0.010485	0.0112316	0.0185191	0.0204019	0.0563851	0.00308381	0.00819646	0.00201259	0.0262124	0.00800169	0.00267805	0.0115887	
c.26.1	0.0624427	0.0206997	0.0204052	0.0258869	0.171505	0.0540156	0.0153652	0.0106853	0.0136143	0.042643	0.0559137	0.0465866	0.0131562	0.0109144	0.00171816	0.0454084	0.00764171	0.0334304	0.0370467	0.00968713	0.0034854	0.000376358	0.00175088	0.0558974	0.0187525	0.0176561	0.0103089	0.0107835	0.00224179	0.00224179	0.0103253	0.0116835	0.0179997	0.0200779	0.0562737	0.00291268	0.00795261	0.00193088	0.0260178	0.00813261	0.00273269	0.0116998	
c.26.1	0.0620316	0.0205042	0.0207313	0.0257113	0.169808	0.0534503	0.0150537	0.010171	0.0135775	0.0415599	0.0577491	0.0471239	0.0135451	0.0115174	0.00199526	0.0458262	0.00862992	0.0342277	0.0374071	0.00953833	0.00377965	0.000437985	0.0017195	0.0555592	0.0184602	0.0174545	0.0108036	0.0109658	0.00225481	0.00236836	0.0101548	0.0107225	0.0184116	0.019904	0.0560296	0.00306589	0.00755929	0.00199526	0.0258898	0.00793239	0.0027739	0.0115985	
c.26.1	0.0601815	0.0201879	0.0192014	0.0245412	0.172023	0.0596512	0.0152797	0.0103714	0.0124063	0.0457898	0.0570738	0.0452471	0.0146507	0.0106551	0.00182518	0.0402526	0.00870659	0.0351223	0.0382424	0.00900257	0.00382301	0.000320639	0.00144288	0.0553843	0.0211869	0.0193987	0.0111484	0.0108524	0.0019855	0.00263911	0.0103714	0.0109141	0.0164883	0.0192014	0.0546197	0.00294742	0.00727605	0.00219515	0.0256388	0.0074487	0.0030954	0.01121	
c.26.1	0.0633829	0.0215177	0.0225165	0.027054	0.159385	0.0521104	0.0139836	0.00941754	0.0134129	0.04509	0.0558489	0.0518535	0.0144973	0.0117291	0.00293941	0.0476585	0.00941754	0.0347022	0.0370709	0.0101025	0.0040524	0.000741988	0.00159813	0.0537085	0.0173511	0.0185782	0.0102166	0.0099883	0.00191205	0.00288234	0.011301	0.0110442	0.0196341	0.0191205	0.0531948	0.00348164	0.00776234	0.0020262	0.0259125	0.0071345	0.00296795	0.0117006	
c.26.1	0.0757702	0.0177335	0.0185097	0.0375567	0.194411	0.0414378	0.00823979	0.00973251	0.0110461	0.0321829	0.0470504	0.0319441	0.00973251	0.0096728	0.00155242	0.033616	0.00358252	0.0296752	0.0324218	0.00501552	0.00197038	5.97086e-05	0.00185097	0.072128	0.0188679	0.0145092	0.0106878	0.0124194	0.00292572	0.00280631	0.0114641	0.00913542	0.0153451	0.0195844	0.0693814	0.00250776	0.00949367	0.00328397	0.0410795	0.00823979	0.00238834	0.0189873	
c.26.1	0.0725809	0.0208652	0.0209024	0.03249	0.180707	0.0514177	0.00853236	0.00827155	0.0129662	0.0427736	0.0497783	0.0438168	0.00916577	0.00707925	0.002012	0.0381907	0.00592421	0.0349864	0.0318566	0.00938932	0.00342785	0.000670666	0.00145311	0.0613659	0.0179589	0.0170275	0.0106561	0.00976191	0.00260814	0.0018257	0.00946384	0.0104326	0.0184806	0.0190767	0.0613659	0.00279444	0.00808525	0.00227281	0.0324528	0.00793621	0.00260814	0.0145684	
c.26.1	0.0671709	0.0202415	0.0223044	0.0300829	0.167949	0.0474881	0.0104001	0.00932571	0.0109588	0.0339078	0.0552237	0.0429327	0.0170184	0.0126348	0.00236366	0.0483046	0.0086381	0.0364433	0.0336499	0.00782157	0.00292234	0.000429756	0.00111737	0.0584469	0.0190382	0.017577	0.012377	0.0109588	0.0019339	0.00326615	0.0108728	0.0100563	0.0200266	0.0189093	0.0596502	0.00326615	0.00730586	0.00223473	0.0305127	0.00790752	0.00257854	0.0137522	
c.26.1	0.0625917	0.0203187	0.0190778	0.0249859	0.176607	0.0597152	0.0148336	0.0100959	0.0113508	0.0459109	0.056881	0.0454597	0.0127609	0.0104343	0.00170615	0.040172	0.00768472	0.0356458	0.0387761	0.00853074	0.0037225	0.000408911	0.00156514	0.0557812	0.0211224	0.0190919	0.0101946	0.010674	0.00187535	0.00228426	0.00981387	0.010392	0.0161873	0.0188663	0.0554851	0.00243937	0.00688099	0.00181895	0.0266497	0.00734631	0.00280598	0.0110547	
c.26.1	0.0606437	0.0217736	0.0225135	0.0258165	0.154635	0.0529542	0.0151675	0.0091428	0.0146126	0.0424638	0.0559402	0.0545133	0.0152997	0.0124723	0.00285382	0.0487264	0.0101469	0.0349065	0.035752	0.0111246	0.00380509	0.000766304	0.00161188	0.053747	0.018127	0.0185763	0.0105697	0.00993552	0.00245746	0.00311806	0.0123666	0.0117324	0.0197918	0.019871	0.0521879	0.00362012	0.00779516	0.00224606	0.024601	0.00742522	0.00301237	0.0111775	
c.26.1	0.0621463	0.0219529	0.02107	0.0256251	0.164386	0.0553036	0.0152707	0.0110567	0.0140667	0.0461934	0.0553437	0.0487418	0.0127222	0.012361	0.00262873	0.0452101	0.00850825	0.0348758	0.0359594	0.00949151	0.00385279	0.000521732	0.00154513	0.0527752	0.0194446	0.018381	0.0114781	0.0118393	0.00315046	0.00236786	0.0101738	0.0108159	0.0182807	0.0191636	0.0543203	0.00298993	0.00768552	0.00166553	0.0248224	0.00808685	0.00298993	0.0107356	
c.26.1	0.0683869	0.0200933	0.0219675	0.0302053	0.17051	0.0495576	0.0112017	0.00701739	0.0108094	0.0329948	0.0576646	0.0446323	0.0159526	0.0138169	0.002528	0.0467681	0.00910953	0.0351741	0.0347819	0.00614567	0.00344332	0.000566622	0.001264	0.0594953	0.0187421	0.0165628	0.0106351	0.0105479	0.00274594	0.00405352	0.00910953	0.00849932	0.0182191	0.0190908	0.0609772	0.00335614	0.00623284	0.00261518	0.0305104	0.00723532	0.00287669	0.013904	
c.26.1	0.0671631	0.0216073	0.0204508	0.0290542	0.176554	0.0548363	0.0122422	0.0109447	0.0111421	0.0410708	0.0515359	0.0462892	0.0138219	0.00939325	0.00256692	0.0414375	0.00750331	0.031875	0.0383064	0.00868805	0.00380807	0.000451327	0.00138219	0.0577135	0.0183916	0.018589	0.00860342	0.00911117	0.00256692	0.00251051	0.0104369	0.0108883	0.0174043	0.0184762	0.0583622	0.00330033	0.0070802	0.00183352	0.0294491	0.00716482	0.00276438	0.0132295	
c.26.1	0.0611303	0.0196007	0.0187033	0.0251935	0.177265	0.0596735	0.014047	0.00915653	0.0114457	0.0436756	0.0559537	0.0447421	0.0126943	0.00998894	0.00159979	0.0395136	0.00811602	0.0361449	0.0385641	0.00824608	0.0032256	0.000377187	0.0014177	0.0574494	0.020225	0.0192625	0.0118359	0.0112766	0.002016	0.00235417	0.00980685	0.0108214	0.0168433	0.0194576	0.0569292	0.00248423	0.00734864	0.00179489	0.0270404	0.00766079	0.00321259	0.0117058	
c.26.1	0.0596597	0.0199474	0.0195093	0.0244505	0.170423	0.0595015	0.0154687	0.0101137	0.0123044	0.045189	0.0581384	0.0455785	0.0140447	0.0114159	0.0016917	0.0406494	0.00952949	0.0353674	0.0375581	0.00886011	0.0036268	0.000328603	0.00154565	0.0548402	0.0205803	0.0189616	0.011708	0.0109291	0.00223937	0.00289658	0.0109656	0.0109413	0.0168805	0.019205	0.0548767	0.00305479	0.00746051	0.00204464	0.0255093	0.00776477	0.00310347	0.011136	
c.26.1	0.0605657	0.0199687	0.0209579	0.0251724	0.171433	0.0550037	0.0145358	0.0115827	0.0143637	0.0414714	0.0569819	0.0457432	0.0132313	0.0115254	0.0030677	0.0451411	0.00798463	0.0353646	0.03568	0.00895942	0.00365544	0.000415717	0.00177755	0.054717	0.019338	0.0161986	0.0116687	0.011296	0.00312504	0.00275233	0.0112817	0.0104503	0.0190656	0.0203415	0.0546453	0.00318239	0.00847203	0.00200691	0.024728	0.00819966	0.00296736	0.0109807	
c.26.1	0.0601354	0.0200706	0.0212171	0.0245953	0.166832	0.053272	0.0158669	0.0114951	0.0134365	0.041196	0.0584998	0.0477996	0.0146135	0.0118314	0.00215534	0.0467601	0.0101041	0.0363962	0.0360904	0.00871307	0.00345465	0.000382152	0.00183433	0.0539446	0.0185726	0.0173344	0.0117397	0.011327	0.00209419	0.00273621	0.0111588	0.0113117	0.018863	0.0202693	0.0544337	0.00314893	0.00807105	0.00221648	0.0249469	0.00773476	0.00258335	0.0107614	
c.26.1	0.0623246	0.0201272	0.0183503	0.0264211	0.177624	0.0552668	0.0135178	0.00948237	0.0124051	0.045336	0.0518458	0.0463823	0.0122889	0.0095488	0.0017603	0.0396566	0.00687513	0.0336284	0.0391916	0.00878489	0.00267366	0.000199279	0.00141156	0.0592358	0.0212232	0.0198947	0.0102297	0.0112593	0.00220868	0.00210904	0.0104788	0.0105286	0.0162247	0.0196622	0.0587542	0.00240796	0.00732351	0.00204261	0.0279655	0.00798778	0.00283973	0.0125214	
c.26.1	0.066358	0.0216711	0.0209215	0.0277778	0.172156	0.0551587	0.01444	0.00983245	0.0133377	0.0470459	0.0522928	0.047597	0.0118166	0.0114198	0.00233686	0.0431878	0.0071649	0.0343034	0.0324515	0.00994268	0.00376984	0.00037478	0.0013448	0.0546737	0.0184744	0.0169753	0.0104718	0.0111552	0.00310847	0.00249118	0.00914903	0.0108245	0.0177249	0.0195326	0.0564815	0.00299824	0.00634921	0.00216049	0.0284832	0.00698854	0.00310847	0.0121473	
c.26.1	0.0630272	0.020489	0.0184144	0.0270558	0.176514	0.0552774	0.0128421	0.00848707	0.0117962	0.045813	0.0517111	0.0468761	0.0125506	0.0100302	0.00190316	0.0395892	0.00706399	0.0332796	0.0386119	0.00943008	0.00269186	0.000291475	0.00140594	0.0590666	0.0213634	0.0202661	0.00999589	0.011299	0.00171456	0.00210891	0.00951581	0.0106131	0.0164083	0.0192031	0.0589637	0.00246897	0.00723544	0.00183458	0.0287017	0.00790412	0.00313764	0.0130478	
c.26.2	0.0626612	0.0200611	0.0185506	0.0266293	0.174711	0.0569416	0.0112865	0.0115071	0.00996266	0.0456891	0.0544128	0.0517142	0.0118635	0.00891039	0.00100136	0.0427529	0.00699253	0.0315173	0.0380855	0.00855397	0.00324168	0.000356415	0.00168024	0.0574847	0.0215037	0.0199253	0.00992872	0.00930075	0.00166327	0.00173116	0.00909708	0.0110828	0.0170061	0.0193992	0.0584182	0.00269857	0.00714528	0.00184997	0.0295995	0.00734895	0.00297013	0.0127631	
c.26.2	0.0687211	0.0217186	0.0232758	0.026759	0.170881	0.0548703	0.0147523	0.0113511	0.0140147	0.038274	0.0566734	0.0399951	0.015285	0.011392	0.00168012	0.0510183	0.00799082	0.0386838	0.0338893	0.00819571	0.00389296	0.000409786	0.00159816	0.0549932	0.0170061	0.015285	0.0102856	0.0113101	0.00323731	0.00311437	0.0120477	0.00962996	0.017293	0.0188092	0.0560587	0.0028685	0.00721223	0.00274556	0.022866	0.00758104	0.00254067	0.00979388	
c.26.2	0.0658058	0.0213318	0.0250732	0.0279999	0.159853	0.0529825	0.0152068	0.00950427	0.0149051	0.0370516	0.0559092	0.0438705	0.0167154	0.0133663	0.00301723	0.053586	0.0111637	0.0357843	0.0297499	0.0077241	0.00395257	0.000512929	0.00150861	0.0524998	0.0164439	0.0159913	0.0126724	0.0107413	0.00283619	0.00365085	0.012793	0.00941375	0.0214223	0.0206378	0.0525903	0.00371119	0.00853876	0.00310775	0.0250128	0.00766376	0.00289654	0.0108017	
c.26.2	0.066861	0.020219	0.0240685	0.0264604	0.171544	0.053145	0.0156968	0.00979183	0.0126696	0.0377098	0.0592368	0.0397653	0.0137534	0.0146504	0.0029525	0.0537056	0.00908174	0.0381209	0.0351684	0.00691408	0.00388683	0.000560601	0.00153231	0.0530702	0.01551	0.014314	0.0114736	0.0105767	0.00231715	0.00418582	0.0122211	0.00818477	0.0190978	0.0210038	0.0542288	0.00321411	0.00747468	0.00269088	0.0235079	0.00717569	0.00257876	0.00967971	
c.26.2	0.0666787	0.0211134	0.0247827	0.0299859	0.159223	0.0502872	0.0146471	0.00941382	0.0171434	0.0363921	0.0542272	0.0413546	0.016993	0.0128124	0.00294746	0.0524828	0.00896268	0.035971	0.0283317	0.00670697	0.00333845	0.000571446	0.0013835	0.0557009	0.017384	0.0155493	0.0133237	0.0107372	0.00309784	0.00366928	0.0131132	0.00917321	0.0213239	0.0204818	0.0540167	0.00336852	0.00977473	0.00285723	0.0266474	0.00869199	0.00312791	0.0122109	
c.26.2	0.0703006	0.0192249	0.0201022	0.0314312	0.184963	0.0518767	0.00930729	0.0078578	0.0101846	0.0378395	0.0517623	0.0471468	0.0114434	0.00839182	0.00133506	0.0440189	0.00690418	0.0334147	0.0327281	0.00564541	0.00373818	0.000419591	0.0014495	0.0606118	0.0189579	0.0178135	0.0103753	0.00850626	0.00152579	0.00190723	0.00827739	0.00778151	0.0182331	0.0185383	0.0626717	0.00324229	0.00625572	0.00217424	0.0363518	0.00724748	0.00301343	0.015029	
c.26.2	0.06331	0.0180498	0.0218498	0.0283301	0.171236	0.0461763	0.0109927	0.00634457	0.00922847	0.0352175	0.0589333	0.0458031	0.016998	0.0112302	0.00203569	0.0506209	0.0113659	0.0343693	0.0319943	0.00430888	0.00325711	0.00037321	0.0017982	0.0603244	0.0195766	0.0164891	0.0125534	0.0102124	0.00142498	0.00322318	0.0118409	0.00939811	0.021748	0.0204248	0.0599851	0.00332496	0.00888919	0.00230712	0.0301961	0.0077017	0.00274818	0.0138088	
c.26.2	0.0640767	0.0195276	0.0184438	0.026778	0.180794	0.0569944	0.0116979	0.0109317	0.0110812	0.0422506	0.0528086	0.047539	0.0116979	0.00818477	0.00184998	0.0427925	0.00654034	0.0342714	0.0387562	0.00807265	0.00285906	0.000373734	0.00158837	0.0588257	0.0204246	0.0195463	0.00943678	0.00904436	0.00166312	0.00179392	0.00896962	0.0102777	0.0170983	0.0202377	0.0598535	0.00237321	0.0070262	0.00143888	0.029824	0.00661509	0.0026722	0.0129686	
c.26.2	0.0678078	0.021536	0.0221963	0.0302722	0.165126	0.0497765	0.0111743	0.0125457	0.01346	0.0403799	0.0503352	0.045256	0.0192503	0.00954896	0.00380943	0.0471353	0.0103108	0.0328119	0.0360626	0.00756806	0.00274279	0.000660301	0.00137139	0.0571414	0.0181837	0.0178281	0.010514	0.0113267	0.0033523	0.00375863	0.0111235	0.009295	0.0166599	0.0168123	0.0556684	0.00294596	0.00675538	0.00325071	0.0312881	0.00695855	0.00259041	0.0134092	
c.26.2	0.0641876	0.0207639	0.0186539	0.0280725	0.175683	0.049448	0.0143421	0.00807315	0.0119874	0.0459925	0.0511605	0.045809	0.0130271	0.00996911	0.00140668	0.0407021	0.0064524	0.0297544	0.0376747	0.00752271	0.00324149	0.000305801	0.00165133	0.0624446	0.0202134	0.0198465	0.0106419	0.0123544	0.00204887	0.00201829	0.0108865	0.0117122	0.0159628	0.0191431	0.0588667	0.00290511	0.00804257	0.00287453	0.029785	0.00810373	0.00308859	0.01318	
c.26.2	0.0637966	0.0180016	0.0206247	0.0273728	0.177012	0.0492391	0.014157	0.00778935	0.0100921	0.0397477	0.0573889	0.0507809	0.0113736	0.00937125	0.00140168	0.0510412	0.00907089	0.0355026	0.0318582	0.00626752	0.0030837	0.000360433	0.00154185	0.05831	0.0196235	0.0167	0.011654	0.00961153	0.00182219	0.00190228	0.0102723	0.00798959	0.0206848	0.0213256	0.0572687	0.0031638	0.0071686	0.00202243	0.0306368	0.00672807	0.00282339	0.0134161	
c.26.2	0.0680839	0.0189431	0.0214904	0.0309388	0.173406	0.049604	0.0103747	0.0094947	0.0109768	0.0364967	0.0525219	0.0358946	0.0194525	0.0115789	0.00402946	0.0518735	0.00754944	0.033903	0.0309851	0.00523366	0.00282525	0.000463156	0.00134315	0.0589598	0.0163031	0.0150063	0.0132463	0.012181	0.00324209	0.00463156	0.0128294	0.00833681	0.017461	0.0179241	0.0607197	0.00328841	0.00727155	0.00351999	0.0328841	0.00782734	0.00254736	0.0143578	
c.26.2	0.0689263	0.0195598	0.0197641	0.0305658	0.179278	0.0501255	0.0105681	0.00951714	0.0115899	0.0365213	0.053658	0.0469726	0.0121446	0.00855375	0.00154726	0.0476733	0.00776552	0.0310621	0.034069	0.00747358	0.00329888	0.000350324	0.00128452	0.0600222	0.0178957	0.017341	0.0106849	0.0100426	0.00251066	0.00210194	0.00951714	0.00940036	0.0185672	0.0176914	0.0607812	0.0027734	0.00677293	0.00198517	0.0348864	0.00718164	0.00289017	0.0146844	
c.26.2	0.0635042	0.0196459	0.0190308	0.0262255	0.178453	0.0572227	0.0131966	0.0104567	0.0101957	0.041808	0.0550606	0.0482386	0.0111836	0.0107549	0.00164026	0.0437092	0.00684063	0.0343709	0.0358621	0.00704567	0.00344828	0.000391426	0.00152842	0.0572414	0.0207456	0.0188444	0.00963653	0.00982293	0.00160298	0.00186393	0.00978565	0.0109413	0.0173719	0.0207829	0.0589189	0.00259087	0.00758621	0.00164026	0.0283691	0.00779124	0.00255359	0.0120969	
c.26.2	0.0707857	0.0178481	0.022702	0.0311963	0.180049	0.0475276	0.0102639	0.00884822	0.011983	0.0354434	0.0557185	0.0421175	0.0113257	0.0121347	0.00262918	0.0472242	0.00763475	0.0362524	0.0310952	0.00571342	0.00328648	0.00040449	0.00202245	0.061078	0.0148144	0.0141571	0.0109718	0.00915158	0.00257862	0.00293255	0.00940439	0.00657296	0.0210335	0.0230054	0.0610274	0.00308424	0.00773587	0.00242694	0.0337243	0.00576398	0.00161796	0.0147133	
c.26.2	0.0657281	0.0204986	0.0213624	0.0291645	0.167386	0.0525998	0.0128117	0.0097311	0.0111706	0.0390971	0.0520527	0.0440491	0.0176196	0.0085507	0.00256233	0.0471872	0.00967352	0.0342028	0.0344043	0.00716877	0.00333967	0.000431854	0.00138193	0.0572926	0.018944	0.0182818	0.0116888	0.0120631	0.00221685	0.00273507	0.0116888	0.0102493	0.0181091	0.0188864	0.0580987	0.00336846	0.00811885	0.00198653	0.0292221	0.0085507	0.00305176	0.0132723	
c.26.2	0.0795304	0.020213	0.0191246	0.0375496	0.188758	0.0504548	0.00730778	0.00995102	0.00925134	0.0393376	0.041048	0.0342066	0.0136827	0.00629713	0.00279873	0.0393376	0.00388712	0.0323408	0.0321853	0.0045868	0.00209904	0.000233227	0.00116614	0.0681023	0.0193578	0.0171811	0.00932908	0.0111172	0.00248776	0.00248776	0.00925134	0.00684133	0.0144601	0.0180362	0.0662365	0.0025655	0.0066081	0.0025655	0.0393376	0.00777424	0.00303195	0.0178807	
c.26.2	0.0710115	0.0197774	0.0215403	0.0324482	0.180035	0.0424196	0.012175	0.00870428	0.00870428	0.0381225	0.0558065	0.0435765	0.0190062	0.00908991	0.00280961	0.0456699	0.010357	0.0282613	0.0327237	0.00369105	0.00291979	0.000385632	0.00192816	0.0609299	0.0201631	0.0169127	0.0106324	0.00991626	0.00187307	0.00330542	0.00980608	0.0074372	0.0186205	0.0162517	0.0623623	0.00275452	0.00677611	0.00231379	0.0334398	0.00749229	0.00275452	0.0150948	
c.26.2	0.0646552	0.0182614	0.0190511	0.0278034	0.179521	0.0513293	0.0112201	0.00694262	0.00684391	0.0338247	0.0593248	0.0433338	0.0152014	0.0114833	0.00105291	0.0447815	0.00766649	0.0331008	0.0370821	0.00549487	0.00259937	0.00019742	0.00204001	0.0614306	0.0215517	0.0166162	0.0104633	0.011253	0.00125033	0.00263227	0.0118123	0.0108252	0.0179324	0.019413	0.0634707	0.00345486	0.00852198	0.00282969	0.029975	0.00848908	0.00240195	0.0128652	
c.26.2	0.0663391	0.0188143	0.0195827	0.0300843	0.181158	0.0491082	0.0129698	0.00745122	0.0103386	0.041983	0.0524845	0.0502026	0.0111768	0.00828948	0.0015601	0.0454757	0.00724165	0.030061	0.0314581	0.0070088	0.00195594	0.000279421	0.00132725	0.0602617	0.0203977	0.018791	0.0107344	0.00931402	0.00165324	0.00167652	0.00945373	0.00959344	0.0193965	0.0203511	0.0606343	0.00319005	0.0070088	0.00207237	0.0341825	0.00726494	0.00260793	0.0150654	
c.26.2	0.0604498	0.0192787	0.0217965	0.0277911	0.161543	0.0473576	0.0101189	0.00863227	0.0136678	0.0408354	0.0545271	0.0498034	0.0140994	0.0117735	0.00354882	0.0528726	0.00901592	0.0346729	0.0310762	0.00841646	0.00314119	0.00064742	0.00175043	0.0555342	0.0188951	0.0172406	0.0130443	0.0102148	0.00314119	0.00405237	0.0116056	0.0113179	0.0230434	0.0199981	0.0565893	0.00378861	0.00858431	0.00194226	0.0293257	0.00798485	0.00335699	0.0135239	
c.26.2	0.0669655	0.0181149	0.0195632	0.0293103	0.186966	0.05	0.0108276	0.00728736	0.0082069	0.0367816	0.0584138	0.047977	0.0111724	0.0102299	0.00108046	0.0451494	0.00721839	0.0328276	0.0328966	0.00537931	0.00324138	0.000390805	0.00133333	0.0613333	0.0202989	0.0177931	0.00995402	0.00786207	0.000965517	0.00197701	0.00944828	0.00889655	0.0191264	0.0201609	0.0613793	0.0028046	0.0071954	0.00177011	0.0334713	0.00733333	0.00225287	0.0146437	
c.26.2	0.0645475	0.0200725	0.0226571	0.0267857	0.166991	0.0534372	0.010909	0.00943206	0.0136614	0.0382653	0.0570959	0.0493085	0.0152726	0.0115132	0.00214823	0.0501141	0.0110768	0.0367213	0.0339017	0.00704887	0.00328947	0.000402793	0.00218179	0.0534707	0.0179914	0.017253	0.0114125	0.0105733	0.0015776	0.00312164	0.0106069	0.0092978	0.0205424	0.0209117	0.0552162	0.00305451	0.0074181	0.001779	0.0272221	0.00785446	0.00245032	0.0114125	
c.26.2	0.0643277	0.0194288	0.0213007	0.0278526	0.173015	0.0500326	0.013359	0.00706243	0.00859404	0.0399921	0.0545991	0.0485294	0.0135576	0.0115438	0.00229742	0.0482457	0.00870749	0.0356525	0.03327	0.00493519	0.00309158	0.000510537	0.00178688	0.0582863	0.0190033	0.0175001	0.01109	0.00961511	0.00178688	0.00238251	0.0120543	0.00941657	0.0202797	0.0217829	0.0588819	0.00334685	0.00794169	0.00212724	0.0290155	0.0078566	0.00286468	0.0130754	
c.26.2	0.0650203	0.0224133	0.0225696	0.027915	0.161707	0.0514848	0.012879	0.0105971	0.0126915	0.0393873	0.055236	0.0467334	0.0171304	0.0130978	0.00293842	0.0502032	0.00922163	0.0364802	0.0341044	0.00859644	0.00340731	0.000531416	0.00162551	0.0537043	0.0187246	0.0186308	0.0107846	0.0119412	0.00218818	0.00406377	0.0104095	0.010472	0.0182244	0.0194436	0.0541107	0.00312598	0.00765864	0.00200063	0.0257893	0.00837762	0.0025633	0.0118162	
c.26.2	0.0662981	0.0206475	0.0213595	0.0294007	0.173766	0.0513884	0.0131088	0.00917201	0.0127738	0.0374838	0.0510952	0.04163	0.0142815	0.0119781	0.00226159	0.0462788	0.00699418	0.0343427	0.0323324	0.00657537	0.00351803	0.000376932	0.00196842	0.0593039	0.0190979	0.0171713	0.0118524	0.0108891	0.00230347	0.00293169	0.0122293	0.0100096	0.0180927	0.0191398	0.0591364	0.00322486	0.00728735	0.00330862	0.0301964	0.00862755	0.00326674	0.0128994	
c.26.2	0.0702139	0.0193088	0.0230938	0.0307186	0.175754	0.0453099	0.00948985	0.00888645	0.0130554	0.0375754	0.0533187	0.0423478	0.0163467	0.0132748	0.00246846	0.0518376	0.0077345	0.0349424	0.030554	0.00537575	0.00373012	0.000548546	0.00170049	0.0590236	0.0172244	0.0143719	0.0113549	0.00959956	0.00252331	0.00323642	0.012452	0.00899616	0.0189797	0.0199122	0.0574877	0.00312671	0.00724081	0.00274273	0.0321997	0.00565003	0.00268788	0.0136039	
c.26.2	0.0662831	0.0185593	0.0198849	0.0282366	0.18379	0.0516478	0.0123021	0.00837818	0.00959779	0.0365087	0.056102	0.045046	0.0118249	0.0108174	0.00198849	0.0436408	0.00766233	0.0342286	0.0360845	0.00615107	0.00318159	0.000450725	0.00198849	0.0597343	0.019116	0.0166768	0.011003	0.00975687	0.00182941	0.0018029	0.00925312	0.00949174	0.0190365	0.0208924	0.0604502	0.00265132	0.00747673	0.0018029	0.0313917	0.00710555	0.00270435	0.0134687	
c.26.2	0.0671114	0.0209903	0.0232906	0.0316867	0.160446	0.045316	0.0121916	0.00845362	0.0111565	0.0397378	0.052677	0.041578	0.0234631	0.0102939	0.00356547	0.0546897	0.0104664	0.0301915	0.0283513	0.00609581	0.00293289	0.000632584	0.000920122	0.0587728	0.0194376	0.0179424	0.0148945	0.0117316	0.00247283	0.00425556	0.0113865	0.00897119	0.0197826	0.0169647	0.0560699	0.00276037	0.00747599	0.00218529	0.0330094	0.00718845	0.003738	0.014722	
c.26.2	0.0685329	0.0223705	0.0230812	0.0308676	0.163144	0.0529601	0.0120813	0.0101656	0.0161908	0.0363058	0.0526511	0.0399518	0.014615	0.0122667	0.00250278	0.052064	0.00809541	0.0322581	0.0318873	0.00806452	0.00312075	0.000370782	0.00151403	0.0554629	0.0177667	0.0170869	0.0109999	0.0111544	0.00265727	0.00284266	0.0137498	0.0109381	0.0190953	0.0195279	0.0556483	0.00327524	0.00914596	0.00287356	0.027407	0.00933136	0.00327524	0.0126993	
c.26.2	0.0650394	0.0221451	0.0248614	0.0256159	0.162184	0.0519485	0.0164108	0.00992191	0.0153544	0.0376127	0.0596069	0.0432339	0.018712	0.0142604	0.00411212	0.0550421	0.0100728	0.0373486	0.0378768	0.00871468	0.00354623	0.000603614	0.00154676	0.0500245	0.0164485	0.0145245	0.0123364	0.0115064	0.00399894	0.0040744	0.0114309	0.00920512	0.0188252	0.0187498	0.0504772	0.00354623	0.00599842	0.00286717	0.0215038	0.00739427	0.00230128	0.00901649	
