2.1	1544	639	586	653
2.1	736	326	280	333
2.1	674	302	246	295
2.1	1175	426	432	493
2.1	736	342	341	350
2.1	764	290	293	320
2.1	636	254	249	271
2.1	497	142	135	197
2.1	725	401	311	356
2.1	1087	404	465	451
2.1	811	300	305	327
2.1	702	203	212	315
2.1	618	208	191	290
2.1	745	442	389	324
2.1	716	249	268	359
2.1	917	429	390	391
2.1	616	231	287	272
2.1	772	424	412	336
2.1	652	251	326	280
2.1	696	252	314	303
2.1	746	280	343	326
2.1	722	275	280	356
2.1	888	328	337	430
2.1	725	252	293	320
2.1	609	262	229	298
2.1	716	275	273	359
2.1	687	281	348	328
2.1	648	272	325	306
2.1	890	327	361	362
2.1	708	243	237	348
2.1	671	195	229	332
2.1	999	370	298	435
2.1	905	291	375	384
2.1	425	151	165	170
2.1	787	294	311	395
2.1	725	260	259	382
2.1	689	268	258	347
2.1	875	332	338	421
2.1	690	219	234	321
2.1	651	194	190	332
2.1	771	287	304	397
2.1	726	272	263	347
2.1	736	261	349	312
2.1	1053	420	430	476
2.12	5043	1997	1811	1775
2.12	4016	1532	1540	1426
2.12	4395	1817	2022	1563
2.12	2592	885	996	878
2.12	3970	1497	1686	1355
2.12	2785	868	968	906
2.12	4299	1643	1672	1546
2.12	1834	559	622	615
2.12	4377	1725	1915	1529
2.12	3301	1151	1303	1099
2.12	3619	1418	1495	1265
2.12	2993	1139	968	996
2.12	2489	894	823	832
2.12	2665	1224	1395	1065
2.12	5083	1836	2057	1754
2.12	3648	1266	1234	1242
2.12	4377	1745	2047	1547
2.12	4665	1776	1863	1564
2.12	1325	443	400	511
2.12	2464	805	883	870
2.12	3993	1496	1596	1402
2.12	3135	1233	1234	1063
2.12	4050	1542	1657	1454
2.12	988	294	306	386
2.12	2659	946	992	944
2.12	3284	1203	1286	1146
2.12	2764	925	1018	932
2.12	4209	1625	1879	1481
2.12	1119	370	424	402
2.12	2358	808	868	800
2.12	3330	1291	1341	1190
2.12	3164	1142	1116	1077
2.12	3737	1511	1457	1308
2.12	1090	376	432	412
2.12	2272	785	835	808
2.12	3063	1238	1247	1022
2.12	1025	326	336	385
2.12	2575	919	927	914
2.12	3107	1245	1273	1043
2.12	3820	1616	1597	1343
2.12	4233	1692	1923	1457
2.12	946	296	316	347
2.12	2455	829	852	861
2.12	4362	1664	1905	1517
2.12	4417	1641	1755	1541
2.13	4436	1748	1728	1499
2.13	3366	1075	1098	1149
2.13	3593	1439	1341	1190
2.13	3647	1249	1203	1266
2.13	3481	1209	1245	1166
2.13	3586	1287	1324	1168
2.13	4126	1522	1602	1394
2.13	4781	1650	1710	1562
2.13	3401	1053	1090	1143
2.13	4099	1615	1625	1431
2.13	3292	1096	1223	1214
2.13	3472	1202	1212	1138
2.13	3000	978	1004	998
2.13	4975	1864	1795	1752
2.13	3152	1247	1190	1056
2.13	3653	1299	1347	1226
2.13	3544	1222	1295	1161
2.13	2919	999	1007	984
2.13	4884	1760	1749	1663
2.13	5333	1969	2108	1875
2.13	3821	1325	1362	1250
2.13	3839	1317	1511	1351
2.13	4048	1621	1454	1363
2.13	4973	1909	1879	1720
2.13	3240	1331	1276	1113
2.13	3067	1074	1084	1006
2.13	3523	1355	1325	1227
2.13	3760	1264	1321	1281
2.13	3457	1308	1297	1131
2.13	3456	1143	1272	1151
2.13	5494	1984	2101	1975
2.13	3820	1348	1308	1361
2.13	3677	1111	1258	1212
2.13	4771	1846	1732	1659
2.13	3297	1289	1267	1143
2.13	3968	1615	1693	1446
2.13	3828	1398	1373	1301
2.13	3816	1232	1406	1357
2.13	3555	1264	1239	1159
2.13	4268	1633	1620	1415
2.13	4068	1472	1495	1392
2.13	2835	1179	986	985
2.16	4329	1403	1431	1489
2.16	4096	1214	1353	1372
2.16	5679	1817	2032	1904
2.16	2934	863	809	1057
2.16	2359	751	751	830
2.16	3290	1108	1052	1142
2.16	5119	1792	1850	1836
2.16	987	268	310	363
2.16	4095	1208	1319	1404
2.16	2205	610	553	769
2.16	3726	1140	1216	1246
2.16	4139	1404	1412	1428
2.16	2152	627	558	689
2.16	1427	408	428	535
2.16	4018	1231	1323	1338
2.16	1487	398	445	578
2.16	2061	580	501	808
2.16	1351	391	317	495
2.16	3773	1120	1270	1238
2.16	4197	1370	1441	1529
2.16	2014	559	502	761
2.16	3186	904	888	1084
2.16	6074	2011	1968	2103
2.16	4337	1557	1475	1466
2.16	4164	1479	1433	1552
2.16	4188	1403	1396	1439
2.16	4252	1402	1371	1480
2.16	2309	695	649	849
2.16	2283	681	640	834
2.16	4984	1606	1709	1695
2.16	5324	1852	1786	1859
2.16	3175	974	1107	1058
2.16	1042	331	262	368
2.16	1257	433	367	416
2.16	2096	629	574	747
2.16	5207	1799	1765	1922
2.16	3857	1335	1238	1414
2.16	2068	593	537	745
2.16	1446	386	414	505
2.16	4033	1212	1315	1330
2.16	2244	659	587	736
2.16	3854	1368	1256	1403
2.16	5090	1800	1731	1876
2.16	2382	642	553	823
2.16	2102	592	545	773
2.16	4052	1341	1430	1420
2.16	1867	615	571	681
2.16	2340	625	534	833
2.16	5909	1796	1851	2083
2.16	6112	1807	1911	2175
2.16	2095	546	560	768
2.16	4413	1529	1495	1493
2.16	2472	796	851	871
2.16	1225	344	344	419
2.16	1802	483	422	657
2.16	1876	547	511	698
2.16	1486	404	383	486
2.16	2062	535	588	797
2.16	2111	593	573	783
2.16	1793	491	531	644
2.16	1620	509	478	573
2.16	2202	639	555	823
2.16	1334	433	389	456
2.16	2115	597	548	783
2.16	2189	643	561	708
2.16	1055	326	277	371
2.16	1956	562	472	763
2.16	2159	623	584	727
2.16	2122	606	563	798
2.16	1694	448	476	633
2.17	758	220	225	389
2.17	754	229	208	371
2.17	1614	689	650	690
2.17	1181	551	666	551
2.17	792	458	328	378
2.17	1059	433	442	402
2.17	947	334	348	448
2.17	840	257	292	379
2.17	772	219	208	374
2.17	1080	395	341	448
2.17	951	385	414	414
2.17	1884	832	798	809
2.17	1304	660	581	591
2.17	1294	327	322	556
2.17	952	425	392	401
2.17	764	383	406	388
2.17	3703	1651	1638	1388
2.17	957	275	273	378
2.17	891	272	308	364
2.17	3800	1765	1766	1508
2.17	728	192	223	358
2.17	1104	431	437	451
2.17	1402	597	512	595
2.17	728	282	336	313
2.17	3583	1702	1643	1480
2.17	722	210	206	327
2.17	1289	590	610	533
2.17	2382	1010	843	945
2.17	2420	992	861	965
2.17	3562	1544	1554	1276
2.17	737	303	264	270
2.17	1438	650	556	621
2.17	1229	447	418	504
2.17	642	174	191	283
2.17	716	208	216	351
2.17	1024	539	442	410
2.17	1103	545	436	453
2.17	4003	1796	1807	1565
2.17	1397	479	525	597
2.17	731	194	203	366
2.17	949	314	353	389
2.17	1026	364	389	458
2.17	1168	331	336	515
2.17	759	225	232	345
2.17	772	216	228	350
2.17	3604	1752	1609	1440
2.17	772	222	233	349
2.17	1000	293	324	430
2.17	1047	333	387	471
2.17	1679	1033	897	755
2.17	1746	1048	894	756
2.17	1552	556	522	666
2.17	1068	349	402	460
2.17	1192	574	498	478
2.17	888	257	303	430
2.17	778	294	298	329
2.17	1459	494	469	666
2.17	3613	1574	1457	1461
2.17	843	405	321	354
2.17	3914	1775	1823	1606
2.17	1258	618	547	566
2.17	3666	1844	1778	1518
2.17	1030	438	387	458
2.17	1062	438	447	445
2.17	935	403	372	396
2.17	1270	516	462	508
2.17	3728	1915	1840	1561
2.17	1408	422	416	566
2.17	1050	567	440	470
2.17	851	299	297	413
2.17	775	240	257	320
2.17	2523	1175	1133	1002
2.17	753	327	297	360
2.17	871	307	305	330
2.17	1372	503	498	567
2.17	803	323	320	374
2.17	900	455	341	364
2.17	1813	575	625	708
2.17	663	285	264	294
2.17	776	370	344	353
2.17	836	415	387	394
2.17	926	301	315	438
2.17	3494	1750	1642	1437
2.17	1011	386	365	445
2.17	1106	309	292	420
2.17	3643	1811	1776	1496
2.17	3569	1452	1433	1387
2.3	1185	409	340	532
2.3	964	296	284	415
2.3	809	285	210	331
2.3	1493	517	531	597
2.3	862	370	332	405
2.3	2049	675	649	846
2.3	1075	402	327	434
2.3	1092	382	390	442
2.3	988	404	326	418
2.3	1889	569	607	807
2.3	936	423	330	372
2.3	973	335	391	392
2.3	1080	390	412	427
2.3	970	371	309	415
2.3	1004	442	329	423
2.3	1738	612	614	711
2.3	1033	415	436	430
2.3	1001	346	304	430
2.3	763	239	254	347
2.3	1123	436	388	446
2.3	853	278	256	335
2.3	754	275	248	328
2.3	961	368	327	429
2.3	739	212	254	345
2.3	1113	384	331	480
2.3	1429	510	504	563
2.3	804	283	252	328
2.3	807	364	395	343
2.3	853	344	265	366
2.3	633	173	210	304
2.3	945	294	271	368
2.3	609	239	215	219
2.3	946	318	300	432
2.3	1385	406	365	565
2.3	747	239	265	349
2.3	2371	891	816	926
2.3	820	287	275	330
2.3	954	331	369	390
2.3	801	252	256	350
2.3	1135	439	378	495
2.3	855	273	260	348
2.3	918	308	283	372
2.3	824	275	307	323
2.3	1084	475	460	485
2.3	813	301	274	350
2.3	2066	691	667	847
2.3	1567	506	431	639
2.3	1112	457	366	482
2.3	1673	572	541	711
2.3	1331	424	416	574
2.3	1722	543	612	701
2.3	964	324	381	414
2.3	1074	344	402	465
2.3	1199	375	492	447
2.3	932	315	367	376
2.3	923	349	389	421
2.3	668	259	212	270
2.3	712	273	269	308
2.3	1508	515	393	628
2.3	1030	348	301	437
2.3	836	267	245	333
2.3	944	355	275	387
2.3	2762	1157	1114	1112
2.3	854	360	310	390
2.3	1305	451	417	565
2.3	834	396	364	406
2.3	942	351	307	424
2.3	913	343	269	371
2.3	979	333	314	399
2.3	839	358	319	310
2.3	797	249	250	374
2.3	826	307	277	342
2.3	1304	492	456	514
2.3	939	311	288	430
2.3	759	227	236	364
2.3	972	263	230	456
2.3	900	302	288	384
2.3	2004	689	624	825
2.3	764	262	299	366
2.3	978	404	381	441
2.3	714	208	234	280
2.3	1014	342	260	395
2.3	1931	622	608	809
2.3	990	379	331	408
2.3	949	364	323	398
2.3	957	352	326	396
2.3	959	378	340	404
2.3	692	275	276	311
2.3	875	331	342	338
2.3	669	244	229	273
2.3	614	279	253	271
2.3	713	280	258	297
2.3	759	284	265	346
2.3	745	363	316	326
2.3	691	255	261	314
2.3	761	293	295	288
2.3	754	270	263	317
2.3	836	347	291	373
2.3	887	332	314	358
2.3	1137	424	356	499
2.3	940	363	345	394
2.3	1538	560	508	601
2.3	779	283	293	339
2.3	825	281	288	360
2.3	697	256	268	299
2.3	912	289	279	353
2.3	756	267	252	284
2.3	768	293	226	327
2.3	1038	323	343	391
2.3	873	306	273	358
2.3	723	278	252	300
2.3	1266	474	397	549
2.3	969	374	330	442
2.3	1563	515	437	618
2.3	1191	346	390	504
2.3	807	338	287	367
2.3	539	160	155	212
2.3	1315	445	430	555
2.3	1042	432	380	434
2.3	1007	271	263	412
2.3	732	213	223	291
2.3	754	212	242	374
2.3	933	315	273	361
2.3	965	375	284	364
2.3	850	273	232	353
2.3	1265	415	340	537
2.3	1232	393	376	515
2.3	915	321	285	370
2.3	1113	424	350	441
2.3	1377	454	474	536
2.3	905	371	351	400
2.3	1134	342	359	423
2.3	1008	325	393	443
2.3	792	285	275	332
2.3	1368	474	459	540
2.3	1424	454	472	584
2.3	889	318	300	356
2.3	762	310	274	329
2.3	759	305	300	331
2.3	791	229	230	322
2.3	856	299	266	320
2.3	854	275	232	338
2.3	781	223	210	321
2.3	943	357	329	377
2.3	891	313	281	346
2.3	666	231	215	262
2.3	874	281	261	337
2.3	802	308	288	344
2.3	724	276	242	292
2.3	774	319	286	323
2.3	734	273	258	305
2.3	663	234	244	261
2.3	1368	533	482	581
2.3	1288	479	416	520
2.3	1564	570	546	670
2.3	1020	319	341	397
2.3	973	410	409	440
2.3	966	351	353	401
2.3	817	320	299	337
2.3	759	325	281	330
2.3	726	211	245	344
2.3	760	244	276	363
2.3	852	344	303	371
2.3	1194	429	414	473
2.3	1364	430	413	555
2.3	1139	406	333	480
2.3	1031	392	367	426
2.3	1043	386	349	439
2.3	1360	500	492	579
2.3	805	355	340	352
2.3	1854	625	617	790
2.3	1264	452	391	525
2.3	1948	651	680	821
2.3	1335	404	458	523
2.3	537	233	288	246
2.3	866	263	320	389
2.3	1275	338	327	490
2.3	851	359	319	352
2.3	836	325	327	394
2.3	932	333	310	418
2.3	751	300	275	334
2.3	712	318	271	314
2.3	1084	489	417	479
2.3	1292	441	452	518
2.3	1224	470	412	494
2.3	1153	284	310	429
2.3	1044	327	394	463
2.3	883	313	280	376
2.3	1662	573	544	726
2.3	1043	431	351	435
2.3	1620	560	476	663
2.3	1048	368	311	433
2.3	1635	671	537	661
2.3	1289	569	549	525
2.3	1269	476	440	508
2.3	1013	303	318	444
2.3	980	317	322	427
2.3	1320	478	470	537
2.3	1459	471	484	616
2.3	1516	612	542	629
2.3	1562	591	539	624
2.3	939	358	357	389
2.3	1099	374	350	482
2.3	1174	413	393	479
2.3	1504	518	548	667
2.3	1217	397	418	519
2.3	1066	407	357	455
2.3	853	302	250	360
2.3	1090	433	406	453
2.3	869	387	345	369
2.3	654	239	216	286
2.3	1254	470	470	543
2.3	1686	657	577	696
2.3	1597	595	611	665
2.3	1500	597	528	598
2.3	867	290	309	391
2.3	1033	391	395	418
2.3	778	292	267	315
2.3	839	328	356	351
2.3	962	377	333	412
2.3	1379	508	438	578
2.3	1507	481	489	588
2.3	968	387	345	430
2.3	1020	431	405	448
2.3	1253	364	412	522
2.3	801	290	306	342
2.3	1180	353	416	483
2.3	900	325	361	374
2.3	857	333	275	349
2.3	1189	342	375	481
2.3	968	323	362	406
2.3	880	336	324	368
2.3	1458	568	472	578
2.3	837	309	287	364
2.3	734	253	233	336
2.3	1224	405	382	498
2.3	1410	393	363	565
2.3	994	378	385	451
2.3	851	331	335	366
2.3	548	106	132	285
2.3	854	309	301	390
2.3	1117	454	470	467
2.4	885	319	306	373
2.4	776	354	312	315
2.4	849	306	271	326
2.4	862	220	274	317
2.4	1582	718	748	701
2.4	874	356	328	333
2.4	690	334	271	287
2.4	4320	1553	1536	1572
2.4	1391	604	559	578
2.4	1126	478	439	474
2.4	737	304	262	298
2.4	687	252	291	279
2.4	743	322	313	310
2.4	1107	434	350	445
2.4	913	305	248	392
2.4	1147	368	354	449
2.4	1993	794	823	796
2.4	906	332	294	361
2.4	1578	573	570	640
2.4	1269	415	451	532
2.4	1013	425	421	465
2.4	1432	567	545	572
2.4	1515	544	595	600
2.4	774	326	329	321
2.4	904	368	345	386
2.4	1140	462	347	443
2.4	813	319	316	330
2.4	1100	354	375	431
2.4	1360	604	530	556
2.4	1469	556	642	575
2.4	4759	1352	1384	1702
2.4	1070	375	387	448
2.4	1170	390	441	470
2.4	760	370	403	349
2.4	1268	454	471	516
2.4	1641	785	836	710
2.4	785	246	247	297
2.4	913	401	330	377
2.4	713	308	283	291
2.4	1156	488	401	484
2.4	1257	556	576	544
2.4	1505	635	604	599
2.4	1274	518	548	540
2.4	1385	487	443	532
2.4	1387	492	520	603
2.4	1672	739	853	722
2.4	1508	538	567	580
2.4	1433	595	615	556
2.4	1379	571	552	618
2.4	996	394	359	397
2.4	1049	411	364	398
2.4	801	291	295	313
2.4	958	301	343	365
2.4	847	355	416	363
2.4	896	362	368	374
2.4	931	428	343	386
2.4	807	396	321	337
2.4	1128	438	350	453
2.4	1291	488	439	531
2.4	738	299	271	285
2.4	744	247	248	319
2.4	1046	389	381	426
2.4	1209	518	536	518
2.4	747	335	269	309
2.4	731	342	359	331
2.4	1497	575	533	570
2.4	824	221	256	339
2.4	1294	466	481	534
2.4	658	242	201	287
2.4	734	395	424	349
2.4	1105	346	357	431
2.4	4643	1358	1200	1704
2.4	878	330	390	387
2.4	1043	365	311	437
2.4	781	340	275	324
2.4	889	374	356	338
2.4	806	370	408	359
2.4	773	311	302	312
2.4	763	321	361	297
2.4	873	343	297	373
2.4	832	290	283	357
2.4	1436	562	624	571
2.4	717	284	278	318
2.4	957	412	398	413
2.4	690	273	313	294
2.4	874	385	358	369
2.4	1164	381	377	480
2.4	662	311	244	269
2.4	795	333	324	318
2.4	632	300	284	286
2.4	746	347	376	322
2.4	1173	494	541	524
2.4	923	416	377	394
2.4	860	355	361	394
2.4	1045	326	336	398
2.4	2206	959	901	884
2.4	674	244	231	257
2.4	1513	607	537	619
2.4	753	323	354	318
2.4	784	342	414	363
2.4	852	376	349	361
2.4	700	315	308	295
2.4	1259	578	531	553
2.4	1776	827	955	769
2.4	1198	402	425	527
2.4	873	393	311	342
2.4	712	319	335	332
2.4	850	373	311	351
2.4	1136	380	359	455
2.4	1132	442	389	463
2.4	1520	650	620	631
2.4	1310	554	528	548
2.4	1383	535	502	537
2.4	1237	508	485	509
2.4	1691	664	579	696
2.4	754	378	309	304
2.4	865	388	321	344
2.4	2669	805	821	945
2.4	780	255	234	383
2.4	480	117	112	189
2.4	473	85	83	224
2.4	786	347	305	326
2.4	1282	514	483	521
2.4	1421	546	559	545
2.4	1247	431	403	496
2.4	1829	826	869	771
2.4	1430	530	505	573
2.4	1170	392	352	495
2.4	3875	1410	1392	1595
2.4	1129	440	383	431
2.4	1375	587	560	583
2.4	1489	596	607	591
2.4	1021	405	353	465
2.4	803	264	246	343
2.4	1465	637	617	556
2.4	1345	581	576	599
2.4	1154	441	381	489
2.4	1010	315	339	410
2.4	1530	605	571	638
2.4	1545	565	542	614
2.4	2008	629	697	823
2.4	1234	371	353	532
2.4	1039	352	409	385
2.4	502	188	133	209
2.4	913	369	370	395
2.4	1136	425	390	495
2.4	1005	317	314	361
2.4	878	329	353	338
2.4	910	399	404	369
2.4	796	292	285	310
2.4	601	205	200	284
2.4	635	210	186	239
2.4	874	304	325	351
2.4	1397	492	510	543
2.4	803	292	228	320
2.4	875	334	321	367
2.4	753	356	360	347
2.4	4957	1447	1371	1850
2.4	1009	431	428	453
2.4	1367	608	570	600
2.4	1251	396	429	496
2.4	963	343	279	388
2.4	1509	607	576	598
2.4	1626	529	489	667
2.4	1340	458	512	511
2.4	803	295	280	368
2.4	805	301	254	330
2.4	827	278	306	379
2.4	2009	1065	903	892
2.4	665	243	238	316
2.4	1442	539	521	584
2.4	1059	332	319	434
2.4	835	348	325	362
2.4	1475	692	697	650
2.4	1238	419	386	490
2.4	1543	609	588	578
2.4	1178	495	431	489
2.4	1884	735	708	761
2.4	850	344	307	332
2.4	869	340	307	372
2.4	1031	355	344	415
2.4	1404	539	513	553
2.4	1298	576	536	543
2.4	717	234	286	321
2.4	997	346	296	393
2.4	739	276	307	314
2.4	1105	332	304	445
2.4	805	266	352	339
2.4	2126	989	1078	839
2.4	1612	655	655	642
2.4	1423	571	575	590
2.4	777	316	295	359
2.4	843	371	338	337
2.4	1366	647	527	575
2.4	1086	438	536	453
2.4	949	500	457	437
2.4	1515	510	567	635
2.4	1277	529	490	586
2.4	796	313	305	326
2.4	673	280	245	282
2.4	1543	627	688	645
2.4	935	309	329	403
2.4	688	276	293	289
2.4	802	361	386	377
2.4	1087	332	396	403
2.4	2249	907	956	948
2.4	880	343	354	366
2.4	1165	398	411	474
2.4	1969	669	673	832
2.4	1331	603	560	565
2.4	1531	633	661	596
2.4	972	447	409	445
2.4	741	226	262	283
2.4	1147	445	377	498
2.4	771	329	309	326
2.4	901	385	341	337
2.4	1704	817	756	744
2.4	2853	892	870	993
2.4	1619	526	455	652
2.4	1221	363	375	556
2.4	1223	439	438	441
2.4	851	372	340	354
2.4	1065	353	380	451
2.4	974	349	314	390
2.4	982	302	314	392
2.4	1479	574	538	619
2.4	1475	516	510	583
2.4	1952	607	672	797
2.4	964	305	346	349
2.4	822	315	308	330
2.4	1326	511	439	524
2.4	1270	517	496	532
2.4	947	294	302	390
2.4	1520	558	544	619
2.4	1442	513	501	586
2.4	1902	561	634	757
2.4	966	307	323	387
2.4	1496	595	555	628
2.4	1536	559	533	618
2.4	3039	1037	1054	1109
2.4	712	351	352	320
2.4	1595	573	574	571
2.4	874	475	532	474
2.4	827	353	298	341
2.4	890	494	535	498
2.4	833	331	265	334
2.4	929	363	290	381
2.4	853	313	273	356
2.4	1554	645	644	582
2.4	1314	525	519	549
2.4	1059	288	277	458
2.4	788	267	292	327
2.4	901	374	337	409
2.4	958	361	344	387
2.4	2591	935	855	925
2.4	2411	855	759	874
2.4	1779	642	658	680
2.4	1223	429	437	448
2.4	1073	363	371	378
2.4	1685	750	860	734
2.4	1528	711	786	663
2.4	755	307	316	345
2.4	754	342	345	336
2.4	747	308	353	327
2.4	1474	627	593	595
2.4	1271	580	535	544
2.4	746	266	229	311
2.4	1562	607	654	623
2.4	2479	819	849	979
2.4	1781	647	553	672
2.4	1189	411	418	459
2.4	830	359	279	327
2.4	678	348	396	282
2.4	1183	457	443	496
2.4	926	313	313	364
2.4	810	344	338	326
2.4	1396	542	480	584
2.4	792	317	301	306
2.4	700	303	326	293
2.4	887	321	338	351
2.4	2343	847	829	918
2.4	777	339	332	347
2.4	1042	359	412	393
2.4	838	211	246	329
2.4	760	280	260	328
2.4	690	215	242	283
2.4	738	333	258	311
2.4	873	332	314	323
2.4	805	410	446	365
2.4	1440	566	566	577
2.4	1215	490	480	547
2.4	1499	509	473	628
2.4	668	253	313	305
2.4	783	338	294	319
2.4	723	324	341	312
2.4	842	285	353	328
2.4	966	319	352	392
2.4	1312	529	489	508
2.4	776	364	290	332
2.4	1470	559	607	578
2.4	1647	706	641	654
2.4	878	396	348	374
2.4	2375	779	776	937
2.4	1240	495	482	504
2.4	789	318	302	327
2.4	778	311	337	362
2.4	1029	338	360	435
2.4	1023	461	438	480
2.4	1982	656	679	830
2.4	4374	1637	1490	1768
2.4	964	421	311	402
2.4	1003	341	370	385
2.4	712	230	192	320
2.4	929	356	387	411
2.4	986	426	341	399
2.4	767	351	333	322
2.4	693	232	240	281
2.4	2118	997	932	817
2.4	931	390	299	361
2.4	961	436	400	440
2.4	2617	770	845	875
2.4	683	245	194	286
2.4	1448	647	658	628
2.4	1462	658	747	644
2.4	962	376	345	439
2.4	1505	469	497	586
2.4	881	371	380	365
2.4	1221	390	406	494
2.4	1088	376	392	422
2.4	1234	522	474	485
2.4	1582	715	709	654
2.4	1577	715	803	689
2.4	1018	339	352	370
2.4	980	355	427	379
2.4	709	257	242	270
2.4	881	394	299	375
2.4	1461	574	637	570
2.4	1625	705	730	718
2.4	648	208	198	278
2.4	1344	484	481	552
2.4	788	319	304	331
2.4	727	245	249	302
2.4	881	318	273	372
2.4	1083	524	514	470
2.4	1723	710	648	699
2.4	1356	562	562	592
2.4	1049	434	391	451
2.4	1358	561	523	577
2.4	4176	1186	1212	1398
2.4	974	295	317	389
2.4	2092	1016	959	805
2.4	1518	738	734	658
2.4	1079	403	456	458
2.4	1412	648	641	603
2.4	1326	473	465	553
2.4	1026	362	356	389
2.4	1075	453	400	459
2.4	822	358	343	330
2.4	852	319	308	336
2.4	1543	573	557	660
2.4	840	348	349	348
2.4	734	259	243	288
2.4	819	316	356	340
2.4	941	362	297	379
2.4	1658	652	584	727
2.4	1763	781	825	757
2.4	733	323	353	312
2.4	898	393	345	375
2.4	2139	1047	1009	828
2.4	899	319	301	346
2.4	1807	772	743	794
2.4	1166	474	431	501
2.4	1587	604	585	648
2.4	1015	343	367	367
2.4	1575	695	702	667
2.4	1628	628	602	658
2.4	826	351	318	351
2.4	2189	1083	1053	840
2.4	1494	354	420	654
2.4	858	324	308	358
2.4	809	341	339	333
2.4	1363	574	532	552
2.4	1168	474	473	467
2.4	812	323	310	337
2.4	1240	537	479	510
2.4	1461	588	618	609
2.4	1305	538	556	546
2.4	1548	627	670	617
2.4	891	384	331	378
2.4	2370	1088	1115	917
2.4	948	439	412	425
2.4	1665	718	731	725
2.4	1334	414	478	542
2.4	827	349	307	335
2.4	781	298	270	322
2.4	1600	702	755	681
2.4	1515	633	598	638
2.4	1259	549	561	533
2.4	765	345	388	318
2.4	949	469	440	413
2.4	922	386	362	403
2.4	1018	375	348	384
2.4	776	424	477	431
2.4	768	240	207	339
2.4	743	337	306	331
2.4	887	326	359	361
2.4	916	354	319	389
2.4	911	387	306	365
2.4	1590	605	572	684
2.4	1229	526	515	504
2.4	912	382	395	361
2.4	816	379	272	319
2.4	909	328	368	394
2.4	806	337	280	322
2.4	1884	959	797	786
2.4	1363	484	498	477
2.4	1897	762	775	743
2.4	1134	427	411	435
2.4	1077	354	386	418
2.4	1741	580	602	639
2.4	692	272	183	273
2.4	1084	361	342	422
2.4	789	346	285	338
2.4	775	329	330	332
2.4	965	571	450	485
2.4	1008	398	382	398
2.4	1207	493	445	531
2.4	3290	1120	1190	1186
2.4	1161	485	476	476
2.4	1009	322	366	432
2.4	708	348	383	331
2.4	1340	453	492	527
2.4	1122	389	313	507
2.4	3675	914	899	1329
2.4	872	420	362	363
2.4	1452	646	642	600
2.4	1440	624	596	650
2.4	806	345	284	345
2.4	1420	649	686	625
2.4	1067	585	506	488
2.4	3775	1058	961	1367
2.4	905	343	312	362
2.4	1350	467	473	520
2.4	2377	1065	1106	930
2.4	1644	762	768	696
2.4	876	332	341	390
2.4	1946	568	668	799
2.4	1069	397	367	418
2.4	1530	583	561	559
2.4	2100	1121	1068	854
2.4	1487	611	590	627
2.4	1271	543	522	516
2.4	1816	609	595	690
2.4	2434	683	683	866
2.4	883	356	395	366
2.4	3369	1205	1224	1283
2.4	775	310	342	302
2.4	963	359	342	385
2.4	954	368	360	397
2.4	1104	352	353	411
2.4	1989	549	642	876
2.4	927	255	254	293
2.4	1636	684	601	649
2.4	970	268	250	426
2.4	4261	1494	1513	1525
2.4	911	417	400	427
2.4	934	414	418	432
2.4	847	324	375	378
2.4	922	377	377	411
2.4	990	331	288	431
2.4	4216	1449	1622	1473
2.4	955	283	234	443
2.4	1021	364	367	408
2.4	1039	336	392	444
2.4	878	357	332	400
2.4	890	344	400	368
2.4	3403	1118	1098	1258
2.4	1079	391	377	445
2.4	2111	1133	1064	869
2.4	989	382	284	368
2.4	828	363	327	318
2.4	2357	852	814	921
2.4	1017	481	501	533
2.4	1702	508	533	703
2.4	916	366	343	396
2.4	1692	521	658	676
2.4	1424	525	485	612
2.4	929	356	329	352
2.4	1229	572	563	523
2.4	1158	385	376	482
2.4	1039	357	357	406
2.4	717	375	311	315
2.4	1091	455	356	437
2.4	999	463	456	471
2.4	1591	782	750	715
2.4	2473	814	855	918
2.4	830	350	309	342
2.4	2154	1121	1084	869
2.4	682	190	172	279
2.4	1067	380	302	395
2.4	784	320	306	350
2.4	757	310	302	335
2.4	1106	361	346	440
2.4	793	332	392	375
2.4	1007	313	349	410
2.4	2337	840	784	787
2.4	2206	955	890	863
2.4	1152	485	462	449
2.4	3347	1143	1175	1217
2.4	870	348	303	360
2.4	871	390	317	360
2.4	1505	680	660	614
2.4	1473	602	638	652
2.4	1501	658	651	589
2.4	1324	518	600	572
2.4	753	246	217	313
2.4	1155	496	487	486
2.4	1644	716	822	694
2.4	1322	483	467	520
2.4	1314	589	581	602
2.4	1365	491	496	535
2.4	780	330	346	350
2.4	879	338	290	347
2.4	777	355	293	331
2.4	1907	963	930	766
2.4	897	345	360	366
2.4	1085	439	439	474
2.4	1679	798	859	708
2.4	812	343	297	314
2.4	1126	415	489	468
2.4	797	325	343	343
2.4	996	382	345	378
2.4	1035	349	349	380
2.4	836	366	369	378
2.4	1121	454	490	491
2.4	1174	522	460	530
2.4	1911	563	601	683
2.4	699	328	331	292
2.4	929	389	319	378
2.4	1196	509	493	513
2.4	726	258	283	324
2.4	1919	635	709	771
2.4	990	301	223	437
2.4	925	406	322	373
2.4	1958	635	557	764
2.4	856	332	314	359
2.4	1185	397	386	484
2.4	2086	728	766	788
2.4	2661	863	888	942
2.4	3455	1195	1228	1293
2.4	852	404	326	363
2.4	936	375	353	361
2.4	877	302	299	375
2.4	806	375	308	342
2.4	3345	1141	1192	1271
2.4	813	292	281	324
2.4	1045	367	394	370
2.4	982	455	470	423
2.4	1115	331	387	421
2.4	745	247	246	318
2.4	1380	492	462	594
2.4	1060	392	358	433
2.4	2703	871	869	965
2.4	707	237	233	278
2.4	1226	409	399	485
2.4	1350	419	486	545
2.4	861	354	320	332
2.4	872	337	323	352
2.4	2280	784	950	849
2.4	2307	823	942	870
2.4	2198	751	743	945
2.4	1361	458	453	583
2.4	1800	758	820	732
2.4	1336	533	505	548
2.4	1623	760	786	706
2.4	3386	1171	1162	1187
2.4	3756	1250	1399	1361
2.4	774	357	360	326
2.4	771	288	336	300
2.4	2224	1107	1049	887
2.4	1253	428	400	472
2.4	1132	486	421	502
2.4	2393	845	946	895
2.4	1358	667	565	596
2.4	1539	597	667	610
2.4	2212	1062	1036	890
2.4	888	260	254	394
2.4	938	272	285	378
2.4	2504	779	858	966
2.4	1445	595	579	580
2.4	1151	501	459	504
2.4	1088	465	482	458
2.4	798	275	351	339
2.4	946	405	318	377
2.4	784	349	367	349
2.4	1617	632	586	645
2.4	4310	1465	1594	1553
2.4	712	373	416	329
2.4	721	356	418	325
2.4	1012	403	387	418
2.4	2246	1030	1010	839
2.4	1211	373	409	501
2.4	2277	586	638	834
2.4	819	280	310	347
2.4	1999	601	683	784
2.4	844	349	283	323
2.4	3146	1193	1064	1142
2.4	1563	558	564	594
2.4	1573	587	613	619
2.4	1457	606	567	594
2.4	1188	483	463	496
2.4	830	326	305	333
2.4	1601	689	691	626
2.4	1528	637	622	673
2.4	868	339	389	401
2.4	1243	436	358	470
2.4	802	338	340	334
2.4	848	377	340	348
2.4	1345	448	476	587
2.4	981	382	370	413
2.4	1255	540	452	543
2.4	909	387	375	387
2.4	1690	614	661	718
2.4	860	323	334	375
2.4	1033	407	319	398
2.4	3649	1251	1283	1269
2.4	657	279	239	261
2.4	633	265	223	269
2.4	999	323	333	394
2.4	1014	345	353	431
2.4	1535	641	598	633
2.4	1188	444	401	448
2.4	1321	534	496	545
2.4	1166	480	421	504
2.4	3162	952	1083	1126
2.4	1463	576	528	584
2.4	1384	502	458	536
2.4	813	254	249	337
2.4	718	277	328	333
2.4	1112	499	468	508
2.4	971	349	383	413
2.4	1062	397	353	401
2.4	989	457	399	432
2.4	851	374	332	370
2.4	785	358	397	351
2.4	825	350	306	328
2.4	1011	471	497	474
2.4	904	342	319	334
2.4	1168	439	411	497
2.4	765	310	273	305
2.4	1669	534	612	673
2.4	882	370	334	351
2.4	771	371	355	341
2.4	829	294	260	308
2.4	1191	388	394	486
2.4	3016	1016	1062	1083
2.4	592	189	249	278
2.4	1640	495	624	654
2.4	619	194	249	278
2.4	864	316	264	372
2.4	986	390	394	441
2.4	679	397	463	384
2.4	936	407	334	360
2.4	877	370	316	339
2.4	1264	412	409	534
2.4	923	412	355	373
2.4	784	314	314	356
2.4	2562	850	821	930
2.4	1314	469	464	516
2.4	1171	454	453	483
2.4	1173	385	394	471
2.4	1497	600	577	596
2.4	1239	581	501	533
2.4	873	343	317	334
2.4	784	321	294	330
2.4	1040	454	443	439
2.4	1547	724	706	668
2.4	901	349	304	348
2.4	848	277	243	349
2.4	850	327	298	325
2.4	694	259	246	311
2.4	906	349	376	385
2.4	1393	573	550	550
2.4	1234	511	479	565
2.4	842	317	346	377
2.6	807	391	309	324
2.6	1217	598	586	492
2.6	1171	498	549	518
2.6	854	491	504	413
2.6	1515	586	601	635
2.6	1065	404	450	404
2.6	2633	1333	1322	1062
2.6	1196	656	694	551
2.6	1056	451	511	427
2.6	2375	924	934	900
2.6	875	414	493	441
2.6	875	433	417	383
2.6	1360	543	602	577
2.6	1098	393	385	452
2.6	738	323	306	301
2.6	965	434	439	408
2.6	943	412	489	416
2.6	863	427	413	361
2.6	1938	956	947	797
2.6	1768	1025	976	758
2.6	370	100	93	103
2.6	1004	545	626	476
2.6	1271	601	563	532
2.6	949	504	497	400
2.6	1174	611	614	518
2.6	938	381	417	365
2.6	706	274	259	284
2.6	765	334	346	314
2.6	947	447	481	420
2.6	1661	617	658	649
2.6	1851	808	811	739
2.6	2070	882	909	819
2.6	1179	657	634	543
2.6	2050	998	968	806
2.6	667	233	272	266
2.6	1724	876	839	714
2.6	1380	585	652	556
2.6	1957	809	825	906
2.6	2155	1095	1053	897
2.6	1661	795	775	711
2.6	908	453	435	365
2.6	1624	640	721	611
2.6	1727	674	876	717
2.6	1773	772	809	800
2.6	1872	780	813	796
2.6	757	362	322	314
2.6	927	420	408	397
2.6	768	314	315	304
2.6	816	403	346	332
2.6	897	398	429	372
2.6	821	385	416	355
2.6	841	374	307	350
2.6	974	482	559	436
2.6	1665	810	773	734
2.6	1968	942	981	776
2.6	1466	692	634	659
2.6	1433	623	591	556
2.6	906	383	386	399
2.6	998	388	425	373
2.6	750	303	295	315
2.6	809	359	393	340
2.6	976	480	456	415
2.6	791	422	381	370
2.6	954	435	416	395
2.6	781	347	404	344
2.6	659	355	301	289
2.6	852	358	385	343
2.6	712	277	293	294
2.6	811	357	372	360
2.6	1051	477	504	437
2.6	1189	651	639	518
2.6	2888	1599	1536	1121
2.6	1324	409	424	518
2.6	805	304	343	317
2.6	821	356	411	377
2.6	832	388	470	358
2.6	1527	661	601	570
2.6	972	465	477	414
2.6	507	162	187	189
2.6	696	331	336	251
2.6	861	409	446	379
2.6	991	443	504	415
2.6	1168	474	570	513
2.6	1019	553	581	449
2.6	851	390	424	360
2.6	767	324	298	300
2.6	923	458	421	403
2.6	774	312	302	320
2.6	929	397	435	387
2.6	940	446	436	412
2.6	1552	839	808	732
2.6	868	239	232	340
2.6	1028	444	470	421
2.6	929	410	436	379
2.6	760	325	316	316
2.6	3227	1531	1381	1462
2.6	1165	625	582	456
2.6	748	285	286	297
2.6	1225	519	529	524
2.6	915	406	473	415
2.6	993	504	490	477
2.6	1019	461	542	454
2.6	1151	491	394	556
2.6	810	421	391	326
2.6	1220	559	468	529
2.6	662	313	280	276
2.6	1131	597	588	462
2.6	908	431	475	407
2.6	697	347	345	303
2.6	1962	1023	944	804
2.6	1975	860	893	781
2.6	753	311	274	295
2.6	771	360	394	348
2.6	1074	413	427	432
2.6	1001	487	401	418
2.6	765	377	314	318
2.6	943	523	485	401
2.6	1099	501	474	500
2.6	1256	446	452	589
2.6	852	448	441	366
2.6	859	439	423	365
2.6	1388	583	587	570
2.6	1330	729	692	590
2.6	1515	541	551	614
2.6	1360	630	728	583
2.6	1700	715	785	778
2.6	1964	982	993	796
2.6	1519	661	635	650
2.6	918	370	452	383
2.6	662	300	253	275
2.6	732	299	271	289
2.6	907	427	384	382
2.6	963	501	505	418
2.6	2171	1025	983	831
2.6	720	308	318	304
2.6	2972	993	1052	1173
2.6	2031	770	757	867
2.6	1041	548	515	469
2.6	984	410	465	418
2.6	809	270	290	302
2.6	1031	589	618	466
2.6	1313	543	624	584
2.6	950	446	482	421
2.6	1189	421	394	481
2.6	1064	591	585	447
2.6	1092	494	506	462
2.6	956	442	461	405
2.6	2923	1121	1031	1308
2.6	1403	710	676	583
2.6	970	423	457	428
2.6	893	373	401	363
2.6	811	349	350	327
2.6	839	394	417	364
2.6	943	390	401	367
2.6	1057	412	493	394
2.6	1092	622	647	485
2.6	2022	896	879	789
2.6	1493	655	917	635
2.6	1638	740	894	642
2.6	1261	691	675	581
2.6	2812	1393	1166	1132
2.6	3218	1515	1517	1528
2.6	1396	765	780	633
2.6	1227	555	495	534
2.6	773	379	304	315
2.6	1351	602	571	572
2.6	961	441	483	398
2.6	889	427	367	363
2.6	1033	509	469	442
2.6	898	431	400	380
2.6	880	397	421	383
2.6	709	330	386	330
2.6	986	473	491	405
2.6	908	441	443	400
2.6	721	318	337	299
2.6	1027	452	527	462
2.6	939	402	395	389
2.6	1113	608	506	482
2.6	816	412	362	360
2.6	943	409	431	412
2.6	1468	821	772	653
2.6	2018	822	783	821
2.6	1360	612	624	532
2.6	1261	569	555	506
2.6	875	348	408	356
2.6	1426	645	587	576
2.6	644	312	270	286
2.6	698	241	240	307
2.6	1190	585	540	480
2.6	1134	605	525	499
2.6	1320	626	643	567
2.6	1521	855	822	709
2.6	1093	518	502	439
2.6	1422	592	520	620
2.6	1103	516	511	472
2.6	1971	959	901	759
2.6	926	324	398	387
2.6	2999	1518	1452	1284
2.6	797	368	355	319
2.6	752	330	337	304
2.6	1875	878	862	705
2.6	1356	541	538	557
2.6	979	432	462	411
2.6	844	403	375	354
2.6	790	350	343	349
2.6	1781	473	469	763
2.6	653	248	252	271
2.6	882	400	406	376
2.6	916	425	434	369
2.6	2047	1056	1002	786
2.6	1035	392	337	493
2.6	1978	910	895	728
2.6	1493	668	658	617
2.6	1233	551	583	578
2.6	727	300	331	271
2.6	819	349	371	337
2.6	1094	421	511	477
2.6	1127	655	563	497
2.6	1227	652	599	548
2.6	1235	562	550	528
2.6	1078	416	441	448
2.6	2098	1061	976	808
2.6	734	302	243	292
2.6	1310	740	634	581
2.6	2011	942	946	730
2.6	1944	1002	918	775
2.6	576	195	224	181
2.6	3385	1629	1522	1535
2.6	1137	689	583	491
2.6	1357	601	573	560
2.6	879	328	232	372
2.6	1001	454	544	441
2.6	1133	626	640	501
2.6	3885	1305	1361	1596
2.6	899	417	492	384
2.6	1615	859	738	744
2.6	919	535	564	413
2.6	891	450	412	382
2.6	1417	614	649	595
2.6	1496	675	608	618
2.6	1219	620	614	553
2.6	773	387	285	341
2.6	965	538	569	422
2.6	1156	649	601	492
2.6	2117	1041	991	830
2.6	1160	621	621	494
2.6	1640	721	725	663
2.6	967	402	399	404
2.6	701	265	274	277
2.6	1156	556	508	490
2.6	1417	593	626	584
2.6	1594	730	613	691
2.6	966	384	361	394
2.6	2141	1120	1074	847
2.6	2209	1106	1014	895
2.6	1168	525	592	449
2.6	1496	655	705	592
2.6	2025	999	911	798
2.6	1690	684	663	708
2.6	752	381	308	320
2.6	1593	764	694	660
2.6	946	439	390	378
2.6	917	385	412	363
2.6	1181	530	460	495
2.6	1175	539	532	487
2.6	707	295	268	283
2.6	660	261	262	275
2.6	1118	525	498	458
2.6	1572	687	708	636
2.6	1627	727	616	708
2.6	1753	893	780	698
2.6	832	370	359	318
2.6	867	431	396	385
2.6	1073	435	513	453
2.6	1528	790	742	637
2.6	993	382	358	361
2.6	814	356	420	349
2.6	2072	966	935	766
2.6	1109	459	383	532
2.6	1065	552	501	489
2.6	858	383	381	335
2.6	891	390	459	349
2.6	815	391	325	343
2.6	773	273	289	291
2.6	845	421	389	348
2.6	938	402	445	361
2.6	823	366	411	372
2.6	618	286	231	272
2.6	678	358	326	302
2.6	878	392	441	372
2.6	861	393	393	368
2.6	1003	523	461	430
2.6	1275	663	651	572
2.6	1907	974	872	766
2.6	870	408	413	378
2.6	997	519	528	445
2.6	830	367	326	342
2.6	865	410	386	379
2.6	990	441	507	423
2.6	745	299	359	312
2.6	845	405	431	404
2.6	820	448	381	357
2.6	673	338	292	275
2.6	978	419	410	364
2.6	875	403	432	382
2.6	1986	1002	876	821
2.6	1442	755	700	610
2.6	1172	529	489	484
2.6	1961	815	805	784
2.6	767	360	382	323
2.6	1253	621	589	532
2.6	2068	947	971	812
2.6	1085	485	538	442
2.6	973	407	371	379
2.6	865	408	405	375
2.6	921	452	434	378
2.6	985	451	500	407
2.6	1050	551	457	435
2.6	762	385	384	340
2.6	931	446	411	417
2.6	2222	1034	1117	961
2.6	1552	677	661	646
2.6	742	296	343	293
2.6	1357	558	645	569
2.6	1057	430	369	505
2.6	718	281	259	297
2.6	756	363	324	342
2.6	1687	843	856	731
2.6	1629	896	948	733
2.6	973	380	381	407
2.6	1306	722	568	600
2.6	1124	411	369	430
2.6	1025	496	495	436
2.6	1044	555	540	461
2.6	1585	867	850	701
2.6	973	425	407	421
2.6	1110	394	464	450
2.6	978	420	431	372
2.6	621	251	282	288
2.6	948	504	410	461
2.6	1144	483	567	456
2.6	1179	567	552	524
2.6	1041	412	450	363
2.6	943	432	465	379
2.6	1311	600	679	559
2.6	1750	1027	960	785
2.6	822	384	356	348
2.6	717	250	318	322
2.6	1427	714	646	609
2.6	1252	623	604	531
2.6	717	318	259	267
2.6	1364	594	521	598
2.6	1331	551	652	570
2.6	936	416	438	385
2.6	699	298	270	287
2.6	836	353	369	354
2.6	958	412	459	415
2.6	872	355	369	354
2.6	1360	733	687	590
2.6	814	414	365	326
2.6	1045	467	411	452
2.6	881	372	447	366
2.6	946	345	380	385
2.6	901	391	447	385
2.6	1789	637	691	762
2.6	1907	709	746	820
2.6	1201	527	599	512
2.6	1187	501	540	484
2.6	1695	790	759	696
2.6	1656	769	695	690
2.6	1325	555	552	521
2.6	2022	977	906	775
2.6	833	348	380	382
2.6	695	296	311	312
2.6	922	412	410	373
2.6	1203	523	505	514
2.6	1189	473	515	519
2.6	1319	619	566	613
2.6	1052	617	663	484
2.6	1163	537	502	488
2.6	1543	639	667	633
2.6	1608	679	559	669
2.6	1059	407	410	421
2.6	934	417	405	368
2.6	1091	525	435	448
2.6	696	302	345	326
2.6	568	239	200	259
2.6	641	297	288	278
2.6	546	203	218	211
2.6	584	261	237	227
2.6	729	338	345	303
2.6	1004	449	450	396
2.6	878	392	332	350
2.6	897	517	509	397
2.6	1074	420	464	440
2.6	850	359	407	360
2.6	1065	527	427	490
2.6	1297	514	537	540
2.6	1211	523	482	509
2.6	784	382	366	335
2.6	1627	699	668	653
2.6	2174	1005	992	843
2.6	560	153	183	248
2.6	736	299	293	310
2.6	867	381	407	382
2.6	730	300	291	294
2.6	824	337	377	328
2.6	888	380	451	378
2.6	807	349	321	340
2.6	873	455	442	396
2.6	1917	791	818	806
2.6	1041	494	434	418
2.6	940	403	447	394
2.6	1044	429	501	406
2.6	519	170	274	228
2.6	805	376	416	343
2.6	1288	611	555	569
2.6	2137	1080	1001	844
2.6	707	357	298	289
2.6	3562	1533	1572	1561
2.6	1255	679	611	509
2.6	884	371	405	387
2.6	863	370	342	399
2.6	855	365	392	371
2.6	863	400	398	370
2.6	817	350	329	342
2.6	894	393	424	390
2.6	921	405	473	377
2.6	789	348	296	318
2.6	897	406	425	369
2.6	1653	782	646	702
2.6	1334	580	542	546
2.6	2076	971	818	855
2.6	2650	1234	1071	1077
2.6	847	395	378	354
2.6	1984	1092	1056	884
2.6	976	420	439	400
2.6	798	379	356	340
2.6	1105	537	544	464
2.6	1813	1048	1102	762
2.6	962	424	456	414
2.6	993	435	521	427
2.6	797	408	361	351
2.6	963	434	460	415
2.6	1364	564	593	652
2.6	1291	541	531	539
2.6	945	448	402	391
2.6	773	322	294	315
2.6	895	402	406	375
2.6	734	331	349	319
2.6	902	474	445	392
2.6	1835	881	836	711
2.6	832	355	375	332
2.6	1779	861	827	655
2.6	884	397	412	361
2.6	725	291	263	305
2.6	795	391	357	333
2.6	982	486	421	401
2.6	1648	767	737	627
2.6	1602	660	691	687
2.6	1231	484	425	438
2.6	1219	627	690	529
2.6	770	350	305	313
2.6	816	334	371	348
2.6	792	402	556	394
2.6	702	309	286	303
2.6	905	426	382	403
2.6	875	381	357	368
2.6	1760	777	807	786
2.6	2064	1035	1035	896
2.6	1589	761	745	667
2.6	999	462	496	415
2.6	831	368	318	341
2.6	886	419	434	376
2.6	1005	479	441	493
2.6	1230	483	493	578
2.6	1100	589	480	472
2.6	777	383	397	341
2.6	866	318	320	307
2.6	787	401	376	334
2.6	1653	653	657	666
2.6	1444	749	706	631
2.6	1007	468	421	422
2.6	929	428	426	387
2.6	785	327	307	331
2.6	908	387	419	386
2.6	690	435	480	357
2.6	1886	1059	1123	795
2.6	740	296	305	291
2.6	2714	1364	1324	1099
2.6	888	390	401	363
2.6	676	377	397	280
2.6	747	460	438	348
2.6	630	325	293	263
2.6	698	215	242	287
2.6	1133	434	447	472
2.6	1658	860	800	712
2.6	1295	701	710	583
2.6	2935	1578	1476	1211
2.6	753	465	512	386
2.6	1114	431	379	537
2.6	1086	447	390	521
2.6	776	405	409	375
2.6	2703	1280	1153	1057
2.6	3047	1392	1317	1219
2.6	1110	659	608	525
2.6	1603	892	785	703
2.6	945	342	332	479
2.6	1045	416	453	439
2.6	614	264	208	283
2.6	1355	564	538	625
2.6	771	345	335	401
2.6	1041	578	608	495
2.6	958	549	597	447
2.6	2094	1073	950	827
2.6	2143	1049	1001	828
2.6	1325	634	617	550
2.6	954	424	471	381
2.6	869	399	396	375
2.6	1007	540	572	480
2.6	3943	1471	1438	1550
2.6	1328	549	598	615
2.6	1310	531	527	552
2.6	1603	616	621	627
2.6	827	387	320	351
2.6	1502	884	764	638
2.6	887	360	243	384
2.6	469	151	139	222
2.6	1014	516	478	425
2.6	1751	847	809	771
2.6	1019	453	471	434
2.6	877	404	398	357
2.6	2356	1159	1088	959
2.6	811	305	326	322
2.6	726	383	357	302
2.6	1861	733	719	742
2.6	1002	477	461	410
2.6	1105	694	576	507
2.6	2161	1126	984	869
2.6	973	559	628	436
2.6	799	380	346	332
2.6	1309	684	594	536
2.6	824	390	348	369
2.6	2822	1248	1123	1121
2.6	776	323	358	319
2.6	799	374	365	347
2.6	1174	518	457	443
2.6	659	313	369	300
2.6	869	389	396	359
2.6	764	374	324	334
2.6	1307	654	611	502
2.6	917	536	510	430
2.6	808	423	417	351
2.6	1091	435	416	460
2.6	983	444	407	428
2.6	865	416	445	394
2.6	546	245	192	208
2.6	814	376	459	368
2.6	1241	668	662	571
2.6	3050	1522	1471	1199
2.6	2934	1526	1481	1176
2.6	661	215	243	275
2.6	1061	478	444	412
2.6	1623	665	646	592
2.6	734	469	432	336
2.6	1576	865	838	711
2.6	1109	306	370	548
2.6	741	420	359	331
2.6	1174	456	433	475
2.6	1672	776	794	757
2.6	2065	1051	1012	856
2.6	1511	710	667	627
2.6	1725	857	746	656
2.6	1015	440	424	395
2.6	1619	697	797	638
2.6	1387	493	543	535
2.6	1359	617	608	571
2.6	1206	550	516	514
2.6	954	429	451	414
2.6	871	401	390	371
2.6	821	301	303	299
2.6	840	424	389	375
2.6	1138	519	461	491
2.6	702	306	252	273
2.6	1176	531	519	505
2.6	970	435	483	391
2.6	836	373	347	342
2.6	626	325	320	270
2.6	874	402	404	374
2.6	806	342	357	331
2.6	1408	675	578	564
2.6	858	450	425	350
2.6	1417	630	589	612
2.6	1742	792	746	711
2.6	1763	821	806	735
2.6	1039	504	502	415
2.6	1072	500	421	454
2.6	2046	1015	1013	788
2.6	929	417	458	396
2.6	918	430	459	394
2.6	929	432	432	412
2.6	1118	518	541	488
2.6	1592	827	751	676
2.6	1343	642	628	584
2.6	1399	637	734	542
2.6	1539	550	647	616
2.6	1246	627	557	511
2.6	2026	827	924	875
2.6	913	513	541	376
2.6	1175	580	515	501
2.6	1236	647	599	505
2.6	1803	741	788	805
2.6	1871	922	956	747
2.6	1408	641	642	579
2.6	1393	521	546	554
2.6	763	337	413	344
2.6	812	416	357	347
2.6	1322	583	561	545
2.6	1905	950	894	765
2.6	1180	531	504	501
2.6	1058	589	655	501
2.6	765	324	301	329
2.6	791	401	354	330
2.6	867	370	435	373
2.6	1174	498	501	483
2.6	987	514	571	459
2.6	1331	571	537	535
2.6	787	343	342	329
2.6	805	399	461	348
2.6	1162	486	523	463
2.6	1083	469	375	511
2.6	885	335	285	330
2.6	714	358	350	296
2.6	694	291	394	325
2.6	1092	583	566	515
2.6	1231	588	641	514
2.6	1068	599	663	513
2.6	2374	916	846	1043
2.6	757	344	290	307
2.6	1177	544	514	465
2.6	1832	909	853	740
2.6	1227	510	504	465
2.6	628	255	252	235
2.6	1298	676	655	526
2.6	1258	668	626	505
2.6	1208	492	490	496
2.6	903	447	435	417
2.6	750	365	390	340
2.6	858	386	399	378
2.6	2246	1103	1060	906
2.6	811	412	383	351
2.6	933	438	434	383
2.6	708	335	229	287
2.6	1135	464	463	471
2.6	2265	1131	1001	1065
2.6	539	250	212	231
2.6	985	474	455	428
2.6	1012	459	457	423
2.6	948	478	396	382
2.6	868	440	374	358
2.6	1521	738	763	695
2.6	1365	585	557	573
2.6	1334	559	570	605
2.6	855	439	343	394
2.6	1009	429	437	416
2.6	720	358	342	310
2.6	867	476	473	386
2.6	710	362	357	305
2.6	883	436	407	380
2.6	1196	502	528	484
2.6	1711	819	786	688
2.6	912	547	625	406
2.6	633	298	258	266
2.6	1239	517	617	497
2.6	1146	500	533	477
2.6	941	346	440	375
2.6	2131	1029	943	971
2.6	765	382	325	322
2.6	1871	762	779	765
2.6	849	477	503	383
2.6	737	285	371	340
2.6	989	479	515	456
2.6	1829	889	798	824
2.6	1737	829	722	638
2.6	1133	580	519	498
2.6	866	334	375	368
2.6	1320	684	718	590
2.6	1064	509	557	491
2.6	1738	855	883	745
2.6	2044	988	980	826
2.6	1418	643	615	583
2.6	910	471	524	419
2.6	1442	665	684	593
2.6	1693	828	713	713
2.6	1109	350	345	474
2.6	950	427	462	394
2.6	992	550	564	439
2.6	802	372	270	321
2.6	1475	738	734	639
2.6	963	365	456	386
2.6	1394	509	550	555
2.6	856	304	295	326
2.6	1064	369	362	423
2.6	1037	500	480	427
2.6	982	366	435	378
2.6	594	265	233	261
2.6	1403	526	572	595
2.6	847	446	379	374
2.6	2098	1006	1060	891
2.6	906	328	397	354
2.6	661	256	273	239
2.6	765	319	350	306
2.6	801	300	400	336
2.6	1147	518	454	407
2.6	1042	430	427	413
2.6	1066	428	487	417
2.6	832	369	405	350
2.6	921	349	335	430
2.6	1283	602	580	581
2.6	1515	619	675	675
2.6	1463	596	650	656
2.6	1293	538	556	583
2.6	835	292	363	332
2.6	2097	1030	959	791
2.6	1356	527	493	542
2.6	1515	845	746	641
2.6	2892	1328	1219	1126
2.6	1396	545	624	601
2.6	1798	904	844	793
2.6	2899	1403	1355	1122
2.6	784	411	399	328
2.6	1008	564	483	479
2.6	846	424	327	354
2.6	1254	679	650	561
2.6	1598	938	891	730
2.6	2072	1048	913	803
2.6	916	468	529	428
2.6	1013	574	570	476
2.6	1010	554	602	481
2.6	940	401	470	398
2.6	822	359	328	344
2.6	918	431	431	403
2.6	741	406	438	364
2.6	1054	505	472	423
2.6	1490	629	626	562
2.6	1452	615	492	641
2.6	968	406	466	361
2.6	805	335	393	329
2.6	1986	998	958	766
2.6	765	313	372	321
2.6	828	356	378	334
2.6	715	287	331	282
2.6	1142	604	522	550
2.6	809	416	394	357
2.6	823	357	376	353
2.6	1331	578	563	543
2.6	721	374	332	330
2.6	1753	681	670	689
2.6	1175	589	461	555
2.6	1111	542	463	518
2.6	1253	603	538	592
2.6	1186	449	425	566
2.6	1173	557	464	557
2.6	2091	1228	1032	915
2.6	1686	810	731	751
2.6	1112	478	510	547
2.6	842	565	564	438
2.6	1580	738	823	698
2.6	882	340	399	343
2.6	1090	527	586	469
2.6	707	310	325	260
2.6	1156	629	668	552
2.6	641	312	309	258
2.6	863	362	332	421
2.6	1345	755	753	622
2.6	1056	634	577	493
2.6	3188	962	1059	1360
2.6	1928	875	869	729
2.6	929	477	512	362
2.6	1205	719	643	548
2.6	3590	1805	1754	1392
2.6	753	329	293	289
2.6	859	322	306	373
2.6	816	352	284	324
2.6	933	409	394	375
2.6	650	279	268	263
2.6	659	304	233	257
2.6	661	302	266	290
2.6	512	262	264	240
2.6	1425	823	786	675
2.6	790	532	516	412
2.6	1391	738	708	595
2.6	931	356	380	420
2.6	945	406	447	407
2.6	923	377	394	360
2.6	917	420	435	400
2.6	645	273	251	283
2.6	609	254	247	257
2.6	733	294	307	285
2.6	1168	626	613	509
2.6	942	458	420	409
2.6	1055	428	321	399
2.6	1694	885	892	785
2.6	1069	477	498	428
2.6	1572	674	681	651
2.6	1374	591	484	530
2.6	912	434	429	382
2.6	1060	452	454	441
2.6	961	404	402	424
2.6	731	348	330	299
2.6	1628	606	596	657
2.6	652	377	386	319
2.6	1621	798	731	724
2.6	1000	433	519	409
2.6	1729	830	746	676
2.6	1311	619	599	562
2.6	906	330	427	373
2.6	1002	474	510	484
2.6	836	441	425	417
2.6	1226	575	561	529
2.6	1069	621	538	475
2.6	885	509	513	406
2.6	919	341	418	376
2.6	898	380	385	401
2.6	1601	823	770	676
2.6	781	308	307	308
2.6	766	332	341	315
2.6	951	459	421	408
2.6	737	288	277	299
2.6	880	359	341	342
2.6	1363	657	500	542
2.6	1280	650	647	534
2.6	1989	927	857	790
2.6	994	572	421	447
2.6	862	392	396	378
2.6	998	475	436	424
2.6	1100	437	534	460
2.6	1828	667	695	768
2.6	789	406	378	363
2.6	1045	599	648	480
2.6	1056	597	626	445
2.6	1991	950	898	758
2.6	825	313	356	321
2.6	799	314	349	318
2.6	1757	840	786	674
2.6	1888	1051	956	748
2.6	893	373	399	392
2.6	1871	921	874	756
2.6	1350	492	484	533
2.6	941	407	425	372
2.6	802	337	319	323
2.6	904	430	428	374
2.6	927	433	479	393
2.6	993	351	481	400
2.6	2014	871	894	811
2.6	1717	787	814	784
2.6	2141	1065	1142	909
2.6	1586	716	714	673
2.6	1439	649	669	605
2.6	1391	615	658	570
2.6	1091	551	457	490
2.6	969	457	503	438
2.6	818	342	319	346
2.6	876	420	419	363
2.6	1545	829	753	648
2.6	364	100	91	183
2.6	1698	513	542	733
2.6	1817	625	745	745
2.6	892	461	426	378
2.6	994	475	487	437
2.6	1247	466	486	542
2.6	1939	836	880	873
2.6	800	305	408	330
2.6	1065	425	402	429
2.6	813	383	368	355
2.6	2269	1038	1006	904
2.6	1102	451	428	454
2.6	869	455	359	403
2.6	1041	464	482	465
2.6	860	384	387	366
2.6	693	231	217	280
2.6	1132	464	459	481
2.6	1774	841	723	729
2.6	1724	830	799	675
2.6	956	469	503	436
2.6	718	311	300	303
2.6	930	431	434	404
2.6	1545	659	683	635
2.6	2575	1123	1073	995
2.6	2106	893	900	820
2.6	1026	471	487	439
2.6	800	356	318	335
2.6	950	417	450	392
2.6	1041	393	460	389
2.6	1395	602	630	555
2.6	974	472	488	424
2.6	1400	637	650	591
2.6	1623	738	643	724
2.6	777	246	347	292
2.6	749	368	307	303
2.6	1289	610	563	472
2.6	701	352	302	291
2.6	2014	1013	949	811
2.6	1216	500	516	510
2.6	1197	408	392	455
2.6	1461	831	828	706
2.6	1869	1056	981	828
2.6	1233	695	720	545
2.6	1182	507	542	510
2.6	2727	1330	1306	1127
2.6	943	510	416	408
2.6	1136	703	604	509
2.6	754	317	318	375
2.6	1385	689	681	637
2.6	864	407	407	360
2.6	986	462	405	437
2.6	1016	468	484	428
2.6	2321	898	873	1044
2.6	603	273	215	270
2.6	651	312	302	273
2.6	3565	1713	1561	1604
2.6	1966	1006	953	751
2.6	1624	705	663	679
2.6	1908	847	774	802
2.6	800	451	507	390
2.6	889	441	449	382
2.6	1347	560	561	611
2.6	1346	555	578	561
2.6	2234	1103	984	890
2.6	1136	492	568	483
2.6	818	324	341	360
2.6	1481	750	785	670
2.6	1211	633	612	507
2.6	687	350	297	285
2.6	1447	646	589	569
2.6	1190	570	556	579
2.6	1377	581	648	624
2.6	1092	608	588	477
2.6	1194	497	509	497
2.6	856	408	440	377
2.6	1154	474	405	537
2.6	1060	469	540	459
2.6	793	440	489	381
2.6	912	386	432	410
2.6	1293	537	558	552
2.6	686	352	328	306
2.6	786	424	389	335
2.6	727	324	313	300
2.6	4967	1768	1847	1946
2.6	1041	495	421	498
2.6	1296	538	559	530
2.6	1119	484	487	468
2.6	694	259	321	280
2.6	607	214	232	224
2.6	1232	532	546	576
2.6	1337	507	593	620
2.6	1169	567	573	601
2.6	1775	806	755	753
2.6	944	446	455	387
2.6	897	397	413	384
2.6	989	396	443	394
2.6	596	214	258	220
2.6	4817	1708	1782	1921
2.6	1088	348	383	456
2.6	849	550	515	436
2.6	558	185	237	222
2.6	960	378	412	395
2.6	599	251	263	249
2.6	1534	668	678	614
2.6	876	446	453	379
2.6	868	398	381	362
2.6	1338	591	597	559
2.6	1205	551	454	528
2.6	1040	581	583	466
2.6	814	276	277	301
2.6	1842	858	813	832
2.6	1254	618	622	636
2.6	1429	576	631	645
2.6	1278	593	612	634
2.6	665	335	311	277
2.6	586	315	218	263
2.6	2191	1148	1115	902
2.6	673	243	283	250
2.6	829	276	325	307
2.6	843	346	360	329
2.6	1004	427	461	389
2.6	1523	620	562	654
2.6	2654	1247	1069	1086
2.6	1978	960	927	781
2.6	685	245	301	268
2.6	1070	342	336	418
2.6	1048	475	543	437
2.6	785	337	306	330
2.6	900	385	451	401
2.6	1902	909	812	780
2.6	1667	621	644	594
2.6	1029	430	481	445
2.6	817	331	315	335
2.6	843	376	392	368
2.6	970	444	479	407
2.6	2025	1057	990	800
2.6	1031	556	557	509
2.6	862	343	379	349
2.6	843	284	361	338
2.6	1320	456	486	632
2.6	1617	806	691	700
2.6	1504	569	586	649
2.6	779	360	384	336
2.6	1052	477	479	487
2.6	853	347	386	365
2.6	1825	819	818	720
2.6	1408	571	615	605
2.6	832	281	275	322
2.6	758	321	337	298
2.6	862	343	414	356
2.6	863	371	362	356
2.6	975	363	422	399
2.6	705	318	307	285
2.6	730	291	323	311
2.6	826	324	342	320
2.6	964	445	420	401
2.6	1182	556	535	512
2.6	1443	599	637	584
2.6	1656	765	642	727
2.6	1079	444	545	422
2.6	1038	535	512	444
2.6	1144	527	496	480
2.6	1537	684	676	628
2.6	1599	744	610	694
2.6	1952	765	833	775
2.6	825	422	386	367
2.6	868	447	431	383
2.6	1628	742	686	651
2.6	1326	533	566	521
2.6	661	308	272	248
2.6	1249	533	527	506
2.6	1067	681	592	511
2.6	1390	610	605	547
2.6	918	416	471	394
2.6	775	335	309	319
2.6	901	435	452	375
2.6	1264	510	537	478
2.6	1103	483	540	435
2.6	1133	527	525	484
2.6	1065	480	403	459
2.6	1632	792	766	716
2.6	1425	800	760	625
2.6	1527	724	632	693
2.6	1223	516	466	543
2.6	1661	719	707	687
2.6	1221	555	513	583
2.6	1255	556	528	592
2.6	1348	566	683	503
2.6	1373	637	740	562
2.6	1950	1094	1213	820
2.6	1584	710	699	656
2.6	729	279	308	303
2.6	1174	387	427	526
2.6	861	371	323	355
2.6	823	387	339	311
2.6	1128	449	501	482
2.6	1126	497	436	497
2.6	1167	486	535	452
2.6	707	276	182	290
2.6	709	257	289	272
2.6	1287	489	436	498
2.6	800	319	336	337
2.6	1725	850	819	672
2.6	1967	1003	949	803
2.6	1485	700	705	611
2.6	2181	1101	1007	833
2.6	2043	839	822	773
2.6	906	430	415	354
2.6	1028	568	573	459
2.6	993	421	393	404
2.6	906	390	429	367
2.6	889	476	409	386
2.6	969	460	496	424
2.6	986	457	414	423
2.6	1181	671	666	511
2.6	1000	426	451	462
2.6	737	347	343	314
2.6	1670	680	630	670
2.6	864	395	413	374
2.6	787	406	414	389
2.6	699	349	290	294
2.6	1258	617	584	477
2.6	955	538	540	503
2.6	1342	623	480	535
2.6	1066	485	491	466
2.6	950	423	503	415
2.6	969	422	439	412
2.6	741	312	349	317
2.6	1385	500	501	560
2.6	920	469	402	399
2.6	1025	489	499	442
2.6	992	511	446	436
2.6	1097	406	409	541
2.6	661	397	370	303
2.6	838	354	399	334
2.6	2273	1146	1155	875
2.6	894	409	393	357
2.6	890	437	463	384
2.6	991	403	407	424
2.6	1646	714	703	674
2.6	1484	751	592	652
2.6	1165	483	531	490
2.6	1040	515	540	449
2.6	1180	605	504	579
2.6	1117	501	406	523
2.6	825	357	375	368
2.6	1121	479	509	523
2.6	580	273	213	256
2.6	648	340	312	269
2.6	1110	475	464	552
2.6	925	450	480	426
2.6	752	327	360	321
2.6	960	428	458	411
2.6	1315	582	555	534
2.6	924	432	462	415
2.6	865	397	400	371
2.6	796	334	311	324
2.6	939	417	407	391
2.6	861	446	475	417
2.6	1391	621	628	593
2.6	1601	618	729	635
2.6	1969	826	700	839
2.6	1272	733	683	570
2.6	2468	1209	1159	942
2.6	663	231	220	264
2.6	829	346	329	335
2.6	939	308	327	415
2.6	1114	561	621	514
2.6	738	357	386	360
2.6	1417	567	615	617
2.6	1580	771	707	665
2.6	1469	680	623	575
2.6	1371	734	683	591
2.6	1295	618	590	553
2.6	1330	705	682	587
2.6	1252	694	630	549
2.6	1418	743	698	623
2.6	1263	694	678	565
2.6	886	522	588	419
2.6	1289	708	636	551
2.6	737	465	506	355
2.6	938	407	440	410
2.6	795	394	402	358
2.6	861	403	356	370
2.6	1214	552	533	510
2.6	1484	629	697	613
2.6	1677	803	662	743
2.6	895	275	387	334
2.6	1458	630	648	584
2.6	1213	585	418	485
2.6	1479	668	701	577
2.6	1187	317	316	406
2.6	1571	676	675	637
2.6	1573	730	767	648
2.6	876	445	478	386
2.6	757	447	457	379
2.6	848	381	359	329
2.6	3203	1549	1507	1339
2.6	3066	1558	1438	1319
2.6	3104	1557	1477	1319
2.6	976	516	540	398
2.6	1016	420	508	397
2.6	1282	506	573	562
2.6	1016	451	487	434
2.6	808	334	311	332
2.6	906	430	423	400
2.6	927	400	457	373
2.6	2717	1199	1177	1131
2.6	1762	758	652	758
2.6	830	366	295	331
2.6	847	397	347	346
2.6	1485	623	577	615
2.6	1864	824	807	736
2.6	1875	1019	1018	777
2.6	1026	570	579	442
2.6	1195	512	451	496
2.6	1281	514	566	533
2.6	1018	443	491	432
2.6	865	393	392	368
2.6	1268	566	579	545
2.6	1155	547	622	545
2.6	1310	596	648	605
2.6	1041	494	514	465
2.6	836	347	319	352
2.6	864	404	418	375
2.6	1178	488	511	448
2.6	752	367	380	333
2.6	1683	667	665	689
2.6	1029	628	634	501
2.6	2003	998	939	824
2.6	1943	978	906	781
2.6	2063	896	925	836
2.6	765	419	480	366
2.6	1124	482	557	531
2.6	1303	597	640	596
2.6	2089	932	892	854
2.6	878	385	338	346
2.6	2048	846	845	820
2.6	900	404	420	382
2.6	815	345	312	341
2.6	998	439	496	433
2.6	767	330	302	321
2.6	797	319	303	311
2.6	1029	506	524	444
2.6	887	365	327	355
2.6	1801	827	757	725
2.6	845	358	415	357
2.6	820	380	343	351
2.6	993	253	326	478
2.6	1279	604	589	537
2.6	1234	541	553	511
2.6	1460	776	789	681
2.6	878	523	603	427
2.6	944	484	566	438
2.6	895	479	560	401
2.6	978	513	665	455
2.6	1213	716	626	565
2.6	768	321	282	309
2.6	728	307	272	299
2.6	768	327	308	293
2.6	1440	797	739	632
2.6	1330	663	604	583
2.6	1400	727	723	594
2.6	1480	687	653	576
2.6	1030	418	480	423
2.6	995	428	481	409
2.6	1307	619	606	571
2.6	1004	492	503	431
2.6	977	505	457	417
2.6	959	475	501	415
2.6	969	486	474	403
2.6	1112	557	570	467
2.6	1544	613	614	650
2.6	1010	428	490	417
2.6	815	351	331	325
2.6	729	305	276	293
2.6	1187	564	578	504
2.6	1218	647	644	531
2.6	1369	811	774	609
2.6	853	390	343	379
2.6	1030	474	509	454
2.6	999	442	469	435
2.6	1721	788	682	707
2.6	994	465	496	443
2.6	888	553	526	411
2.6	608	190	205	234
2.6	778	363	379	315
2.6	790	378	384	328
2.6	1804	928	852	751
2.6	1359	536	482	523
2.6	1898	895	678	706
2.6	2334	806	964	966
2.6	917	432	425	391
2.6	1693	960	904	749
2.6	1176	525	517	497
2.6	837	389	315	336
2.6	1579	654	653	678
2.6	1122	459	548	453
2.6	1104	505	539	486
2.6	1792	895	802	724
2.6	812	365	432	360
2.6	2020	916	898	784
2.6	1049	557	603	463
2.6	860	467	502	408
2.6	1003	504	468	414
2.6	999	419	461	450
2.6	680	411	390	342
2.6	710	377	349	336
2.6	952	435	432	391
2.6	1877	1011	927	788
2.6	688	295	324	283
2.6	782	297	383	317
2.6	1993	937	841	828
2.6	1952	962	817	818
2.6	993	488	519	440
2.6	1037	476	467	428
2.6	966	426	453	402
2.6	1987	974	849	843
2.6	809	442	426	373
2.6	1362	801	681	611
2.6	1525	717	748	613
2.6	1398	645	756	567
2.6	1270	668	691	574
2.6	1259	515	504	595
2.6	1076	323	336	443
2.6	1121	366	374	460
2.6	963	315	390	429
2.6	1764	755	696	778
2.6	726	449	358	354
2.6	2038	1223	1004	882
2.6	808	390	397	351
2.6	1471	738	705	628
2.6	1212	436	458	504
2.6	1955	938	869	776
2.6	1906	909	838	834
2.6	1226	602	626	630
2.6	813	456	379	347
2.6	1214	548	532	513
2.6	1102	459	457	482
2.6	1103	608	633	491
2.6	1214	644	620	561
2.6	1363	638	642	583
2.6	600	345	318	315
2.6	968	456	479	389
2.6	1216	488	512	490
2.6	987	437	423	411
2.6	792	298	347	315
2.6	884	503	447	386
2.6	1119	497	620	499
2.6	1461	729	719	634
2.6	2129	1009	941	879
2.6	1190	519	571	547
2.6	1192	606	672	537
2.6	846	356	385	350
2.6	1697	778	757	715
2.6	760	323	427	341
2.6	1001	413	452	434
2.6	969	420	482	418
2.6	753	351	315	319
2.6	888	432	412	387
2.6	855	400	375	348
2.6	992	433	487	440
2.6	810	361	413	333
2.6	1619	866	711	695
2.6	1808	846	764	741
2.6	1143	572	529	537
2.6	1761	868	844	698
2.6	766	304	283	297
2.6	875	423	426	363
2.6	948	427	505	392
2.6	651	324	283	269
2.6	902	442	443	397
2.6	830	368	323	348
2.6	850	426	396	346
2.6	1874	1002	952	797
2.6	672	292	311	273
2.6	730	264	323	300
2.6	798	457	484	362
2.6	825	494	490	387
2.6	688	272	351	313
2.6	1756	601	686	731
2.6	840	342	321	340
2.6	1477	540	541	715
2.6	652	309	275	267
2.6	1280	487	516	512
2.6	1362	520	510	570
2.6	1340	490	495	577
2.6	1284	420	419	527
2.6	1120	510	546	479
2.6	949	417	446	404
2.6	1047	449	505	455
2.6	1071	515	529	458
2.6	1120	621	674	507
2.6	1285	515	514	527
2.6	1012	463	508	451
2.6	838	345	323	346
2.6	762	305	363	309
2.6	1300	534	468	541
2.6	825	349	397	336
2.6	1391	766	693	582
2.6	1674	779	674	714
2.6	1795	853	822	762
2.6	948	398	411	389
2.6	1037	415	486	456
2.6	1285	610	580	550
2.6	837	354	424	358
2.6	1124	500	439	432
2.6	983	413	354	400
2.6	1094	422	515	488
2.6	1112	543	556	498
2.6	868	384	421	384
2.6	1499	697	706	629
2.6	1060	409	455	456
2.6	2106	870	889	810
2.6	1797	853	779	780
2.6	1316	620	615	632
2.6	668	249	260	258
2.6	787	364	335	338
2.6	1400	623	647	582
2.6	873	417	418	376
2.6	1905	669	762	801
2.6	1010	434	488	419
2.6	1257	509	555	525
2.6	1396	651	673	600
2.6	2288	1211	1148	978
2.6	1049	458	508	436
2.6	1385	424	416	561
2.6	2016	859	789	859
2.6	814	358	308	325
2.6	1261	689	654	558
2.6	1092	493	468	451
2.6	829	335	315	345
2.6	2049	851	951	843
2.6	1878	799	864	741
2.6	801	340	280	314
2.6	1577	747	686	639
2.6	734	281	335	288
2.6	1420	799	706	619
2.6	996	419	435	405
2.6	1071	407	422	434
2.6	762	325	433	334
2.6	1815	1028	1003	798
2.6	2244	1111	1070	949
2.6	1026	416	456	412
2.6	1132	374	381	467
2.6	1159	456	443	515
2.6	985	428	435	393
2.6	1180	447	419	485
2.6	702	285	249	257
2.6	971	431	425	413
2.6	721	293	263	300
2.6	917	355	430	387
2.6	1175	451	392	576
2.6	946	410	431	370
2.6	688	355	325	298
2.6	1363	778	664	598
2.6	1409	500	553	577
2.6	903	369	365	366
2.6	845	363	352	344
2.6	646	266	284	271
2.6	1092	455	484	440
2.6	993	450	474	430
2.6	1191	628	566	523
2.6	1246	636	604	545
2.6	1042	530	523	461
2.6	778	341	321	317
2.6	1127	541	504	482
2.6	1208	506	431	577
2.6	1373	687	656	611
2.6	799	311	294	321
2.6	955	389	472	428
2.6	1802	753	595	614
2.6	1790	820	786	754
2.6	1155	543	594	579
2.6	2027	975	850	839
2.6	696	318	342	314
2.6	1824	950	763	766
2.6	1837	832	921	739
2.6	1602	770	730	720
2.6	1209	572	571	590
2.6	898	354	416	380
2.6	1125	507	487	475
2.6	1360	554	616	530
2.6	1599	703	628	690
2.6	1302	597	633	559
2.6	639	245	228	268
2.6	1001	437	475	395
2.6	949	433	457	392
2.6	1759	768	745	669
2.6	1006	433	501	443
2.6	795	348	319	330
2.6	1162	579	614	542
2.6	1698	862	851	716
2.6	1049	467	489	456
2.6	822	355	326	344
2.6	766	342	299	315
2.6	894	397	457	364
2.6	766	311	297	313
2.6	900	407	406	374
2.6	1824	902	823	706
2.6	939	426	416	385
2.6	1104	474	427	466
2.6	964	441	525	411
2.6	1233	481	469	509
2.6	952	434	471	406
2.6	741	314	305	302
2.6	1027	478	516	455
2.6	816	326	309	326
2.6	888	416	428	387
2.6	888	494	431	396
2.6	1741	695	759	722
2.6	1744	745	719	729
2.6	2035	882	831	843
2.6	1637	770	804	687
2.6	1642	814	862	701
2.6	773	293	353	323
2.6	1242	531	614	566
2.6	1528	472	434	627
2.6	817	380	324	334
2.6	950	449	509	399
2.6	841	342	320	369
2.6	1039	305	333	419
2.6	834	362	384	358
2.6	742	357	353	308
2.6	813	412	396	377
2.6	962	434	432	364
2.6	675	273	252	265
2.6	1098	627	582	470
2.6	772	316	270	319
2.6	910	393	412	383
2.6	795	335	335	329
2.6	1926	1183	1006	853
2.6	1960	946	845	818
2.6	2051	1044	969	829
2.6	3222	1657	1596	1411
2.6	1348	678	724	591
2.6	1077	528	531	518
2.6	895	388	459	388
2.6	1059	452	526	463
2.6	1230	641	675	522
2.6	789	355	317	299
2.6	1360	763	781	616
2.6	976	688	658	525
2.6	1033	438	515	450
2.6	813	324	300	335
2.6	817	433	408	369
2.6	1288	548	537	510
2.6	1467	583	642	577
2.6	1963	795	676	836
2.6	1186	556	521	517
2.6	1499	648	701	622
2.6	1687	760	647	729
2.6	1176	469	477	467
2.6	1002	430	358	426
2.6	788	356	377	332
2.6	922	397	361	380
2.6	884	441	447	377
2.6	959	417	467	421
2.6	1303	590	478	501
2.6	889	448	436	391
2.6	983	456	395	419
2.6	1003	487	537	444
2.6	839	425	405	369
2.6	1008	465	415	429
2.6	933	379	430	387
2.6	706	331	313	272
2.6	1261	661	576	497
2.6	989	474	477	425
2.6	1487	685	626	614
2.6	1026	429	513	452
2.6	900	393	404	366
2.6	852	457	441	398
2.6	1281	546	651	578
2.6	959	466	428	424
2.6	695	275	269	290
2.6	1326	726	733	620
2.6	1113	495	449	462
2.6	842	370	354	352
2.6	1090	456	510	470
2.6	954	426	423	420
2.6	965	457	459	421
2.6	1451	731	759	621
2.6	937	421	473	412
2.6	748	302	288	304
2.6	779	403	392	347
2.6	1411	570	568	543
2.6	732	337	285	314
2.6	789	389	359	352
2.6	1006	456	524	416
2.7	2536	1059	988	911
2.7	738	333	280	332
2.7	3569	1588	1617	1429
2.7	1018	474	438	462
2.7	2611	1023	959	1010
2.7	1234	559	539	495
2.7	819	348	328	359
2.7	1040	427	505	455
2.7	1581	560	502	637
2.7	1118	454	359	421
2.7	4667	2056	2086	1905
2.7	1304	577	560	532
2.7	2353	927	875	837
2.7	3040	1235	1192	1126
2.7	1781	941	921	862
2.7	2767	1093	1078	1008
2.7	3151	1174	1200	1152
2.7	2499	1010	925	889
2.7	1084	442	539	462
2.7	1246	437	552	572
2.7	3820	1394	1446	1406
2.7	3009	1285	1049	1121
2.7	2953	1373	1203	1144
2.7	1269	612	702	574
2.7	3337	1448	1332	1233
2.7	1612	802	722	760
2.7	1739	898	878	772
2.7	2434	962	915	886
2.7	842	312	358	375
2.7	3488	1343	1204	1286
2.7	2341	850	867	831
2.7	3924	1614	1542	1453
2.7	4352	1973	1921	1715
2.7	998	237	217	394
2.7	979	236	221	394
2.7	1351	586	644	633
2.7	2968	1332	1263	1102
2.7	1350	515	440	482
2.7	1322	594	444	541
2.7	1011	412	313	396
2.7	871	367	339	365
2.7	4491	1913	1927	1712
2.7	2721	1048	1008	950
2.7	859	333	334	366
2.7	3538	1441	1344	1325
2.7	2565	1227	1136	963
2.7	3590	1450	1402	1285
2.7	766	336	294	308
2.7	3674	1543	1507	1377
2.7	1316	602	712	612
2.7	2903	1116	998	1076
2.7	1734	836	677	737
2.7	3619	1468	1375	1340
2.7	1007	438	480	435
2.7	4134	1552	1570	1472
2.7	4731	1778	1769	1695
2.7	2671	1106	1066	1021
2.7	1668	613	681	689
2.7	1123	440	435	492
2.7	1053	375	411	452
2.7	1686	809	893	692
2.7	1431	591	531	604
2.7	1534	609	550	660
2.7	1742	723	668	741
2.7	1538	664	561	644
2.7	1655	815	690	681
2.7	2496	1105	1120	965
2.7	1420	454	447	546
2.7	1151	550	499	510
2.7	1520	613	541	605
2.7	945	430	394	410
2.7	1237	601	604	562
2.7	1217	535	515	535
2.7	1347	622	580	570
2.7	3941	1502	1259	1523
2.7	4593	2047	2122	1789
2.7	1388	563	452	563
2.7	4843	2102	2200	1953
2.7	2636	1103	972	967
2.7	2355	970	852	890
2.7	2625	1055	997	979
2.7	3806	1545	1434	1403
2.7	1339	595	523	548
2.7	881	400	363	418
2.7	2677	1022	1014	975
2.7	2561	998	1089	938
2.7	887	383	360	377
2.7	2587	953	979	936
2.7	1436	768	601	614
2.7	782	375	324	338
2.7	996	403	386	425
2.7	945	392	379	400
2.7	4079	1626	1538	1499
2.7	887	344	349	395
2.7	851	367	373	382
2.7	1000	441	450	452
2.7	1283	574	565	535
2.7	4248	1874	1790	1660
2.7	1466	488	499	555
2.7	2649	1240	1154	1003
2.7	2373	1120	973	991
2.8	1740	742	720	679
2.8	1061	543	418	434
2.8	1261	628	475	528
2.8	1133	516	446	448
2.8	1239	643	543	512
2.8	1532	681	641	601
2.8	1247	606	540	501
2.8	947	393	334	366
2.8	930	432	329	358
2.8	692	282	240	249
2.8	1047	562	374	433
2.8	1193	629	469	487
2.8	1477	621	579	619
2.8	1149	513	478	477
2.8	1200	470	503	492
2.8	1478	635	619	599
2.8	1260	537	551	502
2.8	1220	700	463	554
2.8	1246	540	508	492
2.8	1222	628	509	512
2.8	1096	587	417	466
2.8	1325	574	511	541
2.8	1161	466	464	451
2.8	1201	500	475	459
2.8	1079	440	484	441
2.8	1186	528	486	474
2.8	866	347	350	329
2.8	1244	528	505	485
2.8	1448	696	657	560
2.8	1350	604	518	516
2.8	1404	692	539	593
2.8	1219	487	450	478
2.8	1744	765	784	656
2.8	1251	526	461	473
2.8	1230	524	506	521
2.8	1279	681	583	538
2.8	1329	652	541	537
2.8	1325	653	572	568
2.8	1631	703	632	623
2.8	1699	812	648	681
2.8	2127	835	877	900
2.8	1319	613	535	555
2.8	1301	669	587	549
2.8	1223	624	512	503
2.8	1037	499	395	408
2.8	1137	652	438	512
2.8	1455	610	606	537
2.8	1158	448	453	403
2.8	1658	770	688	630
2.8	1157	452	468	473
2.8	1156	502	519	462
2.8	1356	647	584	520
2.8	1668	847	746	671
2.8	1519	635	550	594
2.8	1353	591	547	526
2.8	1107	578	407	459
2.8	1203	588	493	521
2.8	1258	663	514	547
2.8	1477	688	568	619
2.8	1224	590	511	497
2.8	1276	562	592	514
2.8	1387	590	606	556
2.8	1463	621	625	540
2.8	1262	633	510	522
2.8	1122	656	455	488
2.8	1547	676	645	656
2.8	1305	618	591	526
2.8	1381	595	612	541
2.8	2080	833	819	917
2.8	943	426	432	386
2.8	1026	456	450	427
2.8	923	409	362	358
2.8	1095	491	480	452
2.8	1820	877	879	696
2.8	1607	741	668	636
2.8	1204	465	482	420
2.8	1129	564	488	442
2.8	1146	497	435	450
