3.40.30	0.77625	0.636491	0.922253	0.746849	0.510925	0.847072	0.696491	0.54726	
3.40.30	0.771816	0.6364	0.921217	0.745147	0.482829	0.850384	0.699959	0.551013	
3.40.30	0.770524	0.627687	0.923178	0.752508	0.47875	0.848075	0.686095	0.535804	
3.40.30	0.773608	0.638604	0.919178	0.746916	0.449852	0.849462	0.69345	0.549943	
3.40.30	0.775356	0.642821	0.920234	0.743872	0.458606	0.849667	0.697669	0.561503	
3.40.30	0.772564	0.641137	0.917759	0.74212	0.440783	0.84787	0.702446	0.554376	
3.40.30	0.781189	0.652212	0.927986	0.763186	0.495361	0.861146	0.713308	0.579949	
3.40.30	0.772386	0.637492	0.921244	0.74107	0.468973	0.851951	0.701704	0.551452	
3.40.30	0.782534	0.646798	0.926674	0.765027	0.489566	0.852654	0.700904	0.56022	
3.40.30	0.77477	0.645209	0.924513	0.755027	0.48292	0.861896	0.715646	0.569927	
3.40.30	0.771432	0.636939	0.922183	0.747728	0.446045	0.851403	0.695212	0.555986	
3.40.30	0.771655	0.636318	0.922551	0.745083	0.468925	0.848399	0.694748	0.553683	
3.40.30	0.772238	0.634742	0.920815	0.74354	0.463811	0.847288	0.693472	0.544437	
3.40.30	0.781873	0.65752	0.927855	0.760576	0.489794	0.861975	0.720375	0.588578	
3.40.30	0.775377	0.628546	0.925475	0.7597	0.493746	0.850061	0.692351	0.524476	
3.40.30	0.772404	0.635319	0.923121	0.74565	0.463168	0.848598	0.695655	0.551258	
3.40.30	0.782398	0.643707	0.930585	0.774042	0.508298	0.860349	0.708169	0.5542	
3.40.30	0.776569	0.636721	0.926883	0.774634	0.507293	0.858051	0.700656	0.550476	
3.40.30	0.771673	0.636851	0.922338	0.742577	0.469419	0.851913	0.70185	0.553294	
3.40.30	0.774733	0.63411	0.92307	0.752147	0.507822	0.849169	0.694503	0.545447	
3.40.30	0.777293	0.642084	0.924178	0.755961	0.489984	0.85931	0.709598	0.552974	
3.40.30	0.782357	0.64677	0.928901	0.767503	0.500804	0.859246	0.710901	0.561919	
3.40.30	0.77896	0.639611	0.926046	0.759707	0.487458	0.851336	0.696713	0.548468	
3.40.30	0.772126	0.640709	0.918333	0.744694	0.4694	0.849252	0.698733	0.560725	
3.40.30	0.77471	0.634821	0.925926	0.770258	0.48707	0.85846	0.703794	0.546964	
3.40.30	0.770971	0.634744	0.921223	0.739405	0.465193	0.853196	0.701264	0.542983	
3.40.30	0.770735	0.631265	0.922593	0.752363	0.458228	0.849773	0.692644	0.545966	
3.40.30	0.777349	0.636087	0.91796	0.732619	0.453887	0.843557	0.685997	0.527693	
3.40.30	0.782349	0.648978	0.927984	0.769454	0.49547	0.859076	0.708172	0.562066	
3.40.30	0.779827	0.642815	0.927711	0.768677	0.507491	0.858708	0.705612	0.551908	
3.40.30	0.771797	0.635304	0.92224	0.739124	0.453045	0.847477	0.690313	0.549421	
3.40.30	0.778323	0.636176	0.926888	0.770767	0.506049	0.85189	0.695281	0.542393	
3.40.30	0.777071	0.636649	0.927608	0.771827	0.507946	0.856998	0.700473	0.545303	
3.40.30	0.777228	0.623562	0.918959	0.755827	0.464231	0.833961	0.667662	0.498879	
3.40.30	0.783157	0.642146	0.92711	0.767788	0.496825	0.85294	0.702492	0.545009	
3.40.30	0.785465	0.640683	0.932641	0.785696	0.529207	0.858134	0.704378	0.540989	
3.40.30	0.77777	0.63133	0.918611	0.750178	0.467148	0.848093	0.686452	0.522015	
3.40.30	0.779596	0.644164	0.923836	0.76439	0.479979	0.858822	0.710201	0.554545	
3.40.30	0.78074	0.638542	0.929097	0.771371	0.511119	0.85462	0.701174	0.546282	
3.40.30	0.782388	0.638477	0.927427	0.772609	0.507693	0.853717	0.700249	0.536671	
3.40.30	0.776601	0.63942	0.925499	0.748869	0.47232	0.853399	0.700695	0.551603	
3.40.30	0.783607	0.65089	0.92839	0.776116	0.505559	0.859595	0.711291	0.568039	
3.40.30	0.773402	0.637021	0.92302	0.744858	0.465437	0.84872	0.694023	0.551723	
3.40.30	0.783559	0.659727	0.930195	0.766425	0.504498	0.863501	0.723423	0.590357	
3.40.30	0.771438	0.638049	0.92138	0.760654	0.477958	0.855677	0.705141	0.555999	
3.40.30	0.775739	0.637127	0.926395	0.766595	0.504669	0.854313	0.701988	0.549165	
3.40.30	0.770662	0.630441	0.921685	0.751451	0.466895	0.852353	0.696379	0.53662	
3.40.30	0.775328	0.640372	0.923177	0.748435	0.476113	0.846324	0.696063	0.554301	
3.40.30	0.77487	0.642827	0.919413	0.734994	0.410042	0.852992	0.702522	0.553905	
3.40.30	0.772139	0.636018	0.919444	0.737968	0.447548	0.850368	0.694031	0.547429	
3.40.30	0.770192	0.632873	0.921955	0.751277	0.475727	0.851862	0.697152	0.546519	
3.40.30	0.772351	0.635284	0.922267	0.746854	0.467664	0.852245	0.691746	0.55138	
3.40.30	0.778272	0.647469	0.926673	0.758658	0.487221	0.861555	0.711255	0.571008	
3.40.30	0.773287	0.633254	0.919383	0.750515	0.452441	0.848593	0.686621	0.54252	
3.40.30	0.774231	0.629	0.922554	0.754448	0.488907	0.843863	0.683013	0.532333	
3.40.30	0.780532	0.641323	0.927654	0.771893	0.506834	0.856065	0.703693	0.548666	
3.40.30	0.772374	0.65148	0.919359	0.737826	0.46625	0.855057	0.715604	0.578731	
3.40.30	0.781525	0.65555	0.928278	0.763859	0.493034	0.864467	0.722242	0.584264	
3.40.30	0.778189	0.647367	0.927666	0.76519	0.489655	0.860284	0.712543	0.571933	
3.40.30	0.775972	0.63833	0.923852	0.750195	0.48254	0.850263	0.701414	0.544295	
3.40.30	0.772419	0.633228	0.921638	0.752635	0.467912	0.851143	0.69347	0.545671	
3.40.30	0.783543	0.650264	0.925242	0.750489	0.482295	0.854521	0.703068	0.56508	
3.40.30	0.771559	0.632024	0.922346	0.752493	0.484278	0.850401	0.698106	0.535125	
3.40.30	0.774273	0.635151	0.922046	0.761195	0.480713	0.849417	0.696239	0.546354	
3.40.30	0.772618	0.637124	0.919128	0.750797	0.490495	0.848477	0.696552	0.550768	
3.40.30	0.774495	0.637885	0.921433	0.744717	0.457184	0.851377	0.695017	0.550245	
3.40.30	0.779733	0.641498	0.925806	0.765284	0.507904	0.857416	0.705766	0.553942	
3.40.30	0.772369	0.642608	0.920382	0.742486	0.446387	0.852637	0.705085	0.560077	
3.40.30	0.771475	0.633652	0.921637	0.747991	0.474228	0.851459	0.694536	0.547315	
3.40.30	0.781617	0.635915	0.92701	0.76767	0.495936	0.851057	0.695166	0.532582	
3.40.30	0.773049	0.636489	0.923035	0.739821	0.472337	0.848286	0.696058	0.549321	
3.40.30	0.771853	0.643844	0.919565	0.738373	0.470316	0.855692	0.714171	0.564724	
3.40.30	0.779856	0.65134	0.927842	0.765157	0.496492	0.860809	0.712893	0.579393	
3.40.30	0.77311	0.640503	0.923329	0.752322	0.476617	0.857491	0.707	0.560358	
3.40.30	0.77968	0.641289	0.928156	0.778878	0.512838	0.857796	0.706893	0.554945	
3.40.30	0.780431	0.642736	0.927398	0.774105	0.501741	0.855119	0.701117	0.557203	
3.40.30	0.774715	0.634043	0.918854	0.744677	0.463319	0.845149	0.684974	0.539605	
3.40.30	0.777555	0.633857	0.928011	0.76262	0.4999	0.852767	0.699131	0.542123	
3.40.30	0.770411	0.639012	0.9208	0.744291	0.460356	0.856969	0.704636	0.562391	
3.40.30	0.772846	0.638622	0.922754	0.749697	0.451751	0.855334	0.702618	0.552083	
3.40.30	0.776851	0.640029	0.925285	0.755311	0.463591	0.855245	0.701231	0.554647	
3.40.30	0.780148	0.640897	0.927209	0.764631	0.500117	0.854381	0.701876	0.551946	
3.40.30	0.773599	0.627496	0.917228	0.750757	0.474884	0.844081	0.681447	0.532853	
3.40.30	0.779952	0.642492	0.927385	0.774513	0.506357	0.856231	0.705939	0.553455	
3.40.30	0.780279	0.645138	0.928544	0.769244	0.489982	0.856455	0.704989	0.559491	
3.40.30	0.77298	0.634099	0.923322	0.760634	0.477841	0.853803	0.698937	0.543883	
3.40.30	0.770319	0.636726	0.919203	0.73173	0.449416	0.849926	0.696927	0.553033	
3.40.30	0.77374	0.63122	0.920735	0.745806	0.474409	0.8501	0.690271	0.536817	
3.40.30	0.771165	0.634383	0.92317	0.762349	0.489369	0.857137	0.70352	0.550589	
3.40.30	0.770681	0.636303	0.921387	0.748885	0.456663	0.852113	0.696644	0.554004	
3.40.30	0.772428	0.638965	0.922698	0.740751	0.449979	0.850851	0.70133	0.554039	
3.40.30	0.782295	0.644265	0.929942	0.775265	0.506685	0.861116	0.709525	0.555153	
3.40.30	0.775969	0.635943	0.928404	0.767739	0.508883	0.855191	0.702613	0.548041	
3.40.30	0.772241	0.635907	0.921689	0.743601	0.462151	0.848324	0.697242	0.550748	
3.40.30	0.774817	0.639573	0.922277	0.752207	0.481909	0.849406	0.697745	0.552505	
3.40.30	0.780718	0.643426	0.928231	0.764168	0.499626	0.855161	0.699074	0.557487	
3.40.30	0.782174	0.644862	0.926694	0.764263	0.489522	0.853857	0.699507	0.557029	
3.40.30	0.782608	0.644115	0.926258	0.76351	0.494184	0.855448	0.702164	0.553623	
3.40.30	0.781976	0.64171	0.931045	0.776787	0.516018	0.86087	0.706831	0.54943	
3.40.30	0.783407	0.645743	0.931485	0.774143	0.5013	0.861877	0.706545	0.556909	
3.40.30	0.771315	0.639446	0.921355	0.750333	0.48003	0.854095	0.704522	0.561808	
3.40.30	0.773683	0.635212	0.920242	0.735311	0.463791	0.845922	0.690376	0.543575	
3.40.30	0.781578	0.643664	0.930242	0.775892	0.500457	0.859745	0.707519	0.55418	
3.40.30	0.772555	0.633579	0.921294	0.748064	0.470326	0.849609	0.695558	0.544798	
3.40.30	0.771936	0.635011	0.922966	0.749446	0.472405	0.851862	0.69444	0.547532	
3.40.30	0.783097	0.632852	0.930342	0.773968	0.516957	0.849528	0.686791	0.528083	
3.40.30	0.772707	0.640543	0.912345	0.732277	0.430909	0.844018	0.691745	0.552871	
3.40.30	0.776045	0.659476	0.90989	0.71222	0.432896	0.845459	0.700838	0.583142	
3.40.30	0.776236	0.649163	0.916422	0.726372	0.442242	0.842965	0.69932	0.566548	
3.40.30	0.773721	0.63109	0.923973	0.749672	0.475205	0.847588	0.694173	0.532973	
3.40.30	0.771458	0.633474	0.922454	0.748602	0.468806	0.848918	0.691517	0.54852	
3.40.30	0.783021	0.646703	0.929601	0.774783	0.518235	0.859514	0.71034	0.558093	
3.40.30	0.773385	0.633613	0.923132	0.748762	0.479767	0.848226	0.69327	0.545157	
3.40.30	0.776804	0.637429	0.920893	0.741479	0.462136	0.846422	0.690893	0.546164	
3.40.30	0.782463	0.650011	0.929268	0.773216	0.501222	0.862122	0.713484	0.56617	
3.40.30	0.783855	0.647256	0.920243	0.746824	0.457601	0.847859	0.687618	0.552232	
3.40.30	0.780266	0.640725	0.925701	0.76215	0.506057	0.856799	0.703269	0.548164	
3.40.30	0.77161	0.635708	0.923371	0.747208	0.483226	0.848109	0.696467	0.554623	
3.40.30	0.771989	0.634375	0.921227	0.742009	0.458595	0.849982	0.691264	0.543267	
3.40.30	0.771309	0.641198	0.922491	0.743001	0.477502	0.853159	0.706594	0.566244	
3.40.30	0.780092	0.637087	0.929175	0.77844	0.520343	0.85414	0.702208	0.539237	
3.40.30	0.771169	0.631673	0.923132	0.754549	0.478874	0.853171	0.694926	0.549158	
3.40.30	0.780694	0.643564	0.925896	0.76437	0.494982	0.856214	0.704751	0.550452	
3.40.30	0.782269	0.638055	0.928642	0.775308	0.519259	0.855152	0.69903	0.542695	
3.40.30	0.78434	0.637675	0.929163	0.76612	0.502092	0.852006	0.692683	0.532098	
3.40.30	0.771444	0.638002	0.920286	0.740699	0.441256	0.853122	0.701004	0.553512	
3.40.30	0.778582	0.640585	0.926028	0.762483	0.510279	0.856381	0.702881	0.552878	
3.40.30	0.772607	0.632343	0.922845	0.74719	0.483406	0.848937	0.693953	0.540086	
3.40.30	0.777733	0.635784	0.927157	0.767875	0.513831	0.851161	0.694643	0.542053	
3.40.30	0.775696	0.635782	0.925168	0.776914	0.504827	0.854689	0.698803	0.545618	
3.40.30	0.779461	0.641024	0.928975	0.762167	0.495547	0.855971	0.702776	0.553993	
3.40.30	0.772255	0.631545	0.923898	0.752903	0.485073	0.848579	0.694509	0.543656	
3.40.30	0.776635	0.643511	0.926146	0.759665	0.49371	0.859938	0.714542	0.559869	
3.40.30	0.781603	0.657208	0.926924	0.757896	0.486633	0.86365	0.72024	0.588178	
3.40.30	0.77522	0.644934	0.9259	0.750621	0.489939	0.854945	0.7048	0.569553	
3.40.30	0.778749	0.639089	0.924448	0.765626	0.488375	0.851434	0.695178	0.549074	
3.40.30	0.780067	0.643805	0.925058	0.762213	0.485168	0.851645	0.698339	0.555766	
3.40.30	0.773757	0.6366	0.922831	0.757864	0.490655	0.854515	0.703664	0.549035	
3.40.30	0.780702	0.660598	0.927396	0.762564	0.49051	0.86411	0.725837	0.593372	
3.40.30	0.777207	0.637291	0.927718	0.763674	0.488941	0.851172	0.697222	0.549157	
3.40.30	0.771628	0.638729	0.920277	0.762639	0.486176	0.85531	0.703104	0.559074	
3.40.30	0.78154	0.653442	0.929067	0.762733	0.500786	0.862141	0.715982	0.580041	
3.40.30	0.772744	0.633412	0.924125	0.754164	0.494694	0.852345	0.697152	0.548162	
3.40.30	0.779734	0.651076	0.930615	0.766197	0.503811	0.862982	0.720596	0.579549	
3.40.30	0.770726	0.636546	0.920639	0.7477	0.46086	0.854056	0.699379	0.554236	
3.40.30	0.782147	0.640856	0.928731	0.766186	0.505463	0.855486	0.702693	0.545331	
3.40.30	0.781645	0.648066	0.928339	0.767809	0.500721	0.858575	0.710675	0.56251	
3.40.30	0.773857	0.635908	0.922796	0.752344	0.471187	0.852379	0.698176	0.547846	
3.40.30	0.775134	0.634826	0.925835	0.769437	0.492069	0.856149	0.698626	0.546225	
3.40.30	0.781021	0.657452	0.926765	0.759569	0.47535	0.866514	0.723785	0.587253	
3.40.30	0.780271	0.654982	0.92844	0.763787	0.490871	0.865392	0.722152	0.584719	
3.40.30	0.781452	0.647691	0.924673	0.747247	0.472999	0.853738	0.704979	0.559254	
3.40.30	0.780198	0.63845	0.929582	0.775759	0.511649	0.853779	0.70208	0.542439	
3.40.30	0.78182	0.656427	0.930902	0.77187	0.5062	0.865406	0.723804	0.587246	
3.40.47	0.777011	0.648166	0.915915	0.739982	0.446638	0.854565	0.704148	0.563864	
3.40.47	0.772119	0.637032	0.92148	0.743985	0.472718	0.853651	0.698176	0.549586	
3.40.47	0.787255	0.6605	0.92821	0.77121	0.485553	0.866695	0.722341	0.583339	
3.40.47	0.779088	0.64373	0.924157	0.761881	0.493745	0.855454	0.701302	0.560393	
3.40.47	0.778786	0.64328	0.92305	0.749967	0.485839	0.854826	0.703196	0.555409	
3.40.47	0.78846	0.661973	0.930168	0.773743	0.51827	0.867328	0.724722	0.584069	
3.40.47	0.785728	0.655806	0.929337	0.776088	0.501075	0.865184	0.71899	0.577891	
3.40.47	0.778695	0.647788	0.924997	0.754291	0.476868	0.857192	0.707455	0.566155	
3.40.47	0.783417	0.650757	0.923703	0.761139	0.485948	0.859114	0.713202	0.567448	
3.40.47	0.778828	0.645947	0.922649	0.755632	0.488867	0.852253	0.702805	0.558127	
3.40.47	0.778512	0.64291	0.924765	0.75109	0.466897	0.8555	0.697695	0.555869	
3.40.47	0.789327	0.662795	0.929654	0.767205	0.503739	0.863913	0.719771	0.585566	
3.40.47	0.78076	0.63995	0.924779	0.759311	0.485875	0.852906	0.693481	0.548067	
3.40.47	0.789713	0.6646	0.9279	0.767397	0.489551	0.864865	0.721821	0.585527	
3.40.47	0.782123	0.648277	0.922609	0.753077	0.502593	0.853986	0.70369	0.55965	
3.40.47	0.78349	0.651874	0.922327	0.754938	0.481309	0.859468	0.71774	0.565224	
3.40.47	0.778885	0.643209	0.924013	0.747836	0.458554	0.853692	0.699749	0.555721	
3.40.47	0.789175	0.660651	0.929995	0.776576	0.523597	0.864322	0.719768	0.581247	
3.40.47	0.787604	0.658109	0.925894	0.760132	0.484246	0.861293	0.712065	0.575118	
3.40.47	0.778121	0.642766	0.924636	0.75775	0.488475	0.854107	0.702314	0.555995	
3.40.47	0.779418	0.641589	0.92693	0.769116	0.497523	0.857802	0.700147	0.553065	
3.40.47	0.790426	0.665299	0.929417	0.766901	0.503874	0.865633	0.724253	0.586155	
3.40.47	0.79043	0.663768	0.92766	0.769537	0.497675	0.864768	0.720021	0.584214	
3.40.47	0.780394	0.641691	0.925575	0.750044	0.483771	0.851039	0.698911	0.547681	
3.40.47	0.780472	0.649019	0.921594	0.73974	0.447384	0.853814	0.707541	0.561303	
3.40.47	0.786673	0.656485	0.92728	0.764805	0.492836	0.856826	0.711644	0.576064	
3.40.47	0.784868	0.65012	0.924043	0.761794	0.507416	0.858204	0.709936	0.561291	
3.40.47	0.780086	0.648112	0.922315	0.75423	0.489377	0.85452	0.70391	0.562629	
3.40.47	0.784652	0.651924	0.923468	0.75168	0.485469	0.856113	0.710883	0.562521	
3.40.47	0.774671	0.635816	0.92203	0.749634	0.467735	0.851791	0.693655	0.546734	
3.40.47	0.776033	0.642237	0.918316	0.731542	0.443517	0.849995	0.698354	0.554991	
3.40.47	0.777459	0.643067	0.918324	0.739052	0.455906	0.851738	0.702798	0.554245	
3.40.47	0.774822	0.638496	0.919618	0.751174	0.476725	0.852045	0.696599	0.552622	
3.40.47	0.774966	0.640307	0.919167	0.740336	0.463238	0.850873	0.696727	0.555087	
3.40.47	0.774575	0.643468	0.91722	0.741365	0.449618	0.855294	0.703871	0.561068	
3.40.47	0.779312	0.645025	0.924691	0.75969	0.494455	0.856955	0.703758	0.562634	
3.40.47	0.787152	0.658304	0.92891	0.771491	0.498831	0.86351	0.715252	0.580693	
3.40.47	0.775883	0.64757	0.925123	0.757485	0.474725	0.862351	0.717466	0.572453	
3.40.47	0.785077	0.650335	0.921552	0.752517	0.485829	0.855414	0.706107	0.555857	
3.40.47	0.787064	0.660443	0.929401	0.769118	0.505595	0.865675	0.721398	0.583459	
3.40.47	0.7799	0.648722	0.924375	0.753672	0.490377	0.854994	0.704013	0.567159	
3.40.47	0.78232	0.648272	0.925537	0.764226	0.50333	0.860065	0.713772	0.559985	
3.40.47	0.777095	0.644805	0.922223	0.755522	0.484233	0.853961	0.702363	0.557658	
3.40.47	0.782549	0.6531	0.922743	0.756883	0.488929	0.861727	0.718814	0.569313	
3.40.47	0.774383	0.633506	0.920611	0.747006	0.47667	0.849704	0.692771	0.542644	
3.40.47	0.776096	0.643884	0.915965	0.737789	0.439183	0.854286	0.706035	0.558511	
3.40.47	0.779916	0.64253	0.925627	0.756972	0.476894	0.856646	0.702945	0.552955	
3.40.47	0.791121	0.664486	0.928991	0.769086	0.500733	0.865974	0.722789	0.584475	
3.40.47	0.777712	0.638435	0.925105	0.757398	0.465744	0.854871	0.701082	0.543132	
3.40.47	0.789108	0.665075	0.929441	0.766118	0.511394	0.867038	0.728753	0.588694	
3.40.47	0.773098	0.639404	0.920891	0.748464	0.471138	0.855946	0.702913	0.556911	
3.40.47	0.774898	0.642099	0.918395	0.739252	0.45567	0.852975	0.702788	0.558804	
3.40.47	0.780074	0.646499	0.923621	0.752315	0.498261	0.855291	0.700974	0.560195	
3.40.47	0.784022	0.650912	0.923115	0.757448	0.495691	0.85833	0.709584	0.565675	
3.40.47	0.774085	0.641841	0.920513	0.744202	0.454664	0.85776	0.70977	0.558395	
3.40.47	0.774759	0.637027	0.919465	0.747217	0.478191	0.852626	0.693823	0.551866	
3.40.47	0.783856	0.648192	0.925062	0.766707	0.506304	0.858937	0.711077	0.560806	
3.40.47	0.783352	0.649438	0.924404	0.766373	0.504435	0.859396	0.713885	0.561214	
3.40.47	0.781362	0.651527	0.922667	0.749996	0.498513	0.853733	0.707421	0.56609	
3.40.47	0.784088	0.6493	0.922961	0.761593	0.501335	0.857978	0.707881	0.560097	
3.40.47	0.778022	0.646097	0.923774	0.751039	0.475175	0.853111	0.704546	0.560274	
3.40.47	0.783306	0.649016	0.925531	0.75714	0.498671	0.858102	0.708955	0.560838	
3.40.47	0.779824	0.641623	0.925477	0.757987	0.475592	0.85594	0.700113	0.549637	
3.40.47	0.789589	0.666363	0.92914	0.771051	0.49789	0.86809	0.726568	0.591763	
3.40.47	0.778921	0.640084	0.92503	0.757677	0.478881	0.856599	0.699649	0.548506	
3.40.47	0.788066	0.663736	0.928531	0.774633	0.516092	0.867268	0.726059	0.58798	
3.40.47	0.778881	0.641818	0.924477	0.75301	0.465991	0.854335	0.703008	0.551875	
3.40.47	0.78933	0.665481	0.928742	0.768043	0.506693	0.86724	0.727653	0.589046	
3.40.47	0.775926	0.641246	0.918367	0.738421	0.470946	0.853545	0.700164	0.556223	
3.40.47	0.77456	0.634588	0.922032	0.752119	0.467442	0.853276	0.691631	0.548577	
3.40.47	0.771301	0.637037	0.918183	0.745667	0.445631	0.855537	0.700314	0.552634	
3.40.50	0.787733	0.657498	0.920006	0.746832	0.47352	0.853991	0.703636	0.566935	
3.40.50	0.785229	0.649554	0.932309	0.776522	0.524559	0.863641	0.716266	0.565958	
3.40.50	0.781446	0.64564	0.926785	0.761882	0.496524	0.855608	0.706195	0.55368	
3.40.50	0.775848	0.643813	0.921562	0.731512	0.462656	0.850983	0.701756	0.559661	
3.40.50	0.774181	0.637031	0.921316	0.742389	0.465636	0.852767	0.700025	0.548143	
3.40.50	0.783994	0.646626	0.930591	0.773989	0.518579	0.858177	0.709	0.558669	
3.40.50	0.772404	0.634696	0.922862	0.75292	0.479292	0.853208	0.699771	0.54571	
3.40.50	0.787482	0.667073	0.925836	0.757072	0.490352	0.861938	0.72477	0.596503	
3.40.50	0.788026	0.667239	0.925635	0.758676	0.492019	0.860175	0.721734	0.595535	
3.40.50	0.786219	0.645971	0.930313	0.776703	0.52208	0.858757	0.706029	0.550876	
3.40.50	0.774831	0.624859	0.916444	0.735743	0.481553	0.836741	0.675637	0.498307	
3.40.50	0.790999	0.661512	0.9336	0.778443	0.507828	0.86838	0.725967	0.583684	
3.40.50	0.784991	0.652652	0.931179	0.775574	0.504893	0.86373	0.71551	0.578921	
3.40.50	0.789201	0.6568	0.935589	0.784676	0.53377	0.867613	0.723716	0.576549	
3.40.50	0.780805	0.652594	0.924061	0.758718	0.478697	0.857999	0.712272	0.577166	
3.40.50	0.791021	0.655411	0.932641	0.780385	0.538581	0.862921	0.715362	0.571819	
3.40.50	0.7864	0.653851	0.931518	0.774799	0.509699	0.862073	0.716458	0.570682	
3.40.50	0.771122	0.630432	0.91949	0.747047	0.445486	0.845047	0.683986	0.537786	
3.40.50	0.777308	0.64458	0.925753	0.757268	0.500907	0.855922	0.711145	0.562066	
3.40.50	0.784444	0.649091	0.931402	0.771617	0.520936	0.860567	0.713742	0.563434	
3.40.50	0.787353	0.666508	0.925389	0.749347	0.490785	0.862479	0.719839	0.594382	
3.40.50	0.778774	0.642806	0.922822	0.757498	0.456303	0.856836	0.701877	0.554946	
3.40.50	0.777485	0.644529	0.929111	0.768135	0.499122	0.863804	0.715078	0.565407	
3.40.50	0.784051	0.653388	0.92959	0.767507	0.498779	0.863087	0.717187	0.575796	
3.40.50	0.780407	0.649461	0.922637	0.749549	0.487886	0.856652	0.706549	0.562037	
3.40.50	0.789791	0.65393	0.93657	0.785628	0.543879	0.866865	0.722788	0.569509	
3.40.50	0.777321	0.638618	0.923292	0.767612	0.492371	0.853467	0.694725	0.548414	
3.40.50	0.777347	0.650831	0.925477	0.764662	0.474596	0.864777	0.720715	0.577615	
3.40.50	0.783924	0.651614	0.930872	0.769906	0.514529	0.863339	0.716419	0.570829	
3.40.50	0.784385	0.644765	0.929769	0.774533	0.515111	0.85894	0.7066	0.553434	
3.40.50	0.787366	0.663188	0.927421	0.759139	0.506256	0.86283	0.72203	0.588194	
3.40.50	0.782995	0.652068	0.929812	0.770982	0.507527	0.863374	0.716618	0.576726	
3.40.50	0.790081	0.657588	0.932216	0.779727	0.52088	0.8644	0.717394	0.572893	
3.40.50	0.775343	0.644118	0.921485	0.74051	0.46961	0.849366	0.702624	0.558983	
3.40.50	0.781285	0.647107	0.929122	0.771685	0.495134	0.860558	0.709901	0.567243	
3.40.50	0.788861	0.654802	0.930221	0.764399	0.503549	0.856496	0.707935	0.566063	
3.40.50	0.781705	0.644175	0.929206	0.764929	0.493077	0.855492	0.701969	0.55533	
3.40.50	0.774538	0.633148	0.92198	0.754172	0.476506	0.854058	0.694265	0.536137	
3.40.50	0.78142	0.645516	0.927163	0.76687	0.499809	0.859464	0.708554	0.556047	
3.40.50	0.779869	0.651463	0.923639	0.745571	0.4587	0.857511	0.708653	0.577088	
3.40.50	0.781311	0.653995	0.925003	0.754966	0.497704	0.86045	0.71964	0.576249	
3.40.50	0.787731	0.656353	0.930489	0.773333	0.510162	0.862115	0.713786	0.577364	
3.40.50	0.780518	0.643771	0.925812	0.760633	0.49292	0.856862	0.7057	0.552625	
3.40.50	0.784744	0.649759	0.926281	0.762673	0.502655	0.8589	0.706514	0.560498	
3.40.50	0.785083	0.653052	0.929474	0.7699	0.508138	0.862645	0.718234	0.571062	
3.40.50	0.780231	0.651074	0.927417	0.755428	0.496965	0.858428	0.712119	0.573334	
3.40.50	0.787478	0.663295	0.928689	0.767894	0.505535	0.86507	0.724521	0.589118	
3.40.50	0.789109	0.664344	0.929506	0.768758	0.509126	0.864877	0.723333	0.587874	
3.40.50	0.785551	0.656037	0.930676	0.76912	0.502043	0.860548	0.716657	0.57969	
3.40.50	0.786093	0.652078	0.931459	0.774812	0.510393	0.861133	0.711443	0.573327	
3.40.50	0.786608	0.648868	0.931092	0.776916	0.519146	0.860778	0.710215	0.557553	
3.40.50	0.781465	0.651679	0.923612	0.756057	0.465718	0.861116	0.712799	0.565564	
3.40.50	0.78728	0.65768	0.930589	0.769356	0.501712	0.862647	0.718543	0.576573	
3.40.50	0.778433	0.648084	0.922333	0.748884	0.475967	0.853559	0.705278	0.564616	
3.40.50	0.782478	0.648905	0.926674	0.766127	0.487039	0.859005	0.707484	0.563867	
3.40.50	0.782538	0.651012	0.926869	0.76812	0.508159	0.86231	0.714129	0.571992	
3.40.50	0.793568	0.662826	0.938415	0.795186	0.548432	0.871408	0.731173	0.584034	
3.40.50	0.781325	0.655054	0.925138	0.747032	0.476164	0.857954	0.715247	0.576481	
3.40.50	0.78903	0.654902	0.936159	0.78468	0.537366	0.86729	0.721312	0.573237	
3.40.50	0.775495	0.640963	0.918895	0.730713	0.44642	0.850043	0.699537	0.543262	
3.40.50	0.783359	0.661388	0.929061	0.766256	0.490281	0.867416	0.727237	0.592218	
3.40.50	0.776193	0.642151	0.923011	0.762161	0.483375	0.857643	0.705593	0.553837	
3.40.50	0.786833	0.65201	0.931504	0.7733	0.514033	0.862352	0.713233	0.564493	
3.40.50	0.789329	0.654308	0.932765	0.781163	0.520768	0.860762	0.713821	0.570368	
3.40.50	0.779174	0.650411	0.924932	0.752154	0.487759	0.856804	0.708985	0.568476	
3.40.50	0.776991	0.629359	0.914761	0.724344	0.475086	0.838952	0.68112	0.501084	
3.40.50	0.781881	0.644439	0.926568	0.762084	0.492014	0.856877	0.704963	0.557219	
3.40.50	0.777781	0.642462	0.92252	0.750573	0.456004	0.852351	0.699271	0.552516	
3.40.50	0.771441	0.645348	0.916911	0.738062	0.45096	0.847819	0.702734	0.569739	
3.40.50	0.788099	0.65996	0.930353	0.765649	0.506528	0.863184	0.717947	0.584393	
3.40.50	0.78632	0.648596	0.933274	0.780103	0.531643	0.862195	0.71313	0.558835	
3.40.50	0.783862	0.645054	0.929552	0.770002	0.519224	0.858861	0.71047	0.551927	
3.40.50	0.784286	0.65214	0.929537	0.768005	0.491574	0.862115	0.712717	0.572581	
3.40.50	0.779116	0.652548	0.925298	0.757987	0.475487	0.861509	0.718041	0.5759	
3.40.50	0.774657	0.64213	0.925187	0.753972	0.482392	0.857293	0.708435	0.563102	
3.40.50	0.785957	0.651719	0.931274	0.777315	0.520257	0.862917	0.712026	0.568953	
3.40.50	0.784309	0.665784	0.925656	0.753729	0.495171	0.859382	0.719399	0.598007	
3.40.50	0.786086	0.653976	0.929422	0.770021	0.5121	0.861096	0.715714	0.571534	
3.40.50	0.775591	0.643303	0.925315	0.754614	0.464778	0.858195	0.708949	0.564291	
3.40.50	0.789943	0.661991	0.933221	0.781126	0.528574	0.866921	0.721881	0.587558	
3.40.50	0.783433	0.65233	0.928711	0.764447	0.497511	0.860157	0.709138	0.57474	
3.40.50	0.779956	0.65858	0.923144	0.747443	0.475528	0.861645	0.720202	0.590324	
3.40.50	0.779833	0.645562	0.929192	0.767072	0.495469	0.858441	0.710547	0.564099	
3.40.50	0.773739	0.64582	0.921722	0.742324	0.467659	0.856549	0.710146	0.566242	
3.40.50	0.790677	0.664257	0.933097	0.779728	0.522442	0.868615	0.728272	0.591293	
3.40.50	0.777127	0.639977	0.924374	0.754565	0.481828	0.854947	0.704409	0.548945	
3.40.50	0.78931	0.664676	0.929381	0.765743	0.51197	0.864537	0.72324	0.590142	
3.40.50	0.790193	0.663501	0.931949	0.773273	0.510885	0.866662	0.724527	0.590959	
3.40.50	0.783337	0.650256	0.927929	0.764321	0.494868	0.860545	0.713972	0.566966	
3.40.50	0.783517	0.651712	0.928708	0.766348	0.487763	0.861871	0.712075	0.573146	
3.40.50	0.777635	0.641075	0.922106	0.741441	0.463885	0.850043	0.693407	0.550246	
3.40.50	0.771802	0.634796	0.919962	0.743226	0.47676	0.851457	0.692455	0.550936	
3.40.50	0.784175	0.659813	0.9291	0.762687	0.495132	0.864379	0.723698	0.585988	
3.40.50	0.783348	0.656643	0.926632	0.764422	0.493287	0.860985	0.718625	0.583321	
3.40.50	0.786132	0.654308	0.927581	0.765055	0.508932	0.86034	0.71688	0.570427	
3.40.50	0.782299	0.645443	0.930061	0.770742	0.508052	0.857103	0.707095	0.560127	
3.40.50	0.786279	0.648533	0.932201	0.782412	0.52767	0.861297	0.709237	0.564596	
3.40.50	0.779352	0.652691	0.919296	0.743754	0.465904	0.851455	0.706616	0.571412	
3.40.50	0.785541	0.652792	0.93145	0.766938	0.504676	0.860015	0.711935	0.572353	
3.40.50	0.78161	0.645939	0.9294	0.763588	0.51121	0.860516	0.710322	0.559764	
3.40.50	0.789284	0.663111	0.928956	0.772279	0.498385	0.86404	0.721158	0.586063	
3.40.50	0.783629	0.660441	0.929935	0.764474	0.48679	0.865781	0.726273	0.591172	
3.40.50	0.773606	0.638494	0.92245	0.741158	0.462245	0.847323	0.692383	0.555874	
3.40.50	0.78279	0.648137	0.927455	0.76582	0.509929	0.859675	0.709761	0.563018	
3.40.50	0.785258	0.649994	0.929973	0.764531	0.518589	0.859163	0.708384	0.561764	
3.40.50	0.784494	0.648678	0.928938	0.762374	0.502545	0.858897	0.708621	0.562099	
3.40.50	0.77116	0.636676	0.920905	0.749937	0.46305	0.850896	0.700238	0.553074	
3.40.50	0.774051	0.629741	0.916242	0.733033	0.466289	0.843758	0.685604	0.524148	
3.40.50	0.785356	0.652439	0.928032	0.765948	0.497462	0.858626	0.706677	0.573833	
3.40.50	0.779108	0.642193	0.925692	0.762404	0.486443	0.857677	0.705039	0.554975	
3.40.50	0.780705	0.641546	0.928181	0.768939	0.491156	0.858412	0.703346	0.549799	
3.40.50	0.784044	0.648884	0.929921	0.771452	0.513002	0.86132	0.712884	0.56565	
3.40.50	0.785521	0.660995	0.931217	0.769752	0.503728	0.866489	0.72202	0.592316	
3.40.50	0.777657	0.635731	0.924811	0.75665	0.477784	0.848151	0.688977	0.548377	
3.40.50	0.792797	0.657518	0.93781	0.791146	0.551117	0.867027	0.721983	0.573192	
3.40.50	0.785088	0.652452	0.927482	0.768671	0.488672	0.861803	0.716128	0.564442	
3.40.50	0.775676	0.633879	0.912848	0.730428	0.459361	0.838399	0.683018	0.520266	
3.40.50	0.787812	0.658249	0.931033	0.770041	0.513036	0.86297	0.719788	0.580074	
3.40.50	0.775945	0.644737	0.92151	0.740841	0.47522	0.851032	0.703091	0.55787	
3.40.50	0.785991	0.650684	0.93063	0.768916	0.493716	0.859754	0.709867	0.568089	
3.40.50	0.777991	0.639434	0.924017	0.760767	0.4822	0.853602	0.699073	0.54937	
3.40.50	0.778785	0.644998	0.925724	0.763967	0.487374	0.863254	0.712731	0.558217	
3.40.50	0.782751	0.650279	0.928979	0.768837	0.501706	0.860165	0.711746	0.57046	
3.40.50	0.785415	0.648571	0.928417	0.763339	0.508232	0.85664	0.706168	0.559737	
3.40.50	0.775662	0.64144	0.921516	0.750505	0.478524	0.85441	0.702516	0.554495	
3.40.50	0.789375	0.65707	0.93543	0.783964	0.535667	0.868196	0.72371	0.576288	
3.40.50	0.786507	0.650777	0.929326	0.773121	0.504308	0.859146	0.705994	0.565401	
3.40.50	0.780492	0.640684	0.930439	0.771789	0.509307	0.85732	0.704045	0.550481	
3.40.50	0.785378	0.656353	0.928486	0.764005	0.501677	0.858927	0.712105	0.574513	
3.40.50	0.794251	0.655196	0.93877	0.792795	0.550643	0.864733	0.717086	0.563934	
3.40.50	0.779437	0.650466	0.92724	0.760453	0.474605	0.861414	0.715459	0.577636	
3.40.50	0.775903	0.642564	0.92441	0.769324	0.485438	0.860538	0.704957	0.565491	
3.40.50	0.789067	0.658232	0.931119	0.777549	0.520853	0.863793	0.714914	0.580553	
3.40.50	0.792356	0.669159	0.935695	0.781746	0.522458	0.870107	0.730695	0.601911	
3.40.50	0.787191	0.663913	0.927567	0.762339	0.504697	0.863014	0.722008	0.593485	
3.40.50	0.784698	0.648499	0.930107	0.775208	0.512112	0.860772	0.710938	0.563132	
3.40.50	0.789149	0.652611	0.936104	0.790239	0.542992	0.867256	0.719921	0.567087	
3.40.50	0.785371	0.657934	0.929257	0.768546	0.511529	0.862393	0.718327	0.583584	
3.40.50	0.784523	0.655386	0.92837	0.763834	0.494284	0.863174	0.717231	0.573556	
3.40.50	0.787214	0.660797	0.930849	0.764347	0.505232	0.862044	0.719285	0.584978	
3.40.50	0.780991	0.653696	0.924391	0.749979	0.472519	0.861419	0.716466	0.571671	
3.40.50	0.788849	0.658538	0.928362	0.765521	0.489276	0.855101	0.708442	0.577056	
3.40.50	0.794574	0.6578	0.938578	0.798314	0.555335	0.866203	0.720585	0.568874	
3.40.50	0.794598	0.658594	0.937309	0.795338	0.540425	0.865631	0.719215	0.570608	
3.40.50	0.784931	0.653257	0.930359	0.772633	0.500683	0.86218	0.714546	0.575652	
3.40.50	0.780918	0.652743	0.923952	0.752609	0.476232	0.859256	0.714772	0.570234	
3.40.50	0.790778	0.655174	0.935284	0.787557	0.546504	0.86744	0.721838	0.57092	
3.40.50	0.783073	0.657949	0.925799	0.754048	0.493355	0.859405	0.719617	0.579562	
3.40.50	0.78313	0.659355	0.929184	0.766486	0.497836	0.866625	0.725407	0.589526	
3.40.50	0.790129	0.655692	0.935617	0.788362	0.541836	0.867659	0.722538	0.574259	
3.40.50	0.790333	0.664378	0.933563	0.77977	0.529345	0.869793	0.729621	0.593222	
3.40.50	0.780627	0.64341	0.921944	0.752281	0.481986	0.852797	0.704869	0.544078	
3.40.50	0.776241	0.638161	0.922937	0.752692	0.482876	0.853579	0.69808	0.547429	
3.40.50	0.777397	0.647588	0.927484	0.759867	0.472687	0.862924	0.712028	0.573584	
3.40.50	0.777998	0.635445	0.9136	0.732308	0.456331	0.839944	0.681401	0.520482	
3.40.50	0.779808	0.643696	0.928937	0.76544	0.506482	0.859569	0.708819	0.558118	
3.40.50	0.773126	0.651599	0.913591	0.712425	0.444474	0.851623	0.711261	0.573162	
3.40.50	0.779096	0.646277	0.926828	0.761834	0.491204	0.859661	0.708808	0.567449	
3.40.50	0.788163	0.65461	0.933796	0.780882	0.522466	0.864992	0.71806	0.573157	
3.40.50	0.786979	0.664023	0.927187	0.756107	0.483492	0.863246	0.721181	0.591812	
3.40.50	0.775321	0.650401	0.920127	0.748314	0.463575	0.856663	0.712198	0.57525	
3.40.50	0.78039	0.642065	0.925913	0.765694	0.509815	0.856923	0.703978	0.549795	
3.40.50	0.781021	0.647316	0.92805	0.760391	0.486232	0.859107	0.709337	0.562182	
3.40.50	0.788557	0.654611	0.93069	0.773823	0.517542	0.858195	0.709631	0.567799	
3.40.50	0.786909	0.6536	0.930606	0.772887	0.518341	0.861335	0.710344	0.569341	
3.40.50	0.78554	0.654663	0.930113	0.77336	0.507388	0.863296	0.719125	0.57483	
3.40.50	0.785558	0.667462	0.925487	0.755184	0.487854	0.860309	0.72115	0.59914	
3.40.50	0.787665	0.661591	0.929244	0.769614	0.503743	0.867315	0.726105	0.587684	
3.40.50	0.78663	0.654878	0.929843	0.766785	0.511796	0.862968	0.717181	0.576094	
3.40.50	0.78551	0.658258	0.929934	0.767637	0.493177	0.861323	0.713742	0.585411	
3.40.50	0.790949	0.660972	0.93367	0.778838	0.514872	0.867037	0.7242	0.583689	
3.40.50	0.771783	0.635602	0.915401	0.738121	0.453734	0.848653	0.685086	0.550364	
3.40.50	0.776427	0.642283	0.924132	0.744262	0.457901	0.852023	0.699939	0.559392	
3.40.50	0.791156	0.656472	0.938272	0.79414	0.550849	0.86944	0.726471	0.575305	
3.40.50	0.773146	0.636061	0.923698	0.749819	0.479059	0.850593	0.695655	0.55139	
3.40.50	0.785754	0.651494	0.931176	0.770703	0.509263	0.86277	0.71299	0.568563	
3.40.50	0.784255	0.652355	0.929535	0.763275	0.483656	0.862598	0.715142	0.568927	
3.40.50	0.78006	0.653802	0.92564	0.761116	0.469361	0.861124	0.717502	0.579123	
3.40.50	0.787325	0.651516	0.932168	0.779496	0.521091	0.864215	0.715596	0.564823	
3.40.50	0.786399	0.656717	0.93278	0.778138	0.524011	0.866619	0.722951	0.582319	
3.40.50	0.780298	0.650339	0.926603	0.758387	0.496792	0.858722	0.715213	0.570864	
3.40.50	0.784759	0.652573	0.930657	0.770515	0.497626	0.862069	0.712416	0.573786	
3.40.50	0.777929	0.647663	0.92215	0.744013	0.455706	0.856031	0.705082	0.568823	
3.40.50	0.778174	0.644606	0.928799	0.765756	0.505283	0.860252	0.71095	0.568136	
3.40.50	0.787939	0.661963	0.930105	0.766762	0.509766	0.86693	0.725398	0.585044	
3.40.50	0.788822	0.648539	0.928331	0.771776	0.51182	0.85775	0.708979	0.545684	
3.40.50	0.77346	0.641378	0.914326	0.726134	0.442696	0.845159	0.686703	0.549854	
3.40.50	0.772813	0.642533	0.913643	0.731185	0.42301	0.850768	0.693311	0.553868	
3.40.50	0.780615	0.644091	0.929406	0.767609	0.492239	0.859034	0.707397	0.556328	
3.40.50	0.780255	0.634423	0.917796	0.741786	0.457163	0.839195	0.673732	0.521958	
3.40.50	0.780847	0.64137	0.92846	0.768411	0.500876	0.854741	0.700299	0.54809	
3.40.50	0.780604	0.64353	0.929188	0.768565	0.492269	0.858085	0.708961	0.555794	
3.40.50	0.787562	0.667068	0.925539	0.752969	0.489211	0.862347	0.725006	0.594835	
3.40.50	0.788932	0.66792	0.928857	0.764891	0.505939	0.867068	0.726871	0.598635	
3.40.50	0.786992	0.664575	0.92818	0.761193	0.507649	0.863331	0.725542	0.594246	
3.40.50	0.777043	0.6423	0.92491	0.75172	0.489257	0.855604	0.704226	0.560962	
3.40.50	0.789522	0.655714	0.933863	0.780546	0.523953	0.863766	0.718695	0.57559	
3.40.50	0.78625	0.652724	0.931186	0.773671	0.515526	0.861439	0.713145	0.572146	
3.40.50	0.78342	0.648941	0.92778	0.764362	0.490653	0.853804	0.704977	0.56068	
3.40.50	0.783827	0.657463	0.927852	0.763997	0.48613	0.862853	0.71928	0.582872	
3.40.50	0.786294	0.648904	0.931958	0.775995	0.526233	0.857332	0.706388	0.563659	
3.40.50	0.785298	0.652104	0.928714	0.762871	0.496047	0.857953	0.705144	0.568984	
3.40.50	0.780903	0.654488	0.925265	0.752074	0.475594	0.859876	0.716178	0.576902	
3.40.50	0.788553	0.652205	0.936888	0.792183	0.555062	0.867883	0.723094	0.567352	
3.40.50	0.786437	0.665612	0.92646	0.764307	0.505713	0.863283	0.724636	0.594494	
3.40.50	0.782427	0.64776	0.929883	0.768971	0.502955	0.860557	0.709463	0.560987	
3.40.50	0.779795	0.645983	0.925876	0.765086	0.500766	0.85742	0.709763	0.560081	
3.40.50	0.780474	0.651427	0.928699	0.759892	0.501768	0.860513	0.71644	0.572525	
3.40.50	0.780855	0.646396	0.928906	0.765472	0.499701	0.86064	0.71144	0.561907	
3.40.50	0.779831	0.651993	0.925739	0.758226	0.481795	0.860633	0.713776	0.576131	
3.40.50	0.78522	0.649034	0.930505	0.774028	0.519117	0.862472	0.715881	0.561136	
3.40.50	0.784599	0.654003	0.930779	0.771127	0.504799	0.86433	0.71518	0.58025	
3.40.50	0.788092	0.654706	0.930295	0.772012	0.51872	0.863522	0.716283	0.570861	
3.40.50	0.78282	0.661917	0.925329	0.755557	0.476916	0.865265	0.723391	0.595426	
3.40.50	0.779905	0.643794	0.929699	0.7661	0.50966	0.85816	0.709006	0.556101	
3.40.50	0.781549	0.644887	0.925325	0.753124	0.492845	0.853789	0.701562	0.553868	
3.40.50	0.776913	0.647265	0.928572	0.756426	0.481892	0.863364	0.717888	0.57364	
3.40.50	0.7778	0.642414	0.924579	0.752056	0.485056	0.852189	0.704507	0.558149	
3.40.50	0.782918	0.649196	0.928909	0.766472	0.492432	0.857428	0.708019	0.56355	
3.40.50	0.77594	0.646978	0.921463	0.744396	0.488156	0.856367	0.710399	0.566959	
3.40.50	0.776296	0.645392	0.920718	0.75857	0.485075	0.852854	0.698852	0.566953	
3.40.50	0.786995	0.647137	0.933426	0.784857	0.535352	0.860495	0.707724	0.562305	
3.40.50	0.779193	0.641063	0.928266	0.761108	0.483682	0.853906	0.700337	0.553348	
3.40.50	0.777398	0.64354	0.923564	0.741848	0.462675	0.851321	0.699673	0.559448	
3.40.50	0.778186	0.648396	0.92347	0.739526	0.455385	0.851852	0.705783	0.567891	
3.40.50	0.780252	0.645724	0.928852	0.764738	0.496569	0.860623	0.710649	0.562513	
3.40.50	0.780762	0.645925	0.925387	0.763455	0.481107	0.85755	0.705819	0.560546	
3.40.50	0.774551	0.633592	0.918623	0.742076	0.481054	0.842893	0.688052	0.534009	
3.40.50	0.785612	0.652763	0.927872	0.764212	0.495799	0.856248	0.704707	0.571702	
3.40.50	0.781088	0.64292	0.92784	0.767032	0.493362	0.856028	0.701769	0.555056	
3.40.50	0.782095	0.645691	0.930047	0.769491	0.498681	0.862199	0.71091	0.560754	
3.40.50	0.789851	0.664298	0.933369	0.778881	0.529028	0.869747	0.730372	0.593675	
3.40.50	0.782191	0.646546	0.929168	0.764471	0.506135	0.857184	0.705049	0.562228	
3.40.50	0.781948	0.645331	0.928365	0.766568	0.487109	0.860853	0.708672	0.557648	
3.40.50	0.782577	0.65002	0.928805	0.761745	0.489525	0.858198	0.709049	0.566497	
3.40.50	0.777192	0.649285	0.923428	0.749253	0.466033	0.859183	0.713626	0.570828	
3.40.50	0.7875	0.657215	0.931902	0.773467	0.513351	0.862989	0.717776	0.579106	
3.40.50	0.780553	0.646761	0.924678	0.75347	0.480612	0.851976	0.705466	0.560522	
3.40.50	0.790802	0.656559	0.936948	0.793107	0.543585	0.869943	0.726131	0.573585	
3.40.50	0.780414	0.641441	0.924816	0.758294	0.48887	0.848556	0.695599	0.55014	
3.40.50	0.769841	0.633531	0.92239	0.757341	0.47844	0.856279	0.702928	0.551843	
3.40.50	0.784758	0.654401	0.930893	0.772285	0.494335	0.8645	0.718012	0.577638	
3.40.50	0.781326	0.648124	0.929031	0.769551	0.510455	0.858283	0.710567	0.56626	
3.40.50	0.789515	0.656419	0.933844	0.779638	0.518488	0.864744	0.719004	0.577276	
3.40.50	0.782679	0.644446	0.92864	0.77194	0.513519	0.857879	0.706446	0.555159	
3.40.50	0.786066	0.650561	0.933743	0.777521	0.526214	0.862355	0.714856	0.564827	
3.40.50	0.783934	0.651625	0.926615	0.761566	0.502903	0.861515	0.713881	0.562814	
3.40.50	0.785815	0.647347	0.931738	0.778287	0.528139	0.861099	0.710824	0.556169	
3.40.50	0.793948	0.659053	0.938121	0.791691	0.54893	0.867347	0.72388	0.574339	
3.40.50	0.782431	0.648684	0.926592	0.760757	0.478617	0.859582	0.708006	0.56393	
3.40.50	0.786163	0.653823	0.930437	0.773026	0.499673	0.861459	0.717771	0.570326	
3.40.50	0.789158	0.658006	0.933729	0.781405	0.518316	0.867658	0.724036	0.57918	
3.40.50	0.783012	0.65211	0.925692	0.765911	0.479613	0.863064	0.713679	0.57126	
3.40.50	0.790418	0.656885	0.93751	0.792918	0.548652	0.871302	0.728906	0.5753	
3.40.50	0.78293	0.662928	0.921941	0.751885	0.483498	0.861684	0.720609	0.591139	
3.40.50	0.78125	0.644419	0.928766	0.763899	0.500241	0.860066	0.707019	0.556547	
3.40.50	0.781763	0.649575	0.923802	0.746985	0.478196	0.850781	0.702911	0.561706	
3.40.50	0.7861	0.659272	0.928667	0.764558	0.507453	0.860676	0.716231	0.584908	
3.40.50	0.783507	0.648497	0.926742	0.761142	0.479117	0.851379	0.70197	0.560901	
3.40.50	0.774628	0.637665	0.925274	0.760659	0.467342	0.854758	0.700337	0.554919	
3.40.50	0.780166	0.643342	0.928454	0.768073	0.499994	0.861275	0.710744	0.555357	
3.40.50	0.778522	0.649807	0.926542	0.750527	0.472701	0.860336	0.711394	0.576121	
3.40.50	0.783113	0.649113	0.927504	0.769213	0.499231	0.860451	0.711247	0.567056	
3.40.50	0.785163	0.650367	0.931982	0.781238	0.529932	0.863375	0.71752	0.566748	
3.40.50	0.774595	0.647179	0.923071	0.753958	0.477399	0.861916	0.716379	0.571632	
3.40.50	0.786185	0.660889	0.930921	0.771525	0.51237	0.865106	0.724369	0.589149	
3.40.50	0.782722	0.656945	0.928741	0.771141	0.496972	0.866218	0.723188	0.586876	
3.40.50	0.789344	0.655446	0.935256	0.779536	0.529494	0.865224	0.716191	0.574763	
3.40.50	0.784894	0.652373	0.930646	0.772944	0.517331	0.863254	0.714952	0.57281	
3.40.50	0.789582	0.659381	0.932559	0.780534	0.533857	0.86585	0.720413	0.581433	
3.40.50	0.790233	0.66193	0.930319	0.773628	0.509411	0.865029	0.72081	0.582343	
3.40.50	0.784883	0.648619	0.928261	0.76498	0.507505	0.85612	0.706076	0.561641	
3.40.50	0.785347	0.651559	0.927986	0.766686	0.505421	0.861857	0.714226	0.562869	
3.40.50	0.775564	0.639068	0.922272	0.748044	0.478099	0.852023	0.699778	0.545615	
3.40.50	0.788157	0.659501	0.93251	0.779229	0.527448	0.868689	0.725268	0.582634	
3.40.50	0.777446	0.645874	0.927569	0.764539	0.487491	0.860854	0.712672	0.569647	
3.40.50	0.783027	0.65301	0.928582	0.762804	0.498203	0.858362	0.711543	0.575063	
3.40.50	0.786714	0.658941	0.930336	0.770699	0.506434	0.865566	0.724635	0.578808	
3.40.50	0.785253	0.64756	0.930675	0.776286	0.527452	0.860223	0.715095	0.556032	
3.40.50	0.785758	0.653106	0.932127	0.770723	0.516347	0.863959	0.715233	0.571298	
3.40.50	0.780738	0.656605	0.92551	0.762808	0.475996	0.864888	0.719656	0.585339	
3.40.50	0.7757	0.636744	0.921348	0.752378	0.463448	0.852681	0.696392	0.540965	
3.40.50	0.770644	0.63518	0.921294	0.749426	0.475461	0.854715	0.703734	0.550284	
3.40.50	0.786326	0.65108	0.933128	0.777118	0.52607	0.861302	0.714085	0.565653	
3.40.50	0.789246	0.654759	0.935944	0.789789	0.536564	0.869237	0.724693	0.572193	
3.40.50	0.78911	0.65783	0.931965	0.779434	0.532527	0.866414	0.721699	0.578471	
3.40.50	0.782829	0.647578	0.929259	0.765726	0.497409	0.860365	0.710962	0.562843	
3.40.50	0.781051	0.644797	0.928825	0.7711	0.513253	0.856655	0.704935	0.559159	
3.40.50	0.787663	0.65466	0.931697	0.773224	0.515386	0.861072	0.709851	0.570422	
3.40.50	0.780116	0.643483	0.927849	0.767223	0.504536	0.857725	0.708893	0.553603	
3.40.50	0.789746	0.659261	0.932936	0.780337	0.522246	0.866057	0.719541	0.582719	
3.40.50	0.776136	0.647144	0.922085	0.760002	0.481036	0.857992	0.709734	0.567802	
3.40.50	0.786162	0.656161	0.930338	0.772963	0.519713	0.864021	0.718701	0.576291	
3.40.50	0.785457	0.655912	0.927886	0.760513	0.477592	0.860496	0.714175	0.576607	
3.40.50	0.781333	0.650921	0.928314	0.768736	0.496107	0.862886	0.711863	0.575273	
3.40.50	0.788112	0.653571	0.933338	0.776342	0.524398	0.86188	0.71622	0.567853	
3.40.50	0.789757	0.666114	0.927999	0.769268	0.509666	0.863912	0.722761	0.593106	
3.40.50	0.785414	0.652714	0.932317	0.771537	0.523759	0.863266	0.714921	0.573193	
3.40.50	0.773367	0.641148	0.919509	0.750907	0.471816	0.852647	0.701138	0.556885	
3.40.50	0.781379	0.653526	0.925614	0.759426	0.495227	0.859632	0.715515	0.574415	
3.40.50	0.773547	0.639588	0.920933	0.747691	0.499988	0.853653	0.701546	0.554141	
3.40.50	0.778718	0.648575	0.926776	0.765465	0.499385	0.864656	0.721509	0.568327	
3.40.50	0.783793	0.659576	0.928349	0.767354	0.501825	0.864491	0.721086	0.588943	
3.40.50	0.783862	0.653057	0.925653	0.762447	0.499954	0.862168	0.714422	0.568399	
3.40.50	0.78383	0.651688	0.927569	0.761067	0.513341	0.860687	0.712732	0.566167	
3.40.50	0.783622	0.653803	0.925431	0.761611	0.490708	0.863621	0.717506	0.5689	
3.40.50	0.783967	0.656702	0.930497	0.769208	0.510352	0.861465	0.716742	0.586363	
3.40.50	0.790223	0.656088	0.934725	0.781336	0.535884	0.864239	0.719239	0.571315	
3.40.50	0.785423	0.656409	0.931268	0.776054	0.512456	0.86514	0.720338	0.581084	
3.40.50	0.780559	0.643984	0.928943	0.766452	0.502572	0.85712	0.706116	0.555311	
3.40.50	0.781568	0.647451	0.92898	0.769474	0.49699	0.858311	0.712097	0.562566	
3.40.50	0.772364	0.637329	0.922801	0.748505	0.457548	0.850304	0.698625	0.553093	
3.40.50	0.78029	0.653273	0.926894	0.75425	0.469374	0.858213	0.712179	0.575887	
3.40.50	0.780195	0.653373	0.925356	0.755075	0.466127	0.861101	0.714603	0.582222	
3.40.50	0.78144	0.653069	0.924804	0.758501	0.477896	0.859161	0.713903	0.573485	
3.40.50	0.784852	0.647655	0.929672	0.773142	0.519518	0.858023	0.710752	0.556713	
3.40.50	0.77988	0.652621	0.924784	0.752058	0.488852	0.859847	0.714231	0.575844	
3.40.50	0.778531	0.642808	0.926462	0.757468	0.483496	0.856265	0.704714	0.558117	
3.40.50	0.778518	0.64275	0.926193	0.760579	0.479911	0.858947	0.707008	0.556259	
3.40.50	0.783761	0.649508	0.929251	0.761741	0.505523	0.859657	0.707394	0.565006	
3.40.50	0.788019	0.65561	0.929359	0.763772	0.508048	0.861408	0.715742	0.572135	
3.40.50	0.785668	0.653461	0.930634	0.769938	0.502361	0.864404	0.717	0.571471	
3.40.50	0.7872	0.658303	0.930796	0.768616	0.509139	0.860854	0.715507	0.582268	
3.40.50	0.785685	0.652471	0.925175	0.755973	0.503608	0.858586	0.709653	0.564135	
3.40.50	0.784652	0.651551	0.925585	0.762948	0.50605	0.858969	0.710036	0.563944	
3.40.50	0.78489	0.651255	0.926354	0.759943	0.515408	0.860104	0.710397	0.562499	
3.40.50	0.784935	0.651611	0.926093	0.75973	0.504233	0.859153	0.710921	0.561619	
3.40.50	0.783387	0.646761	0.930401	0.768983	0.50838	0.862032	0.711306	0.560823	
3.40.50	0.783872	0.649979	0.927852	0.758497	0.479409	0.855688	0.705484	0.561638	
3.40.50	0.79169	0.655735	0.936446	0.788885	0.541471	0.867378	0.72276	0.569441	
3.40.50	0.783828	0.650788	0.930875	0.767479	0.505088	0.862953	0.71391	0.568128	
3.40.50	0.784628	0.658362	0.929103	0.76528	0.505845	0.86325	0.716425	0.586318	
3.40.50	0.785216	0.657781	0.928268	0.764999	0.492486	0.860609	0.714764	0.581917	
3.40.50	0.777003	0.654061	0.920614	0.742637	0.445477	0.856489	0.711474	0.578208	
3.40.50	0.785751	0.664098	0.926829	0.765884	0.489323	0.865973	0.727443	0.591978	
3.40.50	0.78616	0.656015	0.931249	0.770806	0.506299	0.862647	0.71589	0.581927	
3.40.50	0.77104	0.632629	0.922242	0.748805	0.473928	0.850428	0.689921	0.543982	
3.40.50	0.789726	0.658932	0.932858	0.781223	0.529636	0.866259	0.72142	0.582617	
3.40.50	0.789534	0.664088	0.931626	0.775798	0.510597	0.868358	0.725142	0.592437	
3.40.50	0.78353	0.648641	0.93127	0.77266	0.518904	0.8617	0.711043	0.570453	
3.40.50	0.779254	0.650949	0.925835	0.757357	0.486219	0.859136	0.713282	0.576106	
3.40.50	0.791235	0.664474	0.929698	0.763245	0.498754	0.859542	0.714874	0.590191	
3.40.50	0.786442	0.650831	0.93143	0.777743	0.522101	0.860647	0.714355	0.565793	
3.40.50	0.779348	0.64629	0.924904	0.759152	0.485012	0.857981	0.707166	0.56515	
3.40.50	0.786068	0.654924	0.930752	0.77352	0.515774	0.864979	0.716822	0.577948	
3.40.50	0.778325	0.649195	0.922085	0.746045	0.470493	0.855028	0.708435	0.57037	
3.40.50	0.784043	0.64459	0.930084	0.767816	0.511975	0.857422	0.701633	0.558821	
3.40.50	0.786065	0.653674	0.929948	0.770682	0.500359	0.861789	0.715819	0.571764	
3.40.50	0.784711	0.657232	0.928809	0.760646	0.501927	0.861234	0.716572	0.580844	
3.40.50	0.786304	0.661818	0.930698	0.765935	0.506168	0.864073	0.723081	0.588898	
3.40.50	0.782106	0.64815	0.928501	0.76585	0.501583	0.860209	0.710866	0.565029	
3.40.50	0.786071	0.657312	0.92798	0.767041	0.505315	0.863361	0.718163	0.577751	
3.40.50	0.789049	0.661007	0.929413	0.76871	0.512586	0.863255	0.720333	0.583929	
3.40.50	0.78354	0.65026	0.927394	0.765808	0.518034	0.860042	0.715771	0.563145	
3.40.50	0.780021	0.644327	0.929037	0.770528	0.499225	0.860082	0.709029	0.562517	
3.40.50	0.78414	0.669725	0.921839	0.740396	0.465995	0.862266	0.725591	0.605368	
3.40.50	0.783128	0.648205	0.930436	0.775488	0.526582	0.86135	0.713137	0.563737	
3.40.50	0.786083	0.664307	0.928289	0.762172	0.50111	0.86715	0.728026	0.594284	
3.40.50	0.788839	0.659566	0.932297	0.77952	0.523173	0.868856	0.725629	0.581431	
3.40.50	0.79023	0.660128	0.933829	0.778702	0.518428	0.869509	0.725732	0.583603	
3.40.50	0.789624	0.659533	0.931823	0.778202	0.524118	0.866363	0.721616	0.581609	
3.40.50	0.787916	0.658746	0.93371	0.774815	0.520206	0.86451	0.722223	0.581812	
3.40.50	0.789629	0.652095	0.93635	0.789412	0.54031	0.86755	0.719571	0.565954	
3.40.50	0.790335	0.653683	0.936946	0.78707	0.53846	0.866341	0.72081	0.566535	
3.40.50	0.786351	0.664963	0.928223	0.760762	0.496702	0.865158	0.726376	0.595904	
3.40.50	0.787599	0.657893	0.930837	0.773187	0.503761	0.863306	0.715129	0.583068	
3.40.50	0.779846	0.64392	0.926625	0.760168	0.491109	0.856271	0.705059	0.556113	
3.40.50	0.782301	0.649702	0.929674	0.769688	0.501283	0.861183	0.711552	0.568725	
3.40.50	0.78365	0.647226	0.928991	0.764007	0.512993	0.857434	0.710327	0.558647	
3.40.50	0.78491	0.651491	0.929234	0.767709	0.48865	0.861129	0.711521	0.568322	
3.40.50	0.787838	0.654618	0.933122	0.776634	0.528035	0.86314	0.716789	0.575929	
3.40.50	0.789781	0.65953	0.93171	0.780801	0.533368	0.866425	0.721817	0.58078	
3.40.50	0.790293	0.658628	0.933132	0.780302	0.524561	0.865264	0.718987	0.578778	
3.40.50	0.783555	0.651252	0.931389	0.77378	0.496132	0.862617	0.715383	0.56793	
3.40.50	0.790424	0.657637	0.933787	0.781258	0.52086	0.864794	0.718506	0.576092	
3.40.50	0.785406	0.664399	0.923862	0.758357	0.484704	0.86181	0.724333	0.589855	
3.40.50	0.791152	0.663893	0.933947	0.780688	0.523665	0.868006	0.726058	0.591135	
3.40.50	0.785618	0.654997	0.93133	0.774407	0.51395	0.865928	0.720098	0.577986	
3.40.50	0.775442	0.645836	0.918982	0.748213	0.455773	0.854312	0.695643	0.566719	
3.40.50	0.78284	0.648186	0.925029	0.762019	0.488589	0.857107	0.705365	0.562803	
3.40.50	0.784796	0.653149	0.931009	0.771984	0.498718	0.861391	0.714432	0.572517	
3.40.50	0.787761	0.654205	0.927055	0.759468	0.495251	0.856449	0.708137	0.566297	
3.40.50	0.780636	0.642424	0.929807	0.770954	0.520525	0.858561	0.707818	0.554859	
3.40.50	0.79003	0.656985	0.932178	0.780517	0.519218	0.864477	0.717522	0.575439	
3.40.50	0.779321	0.6436	0.930014	0.767017	0.502424	0.860151	0.71136	0.557519	
3.40.50	0.785706	0.651108	0.930963	0.770932	0.512703	0.86136	0.711959	0.568098	
3.40.50	0.786751	0.654601	0.931957	0.769979	0.510261	0.859324	0.711969	0.574904	
3.40.50	0.789637	0.659505	0.932538	0.777821	0.527988	0.866222	0.723228	0.580544	
3.40.50	0.778791	0.650715	0.926285	0.754295	0.481236	0.859375	0.715092	0.573298	
3.40.50	0.783485	0.649151	0.928968	0.768528	0.492694	0.860725	0.712425	0.565442	
3.40.50	0.784506	0.650769	0.926137	0.759349	0.492064	0.857562	0.707548	0.562718	
3.40.50	0.787674	0.658817	0.933486	0.775507	0.52276	0.864582	0.721979	0.581034	
3.40.50	0.773054	0.642813	0.921172	0.740798	0.453093	0.852604	0.704647	0.565212	
3.40.50	0.78519	0.656292	0.927355	0.761388	0.49229	0.859437	0.714399	0.577756	
3.40.50	0.78702	0.652103	0.932074	0.777315	0.513922	0.862257	0.711031	0.566801	
3.40.50	0.787882	0.648513	0.933126	0.782179	0.528177	0.861814	0.712662	0.558221	
3.40.50	0.784281	0.655674	0.927672	0.763645	0.495442	0.860461	0.713201	0.579613	
3.40.50	0.789384	0.65961	0.932402	0.776721	0.529562	0.866486	0.722225	0.580072	
3.40.50	0.788904	0.663931	0.929878	0.768103	0.515637	0.865935	0.722977	0.591433	
3.40.50	0.785128	0.65372	0.928686	0.762407	0.49396	0.861656	0.715953	0.573414	
3.40.50	0.778823	0.6473	0.923984	0.748817	0.476034	0.856018	0.705457	0.566023	
3.40.50	0.784384	0.649555	0.930058	0.772628	0.518264	0.861136	0.717399	0.563446	
3.40.50	0.777296	0.648539	0.922541	0.748873	0.475509	0.85429	0.70935	0.56893	
3.40.50	0.784651	0.654074	0.926785	0.760363	0.498319	0.856276	0.711658	0.571102	
3.40.50	0.78639	0.65745	0.931675	0.771305	0.517641	0.864561	0.721164	0.581409	
3.40.50	0.786596	0.663591	0.926895	0.759312	0.496246	0.863304	0.721857	0.591491	
3.40.50	0.784407	0.660295	0.92579	0.759682	0.493682	0.86094	0.716756	0.587044	
3.40.50	0.785263	0.650631	0.929345	0.769715	0.499368	0.860553	0.714009	0.564958	
3.40.50	0.784338	0.650191	0.926361	0.752125	0.487242	0.855752	0.707885	0.558959	
3.40.50	0.784173	0.646647	0.930634	0.772929	0.510916	0.860603	0.712702	0.561457	
3.40.50	0.772006	0.632822	0.925052	0.761462	0.50413	0.852367	0.698372	0.544579	
3.40.50	0.778102	0.645905	0.927079	0.764962	0.480225	0.859963	0.711251	0.56837	
