1.20.1050	-3.28759710986692	0.939876051504915	1.94320014750082	2.88671338578879	1.2421610247353	-1.74473220723852	-0.324217587129277	0.504899276261922	0.255383204114172	-0.539861228212031	0.100663324191629
1.20.1050	-4.38140286769351	0.942894741741431	1.43099643605204	2.8429468302743	1.04996639482967	-1.89071571089733	-0.611534448731227	0.393479304332356	-0.354167825454214	-1.11348364698488	0.0883401133900747
1.20.1050	-8.27559379888827	0.458840517953556	-0.744571366576374	-0.609623259218765	1.36989457546216	0.114172339021	-0.673455865095978	1.19871682363503	-0.0584530662445807	-0.00839730119112572	0.114815616208595
1.20.1050	-4.29003176818211	0.283897035500015	0.0178990635316584	-0.130043858088897	2.07756245074567	-0.695677640841736	-0.879735656204667	1.16764569136914	-0.512557395870544	0.194294478290446	0.0575568310491476
1.20.1050	-6.13576331342054	0.209779182084771	0.10928787812775	-0.0944137508221307	2.03086323336811	-0.394620218505192	-0.91355129670819	0.945764490618942	-0.51133703177283	0.29867752743094	0.0230912947399635
1.20.1050	2.3978363568278	2.32289710039034	-1.74231283616859	2.36988271263377	-0.134589553524258	-1.55594192047913	0.851930680206249	-1.63318225943312	-0.481630196002471	1.25327490023329	0.670094765091364
1.20.1050	2.45833272216347	2.87542361333848	-2.14712707228208	2.73619090810536	-0.402706156985814	-1.42926219929638	0.650319535418944	-1.3685115112319	-0.441858730504536	0.700066966587355	0.65799730208803
1.20.1050	-7.08012560281501	0.0931050246300562	0.187001194782042	0.133218565529339	1.8670355884658	-0.259713259178543	-0.994102502330007	0.72883677600212	-0.553864230669143	0.337682061052992	-0.0286725775343229
1.20.1050	-5.59440939686558	0.297017117948348	0.0182115832491288	0.0459894728550021	2.02372004783077	-0.279614544843921	-0.931997636413237	0.964404935444835	-0.621359012534387	0.207440704665003	0.138046189606228
1.20.1050	-4.15567491071272	-0.23219405406468	3.49701737282585	2.4307750245632	3.97250423322931	0.3298299512267	-0.613370005715534	3.26393391419343	0.0279783659954149	0.458221850070952	0.552209182336523
1.20.1050	-2.33432701793771	0.395386161187178	1.59068243248067	1.19430468193926	2.97637380710614	-1.14884044943655	-1.17254165592003	1.3299468953641	-0.635144168386777	0.267659067210682	0.226541819773886
1.20.1050	-4.17507747570228	0.00602111791965579	1.36506282229394	1.85099912110806	1.41579376888248	-1.81223982545726	-0.587466593975101	0.0133963331319785	-0.762822105562943	0.000610203681058435	0.22849359939404
1.20.1050	-5.47831480575451	0.222667344243211	-0.157751740179171	-0.288176878097694	1.64261118386501	-0.33235600116317	-0.740631487459881	0.995063895378057	-0.505639296053178	0.446576164015518	0.216327124874377
1.20.1050	-7.60724939661766	0.114576745742422	0.49687521768041	0.187700199737898	1.9229530805719	-0.378038253861308	-0.77251711116993	1.02713558390231	-0.638460412321446	0.0526545153871143	0.234968410386055
1.20.1050	-0.7200055957475	0.069384663080996	2.27613792537961	2.22771981881658	3.19701696688435	-0.655650066248989	-0.426801523284085	1.1691725565219	-0.920836204190204	1.65464259408241	0.922956117481127
1.20.1050	-1.71737610233209	-1.46977486310862	1.84630781928642	2.28551641710583	-0.248345086163992	-2.27288647107142	0.329333540863732	0.312157730817014	-0.705489129780822	-1.31501445257073	1.13410234547787
1.20.1050	-3.71527355386163	0.0794807095694105	-0.206140060390267	-0.640079870292277	2.10008761326844	-0.42393388268057	-1.48805000367136	1.62732107256328	-0.763567529639993	0.430718835637607	0.108428356655584
1.20.1050	-3.77511428821879	1.10416422361548	1.78718560093271	2.59294617349114	1.79661579827534	-1.84081932753551	-0.33443412612602	0.552518274309485	0.0643564677902868	-0.92707262331062	0.180805007629401
1.20.1050	-6.22150642613521	0.329139817432792	-0.0102397590878378	0.141388270848737	1.4985699436997	-0.437253041997249	-0.760536490269178	1.07643318399086	-0.591215689028008	-0.194562843582621	0.057732256240479
1.20.1050	-2.32990648859655	1.63183728432525	2.37646878254346	2.3333255332299	3.49341960527037	-0.525819650929101	-0.168169107991143	0.714920187134829	-0.0948931785172162	-0.276250050580221	0.561714159878604
1.20.1050	-1.01450517400446	0.833764376731274	2.3313880969037	3.23783253244197	2.81158016818955	-2.26948264333415	-0.437094334088297	-0.452912619024188	-0.743257431262218	-0.59541337861641	0.426162752746381
1.20.1050	-1.14277599159023	0.405439741455874	1.76066170595838	0.796035720327346	2.06155590125968	-1.7290574955392	-1.13660093824591	1.30212440880278	-0.0920506837010974	-0.0387829030123643	-0.291476601060059
1.20.1050	0.42331233269525	-1.00339461609109	2.18149922772966	0.421763759721583	3.01328352917025	1.2486518161072	-0.960349646075184	2.44586771880038	-0.410365113520323	0.352945747277058	0.635887014191763
1.20.1050	-5.47841155043738	0.0374308916405884	0.016636053018982	-0.267829782846299	1.69318193586229	-0.325569746013244	-0.979201243565477	0.961437613923377	-0.535938957732461	0.668522078065428	0.304149597709689
1.20.1050	-4.6738972379882	-0.0314139208014403	-0.005201542512805	-0.190015097350575	1.70625394726609	-0.527731887105464	-0.905143598647919	0.382933474677388	-0.72570470989503	0.692146666148323	0.41544528668876
1.20.1050	-4.38661106851802	-0.736018658006345	1.99709948537516	1.9060324352731	1.42661179939762	-1.8364627962954	-0.876338421662238	0.265873771263046	-0.814796911423683	0.24087136300049	0.111399336543646
1.20.1050	1.7332852241751	-1.15887387282117	3.64548707736522	5.01287590735884	1.59550681235904	-3.34830616271456	-0.418035675260844	-1.83027031211695	0.574209804123656	0.0795128599667311	-0.146706495483362
1.20.1050	-4.53021743734564	0.570377205544783	0.0852951385462373	0.360810588524454	2.11500533316337	-0.471467881753565	-0.954719688180464	1.36670756867988	-0.18955792783309	-0.153720322209572	0.135250990102871
1.20.1050	-3.48998398085475	1.90206049862109	2.46161910097689	1.85801748533007	4.69608721910815	0.440326560514024	-0.398216813495119	0.46200569804178	-0.318338778362149	-0.587822820594666	0.249538132900497
1.20.1050	-4.54097659302239	-0.0331861270636139	0.378860695840463	0.105650486397702	2.32637624148064	-0.698223659569074	-0.56013788769346	0.430048667329538	-0.53796938798267	0.747907919194103	0.312235528129987
1.20.1050	-4.7207931405631	-0.166050317280219	1.61533456182781	2.49601038548678	1.46181202771456	-1.89819321853248	-0.584973573996397	0.325906593149824	-0.873678680628434	-0.294444244490465	0.037059212382256
1.20.1050	-1.79309532466086	0.964020461890084	2.2257380909581	3.30355832233766	2.99169419047115	-1.80878108632938	-0.519505158816766	0.212762404046132	-0.511794052344037	-0.701759761219307	0.419440377141422
1.20.1050	0.183735152373048	0.682077472597351	2.38525932483125	2.9629414300009	3.06064777960699	-2.16136201114631	-0.589564216801096	-0.420828411411139	-1.11385758481498	0.391268421418055	0.55380504072386
1.20.1050	-2.87994350745476	-0.00490443837041735	-0.0835747813042696	-0.453767869307544	2.07307363041102	-0.204932917756806	-1.22631232112135	1.46002392010677	-0.845351614473783	0.749086461485111	0.205211786601699
1.20.1050	-3.7122827382969	0.550321136704909	0.133108787941745	-0.144141664131845	2.14844605886669	-0.24870847756747	-1.08459933444035	1.28078864796894	-0.54711748794627	-0.54874127397171	0.165329613220883
1.20.1050	-4.00675384149341	1.58599094124191	1.71097457109642	2.02558298583673	3.41889416130546	-1.52905638304927	-0.763904058550564	-0.395972897346159	-0.650929233760548	-0.993232849574912	-0.133935445515986
1.20.1050	-4.95305245274347	0.053094939889806	-0.251106181801028	-0.356232034991924	1.77669443479863	-0.421552540441381	-1.14663360376398	1.14097048497794	-0.492648501188433	0.539315332012605	0.145627698468069
1.20.1050	-5.11139412123579	0.4199548457725	-0.149681992245147	-0.155769467790929	2.01379023527928	-0.571923780001793	-0.952064488320469	1.35998166788861	-0.53350083135721	-0.111913029199349	-0.0510153665378786
1.20.1050	1.29768472737226	1.9502584406997	-0.795715823994755	2.61264436181945	0.0345687592063079	-2.08724884208022	1.38811432029358	-0.838304568954226	0.0595012386117954	-0.399554035813047	1.54033454246903
1.20.1050	0.128029533931272	3.02163276956204	-2.66333663685698	2.002889287555	-0.281501402376456	-0.907854320626457	0.913549927218405	-1.28917701120119	-0.343338683848899	0.406354104672263	0.390261307567037
1.20.1050	-2.23324815258483	-0.206424582309435	1.41436326080049	1.32756842720699	1.04793551361682	-1.43788607312981	-0.599386752739842	1.32836183127541	-0.324679581201519	0.0308331398903077	-0.209918090049419
1.20.1050	-3.26629546328305	-0.064561751154514	0.112677453816757	-0.282507168575887	2.26530438999585	-0.700541017335447	-1.56198026761524	1.44083189355965	-0.967998375372345	0.406799188454543	-0.0504661090563407
1.20.1050	1.39960813293306	-0.542931948230836	3.2099633487929	1.79403250951095	3.07899942345093	-0.557879115847084	-0.64110297545403	0.564942032514935	-0.366681828561026	1.04864701007486	0.394879547169654
1.20.1050	1.98524809385161	3.10873661588933	3.33797622197974	4.58329277795075	5.02248976990267	-0.99422564108151	-0.727707015479311	-0.501836585279996	-1.4567171684547	-0.627218236444989	-1.17893341349127
1.20.1050	-3.94313147684288	0.0368879451970003	0.202340508273695	0.0639518486887016	1.88199759066736	-0.777535540491618	-0.780654506433659	1.06738629156627	-0.784801387338912	0.327929195385064	0.0495412937422669
1.20.1050	-4.99532315977454	0.103212701571749	0.141262406110965	0.106288906697266	2.23965560002749	-0.517850444650645	-0.81198635796199	0.647908370749313	-0.659024506263575	0.35956522376464	0.206446393062225
1.20.1050	-2.10151085270402	0.021607788449747	2.16504387277179	2.80422045754171	2.5119563044285	-0.410345593771336	-0.176062813809911	2.07927997833807	-0.558994550374182	0.860779328933708	0.912408064360663
1.20.1050	-3.9315202380443	-0.178041562343114	0.525604321713077	0.0772809458708698	2.09468407759272	-0.750138146285824	-1.02483473677506	1.50978645308034	-0.534294046046692	-0.0010311398950572	-0.0953367102515613
1.20.1050	-5.2959709297041	0.2395356493119	0.0531076279852011	-0.0128719654350276	2.04723204949204	-0.300772411307477	-0.789737492246254	0.784172384630689	-0.891505336785391	0.324417967851789	0.242027857814278
1.20.1050	-3.92808535979217	-0.0649571946497226	1.82477899622011	2.36389863200919	1.52303768453715	-2.07033588506608	-0.526490023364072	0.035429591535322	-0.78195389024975	-0.0287635061899633	0.386677684144303
1.20.1050	-4.96554824345173	0.170682048766366	0.316764603014005	-0.0852772814398033	1.63339318652932	-0.590997177389836	-1.00394925095113	0.330470525678676	-0.857379277153654	0.527276674219744	0.317490945686848
1.20.1050	-4.63280890317304	0.139682316419796	-0.346282362529092	-0.79615479664802	2.01838171760508	-0.126920856272933	-1.44560207853928	1.89739596661738	-0.796437261040035	0.116978347511338	0.0622807336280753
1.20.1050	-5.07917266017857	0.273191412923013	-0.138176817484393	-0.214344756954872	1.85928213895278	-0.519312165953626	-0.874734003987382	1.32181039075906	-0.57928410626734	0.0541411484749924	-0.0846621848493783
1.20.1050	-1.22914020755267	3.54014190265911	3.4089033050185	4.56830613957762	5.71293764918596	-0.755820962314987	-0.348765443865945	-0.773438726362798	-0.590376495244496	-0.812489840822402	-1.39157100131787
1.20.1050	-2.91589246381182	1.15792697511952	0.217757165117788	2.79106761303298	0.885834809647298	-0.367577252412032	0.789365158730554	-0.410458385551552	0.024440405666777	0.967517457812033	-0.160829587834344
1.20.1050	-3.09576931050704	1.40711511043892	0.359061674609895	3.09917447282944	1.34434279756163	-0.701985386564429	1.05992426667174	-0.624685320352875	0.287071888492592	0.78370860908522	-0.0863906804471936
1.20.1050	-3.71033282840997	-0.199010254015715	1.2059529246468	1.06271243244377	1.11138702864166	-1.11632786164406	-0.568781378183277	1.2240196528387	-0.134178298780484	-0.288856145055314	-0.628699516232002
1.20.1050	-5.80588683629538	0.172053880556228	1.19782024088375	1.60010043867281	1.24014481428285	-1.36003508521929	-0.861736766153329	0.623598857458866	-0.324049211236538	-0.580464829438923	0.132081821105929
1.20.1050	-0.703152525311472	0.236937195243871	1.21053928408811	1.42167154681037	2.42741100328552	-0.594171832016866	-0.876098930276811	1.93998268568407	-0.709722900835429	0.634702878567784	0.349503840322161
1.20.1050	-0.788322480249721	1.33942197909823	3.19107319779734	4.17445421409826	4.63357900623481	-0.157633177667824	-0.127782022219047	-0.0632859272625445	-1.10668666179903	0.0534887511923487	0.547873784049625
1.20.1050	-1.89480778179298	0.812240449884105	0.533427447910309	0.467675770579524	2.65828465859408	-0.774185312731176	-0.896563593659477	0.718093202150289	-0.47635299279329	-0.441568397706569	0.169473225242246
1.20.1050	-6.05089515121284	0.12732164229414	0.147472895505299	-0.0559180460803288	1.82617863875654	-0.0819959737725532	-0.807106428536352	0.831317104990563	-0.656175043960876	0.403173908519955	0.273438598889513
1.20.1050	-1.98779840357539	0.660318075877207	4.50481437613419	3.6269817217499	4.18911523979125	-2.3426545719238	-0.395647678904591	0.390396710314883	0.852575464541333	0.380718775318517	-0.660182659449004
1.20.1050	-4.11106669189903	1.52510670684548	1.95497318690134	2.38197102671239	2.68364326273324	-1.20481012222755	-0.326151607991719	0.256059897711994	-0.726886138874297	-1.05315757072969	-0.639078498210969
1.20.1050	-2.43433965910859	0.76036493137847	-0.976398614198168	1.0861037714914	-0.629244028187874	-1.24289988754799	0.755974674472093	-1.21144966610723	-0.477927985149311	0.741876353751436	1.37820453275298
1.20.1050	1.52877548056804	2.88358409092791	-2.2592054701517	2.32797096758926	-0.269938999473927	-1.27281703550044	0.500627184039293	-1.22974237953288	-0.380736265390904	0.423849211820955	0.500688631580519
1.20.1050	1.72015161447628	-0.212093028027732	2.8594715974622	3.16558551389431	2.97857975167579	-2.29232478075746	-0.695997767700462	-0.674665981145789	-1.61619807084471	0.451483823953563	0.817268887011878
1.20.1050	0.198979105573452	0.518851046297029	2.73032142433924	2.9539644683123	3.23930848736727	-1.99416868991769	-0.646688836151288	-0.331530031898921	-1.21332011899858	0.237147801654535	0.476704288555514
1.20.1050	-1.70549007217213	0.0772141818416923	0.944114295670036	-0.644889666353478	3.24475477371503	0.0142349900062639	-1.48318870820838	2.323206042684	-0.56810549196783	0.975169719943643	0.525620667025533
1.20.1050	-2.722231837256	0.171682316966752	0.0522285379465	-1.05885667271527	3.12562424224469	0.0306425248087746	-1.70437534781256	2.02481969656262	-0.0939846484396255	1.18558671850657	0.947205070118033
1.20.1050	-4.01159516617245	-0.0557196245336375	-0.0999200737092244	-0.196453477135938	1.88366276919142	-0.603719606760543	-1.08979311273302	1.14834375850666	-0.724428003722201	0.577765001743003	0.213086447214481
1.20.1050	-1.43397074018736	-1.96046880667233	2.63566682314686	2.75434689403338	-0.18246427710637	-2.37340909051516	0.501123699813981	0.517443652510561	-0.574562816543855	-1.33987482272566	1.02283815309523
1.20.1050	-4.84708568175848	0.231060667282798	0.196047732271185	-0.0908838273122487	2.14590379936587	-0.595142733437653	-0.609476601478351	0.603609496779481	-0.525021657955385	0.698186214151503	0.435494506961988
1.20.1050	-1.92450510982101	0.228249529403737	1.6288404890421	2.81550664721451	2.00045887171706	-0.794787616212034	-0.580022523579599	1.94489575126919	-1.04592895722297	0.371551621885923	0.63965120370425
1.20.1050	-2.8309266110703	0.113833397544879	1.51722507131431	0.671562184083942	2.77464336741246	-0.186436111413091	-0.981475534367693	2.18597309839001	-0.109678747529342	0.353251659262969	0.339205242561359
1.20.1050	-5.2890529965138	0.0938261492338534	0.268874474155413	-0.0576273606258434	2.06901020182999	-0.709318398183226	-0.919065015776481	0.960875752900025	-0.771818420644906	0.516168261130839	0.209895167887992
1.20.120	-2.36697307802804	1.52315325521263	-3.47362710503222	-1.80825979500133	-0.573029291761283	0.517992494842178	1.0480354914145	-0.560340537115667	0.0109644202404298	-0.653845497003749	0.704922766282649
1.20.120	-4.03076468038076	1.35676391472723	-3.43793322142536	-1.00368055835543	-1.11581136660163	0.286329990931688	0.840511532410402	-0.925696571663777	-0.415160318007339	0.225333221694715	0.913557098244427
1.20.120	-4.11316176013772	-0.247283092783382	0.431447573352211	1.41741230499263	-0.151844853933302	0.197383137932557	1.06100718608148	-0.372965246680288	0.369176295016915	-0.584579479871802	-1.02514428235446
1.20.120	-0.386728772395342	1.1912184377309	-3.11108773483386	-1.11075766658977	-0.582329617154801	-0.124913546626564	0.831324121491282	-0.806898478810025	-0.502892770851449	0.580220312758821	0.322930751052112
1.20.120	-5.36624537512767	-2.96986407578611	-0.153759337886862	-2.5952644252112	0.469693730922206	0.0664692533997324	0.100113305999612	3.21870516978658	2.7291363929692	0.416758647013364	0.726606305566885
1.20.120	-3.40714109718168	-0.122012271701607	0.398652415520517	1.505051807143	-0.637025620749976	-0.00299914934081831	1.67523866685923	-0.165158431836001	0.812506891900797	-0.41285160041228	-0.751394090317877
1.20.120	-0.382208540351213	3.30131825267967	-4.29882368982207	-0.0665708858755499	-1.15376735257243	-0.0861594306767861	1.89497049813572	-0.885071585377815	-0.275165796864868	-0.453209556497614	0.876638266853065
1.20.120	3.72112069178072	3.94960437557612	-4.80645497114786	-0.366641258998421	-0.682606158010809	-0.363992088926781	2.12872905524006	-0.197897361996168	-0.200600006109317	-1.37985178589279	1.11662172348266
1.20.120	2.49106029360719	-5.24695425158237	-0.0662020599014645	-2.63167288916453	0.998437572071251	-0.361852397108283	-0.0740469872230107	1.17460738478288	1.38553261408853	2.07185336511694	1.7900758304255
1.20.120	1.14649406494501	0.258858096611258	-2.35403162901209	-1.44302566865492	-0.912847394625021	0.781911119264526	0.224042466694949	-0.693680225833779	-1.12790766070646	-0.0655397904250549	0.261926796582508
1.20.120	0.142727905129316	0.348674608872233	-1.59347444999752	-0.757601768422225	0.719008033042974	-0.0642035851336164	-0.509322153030949	0.830097125538072	2.13579826633719	0.283852225195498	2.68668823868558
1.20.120	-1.49949970390802	1.5143202471622	-1.13088195857377	0.0715080013852804	-0.718540303402815	-1.09974245848555	1.13828420882944	-0.433662246675809	0.101700440873615	0.761823936129489	0.322443155802979
1.20.120	0.90740782528622	0.0129557798845086	-1.85932053401566	-0.783220028402659	0.665071792556724	0.219131930737684	-0.693141260245593	0.782818625786507	1.92973489022344	0.313212265791231	2.58474267878255
1.20.120	-0.0671580985580008	0.50245518460005	-1.74317648385733	-0.471115872238596	0.531941620343756	0.0150672733744605	-0.759109885970849	1.10792085529612	2.07101404857845	-0.019096344529021	2.64217559151114
1.20.120	-4.11431182568647	-0.186045852656659	1.29990199359793	2.37755837092133	-0.50156794813444	0.409495180520539	1.48191181887541	-0.424094502957553	0.728254928739366	-0.498635635188539	-1.19552816371161
1.20.120	0.374135615154079	1.16814945062021	-3.11085824554115	-1.06150797757057	-0.477834893259537	-0.230251763826285	0.928535491817932	-0.874433855859879	-0.413399819682888	0.635155165990442	0.385682268527134
1.20.120	-2.83429893836887	0.570745134198053	-1.32758715038162	0.811594478630428	-1.34449620316045	-0.322475318760598	1.3111901342514	-0.0029727181846014	-0.0811621440098053	-0.266042998466255	0.351189666981999
1.20.120	-3.24174396768157	1.12133192200563	-2.0647840277594	0.0798503700311143	-1.43116071381025	-0.019394415258178	0.96965465893231	0.0838560191135025	-0.0720069419026275	-0.410569477194523	0.263166262681741
1.20.120	-1.03110989760724	0.207737792900314	1.52813009507155	0.953151676897764	-0.50331866587487	-0.337984505192557	0.725121549031709	-0.115897126797307	0.83904683624291	-0.354969548952991	-0.123155507324892
1.20.120	0.876298323728645	0.258296709764817	-2.66593442172879	-1.52667568881412	0.0428120408606206	-0.0936557297372257	0.283456367745444	-0.28734283704507	-0.407641971756119	-0.178238173206059	0.0383420307201783
1.20.120	-1.89532602369597	-1.20065815833873	1.16777400816416	1.34310722225418	-0.953825652411299	-0.314024080814721	0.33721360757722	0.626113404187237	1.20958674613716	-0.733295834999724	0.132835301560435
1.20.120	-0.751307181598779	-1.91281372182706	-0.685159170517791	-1.58609427701415	-0.330987113939044	0.319827479277248	0.00738517710943273	-0.118954091766979	-0.516769297866039	0.652667506025927	0.53548804630053
1.20.120	0.177669227586557	-0.726647387253311	-0.510592757225409	0.724134315425423	-0.163826382067867	-0.335472243365166	0.82560175789333	0.562999151196973	-1.06193691494298	-0.965452155549647	-0.553959323413194
1.20.120	-1.38389478493727	1.9463363764157	-1.63167604254278	-0.207142995432434	-0.923004978843987	-0.068305504731726	0.680962811910392	-0.401319414637511	0.369036313594346	0.231253863042105	-0.526445015430202
1.20.120	-2.20120972759491	-0.498832766739946	-1.67319399033591	-1.03756881518801	-0.433019600632075	-0.0458344225981384	0.0544052837163548	0.710040065920027	0.270115526070035	-1.27408905286071	-0.179399427334776
1.20.120	-5.8752025340409	-0.28017803450701	-0.881900967105303	-1.48730126674075	-0.345244894247013	0.45066121922184	-0.950922911500498	-0.135413861451476	-0.492918476535315	-0.328249578356326	-0.518630360759903
1.20.120	-8.1823622765721	1.1730698618236	-3.39261872730574	-1.50860283061491	-1.1739376713888	0.82270090954776	0.308160795908162	-0.778302018725425	-0.651426950791058	0.545983073799295	0.430537943162706
1.20.120	-4.00751310548986	1.38464189110728	-3.41565050927757	-1.41291225682437	-0.99278224433492	0.454326638437626	0.775127019243341	-0.529475603712057	-0.530815161007455	0.025755084679661	0.329590085702978
1.20.120	-3.60557993651124	-0.171942780633889	-0.506807879848753	-1.21580037486631	0.17758393341908	-0.0881043515382845	-0.773265039381673	0.585661702994481	0.261642999622378	-0.872605136293611	-0.250913800940965
1.20.120	-5.2880158655607	-0.89352136978052	-3.00090343162952	-1.68669722507901	0.502413585512019	0.282687417227013	-0.207160398841053	0.312792784580064	-0.169987904551415	1.31743674808632	-1.15996490004391
1.20.120	-2.11465778054091	1.61563891816916	-4.00395561101379	-1.91095976391671	-0.504035549851522	1.01548574411257	0.493225656591988	-0.553606753949837	-0.146841210415956	-0.852152657076085	0.390954596766997
1.20.120	-5.11200835851131	-0.193924273176586	0.653121672821407	1.56292703013162	-0.614562068915118	0.633889848891395	0.856921045708986	-0.0621754175580958	0.45377961025346	-1.02165814905069	-1.04114236613053
1.20.120	-2.45620272517692	1.12079345292166	-3.18929222446014	-1.20983878949363	-0.877606658301112	0.411902756600095	0.444553184714824	-0.723959690332254	-0.694663215043265	0.0125942270444594	-0.0152683570445289
1.20.120	-6.53035554831818	0.140243163383624	-2.66853382055682	-1.87561371226471	-0.267722201318232	0.588008594247643	-0.469202940338314	-0.852326578159688	-0.679164338290456	0.973522774952991	-0.327245470093427
1.20.120	-1.69605540524807	-0.895138198097873	-2.24551466881075	-1.42951921792171	-0.330433160139488	0.0497127814952797	-0.68227694952127	0.637194048738088	-0.524419063592296	-0.793589572914917	-0.489871517837693
1.20.120	-9.32975710930689	1.81664143264937	-3.15739838103513	-1.15148934019107	-1.27514376720622	0.755615779644878	0.250985967316095	-1.02135732586529	-0.495964568796634	0.547374318271586	0.146646723603448
1.20.120	-9.08138875578011	1.8015039891732	-3.31313577912916	-1.20213677474456	-1.27385761053072	0.715310387790888	0.413679537831628	-0.913979506203921	-0.366059376979322	0.322543824666403	0.173437014408217
1.20.120	-10.645639480821	1.75850627858999	-3.09096164960978	-1.18622611298209	-1.18435887746212	0.736675363724465	0.402576260085503	-1.0581761766254	-0.251144953682354	0.519407225141315	0.162229018671206
1.20.120	-9.44770592785963	1.59632316553639	-3.14148834390232	-1.25930546857452	-1.2682370837663	0.755816491979005	0.176385478127639	-1.04170390909635	-0.552582525849648	0.762835025568292	0.20885250904541
1.20.120	-5.94547596129409	-0.569930670310265	-0.674613925243073	-0.646811706968781	-0.291916612393023	0.159008165905579	-0.863991507234726	0.169475714389519	-0.434507519289731	-0.618848080498915	-0.212381733623703
1.20.120	-1.64633448781629	1.16111040966892	1.07761712478682	-2.19972431425022	-1.97606608438867	-0.126481237444634	1.65529968381791	1.07581370494584	0.144024986203914	1.72286897785089	-0.635527338151753
1.20.120	-4.53306823259271	0.575728041682883	-1.53020484847527	-0.837650426451139	-0.936348180779871	0.467020887674197	0.142953238398778	0.313905527025442	-0.480623310648149	-0.514591198668974	-0.430955738943235
1.20.120	4.9968619288117	-0.589015588282903	-0.783758851176214	0.339393218293686	0.66668805828687	-0.883229519916389	3.12369773622226	1.10685272835345	-0.761644232484948	-1.42019632204239	-0.370106924181956
1.20.120	-2.63779558974428	-0.450492216724581	-0.263924497388974	0.284945987011203	-1.0270162960046	-0.205936528607613	-0.281533260631252	0.351734464276451	-0.38940325489794	-1.22592537151988	-0.149421007441732
1.20.120	-2.04842118571259	-6.36788750424737	0.311141874041809	-2.51921782776623	0.755743632148966	0.593559931428739	0.0260348313378906	0.976988949375318	1.97074124355612	1.62704106840509	2.48883972643364
1.20.120	7.15009045686887	-4.96735263918541	-4.25297669520102	-0.32376564654453	4.35751519066925	-0.0295069837410597	-1.51087943314933	-1.89094004822524	0.51758209342898	1.70182947524321	-2.90720600645752
1.20.120	-5.70563480807199	-0.0170275796149719	0.589847799517661	2.08694787173129	-0.704053758082818	0.158989474366651	1.17441453003512	-0.0461364824586201	0.857787567416837	-1.51439979386495	-0.708194263185484
1.20.120	-7.38105165228379	0.441904204879976	-1.43459080826361	-0.71283436174211	-2.25688294413354	0.0250895341970677	-0.127940305088645	0.00798051294161007	-0.0139155162684003	0.277494986277391	-0.0155579787299591
1.20.120	-1.09823694071587	-2.01878404951274	-1.01171876949076	-2.10506032345711	1.12530630739436	0.23584932897647	-0.864495592689277	0.902558035780352	-0.322147103147436	0.0880592959975026	0.0612856792467112
1.20.120	-4.32072651363663	0.549827764897994	-1.4262190391376	-1.06402595240254	-0.757715052048625	0.339894268614234	0.206838212609368	0.0072541679395276	-0.486689385531935	-0.260344126661816	-0.425393128346354
1.20.120	1.02269345076431	-3.05742103948655	-0.786655428334342	-2.10425158663707	1.60502185090893	0.422506066433063	-0.875636037036049	1.06455555855174	0.329956098443499	0.382451917841762	0.371967003495724
1.20.120	-2.70509165922181	0.969682541261377	-1.43147213389495	0.384293771348821	-2.0820627126079	0.182305712963765	0.295449185074429	0.369839829725071	-0.347003600072062	-0.147154117701351	0.0699209175117289
1.20.120	-3.92494463799485	0.451235129625649	-2.03548644697097	-0.574167297753633	-1.57446946059333	0.0841293876232657	1.05688568867811	-0.42276944289957	-0.000935910166416063	0.408658063142339	0.471717301177479
1.20.120	0.491898285886988	-0.63715422386505	-0.134158947399327	0.268968986888097	-1.0505752167699	-0.557152629721019	2.85550816136838	0.54219570794547	-0.0867102482620955	-2.18337705279426	1.29489406306249
1.20.120	0.633332020280307	-2.03877262830807	-1.2666387967204	-1.22843730749521	0.15670397445283	-0.280241775909691	-0.521947006672508	1.02399062986281	-0.303339112082427	-0.635382427736862	-0.397085659425197
1.20.120	-2.45979802168784	-0.97585604074896	0.934243677936334	1.22019640398894	-0.248222670373419	0.0608834408200673	0.547274536768881	1.81007183174002	-1.52815298455162	-2.78733618479044	-0.684887532296152
1.20.120	-3.48571635073537	-4.40132953618551	-0.299844859500717	-2.84559322781116	0.411065033564728	-0.0625666339550572	-0.512233579352864	2.37328880870543	2.49682039089507	0.308659617793654	1.38562956199286
1.20.120	-2.80992834471499	-0.616253918327576	0.646786970956343	-0.578284776714666	1.63258754708643	0.568002557477792	0.784909473805036	1.94638143206713	0.201166268264964	-1.06162249459089	0.282061975453695
1.20.120	-1.1936704538586	-1.83676099880182	-0.771894159699897	-0.26554164101716	-0.0525643883390534	-0.183357146189382	-0.030679925504659	1.37623935273323	-0.574452219375925	-1.28795027083544	-0.248459835866808
1.20.120	-5.40565461017969	-0.323985572022845	-2.3921291516653	-1.71919568044173	-0.447879829441311	-0.239886828390007	-0.650460923709	-0.22061969734656	-1.13191801087974	1.08931941503064	0.164904036598729
1.20.120	7.94578820779284	2.00551044792543	-1.11053697043661	1.70485833570907	-0.313897962056491	-1.96143854289093	2.96220115783498	-1.09118990542014	-0.258548569277052	-0.230134655230267	1.45070739083104
1.20.120	0.922738906841275	-0.0408770960292458	-0.965259397551062	-0.188286775898071	0.511727902163491	-0.152882159797523	-0.567339363237528	0.99184247228243	2.29639127892206	0.467745244688809	3.12583378255555
1.20.120	0.594268124774296	-0.764699205446653	-0.348470315318938	-1.52957857460716	-0.978723193674692	-0.559535085048097	-0.424044189292953	0.732763889833157	-0.0222000651266693	-1.65228839320976	-0.949053344881427
1.20.120	-7.08991346796038	-0.17982234280577	-1.03503609966832	-0.087024234622436	-1.11992374771582	0.517329953417909	0.4988244773987	0.231578643815244	0.165597698457296	-0.626710974179306	-0.297175405857265
1.20.120	-5.91349299143251	0.197322694381319	-1.80343851007884	-0.675843544974711	-0.83971453947958	0.358794840112087	-0.091877979522815	-0.00477277549450734	0.0212338450696355	-0.443480103626435	-0.174066658189046
1.20.120	-2.5055525498872	0.838781514898665	-0.0805205160147032	-1.72583457671355	-1.37445096590028	-0.612240189422849	0.550997101281383	0.640373550022792	0.667526090217864	0.686335856478844	0.173529071642351
1.20.120	2.53892737900457	-2.90355682503092	-1.10691533917087	-2.06758710752532	1.1984784264586	0.115537563443964	0.014712167901201	0.1966719673	-0.359310617933786	0.967557673581879	0.693165376897788
1.20.120	1.38183799751087	3.93384522374589	-4.22524046281954	-0.000417609224606656	-1.10633453565848	-0.12431534172015	1.59705811410316	-0.465930129449786	0.180669800443273	-0.672137720948283	0.497378732786123
1.20.120	3.82518328460518	2.05388010891443	-0.401974328553177	0.671064433641229	-1.66075208609428	-0.202514155248099	0.19992251303443	-0.776455230190466	-0.450777204418583	1.09926914568132	-0.576464787011676
1.20.120	-1.85214270411414	-2.15863600447114	-0.125876179937519	-0.425613886672871	-2.46230116606973	1.81132281312	-0.252954971993778	0.210188689710665	0.574704934301456	-2.28636778688564	1.32988667808399
1.20.120	4.97234388884776	1.36209339867727	-3.82648233953525	-0.911122044430555	0.115811346050188	-0.473358023829313	-0.0780707489729058	-0.329677786665663	-1.99761890799327	0.442284739182555	0.461906215453006
1.20.120	-2.69098548378935	0.47330628764124	0.7898623559822	1.77316752924958	-0.241283384509895	0.779651728118103	1.41052971104867	-0.0324102218660259	0.444091588514674	-0.862344316706192	-1.25302347402604
1.20.120	1.48303440032822	0.283699179578474	-1.11502847274869	-0.335980290219006	0.482210072621637	-0.295420216003353	-0.206251878239588	0.611101585541035	2.26850836511277	0.801533500379401	3.12313528289546
1.20.120	-7.17442808956673	-0.187699839744185	-2.59155334060529	-1.46841215749216	-0.0989039221116301	0.02047592637313	-0.391057926136789	0.0239856710586515	-1.10784476035777	0.611891162248374	-0.431156387897709
1.20.120	-7.277711882696	-0.352221916958824	-0.719160084966738	-1.10536067230728	-0.649881031814473	0.548772584717179	-0.816337878502385	-0.248056953347085	-0.404960130432046	-0.116531580076576	-0.423443955737183
1.20.120	0.971268830935877	-2.93398625324986	-3.08336465532332	-2.18917442547575	2.27338861113662	0.321200595444316	0.156538247899243	-0.769745633601505	0.15459908446659	1.50453883701262	-1.90477270674327
1.20.120	-0.699347930320419	-1.58084380652285	-1.07570656640646	-1.50512949736778	-0.509770475220051	0.497363501553421	-0.122595761070931	0.187249032642391	-0.697748238908738	0.113898590318005	0.433480313842716
1.20.120	1.71400306710373	-0.220288300878506	-1.99531857379844	-1.41887147305214	0.0901771181933952	-0.180794717103098	-0.59910878824289	-0.468190173033211	-0.297293487291785	0.289288480032373	-0.384195685205167
1.20.120	-0.240780124981882	-1.02145855289554	-1.02247939034904	0.0777187046609231	-0.384754627011587	-0.306051351659073	0.107962042020658	1.96612771312089	-0.577787021559272	-1.75414913403798	0.340821594205777
1.20.120	-0.257579365297127	0.780170455613577	0.533934970325803	0.845153094362888	-0.493313106638493	-0.618472775033072	-0.120293855232368	-0.255292814687862	-0.395192998772015	0.529252910342751	-0.532664627114685
1.20.120	-2.18415470946448	-0.531528666913394	-0.323578078878237	-1.61572611580755	2.92283309298869	-1.34447184679871	-1.22875324891116	0.603657201895999	1.59531972165455	1.20567889489504	-0.746917716801123
1.20.120	-3.05741528853134	0.683501845747837	0.0920163485403156	0.557739198394215	-0.423337880456753	-0.318809381214082	0.681172097651967	0.127257574740269	-0.264419977121502	-0.202472334814335	-0.559402307115465
1.20.120	-2.32104851035132	-0.129680168979662	1.28787435135513	2.05736885387919	-0.444965171464272	0.525824020067435	1.45712005530199	-0.00463197065641067	0.344774786237287	-0.17118324724962	-0.927091377343448
1.20.120	-6.64555787180974	-0.248310507885552	-0.52112203064565	0.327793955239607	-0.636196076303892	0.456630221102237	0.318137994231692	0.122229901583997	0.475405411109264	-1.36929882352078	-0.325953798500542
1.20.120	-8.66337694681726	-0.354838931085299	-1.07270477812886	-0.784873252641861	-1.08099594084626	0.402004228031928	-0.0939946400428864	-0.189595709669093	-0.145513188903815	0.243942704409306	0.109118432653997
1.20.120	1.03609542100812	1.29043077688196	-3.05752107047234	-0.926739253641025	-0.682196000949378	0.499176195242375	0.391807291287894	-0.380287937481959	-0.0817837311555116	0.808555384796622	0.208429741026721
1.20.120	-1.36131678644532	-1.6872966304691	-0.694683308641547	-1.46908336952412	-0.327985404336547	0.431802574329819	0.0805870018163409	-0.101800074018145	-0.301256691862471	0.179158854045741	0.617388406246469
1.20.120	-7.13693691492936	0.408424154241225	-1.3234684589241	-0.725560264019514	-1.79886329939486	0.272090813439446	-0.138070397928931	0.194391242293597	-0.28273740309548	0.328606728923253	-0.0787053331851486
1.20.120	-2.29698418251339	-0.0522615075344702	-2.3982435178637	-0.767278191382297	1.02219566790934	-0.586969156666368	0.0548783860072703	0.501921169896589	-0.813093380302073	-0.367723207089545	-1.75713291817199
1.20.120	-4.738961803985	0.845928854146167	1.0996458990206	-2.21814736348098	-2.34664086739943	-0.199875422874835	0.361428939410897	1.72690360366635	0.4129649351209	0.89364355985963	-0.445669834514953
1.20.120	2.79456616296038	-1.88200727134563	-3.10222175538151	-1.87786281601713	1.79087498863712	0.421104097425233	-0.158719239106059	-0.268476174973912	-0.0866300368628624	0.795012691162201	-1.7102037286303
1.20.120	6.18880191182229	-2.47831299691446	0.0369403360475258	-0.888582381347736	0.675093608096785	-0.503422942408343	0.810062599017749	0.844003642846805	-2.74227557618076	-1.88734948637853	-1.46006674206359
1.20.120	4.70730879581517	0.591960479858421	-1.70109625239407	-0.0571133304367099	-0.927437341802813	0.206785027314507	1.18560009430798	-0.565070435552658	-0.683372412871389	-0.641859295499608	0.592788858160454
1.20.120	1.20711816454471	-2.27682550844865	-3.02817509210774	-2.24222057762779	2.02492210301732	-0.253139774832042	-0.301726916279855	-0.860615450992307	-0.352398404586401	0.75975666620268	-1.62436691877677
1.20.120	-5.58340053357577	1.17880595010138	-2.58850523873378	-0.555517922467661	-1.50916969168257	0.293729221211882	0.125856646247636	-0.418530987323323	-0.441627359492678	0.523755350681638	0.274683978415672
1.20.120	-2.03058774811116	-1.39847058851052	-1.9273188168722	-1.18276240284066	-0.193675179923123	0.125572428650155	-0.229275251855392	1.24668164392193	-0.0270205232120953	-1.24411091452002	0.306880981042603
1.20.120	-2.06835090667998	-0.0150993007458565	-3.22879714994976	-1.53095357256929	0.14894364629758	-0.672707136564522	-0.104434540927232	0.234413046103927	-0.0861605669305199	0.425888671210419	-0.805519856741965
1.20.120	5.11293282309977	-3.83287254332777	-2.52881363045269	-1.22503186764582	1.79063923065786	0.499653856465586	-1.89148514228477	0.506148500519651	-0.236539117535726	0.806043067569594	-1.47235748792568
1.20.120	4.49711527156949	-2.32537057832071	-0.637992756003085	-1.73890905217524	-0.361680894741928	0.435620039806212	-0.239611698216798	-0.222726738036866	-0.618536745794833	0.629737602422827	-0.880872463739578
1.20.120	-4.10556930122833	0.885892203946788	-2.50573009500246	-0.647021957200784	-1.38892682064202	0.217256715334073	0.648098389004766	-0.552254020425021	-0.207451142037283	0.496293484652043	0.222289967112877
1.20.120	5.30513598530143	-1.21466792628325	-0.388029968970486	-3.00006460304783	0.723419073453479	-3.30930454163803	-1.21736573143883	-1.01145040269481	-0.29917362490112	-0.171588412527887	-1.65851799450145
1.20.120	1.12924936731585	-0.19627480267701	0.767457711881276	1.74313816502243	-0.815206991918926	-1.33126130086627	1.68099357620725	-0.649020700242041	0.206337439371166	0.17530027449588	0.342047778089
1.20.120	2.43093087497721	-3.43771249898216	-4.03389443309675	-1.54878327584506	3.54927218659682	-0.464604849136596	-0.114870793007176	-1.41134891298868	0.498233299460899	1.25883344471193	-2.07740217830472
1.20.120	-2.89504777351701	0.529164262860307	-0.0355152860483584	0.748994080709276	-0.206866703990066	0.544889442664022	1.19091420244498	-0.0942720124854509	0.450299702673551	-0.853705477894438	-1.0448651336752
1.20.120	-0.150708654233576	-1.96318137474764	-0.871241535524735	-2.22460999983438	1.53328183548452	0.0361417529233628	-0.464202267054837	0.490726758801649	0.0947661041977104	0.289164042415614	-0.140452628115963
1.20.120	10.8708181937827	2.00458356852048	-1.14314344160072	0.479131263806062	-0.356267400283158	-2.6627154408835	1.93203070025838	-0.734877531673365	0.482207559039282	1.82853980683313	1.09398491423563
1.20.120	-5.83199115879756	-0.442676475355478	-0.908119155837439	-0.885450008275615	-0.473249525595844	-0.203147894911251	0.273126773982283	-0.569455985048185	-0.342955488607084	-0.0927207797647279	-0.570647157548973
1.20.120	-0.982624792884612	-0.527714502517733	-2.09600235293225	-1.12703957691583	-0.358181506128502	0.000587288393552835	0.963078939773984	0.290214385366651	-0.639642291495997	-1.31699494798137	0.164554084007935
1.20.120	-1.75040005111835	-0.334843755908988	-1.28006137167656	-1.63182559722871	-0.174836736013434	-0.932472647305305	-1.14663463326899	0.0796380008360597	-0.309172475907796	0.0981310634555396	-0.500779979950379
1.20.120	-0.586350309179094	-0.440597291335581	-2.19424989492939	-1.53771138816514	-0.136822822618387	0.14853324166838	0.0935455501506429	-0.0232224913140314	-0.449487595013616	-0.165890797945514	0.0087729123050272
1.20.120	14.0622511987578	-0.225412560286555	-0.754884603148545	0.615134825343951	-0.0991857894642878	-1.44067980070851	2.00957453224714	-0.372873768536842	-2.67681321782329	-0.0449790920722951	-0.0275592728263649
1.20.120	3.73017777476711	-2.30691518435288	-2.0553602019901	-1.74766748473472	1.00825624954727	0.731196921640505	-1.12498113972991	0.279949854408924	-0.0540267750514637	-0.497178553150123	-1.80895530632018
1.20.120	-4.52815443000001	-0.112982032443912	-2.58388941787672	-1.8109791489572	0.450667155734001	-0.683770851758342	-0.027949049677996	-0.0693739894438041	-0.744847066881103	0.793800629537037	-0.549042965307133
1.20.120	0.517871794377233	-1.68637577101065	2.77929381244956	-3.93190869441086	0.283292480418947	-1.80960417987425	-2.79392924346608	-0.420376051620258	0.326909993267924	-0.32187823197516	-1.20997139056391
1.20.120	-3.67247287464804	0.993180397080579	-2.91270970338893	-1.07447527291147	-1.3762636080185	0.670845475946636	1.17037216105673	-0.493953699609602	-0.642504509215344	-0.0283967530710898	0.503319773090841
1.20.120	-2.03318434925159	-4.27131019720808	-0.372674846993952	-2.21473253476987	0.406713886981999	-0.813650191146756	0.862725995622668	1.89118764295127	2.33840865663573	0.212188128257132	1.93632315644623
1.20.120	-5.53682424510624	-0.529791402760949	-0.675555909586665	-0.500506068414846	-0.321559953685837	0.329108085671846	-0.798842944718119	0.345640871435938	-0.439702993724439	-0.482733053563054	-0.0893357758078878
1.20.120	-0.720590799617257	1.15553641522339	-4.04748731691786	-1.32479323503335	-0.312022769516303	-0.35173004994675	0.0559228679776732	-0.36447952359621	-1.04057043952797	0.68000785694872	-0.150717973879434
1.20.120	0.408257193634707	-5.99886269157083	1.47522353365589	-1.88900890252729	0.361694443587758	-0.52242324780444	0.147679896947532	1.73101482405111	1.69464330258293	2.09288931232096	3.07983750457287
1.20.120	-2.44766958982499	1.32780306064276	-2.45076682289487	-0.460231327028137	-1.0208969206871	0.0826162648110105	0.791553102692717	-0.3207328038916	-0.236187751997704	-0.0309758563108131	0.171293825999108
1.20.1250	3.85794120420606	3.01400294575961	6.61175965071872	-1.01486994159919	1.28540565684118	0.487268810753051	1.9509144064837	-2.29007753561057	1.01413452584989	0.108916598379117	0.791640381649392
1.20.1250	6.995594226548	3.68234832731124	6.13181017242957	-3.68735379495952	-0.335754572550126	-2.5342241602468	0.0495560131180836	-1.36568370434425	0.697531457149476	3.00874806635172	-0.018477274013648
1.20.1250	0.330037739234041	4.91850873372685	9.96007412280581	-2.34917249010953	6.02594219244172	4.90281229306699	-1.65479378747546	-3.40414879500957	1.48352586734342	-3.43394075018625	2.8194252983485
1.20.1250	3.82142525148467	4.74902117618308	6.27214401513337	-2.95250031702663	-1.34662316206109	-2.14295884171967	-0.170529347455522	0.100220951980556	1.78966773544617	0.661351724057189	-0.836490506574477
1.20.1250	1.60327281900198	4.52662217407784	6.40331462159098	-2.87627435376229	-2.06326780432799	-3.17315117578464	1.10890708243537	-0.357962122740491	2.17611042876782	-0.435301784408143	-0.286321038802091
1.20.1250	2.88529456364248	5.7666764025815	8.05762535265333	-3.7052913000349	-1.99718841764572	-2.8565084552929	1.77422322470136	-0.619238277058723	1.59994549686123	-0.303969527112394	-1.43768204313863
1.20.1250	4.40102421486623	8.03801696489363	10.9077885734451	-4.93458870269817	0.303356385786898	6.3949823390829	-0.57529743668563	-1.37727454905393	-1.63765631557422	-1.54669173030704	1.34069618061441
1.20.1250	-8.47917051652316	0.347847899343257	-1.27404182014462	-0.224012287445989	-0.554344015909201	0.398964797194612	0.242479320332769	0.33281891948356	-0.0711145367363216	-0.786161587415542	0.44498389819539
1.20.1250	2.50059027063418	-3.18265726926377	0.448294977161749	-1.49105479862977	0.580165166728703	-1.4973563907383	2.20711096663167	-2.89433409918382	2.32923371849111	-0.844175429631728	0.274537114507541
1.20.1250	-0.174132192306496	-5.771099749685	0.426371802634792	-2.31984061038693	2.90098622888134	0.195292924546875	-0.269056454007804	0.316624015832374	1.33001486872121	0.29315162921871	-4.49877447689547
1.20.1250	6.7100595238221	7.61049319306547	15.0241446874168	-5.57322381570385	4.10670884069236	4.95965030280746	0.521257427891426	-2.90078604363819	-1.80542787040541	0.978612770808527	3.86757495950467
1.20.1250	-1.8023335328205	-5.11037373887002	3.98047755305079	-2.2658273455644	-0.0275130552176182	0.520578919420491	3.8706544379525	-2.47242257116661	0.94911958438308	-1.49818980813657	-1.08207901257263
1.20.1250	-3.173436924979	-0.687259302945072	3.14415778353776	1.49144695082711	2.79514578727404	-3.43434432640034	0.802254386875729	-0.442450141742948	1.94483635022243	-2.84725482247425	-3.83322905420567
1.20.1250	1.46233415650365	6.12046238875463	6.18741162489822	-2.84826651546965	1.54088526014611	4.86300953538215	2.07697809926413	2.73068086688261	1.0943731079699	0.10577292571063	-1.86403172390405
1.20.1250	-8.7543459501171	0.120454090083501	-1.15994073543602	-0.621915240198171	-0.410653102384797	0.609713683518157	0.307097684014892	0.544633964598254	0.344136423617034	-0.360706096872588	0.506414945521136
1.20.1250	-9.1665611733411	-0.0993880801795784	-1.34396763163396	-1.15688782490259	-0.590070201297556	0.84468771938762	-0.0224260680097381	0.213688096446819	0.54818260296567	-0.370248133294545	0.137239743179851
1.20.1250	-10.0322173292527	-0.118440758446081	-1.01793164355149	-0.926553811784658	-0.615688774977909	0.528663154646078	0.134996748746906	0.0506668145183222	0.619236187618986	0.337095624337577	-0.229260286927883
1.20.1250	2.66505869717609	5.27211982171695	10.3627006728936	-2.0120743021018	1.59916087420628	-0.799985788709727	2.56139740953403	3.47620151795718	1.91113034519422	-0.669114846791433	-2.64815549369347
1.20.1250	5.47924246482566	3.94901480974697	7.19190051753331	-0.622885869687268	1.03784619031986	-3.02166565427741	0.586928001149333	-1.95424712045655	1.12695261057446	-0.830883048496616	-0.105553869374671
1.20.1250	-8.39931093534585	1.43196955020378	-2.35985718124434	-0.747787654722141	0.213601333456118	0.285131836554386	0.724972384054822	-0.6398616789969	0.231221803900598	-0.0235477011795541	0.423455929677458
1.20.1250	-2.87564125886652	4.85890677997311	11.9708764546536	-2.40238108078443	1.75051366426158	1.90614722465748	-0.52244313557202	-3.16601436446384	1.60027684005809	-1.99386231782693	-0.848361154020366
1.20.1250	4.85318091209822	6.54890000725063	10.1580595677128	-2.40106833378925	5.5003244028326	6.94141633587961	1.12922462375024	-2.03244765264725	-0.837439959250936	-0.453999904445239	1.54797978416447
1.20.1250	-3.43281151909054	-4.08862526670735	0.085719049629959	-1.6078772179741	0.306839506128227	1.19030609779968	0.779021868314445	-1.75818763155518	0.514185914541796	-0.0733150724093276	-1.02012612582886
1.20.1250	6.07512433471767	5.6003967104492	11.3070378722442	-5.30629440365472	-4.42533126187609	-1.5440409474265	1.29590014306511	2.0984726409769	0.164821304512616	4.37226485664867	-2.69761898057782
1.20.1250	2.36876162670192	7.0123364278458	9.2486070298469	-2.09502267240195	5.96958684704612	7.50806070080127	0.761742554603924	-1.47575153497611	-1.03710888882711	-1.39181672646917	0.958521373000416
1.20.1250	3.21737777456459	7.25110904923195	5.29331132897619	-8.8111865663259	-1.97244147788892	-3.98444153726305	-1.97277637638924	-1.096883095902	-1.95068723130348	-2.8598189513618	1.19849610837473
1.20.1250	3.48979199552631	5.95666941064332	1.34304114595604	-4.4938591152033	0.247211344386282	-2.15486038190561	-1.11886195744605	-1.92789465293772	-1.29201376160145	-2.77204539876387	2.20419649831741
1.20.1250	0.307265887874476	5.12063477825455	6.68759929008453	-3.18155392653226	-1.32680882098253	-1.54448412982126	0.647550084107389	0.159764117999949	1.92404300506353	-0.578287946123669	-0.530757750127856
1.20.1250	-1.87623031946377	-7.09573861233505	3.03939597332583	-1.91220959449628	2.51837535958129	0.174671294930197	4.34880380657747	-2.00466980302714	0.598703576257146	-0.656736230468194	-3.77432902545473
1.20.1250	6.58040726560605	4.48649265279604	6.96193261293469	-5.30913365345469	-2.46629872221542	-3.7665061601797	0.89412165556644	0.804774804239575	1.17754556676262	3.46650666536504	-0.42879531374459
1.20.1250	7.43551280358942	1.17132384499743	5.77319807592729	1.37911822053931	4.54012592372763	2.22234901133378	1.03606223042304	-1.56369582927533	0.960077023764606	3.46753928413733	-1.40383197520736
1.20.1250	7.84165405778269	7.32232662896271	6.65580042653751	-6.89318496745492	-3.38225894266041	-2.6380248022649	-2.82931190139002	0.0227756682163241	-4.32730009572031	-0.562362669727429	0.200335425301485
1.20.1250	9.23146549561395	5.76222482216269	3.25636699914841	-2.60831428093421	-0.972580686063327	-1.10246237240226	-2.10001068220014	-0.950763330948389	-1.8744936739662	0.548450283176922	1.23257145656111
1.20.1250	0.418433751655283	-3.80210034103977	2.27709703976028	-2.20554883216082	0.829382694681025	-1.5981951212933	0.439997584032391	-1.96387886268409	1.82573914017674	-0.130803219651048	-0.759534774344453
1.20.1250	-1.64591589194557	-6.39708623059439	2.92441373952314	-0.46044021395481	-0.249996723668296	0.565702425868865	3.11960640685205	-2.83136772046565	-1.28341024552266	-0.562047790142321	-2.11930327121547
1.20.1250	0.425825752062444	5.36764218997791	5.96588474627256	-4.96269173828957	-4.4250486705232	-4.40015808515384	0.072363949556247	1.11422218528042	1.81021380393178	0.517889516219808	-0.204246449249347
1.20.1250	-3.17749385928518	-4.94388710280743	3.32768684823855	-3.4734430641876	1.15163796691776	-0.137979599676427	2.84531114110189	-2.46286533015209	1.97654097084405	-2.40676543913194	-2.3613896042114
1.20.1250	-10.5654494650019	-0.138745175032776	-1.10552646041618	-1.07519518805897	-0.779663637004634	0.438248516463047	0.147821812806405	0.0217089182477267	0.724748320409408	0.284939314101548	-0.155263898825421
1.20.1250	-9.05382104780584	0.421495585092744	-1.67948985970017	-0.756353764093493	-0.560073505484299	0.622834798425911	0.374671154620896	0.116799324316091	0.321206045730332	-0.477080794120647	0.321248152147351
1.20.1250	-0.767681417099868	3.72387886355963	7.5107686439652	-4.6278180322391	-3.133815602489	-3.23383434244709	-0.620628108367992	1.63839767812456	3.8147113992552	0.874984398453267	-0.376276652801179
1.20.1250	7.93668824191282	5.93261601660922	6.88444326202877	-3.67165832543706	0.132095317200439	-0.371734807930476	0.294963713580892	-1.39204137904273	-0.072992902150308	0.529120791929809	0.140925467403828
1.20.1250	2.49170358691104	5.23544512854058	5.17521102999976	-4.88163041988765	-4.07274311431277	-5.90950363511566	0.612116954518392	1.09542524616647	2.58880812544224	0.422085309647436	-0.402436657788479
1.20.1260	1.86929591867161	3.19242048979661	0.666765076326607	-0.27383087629479	-0.57688303939546	1.85470623437034	-1.8432946372005	1.20880959901493	-1.31241143659987	-1.47242458298367	-1.75506140741506
1.20.1260	2.67673388462343	2.41610204464112	-1.46769621472671	0.340403702312887	-0.811528765293797	0.47441407498382	-0.746332605504705	-0.478480408346345	-0.390758514074015	-0.358167692720972	0.00830162383644356
1.20.1260	-5.41830682379838	1.68041479681005	-1.76908172729883	1.28290078498102	-0.696371571219141	-0.0575764712300329	0.223466190060231	-0.422429888396158	0.480786297216129	-0.676319561113156	0.600480556768779
1.20.1260	5.37852435440105	2.7592627793385	-0.963906802807263	0.840174220685098	-3.64061218004575	0.462206201542421	-1.93933791190128	0.976208563096039	-0.376283168046622	0.247283338982865	-0.905614317613349
1.20.1260	1.01115049152986	2.06116548172549	-0.0586776506390222	3.08539938265363	-2.25288057305853	1.3451807590855	-1.31429551310479	0.0772250879414554	1.44804155682959	-0.47511752429165	-0.40381965993885
1.20.1260	-0.528905533467139	1.8384682817772	-0.243228668565553	2.61513530732268	-2.29139607870731	1.3423490555782	-1.23843170889911	0.00196756903822239	1.14830183551833	-0.475522081709687	-0.267486604991726
1.20.1260	-0.918713953834485	2.54714439296259	-0.127617889257443	2.72766295742431	-1.5124808403837	1.67146091171543	-0.783299961401833	-0.055975471964516	1.38064666514643	-0.446296665090775	-0.307318512913375
1.20.1260	3.21588674981249	2.83936266615821	-1.44196790519713	0.484018882045717	-0.987312587616834	0.573992820063105	-1.15764858354712	0.00306984627634674	-0.758429622257278	-0.900970694601911	-0.368952926668004
1.20.1260	6.61963792714792	3.39750629346275	-0.11327179444145	0.661620476422596	-1.98784911530064	0.652529041717123	-1.93459320817238	0.611240329449952	-0.828711061024125	-0.684512554346441	-0.690643076320001
1.20.1260	2.52819654480164	2.28822985005588	0.551965355040077	2.33930146607687	-1.74692247727412	0.623486144242027	-1.60709145542403	-0.0431498443309278	0.840876297817552	0.240863278665499	-0.102477739321001
1.20.1260	2.09048042958662	2.58321774606273	0.147229676135176	3.20511109782616	-1.47739724704566	1.42833530642274	-0.984005395127932	-0.203974699751013	1.27958129842064	0.118731559795537	-0.529006527625681
1.20.1260	8.13791747133567	2.42235318285121	-0.621100463433376	0.841927292607239	-3.7098630559686	-0.257036157002571	-2.17657308981833	0.72682001529767	-1.19401398218122	1.05724153179214	-0.408662193645802
1.20.1260	13.5422158662455	-0.9737045201707	2.63524869504755	2.05896806707944	0.357873190322825	-0.0745388640252504	-1.79384170416572	-2.69091439695704	0.0802733919539064	0.133676656753331	0.570106295923715
1.20.1260	3.09872255243626	2.1687263509783	-0.247192360306593	1.63198214963931	-1.38285132558344	1.46302160257848	-0.276511786796453	0.34310499081594	2.29432032785759	0.175588816634183	-0.199472050631806
1.20.1260	22.8596945445025	-0.962260953324938	2.00249887741192	6.39750670415832	-4.34416541575155	-0.432689069674122	0.366149051744765	-0.0591904425595233	-1.21271590045875	-0.508162881769837	2.44393947592443
1.20.1260	8.85029997405586	3.20899902321927	0.139621962806877	2.11083174990509	-1.8086697960858	0.893977253177354	-1.73611862569092	0.895339325236343	-0.761513261186407	-0.380109122950386	-0.415550668267808
1.20.1260	6.91367967406125	3.43081785367806	-0.460489383612682	0.68434892160219	-1.47667114167696	0.460665049518927	-1.89027538804135	0.27649918188239	-0.926140258450833	-1.12551372748796	-0.531323616459577
1.20.1260	5.60454612498407	2.34229331318238	-0.617304752110373	0.820493868026917	-1.74175525969915	0.527722761294289	-2.20395042278436	0.458235403685663	-1.10084677771901	-0.713939260460941	-0.781861607088342
1.20.1260	2.63347573224072	2.18703628916272	-0.360005263244942	2.28784906552944	-2.55756560875446	0.570991083192871	-0.296495969726238	1.43857041866665	2.31368438822572	-0.686555726633342	-0.365199061110035
1.20.1260	3.01706633145527	-1.46477410037055	-0.774378134393077	-0.894223178387884	-0.28860485448438	-0.243187502820872	1.80352035661089	-0.310437817623379	-0.758174559638172	-0.499335611718497	0.95836686546995
1.20.1260	7.35627210728012	2.13308733082973	-1.01259714956165	0.458145591973475	-1.56375194397229	0.488917616215471	-2.13354534962505	0.230455374362595	-1.87636366184822	0.464656759096495	-0.571659216486512
1.20.1260	2.90128702224286	2.41767029267655	0.88645503258926	3.50999010841478	-1.14628912208191	1.12392385009148	-1.32184106258083	-0.0389703565435786	1.79964087681178	-0.371953419017571	-0.77882669362331
1.20.1260	0.950927081171822	2.67232235519989	0.0358129762727133	3.20262249719667	-1.64110019574986	1.85283533543489	-1.17638814715396	-0.0728656370732453	0.983995951747963	-0.566279807434914	-0.538399629302211
1.20.1260	9.09906354977967	2.83608908074408	0.184318447194738	1.36707764278013	-1.91662684128614	1.38718926573352	-1.56677919677234	0.923809118882952	-1.02114511129023	0.010697714709146	-0.516454010862522
1.20.1260	3.07322007735264	2.00342866689169	0.192954398112143	2.94999385193853	-2.00653223535728	1.21214142703173	-1.08055535217655	-0.243050065663048	1.21163939324244	0.357175571887253	-0.277286741220249
1.20.1260	5.41562159924447	3.46481363959496	-0.652156964161813	-0.29191599605161	-2.3699334197715	0.829548060733001	-1.49938959126375	1.17730262871899	-0.577076847536762	-0.828933019858721	-1.02486504657308
1.20.1260	2.26563477849995	2.47878468008599	-0.25620885856972	3.3008116350478	-1.76449864519817	2.06460546036388	-1.37856951994731	-0.13055888845715	1.46280133721451	-0.351575736966473	-0.191996748419491
1.20.1260	5.60814617276967	2.50196070980981	-0.35695328980043	1.04065693062335	-3.24466281093624	0.429199368774222	-1.63987200132684	0.456406667869955	-0.521635671302819	0.725501073820378	-0.655695491800118
1.20.1260	2.48154660765152	3.64593942657027	-1.01057285550854	1.70127878752272	-2.57066089248168	0.897892242185089	-0.689168566409602	0.358897777160944	1.08867103107731	0.120386965756702	-0.355921382101339
1.20.1260	2.56025185492798	0.931930566270337	1.27784205717593	1.66525882611585	-1.49347110015574	1.58091201984486	-0.749341081213566	-1.4311146598913	1.2931716533101	1.71693019631826	-0.133319605349078
1.20.1260	11.3641019392606	-1.33155246521655	2.48416024702872	4.41955685319232	-2.063291833449	-0.103446653030971	2.56735601764894	-1.30881919888837	1.09964266443984	1.16731521836654	2.6067300498448
1.20.1260	4.01211986473599	1.62098771771267	-0.180679063933512	2.74522248568723	-1.86362206201761	1.08263766174153	-0.918666502630768	-0.490783291621218	1.13834261619088	-0.68150815666365	0.036671032445182
1.20.1260	4.7113450148003	2.33543897120845	-1.42923852683834	0.573799492553976	-2.86568899481922	0.219754646314915	-1.47493983477111	1.04201550636698	-0.700832662408545	-0.509170401231293	-0.347689425422068
1.20.1260	14.1642257576329	2.87309424859863	-1.31171093287075	3.28564365880202	-2.51736945267097	-0.551470979516834	-0.214861301708339	-0.384170707948231	0.950350668314964	0.210258781345358	0.198393663801954
1.20.1260	1.08404547755378	1.37133836527425	-0.00628756421158636	1.02652720294236	-2.32305998702666	0.519135963817176	-2.23017347657217	-0.587792296735268	1.14553867683328	-0.673710943657793	0.166176558569579
1.20.1260	8.41586505016389	0.0408207215530566	3.35701411645173	4.68755829567353	-2.87662524805638	0.304352973307213	-0.29358317687764	-0.345533584455847	1.72219276904209	1.7050147312348	-0.151968216968076
1.20.1260	0.487431310476118	2.6173610943792	0.490153987925463	2.73613611572129	-1.29547770031726	1.88411276132239	-1.42310761274118	-0.0829315308293218	1.57562677907082	-0.953792479999891	-0.186187115662386
1.20.1260	2.48215064254112	1.39424127566956	1.84869781347177	5.21956899722531	-0.761293822413487	1.98632177232668	-0.40268827364418	-0.696918566667483	2.01047291450646	1.03688727300957	-0.806451836572608
1.20.1260	6.26233315915728	3.60187247923501	-0.300994703017842	0.906264809266838	-0.645703603975803	0.79094825915246	-1.56157213780641	-0.0138278691265597	-0.730546438468494	-1.0354361584534	-0.265708081224457
1.20.1260	8.44938761511599	1.26481538842932	0.876552370746584	2.60935386445683	-2.09837320696716	0.502908625556577	-0.782161745407432	0.323449753816776	1.84198779504926	1.64443686319341	-0.390769106491785
1.20.1260	5.11957516233298	1.93264783394213	0.880532492635675	1.87737749797883	-1.74322996489475	2.53848342796214	-0.652132295908745	0.214712904426908	1.34602496017671	0.167110330581074	0.24399784846363
1.20.1260	4.03581646377963	2.11164056628085	-0.665924458859756	0.305602551198129	-4.3916160063569	0.183228047262505	-2.5251853591498	1.3089726181068	-0.261156115536921	-0.47186349791655	-1.28184037892352
1.20.1260	6.15649166557002	1.81692106996738	0.988264841330528	2.02091381482712	-1.75374901602323	2.46920762385526	-0.867403348037411	0.135850411939083	1.2129458196381	0.397347853121081	0.284903329197836
1.20.1260	7.10777510710471	2.53525554763132	-0.331471985103825	0.89232983344489	-2.62161725399149	0.251770206412948	-1.9779326479457	0.203445201060376	-0.916552755703076	0.420996309682384	-0.911443039076369
1.20.1260	1.05680082397351	2.52244574982195	-0.087776963337615	2.71990166572134	-1.70359879437818	1.30994738034575	-1.0335149373424	-0.263627168538189	1.37866694862278	-0.0826164743661187	-0.443056311798116
1.20.1260	7.26625029507544	3.41734889668408	-0.944295339573404	-0.369374757930257	-0.660701979899123	0.739658774270304	-1.23245549123743	0.0547592165142088	-1.40941213375419	-1.13034082588536	-0.818380897172754
1.20.1260	5.83200380454365	1.59905513402049	0.805723001255777	2.55150287188393	-0.695610374026534	1.92705756976713	-0.712778540458936	-0.0158369640061674	1.50657287437444	0.832289050621604	-0.0601400129642871
1.20.1260	7.41472013600676	2.05576003813708	-0.843783772789787	0.252108842753632	-4.74239285157758	-0.0832649802711856	-2.57454405027829	1.14658800022012	-1.09698079578374	0.657150742415464	-1.35207369379571
1.20.1260	4.98224990427877	2.20612825191918	1.6405980666215	4.20129393445111	-1.50419589041533	1.64451902415564	-0.352075332832473	0.00945612978218938	1.05532932451382	0.901191317905954	-0.499440780441227
1.20.1260	6.84754678627717	2.56587504297588	-0.814820371454897	0.679723949431606	-1.706646912285	0.40759361516146	-1.64453617644855	0.673741992473394	-1.52093970665101	0.0228269240060805	-0.702704405835136
1.20.1260	6.27460962751669	2.68818228250238	-0.673895496204956	0.74959743735759	-3.22840314493686	0.287739898577194	-1.8472491265029	0.532143273272008	-0.488564440069767	0.65705683534509	-0.856763246587813
1.20.1260	4.78913606392033	2.13151047633364	-0.202129242679796	2.03017069859302	-1.66048079071691	1.55356291954406	-0.788309458060403	0.532929706219477	1.90268533520411	-0.0346402823847203	-0.288289133930139
1.20.1260	2.80064318989606	2.76330385667137	-0.790401766421977	0.673764132723794	-3.27722225065223	0.574819179872762	-1.64984905063668	0.597859405546798	0.105233793165281	0.163064710531646	-0.791118250873252
1.20.1260	6.29728588473575	1.702246703806	1.1399501565223	3.73011652741949	-0.883150728627499	3.49585538970749	-1.31745432943825	1.29299869290452	1.43823862057089	1.33830371409147	-0.457699813713474
1.20.1260	4.94872095977253	2.38790582629837	-0.545283217177724	0.582967557900657	-3.830370598495	0.424329977282906	-1.77878028634425	0.582219550056502	-0.489821369912926	0.887119590046235	-0.669672012320812
1.20.1260	7.80026499378737	3.35206569450386	-0.0857081034720102	0.976003609980827	-1.18283839919606	1.39871303432419	-1.30154678803422	1.05154523294515	-1.04513407688322	-0.907554580743315	-0.612423400190864
1.20.1260	2.79309464269065	1.44565755111849	1.08873803240278	3.091069155896	-2.49952055348589	1.34984799176931	-1.28981931068821	0.00099063163969965	1.06574726850542	0.100874816933166	-0.62290054855084
1.20.1260	3.73043242428074	3.38644879286825	0.0929194253773054	1.26339139803304	-1.99741315416617	2.2438945344985	-1.39144147143721	0.699749214146741	0.4794728061942	-0.430677275298895	-0.345566205298752
1.20.1260	-6.26508886887183	2.03518976982302	-2.083540917431	1.09887635600953	-1.27998655856922	0.0678558157526463	0.186187456119397	-0.90315098590379	0.470480135883015	0.0624729839979068	0.641041294951846
1.20.1260	6.79134593703776	2.37087064293282	-0.657879498158878	1.20882624657492	-1.15852221527959	0.593746543172028	-1.90541405957414	0.352854544336936	-1.21561333705259	-0.661144763263499	-0.552768925155769
1.20.1260	6.80419825985504	2.57766803887443	-0.0239114359361469	1.84104617168461	-2.08953485154352	0.428827955909355	-1.83023889984918	0.190034006953331	-0.43910775252957	0.955372955482979	-0.272572488631035
1.20.140	-0.879812310478524	0.928742591520445	-1.2026417984531	-0.922022857260473	-0.206648359494947	-0.611436211952221	0.841022709973787	0.976385744666262	-0.0763834733579016	-0.505565433812698	0.695810722353825
1.20.140	-1.1438827382825	1.08356917224683	-1.2835709267839	-0.776177069480038	-0.295150025410179	-0.519743905594818	1.07446325188972	1.08580176164962	0.171826951485278	-0.745330149515097	0.603509779266796
1.20.140	-0.770189582399423	-0.0219930765391955	-1.66503923666711	-1.82379199486388	0.349233316203915	-0.275378855060852	1.1742006386739	-0.0683604913103082	0.492263532178395	-0.451785072669405	-0.171742344634947
1.20.140	-1.12331335490377	0.809790037678593	-1.48725357903487	-1.03333834608953	-0.14497691581393	-0.357407624028032	0.863292460268066	0.908357865277805	-0.0222493555528271	-0.103807100914858	0.511210836210579
1.20.140	-1.67649527385014	0.0439735264472934	-3.09723497510394	-1.65413929060254	-0.573304477183752	1.04182829843849	-0.819148764975979	-0.322416724779324	0.332053619796793	-0.959115027164415	0.106096435395152
1.20.140	7.79588386839947	-0.95656176979495	1.53617575777637	0.214624238634433	3.91623243942808	1.63922344129146	0.593320947749464	2.74716440674422	1.42183638832382	1.65819906661373	1.31657802687148
1.20.140	-3.61175467214179	-0.057155367929481	-2.78480147713212	-1.89002101103038	-0.57514961904963	0.454504201724481	-0.00456995432459815	-0.827529605255305	0.339291903608284	-0.826787295219864	0.380764136550141
1.20.140	-2.1204979075064	1.33454999176426	-1.79724922610048	-1.20027257269325	0.3393537710091	-0.0125955582845203	0.628180736587094	1.15288253579663	-0.3284551285535	-0.183990151435736	-0.282225106683335
1.20.140	1.50983488482438	1.66750691107812	-1.69524480300168	-0.840899881380071	0.190878350162186	-0.634386594196363	0.638701159066919	0.822174089514766	-0.403017353315035	-0.0148866819777379	0.519815306629889
1.20.140	-0.516594224190155	1.55251704496442	-2.29623390138648	-1.16323560755275	0.0747162827119009	-0.0467678733452043	0.673487185821906	1.25144662700738	-0.0621989750516647	-1.1892132001624	0.0181538126524251
1.20.140	5.93495060235682	0.141977325989931	-3.07455871368871	-0.133120072071147	2.02353966112108	-0.874871147780886	0.301354349418785	0.201212671362534	0.649051424964765	1.93939818436831	0.403448964957336
1.20.140	1.34536300412735	1.71256541175584	-1.68674861130737	-1.178344971988	0.342055298827074	-0.360742893258098	0.528124156473742	1.09372038885633	-0.280541952996063	-0.204597475794402	0.157367355140915
1.20.140	0.772540189675404	1.39744936197717	-2.50167493253156	-0.715686786473779	0.0456862810235558	-0.0231304057748963	0.398472569794646	0.877782568304613	0.247166097851036	-0.0661297639220056	0.796030321449421
1.20.140	-5.915557408079	0.629872540066868	-2.12807881984128	-0.999598977688261	-1.06537317659415	0.212397076168484	0.485094061908459	0.252179668455826	-0.225197882741558	-0.679311928602643	0.642042977892598
1.20.140	-1.90722683538546	2.56535521356045	-2.56936119904097	-0.748162404499169	-0.52341476232497	-0.489453892865691	1.07563774892944	-0.0379883703032752	0.197376922929834	-0.737916986988521	0.207944004660969
1.20.140	1.71458984321863	0.675881502469064	-1.87566536194693	-1.16201699039015	-0.089905365008074	0.177375545001967	0.979722900408775	1.94053448188774	0.987437962554094	-0.299521014041544	0.802746844000866
1.20.140	-0.234721198198101	1.45045447959225	-1.54671113684558	-1.03082936856533	0.136689710967665	-0.383294139492386	0.878422454795167	1.40213072721306	-0.138886153479805	-0.566925588354571	0.210354879988935
1.20.140	0.259668872894837	0.520097352478874	-2.24310656304639	-0.697430820092594	-0.139757402242992	0.759519358821988	-0.245905665418535	0.884534590681524	0.0953036943620629	0.727007524044626	0.49551102314393
1.20.140	-3.48687134175698	0.747416215674281	-2.13387809462007	-0.761480001825502	-1.32705245966216	-0.0299929291198196	0.582970217291759	-0.0513181078122739	-0.500502465825076	-0.290658148770178	0.799086606983703
1.20.140	-0.58968989554755	1.39306005438421	-1.49348324264042	-1.10260896118558	0.260544795888252	-0.524260771017007	0.883490707495599	1.14064994715148	-0.228874099988889	-0.305243018216217	0.215953838894997
1.20.140	3.20493655110394	0.429065161123722	-0.298065574916154	1.80167779999668	0.491057925103459	-1.62894751492063	2.18233311241292	0.553900896066184	0.628349719140851	-1.32097020799647	0.416442767994283
1.20.140	-0.306035979148347	1.42507892801993	-2.69310825861898	-0.714560437581228	-0.168617741980811	0.382113257825855	0.266129888143222	0.890694407272003	0.780262284535531	0.000821911926709017	0.867383667313325
1.20.140	-5.81669973473996	0.658625331502917	-2.04964486720176	-0.952147437590439	-1.11553947305749	0.079012709956623	0.640342261431125	0.135500487193651	-0.218761436797556	-0.635684463566476	0.669180145316877
1.20.140	-2.7971248623795	-0.000902521830357224	-2.62030411621471	-1.34495162102723	-0.892610322446325	1.16871437740206	-0.801977063961701	-0.221804800266053	-0.0805878686372189	-0.811365504495163	-0.00306671918592025
1.20.140	1.50908744082073	1.68643228881775	-1.50586458087385	-0.919881723264021	0.335839140735425	-0.728808986005454	0.823715625694802	0.949791189911065	-0.261286866946792	-0.127480308470192	0.434933238826111
1.20.140	3.80180472415309	0.200522352719008	-1.70465456072319	0.136112543878332	0.016419252133386	-0.814977553643586	1.8717960625933	1.09243745825291	0.499473218064339	-0.618618666913084	0.972552604582805
1.20.140	0.982798239299937	1.23647086124753	-1.32424364720072	-1.02634073449983	0.202717017727206	-0.437837263770374	0.479105640771219	1.11369497880816	-0.740418209842808	0.0251899778933643	0.133296815739422
1.20.140	0.707401701866057	0.445972568817774	-1.38325050591607	0.828914996053436	-0.862147614610762	-0.725059258078477	1.28859549543421	0.177132544509706	-0.204297929023837	-0.99214155661621	0.44981287451629
1.20.140	-3.84347682139287	0.0841437519800954	-3.19929402965193	-1.86039610507529	-0.756895549107898	0.687959758958076	-0.180458284927813	-0.809709442403092	0.107512197013315	-0.966028156513179	0.190997347738335
1.20.140	3.07490984514112	1.01903661460404	-1.87200541712312	0.487808722185329	-0.0511369328921071	-0.787343717967403	2.09092252002928	1.38184185769974	-0.447416749306217	-1.360197328213	0.638020906562051
1.20.140	0.143119463127978	1.71096776116615	-2.30949657188903	-1.0656010549416	0.288185509127914	-0.26764931480604	0.847458788355363	0.849752391446695	-0.565275665204191	-0.0229774349506137	0.228667418842429
1.20.140	1.19094709398549	0.848608756300996	-1.16661726312032	-0.74141134985609	-0.0673327723025271	-0.892572199499507	0.820339412031223	1.09224805026957	-0.152070146779019	-0.200110350594779	0.805986287359983
1.20.140	-8.75114029469449	2.31278344859799	-2.12333957181061	-0.993618263655858	-1.40852482817647	0.516794541209299	0.649819345732739	-0.804530555005428	0.330076862283611	0.342240171659134	0.174603083300925
1.20.140	0.0159620013900389	1.90802518431863	-2.33872724893713	-1.25014428102255	0.46409478693429	0.0688644807724663	0.83608844259631	1.24655308118526	-0.0808848595909001	0.132491025090223	-0.397466774735453
1.20.140	0.579994561133646	0.00877588665181149	-1.26505985437014	0.1361102516962	-0.308308285156994	-0.73780088719787	1.3718689068616	1.35424710431183	0.334899458786353	-0.802688417516687	0.823413956188623
1.20.140	-1.66988289934216	-0.0283784377980507	-2.81263624487649	-1.6387831425845	-0.532713779360528	0.269309136950778	-0.361624480703482	-0.753927209404949	-0.101813249114771	-0.609318857581926	0.460488548756806
1.20.140	-0.135148474247926	0.996355336657363	-1.39991625190013	-0.828086756674217	-0.0417053006357634	-0.684951630079135	1.16447803895844	0.869257189046033	0.0633361245595735	-0.547687288107595	0.539333649725472
1.20.140	0.237865553468658	1.36672226834289	-1.39425974906682	-1.0321033899039	0.547115640729989	-0.377217360615343	1.08726429234944	1.16541885830226	-0.102175064271894	-0.0619449272937876	0.000617015633811602
1.20.140	-1.97429701121285	0.738065468423486	-0.992775030595809	-0.769930171566828	-0.669021204506917	-0.693514209731726	0.979701990168015	0.583973786734725	-0.422483645927209	-0.681706900469848	0.575236427398607
1.20.140	3.10908471716441	1.8524220339769	-2.05853391707684	-1.17373424701926	0.455571032824203	0.14534746704948	0.977961100875161	1.37343348864709	-0.0948096188744547	0.243331673000558	-0.406449133790601
1.20.140	0.414668187527822	1.27830778165904	-1.52660578448318	-1.19209443031792	0.00963085661410752	-0.313521709034477	1.30988394207279	0.824195468432976	-0.0842155016910838	0.275995867355806	0.317844194519194
1.20.140	1.75419334429338	0.65695199600003	-1.19297215884143	-0.877004890785238	0.360923134638654	-0.413379791516943	0.757669945958321	1.10301942486722	-0.560893371872844	0.655160298217584	0.142615978538264
1.20.140	-0.608364880890819	1.42962256025957	-1.49113275258839	-1.02148500758056	0.10183146977695	-0.436234962951803	1.07189906250943	1.06066975594606	-0.156304262213032	-0.211746889847612	0.404382700882439
1.20.140	1.16575468431073	0.913088882055851	-1.90836483750875	-1.08965011247161	0.22892004451466	-0.303241530080667	0.751194450378288	0.987716824364541	-0.148204775904469	-0.491646997960782	0.326879482511651
1.20.200	13.8572524587605	-0.917428665736747	-4.53875408909061	-1.58443826132369	1.84072008499306	1.02306889464151	0.871903843134625	0.806988449567803	0.751595307714433	-0.732326088741744	-0.739487994802232
1.20.200	10.8984401688992	-0.251087480516094	-4.78639206615927	-0.467229425607195	1.07923903419491	0.67542391823384	0.263621933152193	1.29037396435474	1.1515499802953	-1.42215335055147	0.188631999859074
1.20.200	14.4487962629423	-1.76014564307868	-4.07925465909678	-1.25661442784076	2.28279222844748	0.999028061314991	0.580964411056508	-0.403739897682723	0.990285803870899	0.576969973540805	-0.0120241486062959
1.20.200	28.7694657978989	-1.86747770908763	-1.419378786012	0.748090803513837	0.830938920813854	-3.55118776035714	1.57234708576589	-1.44366275379635	-2.49873908896797	-1.0505345774658	0.377871155494883
1.20.200	-7.24076298377145	-1.99545487983634	-2.77774676617397	-0.729784824966792	-1.01144265843147	1.72306516725417	-1.3556860959814	-0.199020057039805	1.87709444329022	-1.36979102140628	0.931373386499829
1.20.200	15.3563909724162	-1.33202373710477	-4.41513279401003	-0.718189875189029	2.15329615381702	0.960320992774295	0.100436108980352	0.158006669920504	0.576528747392435	-0.243345958425832	-0.0501217903043991
1.20.200	16.5922706755873	-2.47298850848842	-3.3825991969714	-0.923540402232728	2.33726937992089	0.595635013299836	-0.0470495497972816	-0.315876104145589	-0.237108996172234	1.01810431920983	0.299691111628875
1.20.200	-6.7859462840288	-2.1451889991559	-2.81595254768852	-0.719959365471564	-1.05396829020677	1.66506828482207	-1.32889148164668	-0.211095238343769	1.64528386978561	-1.23877962889654	0.786418522442494
1.20.200	11.1087083673276	-0.45433364873657	-4.37362844731173	-0.455898770613141	1.12318756312644	0.637350216066831	0.727753009180992	1.11029283019033	1.66325991827426	-0.901930124547255	0.244023404836176
1.20.200	9.07445326777947	-0.979901106292159	-4.14773009187281	-0.968256445072578	1.10730069769376	1.45138646833844	0.702361213503976	0.926713354160545	1.2656386481878	-0.590653083672706	-0.221428952062858
1.20.200	15.2555689924644	-1.95479261050869	-4.04180975520538	-1.23217378669761	1.75405483800117	1.15106333388619	0.478984194247672	0.279363217762116	0.562728868421892	0.458101033299239	-0.631321860872026
1.20.200	-4.75820441254302	-1.82510089965633	-2.8079125904739	-0.631323995653196	-0.973562632338675	1.47264486298484	-1.43137245670105	0.00885811934548726	1.51619178612205	-1.41516515199501	0.810773939955808
1.20.200	16.0405945761702	-2.08855928562074	-3.92074569121696	-1.38305725342116	2.73864130899221	0.690254165788042	0.450265760466171	-0.346901656047713	0.520461586303365	0.910433272251931	-0.0566240017139296
1.20.200	17.3341902682695	-0.736560425657882	-1.82926111267456	2.08373927930414	-0.718090870812413	-3.07346687507513	0.690602311193592	-2.47352673301435	-1.49366859990189	-2.32809672036573	0.228749607479419
1.20.200	9.52766007443685	0.491834854039474	-1.17367199672352	0.955314627932698	0.137644210799318	-1.24883669286304	2.86671113863084	-1.154477616127	-1.34353920995762	-1.50545231287452	2.20238422017087
1.20.200	16.8748302227551	-1.18715524622167	-0.996038298911031	1.79708707456042	-0.377615151579281	-2.74340308656422	0.355028779397141	-2.86193693266988	-1.26475143862004	-1.37703797501437	-0.0867531006658672
1.20.200	10.1612617518117	-1.28327581498935	-4.53741538687403	-1.44897652814596	2.26034631600027	1.10782868968181	0.809888115395773	-0.0318817632049447	1.60865957492867	-0.463233107649312	0.09492611501228
1.20.200	23.0250897487541	0.139110692842901	-4.60067524255117	-0.205394895654487	2.43963216658149	-0.632469992674304	0.208754750537441	0.736411026134852	0.267320753874771	0.692459156794626	0.268753800635738
1.20.200	13.2165285944328	-2.14427210550096	-3.57948762158347	-1.46518233729403	2.24811280657927	0.802204809493967	1.28534362736003	-0.10477193803586	1.41482431219846	1.04914332366894	-0.371021210723269
1.20.200	22.0864938771424	-0.930264913783968	-1.9325938792222	1.2878668278082	0.0217384615268832	-2.75381986432606	1.16213427785189	-1.63474178808718	-2.01254163862616	-2.27105953923984	-0.371266759691944
1.20.200	13.9540509690588	-1.33912478555094	-4.60068193202057	-1.83070580082946	2.38843959463599	1.60040975174487	0.735679869019642	0.519517034873264	0.62970136182754	-0.261895894704753	-1.22207858054287
1.20.200	15.2667732055627	-1.34512814308472	-4.5480433352795	-1.8505099315806	2.60432804999855	1.53714748271778	0.818191372678454	0.341820295338353	0.274375336457225	0.514280931645101	-1.62928993379622
1.20.200	15.7597134065873	-1.41299225540793	-4.57894887969377	-2.03398514346501	2.98900797196231	1.32997975055716	0.602341294631587	0.593316451364487	0.412675726980719	0.63807679854771	-1.95138456319251
1.20.200	15.9294230657965	-1.35317167288494	-3.95434039362912	-1.47265176909713	1.96865749717363	0.702039112283585	0.422171668043336	0.594026213227576	0.327438452786663	-0.294089912597636	-0.475647414122509
1.20.200	15.2769971988842	-1.50804837603678	-4.35396206515522	-1.97151294927178	2.58205879199568	1.17420584147131	0.822899085536291	0.682104317320973	0.774111711437397	0.151401102203873	-1.28682565996286
1.20.200	14.4681159690638	-0.808965436628218	-3.98383971136238	-0.169561789837452	1.20893923487991	0.163579329302919	0.926323364126102	0.923960702779664	1.61947963766385	0.0742239722574451	0.729048257649239
1.20.200	19.4995347206714	-2.38110290778467	-3.12099148048824	-0.530836649224653	2.72589565441232	0.106562854944723	0.294146081545608	-0.750390070809594	0.44304148004731	1.8905001490655	0.625734355178028
1.20.200	15.411022115031	-1.59065527713609	-4.47930541765136	-1.10335602926777	2.98294877671379	0.66338574758328	-0.0117576929225449	-0.533439184454796	0.744099899614721	0.150965681807375	-0.109028711634451
1.20.200	11.9266887209429	-1.18044099112814	-4.42860136467597	-0.904571933765366	2.13866466216419	1.03825647369517	0.493498142469691	0.755628556324923	0.766540926029933	-1.03245811642017	-0.183256966123114
1.20.200	13.1652097959203	-1.13138486552035	-4.58376605015377	-1.1810963211543	2.34879834145438	1.18793203596937	0.412365031633999	0.121872093301597	1.09263199400311	-0.801268621280744	-0.0903406387280362
1.20.58	-6.68563250255471	0.775363101347572	-1.9775775942071	-0.288900043255172	-0.866006915463386	0.0916473725940852	0.604726400789104	-1.31301205419726	-0.378991793367527	1.31526373699929	0.383658040969832
1.20.58	-6.46495345938258	0.940421899633808	-1.75321346205432	0.155249286080964	-0.398570700275932	-0.0954357917072926	0.487873854273485	-1.34611672872288	-0.235154766198885	1.1951538592938	0.0529219636362155
1.20.58	-5.05745203680638	2.31589826966396	-2.02376012965306	0.75133579468075	1.07236932442684	0.476339012558363	0.535991531270406	-2.10762967279179	-0.301457085549	1.10676705642924	0.0397377715795135
1.20.58	-2.77729954443841	4.354350885571	-3.83628656601881	1.26830512505693	0.778713913277157	0.620147763909431	0.859009272618122	-2.27357757142795	-0.387126168864987	0.319716224198509	-0.078527463992722
1.20.58	3.56615396976396	3.06573512744257	-2.96427921411219	1.51264965297105	-0.231284292987592	-0.977511004013081	0.44965462472679	-2.35020872296979	-0.0535282248967135	-0.0319963906222057	1.76877138528316
1.20.58	-3.3749225376103	2.96081043411873	-3.25609471844726	0.412929165036195	-1.12217871472435	0.35213408339974	0.804634224837868	-1.63081796707675	-0.141767391868123	0.445933144729516	0.414867719206403
1.20.58	-6.18700854528754	0.842475757983329	-2.28082701656506	0.416613599242313	-1.56659534115918	-0.0619854629951862	0.579951604879396	-0.769777760982267	-0.432018079711742	0.572517445081382	1.55025116811663
1.20.58	-6.82438622100205	1.77694511900217	-0.6656831956231	1.90843343962145	-0.33044975394107	0.162547324638919	0.27734457192568	-1.16146519237909	0.460732311443263	0.578495083335877	-0.312746408631972
1.20.58	-4.92034509163472	0.824096386632347	-0.741605541665032	0.725604882984503	0.939327798110467	0.0111889112638507	0.0837774415009664	-1.37747134197309	0.0962662096197313	1.26334758864026	-1.08396237092708
1.20.58	-4.45149490115168	1.50659232453862	-1.29449503401298	0.98923037424301	0.903018348438398	0.135670546275519	0.62974010326992	-1.62601223362621	-0.132266619837907	1.1404486801354	-0.631794251711202
1.20.58	-3.22173931837866	0.0862318761466052	-1.04919641596822	0.079725468363253	-0.213490938556139	-0.0203864947901034	0.0601996504678118	-1.41577252477906	-0.297239685858252	1.5347875395479	-0.496146728864116
1.20.58	-4.29119975478682	1.21187229925293	-1.22742904315975	0.0752680015067554	0.566887936649288	0.471726878964055	-0.548220862640366	-0.220984562956764	-0.201740674373996	0.676232610459058	-0.851265119724171
1.20.58	-7.31242278679941	1.78233379039117	1.11438227798811	2.78056761636892	0.684126987832248	-1.23841517569162	0.241948984799602	-0.163533985251037	1.39654188656271	-0.795453771014047	-1.03332305758669
1.20.58	-5.13934489267761	0.986243217138401	0.809080291813915	3.41776700078794	1.25569181524703	-0.365318338428206	0.883079940715413	-0.511276743693759	0.406537113487273	-0.0485280181371559	-0.522833514983241
1.20.58	-7.4237055206383	2.00885153557131	-2.40424861241375	-0.815504232030549	0.790139499336668	1.56885706612407	0.311395280989001	-1.18999563878135	0.164470879711247	0.258716784503858	-0.244022068473969
1.20.58	-5.13200213110234	0.60217581015323	-2.25343693941811	-1.03086094101931	-0.54037272465444	0.685405167430981	-0.57752604045465	-0.91246560387389	-0.189297499262087	-0.579277415181134	0.0097257753583101
1.20.58	-2.78157063605109	-0.83995031516958	3.17556069490493	4.818011201056	0.667609676967173	-0.332349528039612	0.825479547041745	0.856188004186805	2.02734307622429	0.126299719288224	-0.634203009960189
1.20.58	-4.00142308421099	-0.967479943991971	1.80986000157787	4.09696296136275	-0.189385095685144	-0.441855778732808	1.80563277008698	0.128345509190854	1.29617954754929	-0.537517045270523	0.406485916454248
1.20.58	-7.22103769950368	1.7109695706562	-1.63404969486576	1.57624498452925	-0.566902257166174	0.150041428465048	0.26449649437173	-1.39475750821626	0.496263368469294	0.746790272623403	0.0339315975465213
1.20.58	-7.58254464123082	2.05731150757911	-0.833123496127789	1.63855287273435	0.938366303536079	0.478562515566622	0.354068346080254	-1.34496234717124	0.587343815313211	0.322449844599154	-0.99726074001555
1.20.58	-8.61421720119531	1.46699875136397	-2.39359101637808	-0.9547419806363	-0.365947498261329	0.416324838760709	0.0570176606259989	-1.17132248664208	-0.189145177446979	1.02528936102449	-0.181549361135515
1.20.58	-8.77199438519332	1.44569732605256	-1.76601607508852	0.733241823036417	-0.94286916547076	0.325181247610234	0.270570895130717	-1.02394660853947	0.0800527765857957	0.482699059863312	-0.221898914245555
1.20.58	-3.83591560360571	2.13445239287356	-1.52278076655475	1.28592671607112	1.33961876780718	0.0975780013135266	0.46889831050128	-1.86746709157755	0.0959348592708293	0.948776538166904	-0.855241655245565
1.20.58	-5.19210737306012	0.0736273797096733	-1.16042039980032	-0.595598239823452	-0.369510597191136	0.147067082521201	0.263730707763843	-1.05285487310541	-0.439144844254403	1.31910203009311	-0.307038219448108
1.20.58	1.28282821073907	0.13284183562325	-2.32420680471948	-0.542965126242402	-0.812029820140468	0.295225588100193	0.156131552518758	0.657069626150422	0.302431261439944	-1.45562817114846	1.07348063900068
1.20.58	-6.55624440976617	0.35912061070283	-1.10691775605841	0.677819873942435	-0.677927787659318	-0.222691244856526	0.44381841193811	-1.60996025566129	-0.0997607506982344	1.85780766835802	0.289603380920525
1.20.58	-5.87382585331831	1.38717758258178	-1.43997297106663	0.97596782010864	0.28528472410886	-0.0361747214648615	0.491244715264267	-1.48184762860271	0.159014654471833	1.01525885208825	-0.472024095093258
1.20.58	-7.73166966791167	1.6355070616392	-1.16581937741902	0.723656991486777	0.953531334897657	0.431847756064901	0.0635293126189898	-1.86757578446248	-0.391390794803777	0.755307860127762	-0.361340665175606
1.20.58	-3.6859731856759	-0.318240417013374	-0.786783224391197	-2.30772190911404	1.2350714251739	-0.50334231215396	-1.46932352866049	-2.54437916957805	-0.536525014581632	-1.89170102163285	-1.06485618848283
1.20.58	-5.27759120092827	2.02670652678799	-1.83398013125114	1.02355258605761	0.389926919710189	0.376880257608376	-0.163867466193738	-1.27408439136266	-0.653877732406653	0.677201765663965	-0.57227735474012
1.20.58	-5.93658635706734	2.0916127436276	-1.49634513143845	0.809845268907452	0.753299692039734	0.489022336684666	0.155423811104539	-1.50651157401587	0.29881443348342	-0.349715317500316	-1.3532909509599
1.20.58	-9.3684196938034	0.219748151285436	-1.23708750125752	0.732438080255041	-0.126636056226526	1.07244709121616	1.36406171834045	-0.871713294119152	-0.269658374464952	-0.0900963157567315	0.923906448810224
1.20.58	-5.5407213496484	1.14263341149372	-1.4931827224139	0.287825955649419	0.20519290200438	-0.100661307147433	0.291881400621276	-1.79565827894562	-0.15552232408743	1.5321003194094	-0.139645967294136
1.20.58	-6.35297787917283	1.31134477164215	-1.74506362310112	0.135251020170328	0.150264269841129	-0.255787779651959	0.353440235076795	-1.53260335809802	-0.12592523460217	1.32232665593273	-0.0860266429592304
1.20.58	-3.31778453811163	1.28977048500954	-1.56357165867697	0.77139637783615	0.286980347035555	-0.179805812648537	0.31610749187052	-1.52440197906068	-0.249842276327177	1.27398591829684	-0.221469153312011
1.20.58	-4.02052918130548	0.582942163401465	-1.44393522414908	0.0522905554399702	-0.233318817029936	-0.457589019372717	0.0935088027532655	-1.84087068263825	-0.394304256608966	2.19724662693835	0.307653348361553
1.20.58	-6.4170784531563	1.78562068895077	4.61354613095492	2.94242843375564	-0.648107293988435	-1.9345393772515	0.0416675555690196	-0.457616123099254	3.0755948199428	0.297166680453029	-1.78486506676295
1.20.58	-5.77723490425724	0.801709554269592	-1.6535338767514	0.44330426664697	-0.0876090922724611	-0.0457911717513361	0.685342148903011	-1.34046464587176	-0.170128297999227	0.960463849916012	0.042217471111621
1.20.58	-7.34673018040264	0.949692408688438	-0.73050166016673	0.501607834865648	1.36291221810031	1.00640689628092	-0.497834926795439	-2.05456178312575	-0.395248148591545	0.781721090870917	-0.759028650342414
1.20.58	-5.63271473142423	1.79407349435488	-0.955199570849707	1.52298198570029	0.583697046318281	0.702880666039447	0.0290719343928281	-0.687190605639298	-0.0364484897201543	0.465428563951286	-1.19687620958802
1.20.58	-3.97694880210874	0.607248791011674	-0.643994313563982	0.527479699394285	0.725317108027604	-0.194271590687783	-0.0620296310234125	-1.53245266254458	0.206141707315321	1.09118053090342	-1.03994269425333
1.20.58	-5.82830091247204	-0.436125190218478	1.44062242214386	3.685106010497	-0.23130664832549	-0.908976869759346	1.11355914283992	-0.0720150040849512	1.25875147914412	-1.88943961290554	-0.0881912587513119
1.20.58	-5.93617487299027	1.35818437149242	-1.03374571725362	1.27391430462306	0.498832124108845	0.263381668125594	0.185851045804757	-1.52997985886625	-0.880233661834524	0.924329485405835	0.0200769787307956
1.20.58	-3.08549559103655	0.712867986484291	-0.835999877709702	1.23124848659142	-1.28745366870939	0.0245813637799972	0.176141084548673	-0.214362266183347	-0.18736940735703	-0.366582786317938	0.472927266989632
1.20.58	-3.6064763033439	-1.11876381916388	1.83211285282879	3.38932324689906	-0.002774268884653	-1.04010858973051	1.04416340623198	0.0205014561654449	0.879370984344104	-1.11196692386065	0.232978077204717
1.20.58	-7.44934536157663	0.560510973355322	-1.97889600012868	-1.40115790101028	-0.547678792049913	0.305112472818155	-0.263857420251247	-1.14632898866596	-0.492611989472599	0.244017100317905	-0.260150317687441
1.20.58	-6.3139886792612	1.71961882992774	-1.84905897441366	0.119112558316051	0.220565980289607	0.264424368304552	0.0176393074479055	-1.44973466088742	-0.480408955310758	0.852124490332332	-0.4256155286831
1.20.58	-4.86430587786687	0.840809635160416	-1.36563328890381	0.21276466770641	-0.432945425338068	-0.304079927259222	0.453381476925426	-1.08946062968099	0.464033578934012	1.3488165945287	0.330765304083495
1.20.58	-11.2139507943499	1.83491713762535	-3.67563213054105	-1.59327551478128	-1.17121617994068	0.729680178321064	0.192617824813971	-1.33677996435844	-0.712759652265623	1.37300512811503	0.543190740042747
1.20.58	-2.51785955098538	-1.08654764560204	2.08539079921278	3.94210152780265	0.361676465757362	-1.3566632726259	0.977812913864003	-0.534731729820948	0.997816917847237	-0.390862603478176	0.138813637903945
1.20.58	-7.24380246915516	-0.423097244294818	-2.58995291335974	-1.96181137409828	-0.447892806432844	0.198311231906989	-1.06246403949278	-1.19966358492785	-0.597194683393273	0.0133732766294298	-0.265545401568735
1.20.58	-5.06425200762202	-1.112042333643	0.0663414406028053	-0.148251356465935	0.92524872913501	-0.600974103168425	1.02305339279718	2.46658832185002	1.25799837366502	-1.16528518144123	-0.43942134994966
1.20.58	-5.35480256390395	0.631360161123078	-2.09876867286358	-0.583606876203776	-0.987880880654825	0.0411901484377017	0.890725021226564	-0.979028784737472	-0.16411010267322	0.742612378347648	0.277798874964183
1.20.58	-5.94910513627708	1.32443669640863	-1.3635396387883	0.777070621338564	0.0532725344856946	0.0111091646126633	0.339570317702798	-1.30287957604034	-0.674311514659398	0.821749805851551	-0.0853548659984638
1.20.58	-6.30674426403228	2.47715088743396	-2.03273115655449	1.03730201718134	0.782662075380717	0.222939087834423	0.648744945564925	-1.95642383804574	0.0517041902863867	0.636631830501787	0.0975666516422727
1.20.58	-5.02461060083165	1.4052810391221	-2.10969764706734	0.703327209581543	-1.21823223633059	0.121679741840032	-0.119377609284094	-1.00772733911145	-0.781219643755631	0.991213514785032	0.138391993503076
1.20.90	-1.7627670405585	-5.13962439893473	2.44857523759197	0.476677414738421	-1.67325263381421	0.244068993544257	0.587457288999615	0.491067385715319	-0.0770708774075217	-0.395991460935203	0.289420142432815
1.20.90	0.0129538451587199	-6.10256257195243	2.82486349469731	-0.27440092421564	-1.2880430319602	0.847700147621566	0.00305163973210529	0.179518236699977	-0.972698469126747	-0.658311976665618	-0.613392613809505
1.20.90	-0.214012256952945	-6.13513562281986	3.3310926560322	-0.157695925261262	-1.35621445786494	0.796829749559794	0.841453653744192	0.413048016131142	-1.19691482913253	-0.483195873200326	-0.69517539031937
1.20.90	-1.77338605837724	-5.09819533854939	2.53724588194058	1.05169420470128	-1.64148474983115	0.255606234389113	0.203633742390081	0.78884543849341	0.606794091207901	-1.03283238387107	1.11968562294891
1.20.90	-0.933281781760272	-5.80731893043786	3.56343651796007	1.10884708911797	-2.03936448824327	0.120040676384255	1.00715970657569	0.606646935586681	-0.241067941957379	-0.247131910804007	0.728848083303416
1.20.90	1.10042426240101	-6.58090537617508	4.51543966508348	1.38430124495429	-2.12759187140829	-0.18433848918275	0.888486715492791	-0.325016719136533	-0.462654985644969	1.63374022952786	1.23727407170603
1.20.90	1.69124575752636	-5.53485974203314	2.80564045340702	0.485406774014541	-1.07553897145186	0.260514250868686	-0.546644417291414	0.217618703353442	-1.27668468856637	0.295556607735202	0.0500584813944236
1.20.90	-1.52194066861478	-5.82881223133944	2.51539966784036	-0.415259961195926	-1.58863769445868	0.662259725288674	0.536601830466403	0.369160328569498	-0.436351025408127	-0.851991245531659	0.134654343752354
1.20.90	-0.113489053977801	-5.66066762202169	2.53079625471284	-0.280847710748059	-0.525652364974161	0.396683792841616	-0.287756679584929	0.492344079305091	-0.624378687644485	0.233290500678046	0.157650908829822
1.20.90	-0.916313191169517	-6.17909739392144	3.09150826382613	-0.254380486897811	-1.57906048466638	0.86156387703727	0.0826457941275391	0.169121652907134	-1.11110773179448	-0.500158322887306	-0.678119168854455
1.20.90	-0.334188483574404	-5.94280922153167	2.55024101166781	-0.310268155953209	-1.28915116697017	1.00528783352751	-0.513355412417092	0.315568530838863	-0.946387340716329	-1.13837224955331	-0.798533805760352
1.20.90	0.940927860458467	-6.59239744867116	3.55295701763594	0.393236015399839	-1.3623248386202	1.18261933479519	-0.614244467364944	-0.116111042414671	-1.59297310037201	-0.347387472284128	-0.163900067782206
1.20.90	0.879815051889285	-7.07121911876361	3.61845694214601	-0.203818236248886	-1.19489233365014	1.13967063790291	-0.114209633891498	-0.661855258717783	-0.836339800076919	0.922475974499176	0.307318770443187
1.20.90	0.67942229296285	-5.46061389895775	2.46690131673903	-0.254257213942195	-0.398112480921476	0.285568607983777	-0.1435216417864	0.287282074358055	-0.517269504014971	0.0902599596051762	0.326448216803131
1.20.90	-0.429475701216433	-7.17624090753396	3.50355660044234	-0.0318698773383084	-2.26817843841415	0.449629725430023	0.150357589260838	-0.00739331077121096	0.181708988336336	0.0856211263395789	0.0334049346713006
1.20.90	-1.31211210147986	-1.45188855541179	0.013301860061602	-1.58509527583639	0.648009155902498	-0.915640935534513	-1.37228320995425	-0.401607778128281	-0.0688333925459886	-0.888809506070432	-0.762061336328749
1.20.90	-1.24579649527825	-5.18954067592089	2.79918583600797	1.00817044319193	-1.7044408129764	0.143242795667958	0.275378959668284	0.918490958572884	0.0222658719349131	-0.42546596892959	0.284303255575408
1.20.90	4.78737156167869	-8.30555435475139	4.9382411516576	0.344153051913875	-1.75588416558789	0.254620393570698	-0.454528663737022	-1.19718621691348	-1.6348847722425	2.61571507864409	0.40501842649976
1.20.90	0.719306575211185	-6.58876598500728	3.44545403130583	0.203380471478654	-2.1426277696936	0.970554971968226	0.0916981378854574	-0.318511932062847	-0.142520412515619	0.0764974940688096	0.119741380706223
1.20.90	-2.24329707384325	-5.58575451909521	2.12495004721481	-0.526981370089352	-1.65755694927443	1.32293635105248	-0.0575165932441646	0.33295091324286	-0.178702702466813	-1.47983522811303	-0.333596862820286
1.20.90	-2.696832459088	-5.11019090634516	2.39114727384009	0.105676075453575	-1.26867985549056	0.43794744965249	0.0177583360308914	0.124037451518594	0.10618574366259	-0.601454074073939	0.0690023066968376
1.20.90	1.7793101142916	-6.92051798610817	3.92306976335414	0.691359918798693	-1.62623966757619	0.391826339813581	0.0343366958076983	-0.854256015858942	-0.975078411936688	1.30546297253858	0.601143227148287
1.20.90	3.17864453431911	-13.7094375393159	-3.73453419674885	-4.50983105896068	2.48295467050341	-4.99112908893091	-12.5433982949401	-8.035532310208	6.0145783132355	-2.8914101683791	2.02788994151926
1.20.90	-2.42352868217651	-5.73276153176742	2.42102256100507	-0.861775831510491	-0.890342040029048	1.19466332036644	0.0208965212567654	0.455081537759299	-0.855246469719664	-1.1284979913659	-1.50323025419362
1.20.90	-0.397983577072057	-5.61060212481044	2.99550811892714	0.787396566251552	-1.63763847631575	0.444359027866522	0.441483450781475	-0.0581280269962906	-0.225286097056605	-0.369549403728478	0.483182655616372
1.20.90	0.362438144343245	-6.43815629935136	3.91926642672422	0.55859806008401	-2.19235943790942	0.501627118350166	0.723291913399131	0.515810996372401	-0.640615449327	-0.152967302534692	-0.0467988601495872
1.20.90	0.516198314576234	-6.32160054327477	3.77553797196767	0.851430583038797	-1.90159743086862	0.243677956873929	0.624929274466372	-0.0782919210055704	-0.291762066325726	0.783326481038111	1.00217141890498
1.20.90	0.333293071885098	-6.31704102122961	4.36441392554301	1.54976357733434	-2.27804316180016	-0.0562216510751694	0.939637933791158	0.0846942154684569	-0.449210723417779	1.13426040578084	1.06313323099127
1.20.90	0.029273951162081	-6.62510705830095	3.51729206033351	-0.0585717127051613	-1.24453549729616	1.02608106707268	0.273907300102112	-0.207276546836476	-0.948276340117784	-0.210693360966289	-0.398048318537749
1.20.90	0.659926215590948	-6.4308514773394	3.46965212881791	0.0112037082999006	-1.52982694415496	0.826754943933654	0.592994488579703	-0.498466983891802	-0.774722242147725	0.0383135841917917	0.0336266491835416
1.20.90	-1.96244824476379	-5.1982182783038	2.28075253732849	0.472899480122233	-1.67391063257263	0.398773997018596	0.0996320113257347	0.516789999540679	0.0455499800094826	-0.469899738699389	0.871011281866142
1.20.90	-2.27019252243453	-5.3100826629153	2.40581779807572	0.238775877999397	-1.92473841857957	0.601209397313656	0.175469894635847	0.419750485696054	-0.112153023194	-0.0386207209606422	0.420558037533192
1.20.90	-2.78887391316057	-5.17213919099504	2.42440400187968	0.655922429510332	-1.71823580468656	0.554809167948421	0.393609268395389	0.449643370719874	0.320498246294883	-0.812137779173376	0.34605707750234
1.20.90	2.56771415645339	-7.34648233637357	3.64776163373493	-0.111412546547098	-1.584097044557	0.59519126149903	-0.635337477506163	-0.654155544537381	-0.848071325215665	1.3554404433618	0.35596077659771
1.20.90	4.73430308337898	-8.35859774971992	5.08304689360569	0.579748908954354	-1.88269356671072	0.543308773615551	-0.718541406639273	-1.29034759356876	-1.96723341439197	2.66691858268986	0.277106180433256
1.20.90	0.184371251764115	-6.04462986812255	2.84206034925129	-0.0865642332208703	-1.36709712295424	1.05426377812659	-0.0375818967886334	0.294459731538749	-0.938293754365345	-0.832162838090408	-0.945306948672491
1.20.90	-1.24145812283791	-6.97781307263439	3.27207475488176	-0.0755837863999071	-1.14135896390946	1.09957557765555	-0.48472586413776	-0.127034358401097	-0.914938187242973	0.0591959427119427	0.333808044221762
1.20.90	-3.85952212161352	-6.39093906785908	2.86088572667829	-0.381385757577773	-1.48629670198118	1.42112371266772	0.484258055563755	0.248519883185233	0.251922982678189	-0.955561688533446	0.745910587905221
1.20.90	2.7556463024744	-6.84284323092318	4.07726680960636	0.666910336137097	-1.68388182465096	0.17318883883551	0.470874091044963	0.308871473072882	-1.43659059398164	0.35883242334156	0.292288595650753
1.20.90	0.879640801721653	-6.32238012440798	3.01762772936993	0.0813897671784204	-2.2988461741683	0.831618645152136	-0.470684555127183	0.102212174317788	-0.873536697393038	-0.725422879507041	-0.209825727374927
1.20.90	1.26028362153017	-7.29517141964693	4.08683430678659	-0.414741277838651	-2.00306843447532	0.738289646855321	0.196166689566291	-0.631798865738917	-1.51364371010146	1.44761514833406	-0.369988638811256
1.20.90	3.6373560353826	-7.72230027594307	3.26592876904213	-0.929154140777702	-0.90422833011549	0.368125283530993	0.261644309162722	0.273676235991525	-0.152893851299343	0.63308314136297	2.49332553177599
1.20.90	-0.886031322641295	-5.91826283674598	2.79220802850814	-0.586167465659284	-1.50169058731135	0.692267816699839	0.584712911179352	0.242218057207043	-0.896105116140878	-0.645314804619878	-1.06300709405554
1.20.90	3.42241735682236	-7.3231215810889	3.8295639947863	0.153773804488555	-1.70682561301577	0.310172359616672	-0.964583017986056	-0.297284651849761	-1.60194309903221	1.03259320663963	-0.301036642932771
1.20.90	-1.65273389064173	-5.43549118509137	2.69895223512851	0.908385926549367	-1.69322326052603	0.442352552079386	0.0311644141151335	0.483221331668876	0.0683828284820175	-0.511910305968236	0.407365990344082
1.20.90	-0.492571747330906	-5.81509990470125	2.60550362699084	-0.374683130034211	-1.41693412465169	0.566287072601586	0.0172494142457371	0.105347324274222	-0.681548921315017	-0.308395712685906	-0.087927248864715
