e.3	-2.98175944023682	1.9606353180175	1.17051329117618	1.86874443330139	0.569758813003234	-0.914328927428488	0.104252406996191
e.3	-1.0439220999606	2.30053202027939	-1.53012120037091	-0.690987723501862	1.51870572151097	0.533969914644444	0.978063792836591
e.3	-3.51942277297218	2.54626753909146	1.0191147563142	1.25862920730813	1.18222046044382	-0.566532730201279	-1.24852302006411
e.3	-4.71645742488592	-1.3646136819858	1.15008236359627	-0.432821824653238	0.0991805838119007	0.258413051864289	-0.152219266015761
e.3	-3.98926519030783	2.82244089202525	1.10506855017604	0.842040412374763	1.48447516014058	-0.396471715567248	-0.162066842476007
e.3	0.157006192393785	-1.08528119734039	-0.248316968690786	0.351354130008635	-0.260665966290142	0.965686425118048	-1.62505334637548
e.3	-2.68396596527035	-0.394774069690893	-0.62045488267052	-1.56925803504571	2.2306493987994	0.0175921714656911	0.899930579657154
e.3	-2.39823817253565	-1.80618267593604	-0.015858088685231	1.62014844451897	-0.702121828482849	0.921611127101795	-0.268315229684986
e.3	-0.726983241942305	0.106514991255676	-1.60805007862861	0.161286565854665	1.81474396244036	1.32121886612399	0.430298282468973
e.3	-4.87210586884742	0.598000006903839	2.43961588129264	3.535039126735	0.362756072673506	0.0933229779844724	-0.34035741897807
e.3	-1.63084917282606	-0.517106512178979	1.21768782118722	2.26656056466106	0.117368162044739	0.00983309597811323	-0.827413265394164
e.3	-2.04124353177431	0.770026503003461	-0.0313210068296436	0.212621468383077	0.86426048207934	0.297949833742444	-0.102607505996692
e.3	-1.41946407381336	-0.169556506295995	0.059883231752761	2.05343204283581	1.10696997847741	0.446620098991547	-0.0865925688956769
e.3	-0.835814224494468	0.387466669532306	-0.788489751984157	0.480432774906712	1.70153076559607	0.112900559730524	0.0936209919034121
e.3	-3.83858913043122	0.0275944930645745	1.02511997828861	1.88908725943591	-1.0953755185646	0.0956953348219733	-0.358874228246995
e.3	-4.15070665150052	1.03518322632072	1.79865377878917	2.70692451189931	0.870379020163935	0.602617909360726	-0.320149147148591
e.3	-3.86239054035955	0.842488554022503	0.400514672168424	-0.912904543734263	0.964487334504976	0.0585355238181066	1.72566280021481
e.3	-2.35951722836953	-0.534588901996361	-1.55701291252191	-0.21875730714615	0.32708961785172	0.422791875435957	0.212615700855582
e.3	-3.24702668600514	-0.201737910736479	0.460535135817803	1.4796323809392	1.33196653410637	1.44206527483871	0.922328149688086
e.3	-4.80481126172631	-2.28889837698131	0.994733699058847	1.60867321806249	-1.7601230463027	0.997055391760388	-0.907313911472605
e.3	-2.99665702700392	1.01199260068368	-0.00231759117045767	1.81938452702361	0.737670591410948	0.64486289601393	-0.327572229595551
e.3	-2.96877514390784	1.51295780906728	0.0828250069459031	0.548809739328103	0.867671674895013	0.24841057074742	-0.00992825523933468
e.3	-3.59037173465462	0.611470834739165	-0.759612440678129	-0.924254497326402	1.07452076762212	1.72311561290528	1.12326935338548
e.3	-3.49150618368201	-0.921981409667886	-1.69074606923966	-0.946435373167953	0.437137388922178	2.32134528640424	0.561506686102827
e.3	-3.35926374218767	0.765764830704553	0.293606784522548	1.73518840342945	0.144998342757937	0.182069007885652	-0.582498834215597
e.3	-0.832225098753925	-1.22383760544125	-2.16271602846512	1.17340351032794	-0.339078959552173	0.255196512628458	-0.332758704907623
e.3	-1.65495901198286	-1.30568799636108	-1.69017708955096	0.482703702035652	1.04682703962203	0.838819378331923	0.581324537183442
e.3	-4.1239311003627	-1.32889240262375	1.1997921804706	-0.904433071324939	1.5833004229759	1.3608562227011	-0.152064591312741
e.3	-3.64127600289963	0.646585541631085	2.00987733270615	-0.063513204076405	1.47022694622682	-0.407907606013926	-0.526556013304498
e.3	-4.88535706783269	-2.04986627002598	1.04287531685346	1.64677359684275	-1.54001002225995	1.85557035432654	-0.823824929772074
e.3	-0.847192515955747	0.760037293713047	-0.405742539815364	0.889586766325721	0.676296133864382	-1.07782245233724	-1.66850568247888
e.3	-6.92595932786726	3.14260035998879	1.75810233443967	0.263290936884383	1.55532690218105	-1.42540480596003	0.856305787689958
e.3	-4.07861418926114	2.63687629092225	1.86690289736915	0.589612186350812	1.59465521805573	-0.59371905427587	-0.572476336320724
e.3	-4.49246840014086	2.25080651320956	1.26007366987122	-1.68977182089278	2.00854501683785	-1.43788754464814	-0.213995754769035
e.3	-2.84859241569409	2.02869388617125	1.23489702047931	1.1030006080585	1.57803125455165	-0.380748287378792	0.195140886170709
e.3	-2.76303297725784	0.630064053287173	-0.836315862886307	0.140749282144528	1.37424227965174	-0.574118684579293	0.378873037508492
e.3	-7.06469216205113	1.14390543324395	1.84576008755477	0.348570750283468	1.7049360138801	-0.648900429434567	-0.592404585006554
e.3	-4.70673490520198	-0.372228284173948	2.13885758136296	0.763692638938623	0.974403017585052	0.103023610386911	-0.421203554420169
e.3	-4.48205220904214	-0.693497366038609	-0.473679691109755	-1.12745152651977	0.399472275245	2.2193572653232	0.702727621408878
e.3	-3.52421023118051	2.10730064676414	-0.477981542242012	-2.2088884459008	2.01646456773017	0.0204845178177115	0.566004149335697
e.3	-2.36020038117647	1.23202517752803	-0.0757847787328457	-0.228074307329063	1.52374405464183	0.385528466736717	-0.00834670412409312
e.3	-2.07181573515322	0.323797284996613	-0.357843071884389	0.612044400239031	0.0426739012019122	1.16146600036289	-0.0422249873794283
e.8	4.14094536086451	0.635940401330503	-3.71613819756818	-1.37636637709901	0.204377999045626	-0.775852591674319	-1.24796182321488
e.8	6.20774398973498	0.51904779965332	-3.45489835329658	-1.49606033204503	1.21578097838362	0.372840476330008	2.22096374660604
e.8	2.64413360453721	-0.0325579343415877	-3.15321849217456	-0.330995491475594	-0.300995417029468	-0.218254676646246	-1.32442364827041
e.8	2.11931308041409	-1.59331176070232	-0.0976515888836053	-0.10614773095469	-0.114173814689788	0.66479738652462	-0.0624346536299714
e.8	-4.75255690138474	-2.86620398455341	3.77050231786169	0.925424954102979	-1.778769702361	-1.58606554324195	1.06391025762733
e.8	-4.09688884719419	-3.08960863078975	2.24228696968715	0.113649690903648	-0.0430228987601549	-0.442906104561596	1.99600152088943
e.8	4.56207617568798	0.559668554236017	-3.22265468466518	1.15547311572068	0.136549163401815	-0.219805756592266	0.823141746694357
e.8	4.73179806082837	-0.0983269881818259	-3.2115016668767	0.99306162058303	0.00456502712171292	0.164398520968971	0.635960559749088
e.8	0.475308399566649	-1.04439951844418	-1.80593339638677	0.382664862378552	0.0610432403484685	0.492972826925194	-0.140502051797112
e.8	-2.31334090677982	-7.32787253169412	2.73160205114932	1.46834545724918	-2.30367599801052	0.491286247473429	1.14750397461682
e.8	-2.30034941002265	0.622150089609339	-0.51786231307693	-0.457425043996504	0.719730197923906	-0.18115452362627	-0.0913246000457886
e.8	28.7117897051451	-3.00172076897665	8.44416637411766	0.429436129533711	1.45113885540429	1.0775247532713	-0.83961579118768
e.8	29.7038300851589	-0.523148298959082	8.20558031925507	-0.0320204515652807	2.82235148060543	0.211524662572924	0.0102133328989291
e.8	0.557707275611034	-3.38020407454554	0.049447395362833	-2.46421561126944	-0.753178372302175	-0.0743704720224141	-0.875567187979358
e.8	-1.8513158152005	-3.62583312760161	0.0205561412701818	-1.06472051525861	0.0582558183907581	-1.26002395636204	0.605211872363835
e.8	-4.47221060093399	-3.20089530351119	2.76510392411678	1.12575756768732	-0.620198527664586	-1.06779856356494	1.39929305939282
e.8	1.19769808705728	-1.67152143630932	-0.572592655150737	0.0959751818405914	-0.775043796207131	0.39057590173263	-0.491569430390476
e.8	1.73722529962987	4.58131593607212	2.81849976262938	-0.0152068692891033	-1.36977674553731	-0.962825895306704	0.44718259209135
e.8	2.54110256842867	-3.04158400157092	0.198815939964215	-1.77612950917634	-0.201423259072318	0.167426988109801	-1.53012842159797
e.8	2.66473006297243	-2.78023834800318	-0.755868030962519	-2.62332693567667	-0.537701166870209	-2.73115845158804	-0.174266182095853
e.8	-1.8756012786207	0.934410973724944	1.21718445542528	-0.934363378786337	-0.382806701926636	0.750165672747095	-0.399390234201635
e.8	-0.248668304160586	3.91382358049531	1.34427944485677	-1.3813383709496	-1.87250043835907	1.30452274233589	0.0796830312289886
e.8	0.217688097924218	5.79341998109857	0.490051329619409	-1.21590429298602	0.0326399009263749	-0.472557091636894	1.75305238067942
e.8	-0.278654534204922	-0.139561609097174	-0.791001505909536	0.729113524385194	1.25264057009281	0.0342942505045991	-0.913983229891411
e.8	5.38114863749048	-0.287157073530317	-1.94113677048854	1.01155886923088	-0.101636347887314	-0.0559967517259271	0.481218774877654
e.8	5.7360783873737	0.231059905793604	-2.20073941100143	-0.145841714907762	0.650884368533827	-0.132225421054474	1.14601435422061
e.8	6.39709370392227	0.427910741215013	-3.21560545067658	1.19232744666975	-1.15938975617593	-0.237462410546116	0.479330425322307
e.8	3.98171507340713	1.15200459082195	-2.01230071176835	2.03318427356405	-0.949624668016536	-0.585509360450255	0.721563592904735
e.8	-4.62895747161365	-3.58452688663002	4.73771134217897	0.816764066220473	-1.7707753853657	-1.33670506101932	0.967450268277219
e.8	-1.74825330692907	-2.08772978630858	1.1661679798113	-2.10296069093686	-0.428841842462728	1.34506356212494	0.740298917720925
e.8	-3.59223283300854	-1.65423309521094	2.18536667165471	-0.0623330798820492	0.492257487303381	-0.353440549234491	0.409149767099115
e.8	1.21413149321691	-2.45837790738644	-0.286606543029335	-2.88394960430884	0.348764185639333	0.124591913764461	-0.0141002888247356
e.8	-0.977570914463465	-3.60407265997065	-0.331464892655234	-2.77871162202254	0.353204534489729	-1.03657396856198	0.739466055826314
e.8	-0.0590041996683862	-0.791719585615359	-1.53108416325187	-0.401087762908387	0.833122628699026	-0.936359043182659	-0.921404021474693
e.8	-0.245734447515898	0.149876293051242	1.25315385208113	-0.0852416075733845	-0.959899181855764	-0.054037274238302	0.503734002508041
e.8	1.65370005881526	-1.87955331388324	-0.655635196054851	-0.350599391527421	-0.224920868202061	0.0882304893494307	-0.327919555001097
e.8	1.38129367114554	1.19191123897118	1.11293580812234	0.865375566455521	-0.856523970642942	-0.348177412107952	0.662744663990849
e.8	5.22063558263311	0.658199508709481	-1.95274540644845	1.560088239001	-0.876901352390586	-0.385330418280236	0.634638265354301
e.8	4.57620457968612	0.772966188137831	-1.9540333697252	0.836933247461797	-0.899819570842006	-0.411279995830639	0.648201695962401
e.8	-2.68232811939382	-3.06533762811396	0.511707948975624	-0.73257251588294	-0.268645006636011	-1.15141795616239	0.393105597000698
e.8	-2.71106314116409	-2.71349273170842	-0.680887976730079	0.691939776553558	-0.733716938909316	0.00254492608738525	-0.265492303844341
e.8	2.29066541704014	-1.21929067392659	-2.67596420949691	1.21234452243184	-0.948974719514153	0.436171234522145	-1.19463740227811
e.8	-2.62693381164479	-1.52355031714085	0.946950208091811	-1.93829899833673	0.226060569986157	-0.192761105688812	-0.321812156715478
e.8	-1.63730304090064	-3.43795054894634	0.692087752703643	-0.468929171989039	-0.235300551029626	-0.5706589204419	-0.0646054141149129
e.8	-0.995645979500126	1.94765617188373	-0.667129209115583	-0.134226523890615	1.81023486640051	-0.84610548734495	-0.593513890005072
e.8	6.78367725981288	0.82045744431001	-1.6399034919786	-2.31248856052722	0.456257458625353	0.326557188833209	0.549392902979426
e.8	-2.36824264288859	1.41915543634467	0.38570241562488	1.48789706598357	0.0439163404325871	-1.12797925536539	-1.27176652343485
e.8	2.96889169047285	0.942662897670376	-1.28829537039556	0.783087423482628	-0.587925323706551	-0.00674128871577074	0.228195426368495
e.8	-0.501443471782736	-3.54652685130899	-0.919099575130954	-2.03879737066579	-0.0112296824140277	-0.923678471291226	0.466262530006872
e.8	0.30107525205389	-1.34733325189707	0.514258220568865	0.66467976661872	0.176998410061868	-2.37319665454282	-0.405566792534005
e.8	-0.0620064143497743	3.08851888908144	2.1264260779229	-1.57260989300398	-1.43284909873689	-1.05520573947587	-0.799896626419762
e.8	2.21547951439034	2.33844251410457	0.379539500276788	0.470561968849294	-0.290829082180487	0.0793144977659919	0.274995079873065
e.8	-0.643368984609538	-1.31869243678411	-0.734559162507371	0.144846811562971	-0.235435440061578	-0.0990275452815353	-0.609028580434075
e.8	5.34078265701645	0.961555546698497	-2.98654192851967	1.18971575832338	-0.885133625783126	-0.472553664415496	0.745830123940648
e.8	-5.25998915763263	-1.15405941836023	4.8552985772222	0.709789343630473	-0.0594533734757864	0.71038892249701	1.60396411931417
e.8	-0.107823166809778	-2.1370098116224	-2.5891498052441	-3.13877824238421	0.302360095307775	-0.0395408510608271	0.311887487368035
e.8	-0.235452079753662	-2.86512717346526	-1.97506275612033	-1.02142711640449	-0.134691130666583	0.585827004578725	-0.888290020666276
e.8	-0.872358588011513	-1.44533533889564	-1.82412604004123	-0.763433864136595	-0.143227403973562	-0.238607610700262	-0.786520978588917
e.8	3.88152435365996	0.542751418623488	-1.40101104163046	-0.0532875522392891	-0.491190601466245	-0.254039428903496	0.226614379789745
e.8	0.956305741267205	4.1390544831696	1.8122937987978	-3.04320617216404	-1.66249550442857	0.871631251858486	-0.299472825375152
e.8	-1.40120888730233	3.95436394201325	1.60691910147513	-1.5031781359817	-1.74031664883132	-1.93423675862044	-0.589292806986265
e.8	-0.408530806274286	4.0799088880961	0.849375988031376	-2.08403245442869	-1.78149028970397	1.50914931381866	0.0455623036646348
e.8	5.21154495157917	0.948132575218784	-2.98932072534669	2.02110765700244	-0.907478791398964	-0.319312305098947	0.199931033163424
e.8	-1.09350195521848	5.31033199872132	2.88451050854281	-0.292383344480256	-1.2036208498117	0.592904020823485	-0.733347471426738
e.8	-0.942117995159065	2.03686191190601	0.81439099164818	-2.66502762783443	-2.14493200055475	-1.32635403337507	0.166194035995865
e.8	5.42829490283797	0.88068129018124	-3.20702132387582	1.52115475112772	-0.519451646711172	0.108823149869253	0.593752266247476
e.8	5.42186695343586	1.37967211454589	-2.51558561334978	1.7683363685213	-0.584415918916874	-0.44640955731513	0.621328190631232
e.8	1.79061719971854	-1.74009040854892	0.282907250977439	-1.07711285551794	1.27995751867209	0.112968873787822	-1.41037355207675
e.8	6.37083563230279	1.42915610658482	-2.9605075476567	0.912163603943779	-0.299274711518294	-0.504529593075325	0.534468247033198
e.8	-1.73345246567457	-2.47328330585982	-1.11855264387878	0.557156525317799	-0.440868530715984	0.317758341416671	-0.906930492339261
e.8	-0.837330791112387	3.07561609217406	1.84304502568641	-1.04268971773921	-2.82323049745499	1.38442604022708	-0.0611459576217339
e.8	5.48898960011691	0.480743015574298	-1.19738941726772	1.70302704192194	-0.652106485687575	-1.08028078427085	0.386853723080838
e.8	-1.22469175547697	-0.460063197173059	-1.80134383661827	-0.58535752692706	0.672848967770625	0.533993429686264	-1.45855584472766
e.8	4.40191778356454	-0.232552732302684	-3.28027511102779	-0.620881796512601	-0.311036896158796	-0.402102364684941	-1.58588485234503
e.8	-0.996677837017908	0.0703481959484007	0.0457687519828034	-2.17089973890913	0.0622427163165231	0.470806181680641	-0.0647193186864953
e.8	-1.11610876016674	4.11819245652085	1.8012413260316	-0.354776924691645	-1.9450238348447	0.495886068836852	-0.238021832681132
e.8	2.6971008445323	3.98970476614997	0.964447223782018	-0.722224659151574	-1.372416903896	0.189675726451751	-0.638317053632114
e.8	1.00446938526275	3.24930161114704	1.34131897414637	-1.57492205315479	-2.04312475760964	1.09918136515196	-0.326703522176653
e.8	1.43613916762054	-1.10421065228771	0.259545226136331	-0.907469746266354	-1.4702752473084	0.844996635031583	0.487633469503403
e.8	-2.93524857227062	-3.1759508996175	1.2907413257113	-0.999287803206506	-0.544988274369802	-0.782558352704788	-0.787667882142696
e.8	0.184890567900278	-2.32039881246947	-0.705718871481241	0.995450232324635	-0.00755229193438464	0.826432462870327	-0.261433670084335
e.8	2.93058548653056	0.100771868717541	-1.77394377933548	2.46930000607392	-0.88769244429218	-0.163732459777248	0.559323630034223
e.8	5.50973210174188	-0.0547723128997847	-2.20515952745982	0.724612088635227	-0.727331296305109	-0.354628840050713	0.937014244645862
