e.3	121.81	-69.863	-54.294	119.12	-6.1036	114.06	-0.69249	-10.767	77.179	3.9624	-4.3488	-1.0464	-5.3407	0.0955	11.602	-2.0103	-5.6154	0.97254	5.3835	3.8314	-2.1764	-0.84163	1.7	-2.6232	-3.0275	-1.99	2.8892	-1.2838	-10.472	0.011781	13.951
e.3	122.28	-18.536	-38.948	118.43	-7.8425	112.11	-18.833	-9.9688	76.404	-9.7567	-7.5562	8.9071	-16.063	-0.40949	1.9671	-1.955	2.6249	10.155	5.7537	-3.097	0.034875	-7.3888	8.2939	-2.2761	5.4948	-10.233	8.5385	-0.52891	-8.851	13.75	5.0019
e.3	122.59	11.34	-33.956	117.72	-8.2499	112.76	-24.071	-8.4451	75.669	-6.6032	-6.2965	10.246	-19.699	-8.2245	-1.8922	0.92519	0.47963	9.0973	2.8012	3.1711	-6.7108	3.4724	-1.3962	-0.99508	5.3689	-9.5371	10.244	1.5021	-12.684	15.087	6.2782
e.3	138.05	-73.795	-59.419	135.35	25.981	126.29	-56.807	-25.016	92.227	-20.039	-3.1659	-14	-17.825	20.292	12.676	7.0337	-12.301	2.0652	8.5319	-5.5365	9.0612	-8.1613	-1.4343	0.069954	19.071	-1.0573	-11.983	-7.3582	-8.3542	-7.769	3.1117
e.3	122.9	-2.0258	-35.383	116.86	-9.7899	110.79	-20.486	-7.9392	75.281	-6.8503	-8.4539	10.871	-17.283	-7.886	-0.29682	0.52731	1.6706	7.4986	4.6666	1.5027	-6.173	2.1563	-1.8068	-0.24574	2.674	-8.3838	9.3308	1.4658	-9.6866	13.382	5.6864
e.3	123.51	-37.184	-38.647	111.26	-17.068	103.09	-23.634	-14.647	72.453	-9.3889	-8.706	3.5546	-17.087	0.71004	-0.21405	2.382	0.74587	5.4242	4.3956	0.7723	-3.0549	2.5067	-1.5748	-0.71306	6.2139	-6.6338	8.792	-0.19636	-8.1244	8.2136	5.4549
e.3	132.46	-67.539	-54.946	125.47	6.589	117.83	-43.611	-34.797	81.658	-30.708	0.35856	-21.292	-22.239	35.653	26.391	13.857	-31.587	13.988	7.1259	-8.9515	0.29238	-21.396	11.375	3.2072	17.38	-7.4811	-11.744	-16.246	9.0072	-25.146	5.0239
e.3	121.97	-8.2936	-48.681	128.25	7.7063	123.24	-24.79	-19.532	86.865	-19.399	-1.8497	-2.7207	-25.917	-3.9745	1.2512	7.8587	10.533	12.178	9.1356	-5.1622	0.76439	-4.9488	12.856	-3.8041	3.2446	-4.5013	3.6838	-3.1414	-1.2138	4.8621	0.51332
e.3	122.9	-36.913	-36.797	115.42	-13.188	106.91	-24.07	-7.1637	73.484	-1.5347	-8.3898	11.185	-12.199	-4.3319	-2.3809	-0.4488	1.3831	3.4117	3.2716	4.1281	-4.48	3.4273	-3.2753	0.38541	1.0409	-6.8251	8.7247	2.79	-9.4656	11.912	3.4108
e.3	121.5	-4.2057	-36.686	119.9	-4.591	115.08	-25.112	-13.254	78.261	-12.447	-7.5425	7.2625	-22.294	-4.6445	1.5324	1.9738	6.1992	14.027	6.2493	-3.235	-5.2877	-5.1915	5.6409	-1.5349	7.39	-10.827	8.6364	0.99195	-10.127	12.992	6.2237
e.3	122.59	-26.96	-39.286	118.14	-8.418	111	-25.5	-13.311	76.486	-9.7451	-7.7274	6.0056	-18.96	-1.4677	1.8497	0.98339	3.4749	10.341	6.1015	-1.1246	-2.699	-4.2933	5.9973	-0.93622	4.7862	-9.211	7.0584	0.017785	-9.9623	11.434	7.3061
e.3	121.18	0.52808	-37.177	119.96	-4.6349	115.12	-22.997	-11.437	78.053	-11.627	-6.1461	8.0589	-20.201	-4.5256	2.7569	0.11187	4.9344	13.553	6.2316	-4.6249	-2.6271	-7.1409	7.9629	-0.37996	5.2402	-10.54	9.7663	-0.26146	-9.9513	13.177	7.1832
e.3	122.13	-10.44	-38.84	118.27	-8.2849	112.22	-21.78	-11.368	75.668	-9.8324	-6.9493	6.5211	-17.821	-3.5211	2.5175	0.35713	3.0292	10.87	4.3312	-3.482	-1.6358	-5.9006	8.4679	-0.37361	5.4965	-8.8494	8.6135	-1.031	-9.6223	12.296	5.6446
e.3	131.52	-19.691	-10.327	131.16	5.2941	115.71	-29.965	-23.703	79.627	-27.369	0.88625	-6.6562	-27.823	1.5902	4.8423	11.748	-3.5595	9.2077	10.067	6.0413	-3.0994	2.3562	-3.1853	-4.1376	-3.1603	-9.9991	1.4275	5.2848	-7.1789	7.4659	3.9246
e.3	118.43	-41.575	-27.778	116.23	-5.2126	113.01	-15.42	-13.329	79.941	-14.929	-3.165	3.0901	-14.188	4.4366	-0.64914	0.30289	-0.055242	4.9255	6.0606	-1.5982	1.0799	1.1911	0.15539	-8.3172	1.5232	-11.426	8.6167	-1.1902	4.7693	9.1296	3.9921
e.3	122.44	-34.526	-39.255	118.76	-6.1527	112.24	-25.549	-12.755	78.771	-7.216	-9.0894	7.2392	-19.33	-2.7475	-2.8071	2.1195	1.2173	3.3643	3.3249	2.2728	-5.317	7.0023	-3.1061	-0.42694	7.366	-7.6585	6.0677	2.9152	-8.7846	11.475	1.7543
e.3	120.22	-30.354	-30.732	124.34	2.9138	119.09	-24.731	-25.092	84.22	-26.41	-0.65523	-4.118	-30.771	10.73	13.86	11.22	-6.312	19.356	4.1711	-3.8915	2.1839	-15.546	7.75	-8.1704	3.3982	-11.579	7.5073	-4.4422	2.4861	12.016	3.9141
e.3	127.79	-48.247	-25.13	125.64	6.2505	119.27	-44.724	-24.109	86.29	-21.422	-9.6528	-9.1762	-25.383	15.233	7.9464	7.3425	-4.9313	7.8943	9.6031	-1.3169	7.399	-3.3463	-2.7718	-11.515	4.0743	-13.203	-11.078	0.14377	20.061	0.15301	9.0579
e.3	122.75	19.816	-33.716	116.38	-8.6787	112.45	-25.42	-8.9045	76.048	-7.6291	-10.118	9.6839	-20.688	-8.1569	-2.0709	1.3183	0.91777	5.1879	4.826	0.1249	-6.3799	5.999	-1.6073	0.93448	5.9194	-8.513	7.0785	4.3662	-10.887	12.835	3.473
e.3	119.74	-39.016	-29.869	124.6	4.3497	118.94	-15.219	-18.597	86.391	-20.702	-0.63036	-3.0586	-21.358	5.2319	2.5235	5.2713	-1.7313	10.756	7.399	-1.8714	1.6579	-3.4212	2.3307	-11.026	3.2642	-14.572	7.4985	-1.1119	11.089	7.7164	1.6112
e.3	123.05	4.5905	-31.877	117.82	-8.3958	111.56	-19.79	-4.889	76.315	-5.9224	-9.3857	12.807	-14.486	-4.1476	0.28649	-2.67	1.8385	5.9626	4.2335	-3.0204	-2.2121	-2.9878	5.6379	2.2142	2.1856	-7.0628	8.9089	1.1829	-11.359	11.274	5.1691
e.3	135.57	-31.56	-27.492	134.56	14.222	120.28	-37.211	-24.949	82.798	-25.804	-0.30885	-5.6099	-30.1	7.3369	6.6633	11.867	-6.4966	13.057	8.9049	2.8953	1.9292	-4.9333	0.35233	-5.2963	-4.4887	-8.2174	4.2414	0.31474	0.66547	9.4906	-2.4691
e.3	135.94	-50.417	-60.132	133.93	17.924	121.06	-45.735	-31.2	87.37	-27.934	-5.0451	-24.128	-19.908	28.869	25.669	12.04	-24.948	15.197	8.1077	-0.94491	-12.404	-15.722	-16.503	-2.0643	15.357	-7.8792	-13.484	4.313	11.541	-23.131	8.9147
e.3	136.32	-47.139	-59.928	132.91	16.675	120.28	-46.207	-31.502	86.239	-28.298	-4.6748	-23.915	-20.322	28.178	25.135	12.687	-23.624	16.751	8.3223	-0.97038	-12.512	-16.42	-16.649	-1.2911	15.171	-7.8417	-13.146	5.4632	9.5203	-23.311	8.8711
e.3	128.07	-19.019	-31.34	120.24	0.47558	119.1	-14.06	-2.5777	80.357	7.2911	-7.0757	2.8323	-4.0245	-8.1047	-4.5051	-1.2574	2.4257	2.4608	9.7724	2.5562	0.88226	1.8664	0.55598	-2.801	-5.6486	-3.3492	5.002	3.2522	4.3385	1.3143	0.13148
e.3	129.2	-54.165	-28.472	120.1	-3.6753	113.76	-38.65	-24.943	76.842	-20.179	-18.908	-6.3818	-25.481	15.561	7.2834	8.3838	-5.3014	3.0358	11.097	-0.28842	7.9159	-2.1657	-5.8886	-11.288	5.1693	-8.5522	-12.197	2.8669	16.098	-6.5076	6.6206
e.3	132.72	-38.311	-29.862	129.31	9.8687	118.07	-33.453	-19.697	84.055	-17.477	-4.1304	0.064167	-26.439	3.7779	5.7307	6.7739	-6.3278	5.0485	9.5102	3.2413	7.7862	-3.3111	4.1997	-6.3543	-10.857	-6.7351	5.5583	-0.17199	1.5199	10.573	-0.38208
e.3	147.3	-101.54	-40.313	130.36	31.251	130.73	-19.956	-13.502	87.52	-12.245	6.193	0.50645	-3.6485	7.108	-0.87687	-3.2625	35.287	-2.4807	12.51	-15.748	3.0527	-7.5904	17.279	2.1672	2.0831	3.4064	-28.324	2.1653	9.5154	-13.128	-0.49559
e.3	148.16	-108.47	-40.393	129.78	29.725	128.65	-22.327	-13.74	85.731	-12.298	5.36	1.0827	-1.1237	13.683	4.4952	-5.3243	29	-11.95	12.915	-16.349	10.139	-7.3356	17.254	3.2739	2.8784	3.4139	-28.733	0.54995	9.7596	-14.173	0.72106
e.3	119.41	-32.497	-36.025	123.46	1.3868	116.6	-17.731	-19.055	84.02	-18.415	0.51984	-7.1357	-19.805	0.37801	0.69402	7.7961	-1.4668	5.1982	7.2294	0.050986	3.3592	2.8826	-0.10677	-10.534	-3.8037	-11.845	5.9842	0.136	10.967	7.6702	2.2448
e.3	122.13	-16.33	-37.533	123.55	6.6725	121.13	-22.861	-9.2239	89.226	-4.1606	-1.8387	7.4521	-18.48	-8.3255	-4.6261	1.2195	5.2642	4.9062	5.7404	2.1958	-2.1712	4.5774	5.288	-4.4887	-6.5823	-2.8332	7.1477	1.7878	4.1001	3.4067	-0.067071
e.3	134.03	-86.077	-59.759	133.5	16.67	123.17	-50.509	-39.391	86.467	-35.002	-3.6322	-21.794	-27.188	44.532	32.177	16.141	-40.442	11.09	8.5585	-9.6522	9.691	-25.145	-3.0486	7.11	25.341	-11.622	-13.752	-15.622	7.4443	-25.966	3.7227
e.3	146.66	-13.104	-36.458	133.89	16.645	110.79	-23.592	-32.596	81.047	-24.185	-4.5111	-21.208	-32.737	11.158	11.945	19.697	-6.7308	29.125	1.9733	3.8413	-9.0633	-7.1353	-1.9958	5.4004	6.4277	-4.9821	5.5547	-10.013	10.947	4.0723	1.0743
e.3	139.02	-13.135	-37.1	138.34	19.636	120.75	-24.102	-28.654	84.942	-25.945	1.9553	-19.366	-29.81	7.5301	8.2683	16.176	-4.5921	16.995	5.2411	-2.8321	7.3001	-9.3785	6.0917	1.8213	-1.9058	-1.7448	4.454	-11.733	11.28	-0.80947	-1.7524
e.3	122.28	-17.623	-39.348	120.87	-3.1625	115.39	-22.287	-9.5854	79.861	-7.8043	-6.5318	12.255	-19.466	-7.0015	0.11796	0.86881	2.7752	8.4572	4.795	2.155	-7.3205	2.0156	-2.5601	0.84331	2.6914	-8.384	9.4691	1.5565	-10.462	14.243	5.3124
e.3	138.9	-38.572	-45.278	126.4	12.533	114.42	-40.333	-23.848	85.071	-17.666	-5.5045	-11.407	-24.039	0.8339	-10.85	11.808	16.88	12.87	6.3452	2.7424	2.2999	6.7051	0.12663	3.7426	7.3758	-7.7101	-10.53	-0.30436	14.226	-11.29	1.5068
e.3	136.2	-52.151	-62.406	139.02	25.052	124.64	-55.462	-29.172	92.346	-26.62	-2.088	-21.312	-20.259	25.564	24.341	10.225	-23.43	15.622	8.4188	-2.868	-2.9417	-14.357	-5.2779	1.3652	18.071	-5.6391	-11.057	-13.79	25.001	-31.133	2.8028
e.3	147.09	-94.262	-35.127	121.06	20.567	123.77	-18.795	-12.894	82.077	-7.2606	5.7688	4.0088	-9.4361	-1.0289	-1.1889	-0.085266	31.418	5.1701	10.167	-5.7048	-4.5509	-6.1558	8.413	0.064214	1.8899	1.1622	-22.685	8.3136	7.5851	-13.094	-0.03765
e.3	135.69	-48.165	-61.75	135.9	20.477	122.79	-46.022	-30.413	89.084	-26.563	-3.8567	-26.465	-18.102	27.02	23.716	11.751	-23.568	11.463	8.3298	-1.788	-11.837	-12.181	-14.193	-3.5834	15.922	-5.8611	-13.59	1.6778	11.012	-21.478	7.7764
e.3	139.62	-10.52	-42.652	144.41	24.227	122.48	-14.228	-25.433	86.528	-24.941	6.8298	-24.355	-21.334	8.0698	4.3683	12.733	-6.8964	19.643	-1.0059	3.3982	10.641	-6.6037	6.2085	5.7846	3.7067	-5.0476	8.1898	-15.497	21.289	-4.8578	-3.5958
e.3	135.44	-18.056	-26.798	135.8	15.871	121.33	-39.844	-23.567	83.958	-25.299	1.2939	-4.8818	-29.882	3.2048	7.4701	11.39	-4.9365	14.13	8.558	2.8731	-3.4748	-2.2794	-0.92599	-4.6286	-5.455	-8.2191	5.7122	1.6693	1.4898	9.8667	-1.9331
e.3	121.81	-15.077	-38.015	120.82	0.096868	116.79	-22.368	-6.1409	83.929	-0.95189	-2.2173	14.001	-17.382	-11.302	-9.4164	1.8636	12.604	3.0385	8.4187	3.9644	-10.731	9.9319	-3.2151	-5.1873	-4.6824	-4.9567	3.8494	8.0934	1.4332	6.3022	2.0874
e.8	175.46	-9.4464	25.794	115.16	45.444	87.397	-42.614	-12.932	66.848	-11.933	-17.891	5.4087	-20.964	15.034	8.7253	-2.252	-14.882	-3.3618	4.3368	-2.7569	7.4787	1.806	9.4454	-4.1493	1.683	-5.6602	2.3642	3.3982	3.9747	-4.3744	-1.2244
e.8	141.5	-43.326	-24.091	93.071	-39.937	78.153	-41.34	-20.172	54.447	-11.005	-19.287	-5.6546	-11.835	19.376	12.776	3.1579	-10.254	6.5521	1.4108	-5.7226	-10.375	-4.8097	5.7602	-1.5071	2.2914	-1.745	-6.8198	-1.2093	8.2045	11.473	-1.7015
e.8	181.87	-3.3595	24.232	117.64	56.632	88.357	-37.296	-9.1117	63.973	-9.6506	-20.241	8.3296	-18.858	11.53	4.1379	-2.8961	-11.412	-11.045	3.8965	-0.5483	13.47	1.952	8.2174	-3.0919	-0.0057173	-5.0026	2.8811	6.7543	-1.1943	-6.141	-0.20438
e.8	154.46	-11.254	-33.462	91.244	-20.025	71.597	-5.5116	-11.022	61.875	-2.9548	-10.072	-7.3292	-6.338	-3.935	11.65	2.5299	-7.0059	3.2254	3.3489	9.7976	-6.4796	1.8483	-6.1532	-3.4403	-10.536	-1.9531	-5.3623	3.4868	11.953	-3.2465	6.3146
e.8	121.81	-55.992	-24.994	125.99	-10.093	105.07	-93.412	-30.542	72.894	-29.638	5.1633	-13.659	-12.324	27.077	22.571	6.5791	-1.6562	-0.69935	12.12	-20.832	-24.993	3.5522	1.7155	23.414	24.95	-14.79	-1.7624	15.76	34.424	-18.206	-3.777
e.8	121.18	-59.098	-26.845	127.25	-8.8776	104.75	-98.299	-31.552	74.139	-29.453	6.7149	-14.457	-12.55	29.491	24.244	6.9847	-6.3483	-1.6845	11.658	-22.833	-25.995	4.742	2.57	23.918	24.874	-14.546	-2.8397	17.288	34.904	-13.471	-6.2436
e.8	141.5	-42.826	-20.922	91.816	-42.823	77.568	-40.113	-14.715	52.302	-8.2248	-27.312	2.0097	-10.283	19.368	11.073	-3.6378	-12.495	-8.3278	3.3043	-7.019	9.5131	-2.8894	4.7503	0.43275	3.1854	-3.6743	-9.1375	4.0841	6.6042	10.755	-2.6914
e.8	141.5	-43.047	-21.146	92.191	-42.391	77.753	-40.32	-14.886	52.484	-8.3704	-27.238	2.0587	-10.52	19.527	11.119	-3.6152	-12.723	-8.7551	3.5612	-7.1302	9.7969	-2.8216	4.8019	0.29829	3.5678	-3.642	-9.3414	4.276	6.3704	10.544	-2.7559
e.8	153.47	-21.199	-17.933	126.18	16.323	98.939	-37.164	-10.537	77.282	-16.099	-7.5398	-12.241	7.6977	19.487	4.6391	-6.5529	-4.922	3.7763	3.3018	-15.78	-18.995	11.279	8.3371	-7.1919	14.757	1.0672	3.2157	-25.683	27.203	10.154	-3.0265
e.8	111.01	-85.189	-28.68	136.51	2.4444	104.05	-112.61	-42.574	76.892	-29.407	11.687	-22.365	-22.103	43.848	41.599	18.481	-36.133	5.4655	-7.2617	-40.541	-33.814	14.267	14.09	30.245	45.688	-27.138	15.25	12.021	38.413	37.26	-10.948
e.8	166.72	-34.799	-33.24	139.99	49.704	112.6	-48.219	-13.421	72.52	-20.212	-12.826	-10.346	3.576	18.798	3.1633	-4.8342	-4.3702	-7.9351	10.347	-13.96	-3.8386	5.1136	13.433	5.257	2.6159	3.9155	-2.2886	-15.939	8.6151	-16.118	1.6279
e.8	144.13	-28.144	-26.375	115.98	1.9981	87.081	-31.361	-20.785	85.245	-19.073	9.0206	-29.86	8.4042	24.225	13.253	-2.8402	-15.035	-9.4959	10.759	-28.06	-11.71	14.542	7.0938	7.479	21.347	1.4229	7.7056	-21.366	27.319	21.561	-8.3483
e.8	140.8	-33.047	-44.224	131.82	17.811	107.49	-11.049	-22.083	91.222	-22.256	8.1274	-33.32	7.1188	21.156	2.141	-0.14902	-8.3458	-5.7471	14.251	-23.952	8.1193	11.095	10.795	4.2519	7.6315	2.9792	11.419	-30.204	30.153	23.573	-5.2341
e.8	144.13	-26.183	-25.05	114.27	1.2072	84.097	-31.854	-21.776	86.133	-18.124	8.7629	-30.467	5.0542	22.022	14.019	0.05291	-12.494	0.33249	10.37	-26.386	-7.7371	7.3717	5.8338	6.4795	20.509	0.9822	7.9673	-20.481	27.952	21.05	-7.5601
e.8	143.68	-27.527	-39.066	131.32	16.722	106.15	-11.896	-20.39	88.126	-21.212	6.9568	-29.776	4.6749	16.75	5.3627	1.2033	-7.4384	-5.5883	9.2537	-23.03	7.2358	8.6907	10.673	3.434	13.117	0.68616	9.8875	-22.349	31.409	16.914	-10.31
e.8	121.34	-59.983	-26.014	126.77	-9.5587	104.78	-97.532	-32.763	73.347	-30.532	5.9831	-15.777	-12.783	29.985	24.786	8.8013	-5.587	2.0939	11.787	-21.635	-26.588	3.6262	-3.1197	23.21	22.75	-14.697	-2.6299	18.063	34.997	-13.453	-4.59
e.8	154.26	-10.442	-37.451	100.12	-10.9	78.589	-4.896	-9.9223	65.835	-2.5029	-10.884	-6.862	-6.0593	-3.6775	12.328	1.7488	-7.3162	3.5319	3.3555	9.5998	-8.3298	1.4774	-5.8607	-4.1882	-9.5367	-1.9464	-5.1888	3.0286	13.141	-4.6572	6.0509
e.8	112.5	-64.704	-36.91	97.112	-22.209	91.217	-7.0721	-27.859	71.009	-14.495	-9.3018	-12.565	-20.261	12.796	-3.2482	12.75	15.425	4.1721	9.923	-9.9227	5.4488	-4.4073	9.8864	-6.4279	6.2107	-1.9489	-16.11	-0.21989	4.1599	-2.9264	2.3204
e.8	144.13	-24.812	-22.867	112.57	-1.9202	82.368	-30.93	-19.478	84.162	-16.456	8.9342	-28.259	7.2862	20.445	12.326	-2.3639	-10.881	-4.6851	10.709	-24.974	-7.1072	9.3228	7.0082	6.5088	20.792	1.4437	6.6581	-19.641	28.544	14.738	-7.3021
e.8	144.24	-26.173	-38.947	131.63	17.499	105.83	-16.79	-21.36	88.484	-20.429	7.598	-29.355	-0.34794	16.239	5.7992	2.9285	-7.8344	-6.8575	9.7493	-23.48	12.11	6.2	11.101	5.6405	14.079	0.68753	9.9418	-22.656	31.356	15.236	-10.801
e.8	139.5	-73.707	-43.743	102.73	-15.39	93.195	-26.795	-26.721	71.856	-17.289	-12.023	-10.278	-16.578	25.322	16.73	7.1192	-15.037	1.8854	11.945	-10.498	10.486	-13.677	12.198	-5.6276	-10.286	-5.5888	-14.757	4.8754	9.4897	-4.7975	2.7567
e.8	117.93	-65.043	-32.6	98.24	-24.638	88.854	-6.8973	-23.461	74.498	-13.469	-11.573	-16.17	-10.225	12.317	-6.8345	7.8517	16.384	-3.2634	10.29	-10.902	3.9342	1.588	14.319	-13.478	-0.46224	2.213	-13.001	3.7714	-0.23042	0.19449	4.4545
e.8	118.09	-70.887	-35.455	96.071	-28.543	86.439	-2.5367	-23.382	71.479	-12.258	-14.325	-13.619	-10.619	14.75	1.0078	7.5593	8.6827	0.92161	6.0398	-7.9627	-0.39533	-1.2591	9.9421	-8.4323	3.0734	-1.2946	-13.229	3.2516	4.286	-2.594	3.8335
e.8	150.97	-28.455	-32.85	128.37	13.823	107.44	-55.64	-23.362	74.137	-19.525	-8.8295	-17.54	-13.632	19.459	17.552	6.2325	-13.497	25.624	5.1426	-3.6339	-13.157	-9.0206	-7.8307	-6.3527	12.103	-2.123	-0.94144	-26.511	29.986	14.412	-3.3832
e.8	140.8	-43.213	-22.68	91.94	-42.364	77.85	-38.785	-16.217	52.94	-8.7849	-25.102	0.20151	-11.079	18.633	11.268	-1.784	-11.273	-4.3676	3.3701	-6.4262	5.7852	-3.6936	4.4507	0.1002	2.4302	-3.1416	-9.2574	2.6613	7.1083	10.776	-2.8704
e.8	140.92	-38.58	-23.724	89.98	-44.916	75.867	-32.288	-17.567	52.185	-9.1921	-26.231	-0.24412	-13.657	15.785	11.453	1.2006	-9.529	1.8267	3.0366	-3.0044	2.7444	-6.355	0.7234	-0.35725	-0.8694	-2.0557	-7.0336	3.0395	6.7349	8.5035	-1.9881
e.8	141.74	-40.651	-22.33	91.382	-40.585	77.32	-34.613	-20.923	54.756	-11.368	-26.173	-5.4372	-14.337	18.982	12.009	4.2469	-9.3252	9.5891	1.8271	-5.5813	-5.1945	-8.3966	5.774	0.071023	1.8479	-2.0366	-6.9458	-2.1315	7.2588	9.7577	-1.5248
e.8	141.74	-39.448	-22.971	93.323	-39.811	77.547	-36.058	-21.985	54.666	-12.458	-26.034	-6.3773	-14.752	20.08	13.13	5.2124	-10.385	11.672	1.6565	-5.9672	-7.8314	-8.9313	5.7843	0.36194	2.5175	-2.2973	-6.7099	-3.3498	7.7409	7.9103	-0.21322
e.8	120.55	-61.272	-26.655	126.51	-9.2097	104.21	-98.477	-28.781	74.161	-26.908	6.6843	-10.734	-11.164	26.726	21.105	3.3498	-2.6696	-3.4156	11.524	-20.925	-22.974	4.0139	8.9355	26.36	20.978	-13.687	-2.5582	14.729	33.812	-13.102	-5.3784
e.8	142.2	-15.013	-21.273	111.19	-5.359	83.293	-15.285	-14.622	82.477	-14.553	8.9487	-25.259	11.746	12.573	2.9445	-3.9697	0.27314	4.2748	11.716	-15.214	-8.2968	5.3637	6.0684	8.7401	4.0048	4.1934	1.8397	-15.324	8.2214	13.551	-0.78407
e.8	141.04	-40.968	-41.39	131.73	16.281	106.15	-19.739	-24.057	89.928	-21.692	6.6541	-33.008	1.5467	16.563	2.6156	5.1071	-5.7749	-2.7217	14.617	-24.582	19.532	2.4823	12.189	6.9043	7.9973	4.3365	8.2915	-27.325	29.214	20.091	-8.3716
e.8	144.13	-25.081	-23.27	114.24	1.7447	84.499	-30.239	-20.871	86.558	-17.788	10.596	-30.817	7.4297	22.469	12.936	-1.5283	-12.927	-1.6986	10.243	-26.437	-10.855	11.272	5.9176	8.3606	20.152	0.47443	7.5332	-21.41	25.73	22.462	-7.2873
e.8	144.13	-33.548	-37.489	131.48	17.627	106.45	-19.251	-21.276	88.525	-21.263	7.102	-30.37	4.1736	16.522	5.6301	2.3489	-7.1061	-3.31	10.342	-22.81	10.798	5.8137	9.9047	4.7582	13.786	2.1443	8.193	-24.932	29.946	15.53	-8.8152
e.8	158.08	-20.521	-18.323	131.49	30.794	104.31	-34.747	-10.7	78.555	-15.773	-10.191	-15.516	9.9389	17.177	3.034	-5.3656	-4.6264	4.1386	5.7966	-13.77	-15.811	10.114	9.6885	-6.2257	12.755	3.0448	1.3577	-30.262	27.996	5.1577	-2.2338
e.8	132.32	-19.917	-41.888	99.185	-32.424	81.64	-4.7442	-14.734	64.707	-11.529	-11.743	-14.626	3.163	15.004	18.46	-2.3487	-12.507	-8.9233	4.684	-11.468	3.3795	-2.926	18.545	-9.2002	-11.639	-0.16138	-4.0582	-11.605	6.4851	15.112	8.1959
e.8	154.36	-12.064	-38.694	100.96	-8.8475	79.245	-5.8595	-8.9923	67.08	-2.3759	-10.72	-5.3325	-5.601	-3.1065	12.933	0.84129	-7.6554	3.458	3.7309	9.2051	-9.2626	1.1779	-5.7317	-4.6977	-7.893	-2.3772	-5.161	3.2906	12.582	-5.3551	6.7152
e.8	136.32	-17.404	-35.379	98.295	-24.393	78.922	-27.338	-23.58	71.872	-12.968	-7.2549	-15.465	-16.101	16.256	22.32	8.1198	-12.958	16.659	2.1528	-8.8926	-7.5558	-14.994	18.169	-9.0082	-9.2776	-1.6514	-4.6355	-9.3745	8.7224	17.433	5.7034
e.8	141.85	-40.817	-23.868	93.172	-39.96	77.893	-40.289	-22.132	54.325	-12.82	-26.039	-6.8057	-13.506	22.351	14.268	3.8151	-11.442	12.32	3.0951	-8.6177	-10.668	-8.9579	7.3547	0.44666	5.2071	-3.5255	-7.5776	-3.1684	6.7729	8.1292	-0.22296
e.8	141.85	-40.678	-24.046	93.411	-39.633	78.107	-40.133	-22.081	54.451	-12.761	-25.951	-6.8127	-13.563	22.193	14.318	3.8373	-11.315	12.615	3.0149	-8.369	-10.6	-9.1592	7.1941	0.39224	5.1744	-3.5149	-7.6379	-3.1122	6.6328	8.2349	-0.061822
e.8	144.13	-34.766	-38.017	131.67	17.83	106.67	-19.653	-21.598	88.593	-21.301	6.1555	-30.522	3.6145	16.849	5.9845	2.5613	-7.2117	-3.0775	10.772	-22.733	10.473	5.6046	9.6994	4.5646	13.71	2.3312	7.8149	-24.325	29.807	14.765	-8.8233
e.8	147.2	-34.157	-8.5495	127	7.9162	103.65	-52.466	-10.004	75.972	-14.441	-6.4541	6.3613	-10.078	18.423	8.6184	-7.94	-3.194	1.0655	6.143	-21.098	14.71	-12.08	7.6248	4.1431	23.658	-3.9789	2.4347	-10.138	20.85	-2.3358	-2.6068
e.8	121.5	-2.6958	-26.113	105.22	-27.255	83.301	-25.164	-11.849	72.322	-14.704	-15.168	-6.4659	-2.2558	12.074	1.2837	-8.2963	4.7698	6.0436	18.617	-11.21	6.8323	-7.4773	9.7956	-6.329	-4.5972	-0.48766	-2.4092	-14.714	21.092	9.5269	-5.357
e.8	144.13	-26.506	-27.995	116.71	5.6336	87.22	-31.878	-21.693	88.742	-18.704	10.945	-32.183	7.9057	23.516	13.878	-1.309	-14.233	-3.3101	12.107	-26.374	-12.087	12.323	3.2924	6.5051	19.402	2.0244	6.7247	-20.707	27.397	19.485	-7.8929
e.8	142.43	-35.444	-42.307	133.48	19.154	108.47	-15.885	-22.876	90.333	-23.565	8.9279	-31.683	2.6794	19.297	5.9814	2.8185	-8.2986	-3.9607	11.487	-23.901	14.019	4.0832	11.393	4.9941	13.167	2.3833	9.0775	-25.822	30.706	15.907	-9.0954
e.8	159	2.1094	-24.372	122.3	29.097	101.31	-14.12	-16.3	78.894	-16.18	-4.3878	-30.702	13.153	18.178	9.5413	-1.9684	4.4779	35.547	6.9966	-14.975	-40.807	8.016	-1.0207	-3.43	17.688	2.3569	4.2243	-26.223	18.956	9.6422	-1.4786
e.8	130.57	-30.481	-39.186	97.692	-38.579	77.973	-30.122	-16.097	61.973	-10.508	-6.2622	-12.76	3.111	23.504	31.43	-6.1095	-31.189	-16.833	4.8471	-5.3246	-9.2796	6.0116	23.895	-11.72	-15.243	-0.99279	-6.2402	-18.155	14.903	12.772	5.2674
e.8	151.88	-32.62	-33.476	128.67	18.438	108.1	-65.755	-22.929	77.586	-20.05	-6.754	-15.4	-13.781	21.656	19.518	4.7415	-18.179	24.347	3.3597	-3.7114	-16.476	-8.5992	-9.6275	2.2116	23.311	-3.0911	-1.8338	-23.582	29.809	-6.3063	-4.2356
e.8	148.05	-44.639	-28.027	89.544	-29.82	77.912	-36.408	-29.569	60.528	-15.536	-17.15	-19.267	-12.374	30.743	27.227	9.3982	-20.668	38.014	5.1035	-13.559	-26.936	-19.517	12.869	0.071354	10.331	-3.4257	-9.6648	-17.249	6.8863	5.1925	-0.42744
e.8	144.13	-34.601	-37.863	131.59	17.692	106.52	-20.167	-21.433	88.529	-21.2	7.1106	-30.448	4.0463	16.536	5.6145	2.5267	-7.0728	-3.7031	10.719	-22.75	10.713	5.9113	9.5388	4.6418	13.667	2.2312	7.9301	-24.13	29.784	15.111	-8.8596
e.8	142.43	-38.008	-47.749	132.81	18.691	108.11	-13.868	-23.479	90.199	-23.163	8.3752	-32.524	3.4136	20.358	5.4464	2.4965	-8.8419	-8.5425	15.398	-24.683	15.782	5.6505	8.8986	3.6728	7.8384	5.5611	8.4927	-27.18	30.507	18.896	-7.678
e.8	123.97	-76.697	-50.019	106.16	-21.837	95.767	-21.207	-33.086	72.74	-20.655	-12.892	-17.026	-18.442	23.965	7.0247	15.539	-3.984	2.6686	11.893	-3.5671	0.55882	-8.1628	10.718	-16.949	-16.87	-0.93098	-13.623	8.6389	11.407	5.0881	3.6718
e.8	129.06	-82.348	-35.167	89.279	-39.003	89.346	-11.595	-31.324	60.047	-20.227	-8.4904	-10.873	-14.907	31.267	12.24	11.499	-16.581	7.1543	2.1082	-5.891	-1.9123	-9.2041	16.889	-2.1572	-3.9683	-6.4075	-13.395	-8.9611	6.5588	4.6205	2.5601
e.8	149.21	-39.216	-10.801	125.2	7.0981	101.06	-52.65	-11.093	73.979	-12.889	-7.5686	2.0932	-8.6573	16.563	8.4681	-6.2828	-4.084	0.69219	8.2929	-18.637	10.811	-8.9916	4.6058	0.99088	21.106	-2.5249	2.3432	-11.34	17.982	-1.432	0.76793
e.8	141.74	-40.553	-22.287	91.451	-40.602	77.302	-34.718	-20.782	54.725	-11.304	-26.134	-5.2503	-14.305	18.847	11.759	4.1444	-9.2682	8.8069	1.7703	-5.6991	-4.9465	-7.9027	5.7106	0.056677	2.1035	-1.9879	-6.9865	-2.0035	7.2326	9.8422	-1.6018
e.8	139.38	-82.996	-75.985	126.41	15.051	112.62	-67.971	-46.995	88.864	-26.956	13.111	-26.777	-37.351	48.381	55.501	27.196	-48.341	73.117	3.2434	-22.179	-15.046	-56.003	33.034	-3.4501	4.963	-11.863	7.1705	-35.394	8.5033	20.451	-1.4881
e.8	147.52	-34.846	-9.9348	127.04	8.3336	103.74	-52.959	-11.082	75.982	-14.686	-6.0778	5.5055	-11.396	18.375	9.2637	-7.1264	-4.4215	2.0681	6.5696	-20.611	15.307	-12.944	8.495	4.8703	22.289	-3.533	1.8356	-10.784	17.031	-1.6781	-1.5796
e.8	147.52	-36.261	-11.223	126.25	7.6179	103.41	-52.761	-10.932	75.614	-14.774	-5.1043	5.755	-10.776	18.136	8.8351	-7.3691	-4.2093	1.45	8.2818	-20.065	14.963	-12.607	8.279	5.9834	21.644	-3.4407	1.9406	-9.3175	14.499	-7.0754	-0.46784
e.8	147.52	-36.006	-11.306	125.86	7.5722	102.93	-52.962	-10.888	76.005	-14.838	-4.5262	6.3862	-11.184	18.42	9.0783	-7.6239	-3.6771	2.264	8.4608	-20.327	15.25	-13.53	8.0662	5.1358	22.098	-3.4102	2.3207	-8.765	15.736	-8.9685	-0.23271
e.8	149.21	-45.552	-27.681	90.091	-27.858	78.346	-37.022	-31.592	60.529	-16.928	-13.86	-19.698	-14.258	32.692	26.926	11.394	-21.255	42.392	4.7653	-15.215	-30.173	-20.387	14.837	0.14081	12.561	-4.859	-8.8317	-18.633	6.6336	5.8995	-0.53411
e.8	118.59	-63.079	-32.726	96.884	-26.896	87.439	-6.1786	-23.551	73.183	-13.223	-14.064	-16.015	-10.575	12.376	-6.2544	8.2097	15.985	-1.5337	8.8784	-10.646	3.1211	1.001	14.363	-12.234	0.40487	1.1275	-12.696	3.053	0.39979	-0.57982	4.804
e.8	123.97	-77.148	-50.567	106.78	-21.073	96.366	-21.535	-32.641	73.144	-20.407	-13.258	-16.48	-18.429	23.355	7.9597	15.112	-3.7398	2.9457	12.25	-3.1761	-0.85837	-7.4375	9.8453	-16.43	-16.528	-1.7241	-14.612	9.5706	12.101	4.307	3.1073
e.8	118.59	-62.922	-32.336	97.215	-26.444	87.641	-6.368	-23.99	73.545	-13.834	-13.619	-16.421	-10.913	12.823	-6.7513	8.5597	15.991	-1.8242	9.2808	-10.617	3.1722	1.4596	14.522	-12.315	-0.041051	1.5588	-12.874	2.672	0.4376	-1.1148	4.4839
e.8	141.74	-40.51	-22.124	91.389	-40.729	77.196	-34.669	-20.757	54.674	-11.325	-26.463	-5.1296	-14.35	18.956	11.755	4.0644	-9.3565	8.7875	1.7211	-5.6878	-4.4696	-8.0875	5.7242	0.012089	1.9891	-1.9715	-6.9365	-2.0709	7.3293	9.8663	-1.6112
e.8	118.59	-61.637	-32.531	97.157	-26.554	87.345	-6.273	-23.541	73.584	-13.193	-14.531	-16.295	-10.832	12.016	-6.3566	8.3284	15.597	-1.3135	9.1042	-9.7129	3.232	0.76217	13.63	-11.793	0.91299	1.2389	-12.612	2.9138	-0.8806	-0.7994	4.6911
e.8	123.97	-76.979	-50.557	106.81	-21.04	96.399	-21.469	-32.403	73.156	-20.287	-12.945	-16.348	-18.248	23.047	7.886	14.938	-3.5227	2.9483	12.118	-2.8082	-1.1306	-7.162	9.7335	-16.471	-16.5	-1.6967	-14.468	9.5741	11.82	4.4464	3.2457
e.8	141.74	-40.557	-22.283	91.669	-40.243	77.467	-34.833	-21.3	54.922	-11.765	-26.227	-5.6196	-14.648	19.367	11.786	4.6052	-9.3696	9.8242	1.7108	-5.9006	-5.3264	-8.4842	6.2449	-0.07363	2.3073	-2.0991	-6.8114	-2.3329	7.3802	9.6545	-1.4523
e.8	141.74	-39.355	-22.901	93.626	-39.485	77.704	-36.988	-20.854	54.8	-11.548	-25.816	-5.2159	-14.439	19.385	12.336	3.9612	-10.009	9.2732	1.8604	-5.672	-4.7486	-8.285	5.012	0.38044	1.667	-2.4417	-6.8425	-2.3214	7.3357	8.9134	-0.36809
e.8	144.13	-25.677	-24.141	113.45	-0.5364	82.839	-30.955	-19.924	85.081	-16.837	8.7697	-28.576	6.6034	20.646	12.572	-1.8818	-10.61	-2.3689	10.582	-25.582	-8.2851	8.4152	7.4684	7.7292	21.397	0.92154	6.4245	-18.419	26.743	16.287	-7.3325
e.8	141.74	-39.9	-22.919	93.693	-39.59	77.743	-37.148	-20.493	54.644	-11.268	-24.625	-5.0894	-13.975	19.088	12.314	3.6737	-9.838	8.7037	1.6806	-5.6591	-5.0495	-7.9239	5.0111	0.44838	1.6462	-2.1292	-6.4991	-2.4615	7.407	8.4969	-0.40212
e.8	147.63	-34.543	-27.929	126.44	7.8357	103.62	-52.939	-14.671	75.51	-14.574	-7.6141	-2.4502	-11.203	15.294	8.994	-3.2295	-2.2234	6.2643	8.8556	-19.59	5.0851	-9.506	7.6138	6.0874	17.994	-0.36754	0.96052	-12.595	15.483	1.114	-1.5967
e.8	118.59	-62.578	-32	96.471	-27.691	86.716	-6.7149	-23.451	72.669	-13.189	-14.429	-15.889	-10.377	12.326	-6.1493	7.9986	15.534	-2.2729	9.6164	-10.298	3.1675	1.4636	13.941	-12.358	-0.18389	1.6138	-12.873	3.1703	-0.16405	-0.86753	4.726
e.8	140.8	-42.582	-22.308	91.784	-41.693	76.901	-41.66	-19.798	54.199	-10.572	-25.947	-5.4148	-11.482	20.552	13.485	1.6195	-10.108	8.8516	2.2754	-7.817	-9.9121	-7.151	5.6031	0.75462	5.2249	-2.7917	-6.4484	-1.1915	7.114	9.7085	-2.3336
e.8	174.78	-34.619	-33.508	132.81	61.171	104.26	-39.188	-14.652	69.529	-7.7956	-13.988	-12.355	-7.3816	19.702	14.107	-3.4932	-9.7841	21.698	6.7882	-12.359	-19.208	-3.881	3.565	1.8566	14.832	-3.9981	-2.4375	-16.505	22.79	5.9413	3.0911
e.8	181.87	-2.7807	24.698	117.37	56.858	88.459	-35.919	-8.1578	64.204	-8.4938	-19.902	8.5928	-18.3	10.616	3.2857	-3.0062	-11.211	-12.23	3.4076	0.67329	13.801	2.7557	8.1111	-3.6414	-0.282	-4.6168	3.2961	5.7928	0.034262	-7.1149	0.11021
e.8	139.5	-76.134	-43.361	102.75	-15.912	92.987	-25.315	-26.866	71.337	-17.518	-11.352	-9.5677	-16.753	26.625	16.33	6.7465	-15.806	-0.11393	11.676	-12.496	12.887	-14.175	13.713	-4.6462	-9.3859	-5.9266	-15.627	4.2667	9.6675	-4.858	2.85
e.8	117.76	-71.648	-39.683	97.092	-26.709	87.529	-6.2351	-23.779	72.671	-11.741	-15.085	-13.198	-11.354	14.5	2.4596	7.1994	8.0241	-1.6603	11.102	-5.9289	-0.1618	-1.3921	7.8664	-12.843	-2.2142	1.3495	-14.533	7.2362	1.0281	1.5157	2.8601
e.8	118.76	-74.124	-40.001	98.717	-25.008	90.149	-7.9804	-26.033	73.6	-14.02	-12.892	-16.716	-10.828	17.114	-5.3523	8.9432	16.638	-3.6533	11.508	-14.771	3.6414	-0.40952	16.5	-14.83	-1.6282	2.1755	-14.034	5.4543	1.762	0.65466	4.3188
e.8	118.76	-73.81	-39.738	98.06	-25.77	89.548	-8.0494	-25.986	73.169	-13.907	-14.009	-16.801	-10.492	17.129	-5.3831	8.8413	16.286	-3.6428	11.911	-14.658	3.7856	-0.54636	16.249	-14.621	-1.4671	2.3359	-14.199	4.9003	1.4454	0.39648	4.3318
e.8	141.85	-14.03	-32.851	93.04	-30.29	73.1	-21.881	-18.502	66.79	-10.119	-12.631	-13.582	-8.7375	15.068	18.64	2.5429	-11.721	9.1859	1.5297	-6.5184	-7.6266	-9.5177	16.718	-7.8789	-8.0187	-1.1489	-4.1944	-7.9612	8.181	12.493	5.6354
e.8	142.2	-32.423	-43.907	131.18	17.321	106.96	-12.539	-24.607	89.969	-24.209	7.8295	-34.37	2.6541	19.281	3.5086	5.3724	-7.4652	-5.0277	13.031	-24.821	14.516	6.1432	11.332	5.149	6.4499	4.0206	9.325	-25.975	29.527	22.217	-8.2513
e.8	154.36	-10.762	-37.212	100.07	-10.749	78.541	-4.9312	-9.429	65.823	-2.1649	-11.805	-6.7038	-5.3547	-3.7342	12.137	1.4173	-7.0953	3.2667	3.5827	9.4501	-7.9305	1.308	-5.8483	-4.2265	-9.5062	-1.7779	-5.4481	2.8624	13.147	-4.3313	6.0265
e.8	141.85	-40.691	-23.95	93.132	-39.991	77.988	-39.89	-22.267	54.256	-12.894	-26.764	-6.8932	-13.66	22.354	14.478	4.0038	-11.508	12.671	3.2112	-8.3355	-10.691	-9.306	7.3207	0.43304	5.0282	-3.6087	-7.9813	-2.9819	6.5425	8.1414	-0.18502
e.8	141.97	-43.005	-23.163	91.178	-40.944	77.409	-39.401	-21.159	54.274	-11.897	-25.775	-6.6186	-12.175	22.097	15.066	2.6	-11.84	10.367	3.0065	-8.3267	-11.352	-8.2973	7.6837	0.21686	4.857	-2.9627	-8.4168	-1.8497	7.0497	8.9963	-1.7866
