c.26.1	134.42	25.095	45.995	100.6	-32.229	87.193	-0.71109	-1.2476	59.23	-7.3289	-19.698	11.446	-19.141	9.9226	-11.087	-10.577	13.174	11.508	17.296	-7.3331	10.27	-9.3558	14.328	-13.704	4.5062	-14.384	9.1216	16.283	-14.356	7.9562	5.7053	4170.0	1168.0	1227.0	1729.0	12260.0	3365.0	770.0	531.0	629.0	2513.0	3623.0	2931.0	728.0	621.0	82.0	2825.0	501.0	2384.0	2204.0	345.0	205.0	18.0	110.0	3907.0	1261.0	1085.0	672.0	633.0	115.0	125.0	634.0	559.0	1192.0	1271.0	3917.0	162.0	475.0	120.0	1954.0	479.0	176.0	832.0
c.26.1	95.804	69.887	143.48	122.49	13.648	106.9	64.129	74.458	76.065	46.727	1.3093	37.071	44.928	44.174	-39.556	40.168	31.206	-45.844	6.5979	20.904	5.4599	39.775	12.165	-79.423	-54.335	30.812	1.9157	35.361	-24.602	19.79	-19.415	1268.0	422.0	437.0	579.0	2979.0	938.0	182.0	251.0	260.0	723.0	1126.0	780.0	329.0	232.0	45.0	943.0	125.0	611.0	708.0	187.0	62.0	7.0	28.0	1079.0	363.0	340.0	263.0	259.0	63.0	80.0	238.0	243.0	365.0	356.0	1080.0	78.0	161.0	71.0	518.0	201.0	57.0	246.0
c.26.1	105.24	52.614	111.33	113.29	-7.672	95.659	39.552	66.278	69.445	41.572	-11.362	34.737	41.927	35.199	-30.022	38.769	15.379	-46.19	6.4625	22.524	9.4553	39.098	-13.054	-41.509	-40.051	22.695	5.8623	26.561	-3.1625	-15.608	-22.629	1859.0	635.0	617.0	812.0	4787.0	1514.0	435.0	264.0	263.0	1119.0	1727.0	1457.0	581.0	324.0	105.0	1327.0	287.0	971.0	1239.0	260.0	115.0	22.0	48.0	1710.0	620.0	629.0	333.0	326.0	73.0	90.0	256.0	335.0	526.0	535.0	1719.0	108.0	207.0	66.0	813.0	253.0	103.0	372.0
c.26.1	132.19	22.756	35.146	113.5	-9.7874	105.97	-3.577	13.526	73.081	1.5226	-11.78	19.13	4.8263	11.386	-14.944	-4.072	14.156	-18.093	1.9182	-7.9306	17.62	2.8689	16.671	-8.9532	5.2328	-1.3686	-6.543	3.6349	-13.868	6.9931	1.5388	3976.0	1309.0	1357.0	1642.0	11087.0	3528.0	1027.0	739.0	864.0	2739.0	3913.0	3100.0	942.0	758.0	113.0	3011.0	601.0	2259.0	2421.0	572.0	219.0	23.0	124.0	3634.0	1246.0	1134.0	725.0	745.0	140.0	180.0	764.0	751.0	1237.0	1314.0	3637.0	208.0	525.0	132.0	1661.0	537.0	161.0	731.0
c.26.1	104.6	55.165	117.08	115.23	-4.3077	97.579	42.672	68.717	71.503	44.187	-7.8849	35.394	44.993	36.463	-30.453	39.934	14.571	-47.642	6.7225	26.947	8.4658	40.825	-13.262	-44.875	-42.527	22.31	5.7537	26.507	-1.8339	-17.617	-21.137	1780.0	616.0	582.0	757.0	4628.0	1412.0	420.0	215.0	279.0	1070.0	1573.0	1347.0	557.0	315.0	75.0	1242.0	269.0	943.0	1197.0	269.0	124.0	15.0	42.0	1595.0	563.0	613.0	317.0	308.0	67.0	69.0	218.0	312.0	496.0	471.0	1587.0	104.0	173.0	64.0	768.0	222.0	103.0	338.0
c.26.1	111.76	29.815	32.398	73.643	-70.612	47.895	35.135	23.47	41.983	4.1652	-13.577	13.281	-1.723	13.855	-6.4662	0.9557	7.0214	-3.5862	9.9851	3.107	3.3737	-3.1575	8.2991	5.0252	1.5702	-10.568	-2.8036	12.369	-17.585	-15.85	9.2518	1756.0	408.0	379.0	845.0	4574.0	1009.0	160.0	167.0	231.0	849.0	938.0	849.0	226.0	150.0	39.0	711.0	114.0	595.0	706.0	167.0	64.0	9.0	32.0	1587.0	412.0	374.0	196.0	177.0	56.0	50.0	155.0	164.0	320.0	380.0	1550.0	36.0	146.0	36.0	967.0	153.0	50.0	442.0
c.26.1	120.39	-39.988	-35.705	88.811	-38.383	78.4	-22.177	-34.944	68.09	-18.628	-6.2401	-27.443	-13.763	28.06	24.698	14.411	-20.907	25.379	21.999	-3.8721	-25.716	-6.8966	-6.0949	1.7423	-3.9487	1.526	-8.9007	-29.842	14.478	-14.928	-8.0641	2216.0	717.0	705.0	1019.0	5496.0	1782.0	340.0	279.0	510.0	1349.0	1707.0	1462.0	460.0	238.0	60.0	1229.0	292.0	1140.0	1138.0	331.0	115.0	17.0	61.0	1899.0	619.0	597.0	390.0	360.0	93.0	64.0	368.0	388.0	620.0	629.0	1892.0	96.0	297.0	62.0	949.0	293.0	115.0	450.0
c.26.1	128.64	19.771	38.53	117.06	-5.3609	109.03	-3.3738	2.0391	80.205	-10.915	-5.9534	23.762	-19.275	22.428	-14.112	-17.233	16.782	12.594	6.8641	-10.772	29.47	-24.164	20.657	-8.6166	16.255	-14.223	-0.8984	0.078458	-16.367	16.888	-4.1563	3373.0	1042.0	1162.0	1440.0	9143.0	2717.0	688.0	593.0	683.0	2001.0	3169.0	2435.0	784.0	640.0	78.0	2341.0	469.0	1995.0	1767.0	343.0	160.0	21.0	84.0	2978.0	950.0	877.0	659.0	609.0	116.0	156.0	618.0	498.0	1057.0	1078.0	3023.0	154.0	466.0	138.0	1379.0	436.0	153.0	636.0
c.26.1	115.54	32.311	113.81	118.8	-10.02	94.888	48.355	41.459	79.94	21.116	-2.8407	35.989	18.77	22.627	-17.453	15.915	5.4383	-31.972	10.266	10.208	14.899	12.758	9.1181	-22.994	-18.935	7.431	0.26402	8.681	-22.564	9.4059	1.1476	2296.0	775.0	772.0	981.0	5915.0	1861.0	499.0	328.0	459.0	1621.0	2049.0	1815.0	500.0	367.0	110.0	1627.0	293.0	1196.0	1422.0	356.0	138.0	32.0	57.0	1988.0	684.0	685.0	359.0	368.0	88.0	102.0	380.0	386.0	697.0	663.0	1973.0	120.0	257.0	73.0	933.0	290.0	100.0	431.0
c.26.1	109.67	34.234	39.562	81.442	-53.536	57.741	43.133	27.144	48.161	6.949	-15.469	16.557	-1.4276	16.058	-8.1904	1.1223	10.318	-2.6253	15.085	2.4378	2.9316	-3.7368	8.7565	11.694	0.33497	-14.293	-4.6443	12.748	-20.737	-19.403	14.486	1661.0	354.0	348.0	780.0	4365.0	822.0	112.0	150.0	171.0	688.0	931.0	701.0	183.0	178.0	10.0	564.0	89.0	582.0	643.0	97.0	50.0	1.0	35.0	1512.0	393.0	316.0	162.0	184.0	31.0	49.0	166.0	143.0	252.0	322.0	1442.0	49.0	168.0	50.0	889.0	153.0	41.0	381.0
c.26.1	118.09	-41.513	-35.231	89.735	-33.404	79.278	-21.842	-36.495	71.66	-19.485	-2.9877	-26.927	-18.384	27.686	26.46	15.513	-20.493	28.368	26.824	-7.6458	-25.17	-8.5863	-11.958	-0.23762	1.6737	2.2965	-10.864	-32.281	12.255	-8.195	-9.4643	2025.0	635.0	656.0	926.0	4828.0	1460.0	248.0	338.0	459.0	1216.0	1495.0	1299.0	304.0	263.0	36.0	1202.0	209.0	907.0	887.0	235.0	126.0	11.0	62.0	1654.0	512.0	489.0	314.0	316.0	87.0	61.0	332.0	284.0	527.0	528.0	1639.0	116.0	264.0	68.0	832.0	266.0	96.0	379.0
c.26.1	132.19	23.34	35.172	113.42	-10.003	105.9	-3.746	14.005	72.871	2.2312	-10.499	19.289	5.3773	11.115	-14.739	-3.6332	13.78	-18.079	2.2881	-7.5575	17.03	3.1833	16.588	-8.9513	4.4204	-1.3204	-6.4508	4.4063	-13.763	7.1041	1.7186	335.0	3.0	3.0	0.0	337.0	3.0	0.0	0.0	0.0	3.0	3.0	3.0	0.0	0.0	0.0	3.0	0.0	3.0	3.0	0.0	0.0	0.0	0.0	0.0	0.0	0.0	0.0	0.0	0.0	0.0	0.0	0.0	0.0	0.0	0.0	0.0	0.0	0.0	0.0	0.0	0.0	0.0
c.26.1	134.16	21.879	57.567	108.77	-21.407	89.283	5.9852	11.375	67.857	7.7755	-20.328	12.43	-5.242	6.7279	-5.6335	-4.8946	8.0746	-4.163	11.074	-7.0657	-1.0678	-1.407	14.183	-9.3258	-5.706	-1.3584	0.45914	20.377	-18.103	9.093	2.8324	4208.0	1344.0	1306.0	1718.0	12027.0	3751.0	1025.0	598.0	843.0	2897.0	3646.0	3237.0	809.0	613.0	158.0	2815.0	532.0	2431.0	2573.0	634.0	244.0	23.0	105.0	3822.0	1396.0	1291.0	691.0	684.0	158.0	134.0	674.0	687.0	1198.0	1403.0	3795.0	163.0	484.0	132.0	1827.0	471.0	186.0	797.0
c.26.1	116.23	-5.8511	30.561	86.052	-44.792	67.558	6.9762	12.109	63.584	-2.7649	-8.1639	31.829	-12.694	39.543	-18.794	-36.569	-17.485	-59.315	17.471	-6.5065	84.177	-11.528	7.2275	8.0647	10.211	-19.615	-4.7694	31.062	-18.789	-20.463	15.23	2059.0	561.0	506.0	968.0	5043.0	1283.0	199.0	256.0	315.0	1132.0	1182.0	1056.0	285.0	187.0	34.0	892.0	137.0	794.0	884.0	172.0	86.0	5.0	47.0	1812.0	505.0	513.0	233.0	295.0	49.0	63.0	241.0	248.0	398.0	459.0	1775.0	66.0	241.0	45.0	1004.0	240.0	76.0	456.0
c.26.1	123.36	-67.215	-33.258	84.793	-30.004	74.648	-21.772	-41.397	81.423	-17.059	3.5604	-27.743	-26.637	43.29	43.357	17.98	-32.964	60.947	17.865	-17.258	-43.277	-34.832	-8.3349	4.2721	14.015	-13.264	-3.7882	-31.852	13.349	-8.5003	1.3378	2175.0	664.0	682.0	985.0	5005.0	1394.0	204.0	214.0	483.0	1148.0	1433.0	1263.0	376.0	173.0	60.0	1251.0	225.0	964.0	867.0	244.0	139.0	11.0	43.0	1708.0	437.0	472.0	313.0	369.0	96.0	53.0	324.0	282.0	525.0	569.0	1685.0	80.0	287.0	61.0	845.0	277.0	84.0	386.0
c.26.1	130.16	47.104	65.689	106.72	-27.848	92.734	5.5255	28.774	62.587	11.08	-20.219	23.408	10.553	19.397	-22.49	6.1928	18.619	-28.999	-2.8652	-5.5475	18.239	8.2765	12.367	-20.222	-7.961	6.9743	-2.8218	18.681	-14.168	-16.139	-13.005	4172.0	1265.0	1195.0	1738.0	12524.0	3556.0	862.0	558.0	559.0	2721.0	3707.0	2966.0	883.0	757.0	172.0	2765.0	529.0	2139.0	2532.0	419.0	191.0	35.0	94.0	4001.0	1512.0	1284.0	651.0	751.0	106.0	160.0	674.0	691.0	1049.0	1135.0	4046.0	217.0	441.0	120.0	1974.0	578.0	165.0	844.0
c.26.1	125.32	26.643	77.519	113.4	-15.085	88.407	29.92	19.143	82.482	0.18298	-6.2242	36.932	-14.032	18.38	-6.984	-8.1787	12.659	17.409	17.223	10.455	4.6863	-15.948	16.564	-17.204	1.1978	-14.006	-1.6983	5.0387	-13.154	15.208	-9.4206	2960.0	923.0	948.0	1278.0	7643.0	2282.0	528.0	389.0	530.0	1967.0	2344.0	2138.0	541.0	465.0	106.0	1854.0	389.0	1567.0	1454.0	321.0	160.0	14.0	56.0	2529.0	858.0	782.0	459.0	451.0	104.0	128.0	461.0	429.0	814.0	896.0	2551.0	133.0	353.0	88.0	1299.0	336.0	121.0	570.0
c.26.1	111.19	33.478	37.852	78.507	-60.222	54.854	34.738	23.122	46.525	2.789	-15.485	14.975	-2.468	12.924	-9.3203	0.24229	12.543	-5.976	9.4739	-0.35745	4.3752	-2.3738	12.839	-5.4462	5.6428	-9.7711	-10.331	13.022	-16.242	-16.544	3.8507	1648.0	377.0	328.0	833.0	4065.0	901.0	117.0	113.0	201.0	686.0	702.0	782.0	175.0	81.0	52.0	553.0	84.0	497.0	610.0	172.0	51.0	3.0	17.0	1447.0	322.0	342.0	169.0	167.0	54.0	40.0	151.0	163.0	272.0	346.0	1452.0	41.0	157.0	29.0	949.0	148.0	64.0	434.0
c.26.1	121.18	-44.526	-38.39	90.64	-33.959	82.124	-21.278	-34.686	71.001	-17.532	-3.5746	-26.56	-16.45	25.487	22.836	15.122	-16.712	29.368	21.95	-6.3141	-24.753	-10.043	-9.1963	-0.11049	3.4459	0.61219	-3.8971	-30.125	12.843	-7.2839	-8.5905	2317.0	755.0	744.0	1052.0	5726.0	1786.0	355.0	372.0	555.0	1603.0	1780.0	1607.0	397.0	231.0	59.0	1279.0	301.0	1110.0	1134.0	316.0	147.0	17.0	51.0	1976.0	642.0	625.0	356.0	377.0	103.0	86.0	431.0	386.0	589.0	609.0	1950.0	117.0	320.0	91.0	953.0	293.0	95.0	452.0
c.26.1	136.7	35.583	44.173	113.72	-10.21	103.39	-11.991	-12.009	69.506	-20.995	-11.087	5.5918	-25.938	-3.8619	6.1333	-3.0548	21.056	35.463	16.334	-15.286	-19.331	-13.381	18.905	-12.831	12.743	-15.181	9.3057	6.3799	-13.878	1.4088	4.387	4254.0	1290.0	1338.0	1765.0	12341.0	3489.0	937.0	599.0	739.0	2681.0	3717.0	2997.0	774.0	678.0	120.0	2912.0	539.0	2366.0	2404.0	462.0	240.0	19.0	91.0	3817.0	1282.0	1162.0	741.0	659.0	158.0	177.0	661.0	685.0	1227.0	1278.0	3805.0	212.0	475.0	147.0	1915.0	479.0	185.0	800.0
c.26.1	129.06	27.253	47.783	115.21	-6.6501	110.63	-7.6029	-4.5007	77.645	-18.324	-3.18	7.4943	-16.065	15.486	-16.144	-12.078	14.706	2.9714	7.332	-15.678	14.245	-0.23903	22.194	-10.973	19.328	-13.538	2.0484	-1.8058	-18.44	19.419	1.4032	3619.0	1103.0	1280.0	1457.0	9966.0	3109.0	754.0	648.0	783.0	2310.0	3528.0	2757.0	785.0	743.0	130.0	2836.0	719.0	2420.0	2029.0	420.0	229.0	21.0	96.0	3278.0	1033.0	868.0	775.0	592.0	145.0	159.0	635.0	573.0	1125.0	1276.0	3281.0	167.0	512.0	137.0	1489.0	428.0	150.0	626.0
c.26.1	128.64	19.615	36.287	116.13	-6.5207	108.02	-2.119	2.094	79.7	-10.684	-5.1898	22.215	-17.991	21.18	-14.274	-16.534	16.181	10.466	7.8758	-11.097	28.616	-22.68	20.557	-8.4245	15.582	-14.802	0.72458	0.026462	-16.083	17.025	-2.0519	3491.0	1125.0	1227.0	1469.0	9496.0	3060.0	814.0	624.0	723.0	2188.0	3403.0	2702.0	875.0	792.0	91.0	2544.0	540.0	2283.0	1912.0	405.0	187.0	19.0	98.0	3168.0	1053.0	998.0	736.0	684.0	128.0	173.0	669.0	576.0	1104.0	1208.0	3216.0	166.0	504.0	148.0	1394.0	479.0	172.0	646.0
c.26.1	127.79	26.601	54.109	101.56	-30.956	84.346	8.3263	19.556	68.57	11.622	-18.049	14.306	7.482	13.658	-15.393	-0.96222	13.698	-16.567	3.9105	-0.60709	9.6207	5.7728	14.698	-20.451	-7.0827	5.2244	-0.0046673	13.14	-8.7389	-11.241	1.6403	3568.0	1105.0	1094.0	1492.0	10098.0	3041.0	706.0	487.0	548.0	2558.0	3189.0	2784.0	707.0	562.0	101.0	2363.0	494.0	1890.0	2051.0	383.0	177.0	10.0	73.0	3269.0	1219.0	1065.0	535.0	553.0	114.0	122.0	564.0	579.0	963.0	1055.0	3249.0	177.0	420.0	96.0	1590.0	439.0	140.0	701.0
c.26.1	115.89	29.462	105.68	118.34	-9.2097	96.398	50.88	41.947	81.003	23.803	-3.7377	35.674	21.493	24.141	-20.258	17.304	3.7166	-39.123	3.4664	13.827	23.307	15.209	7.7426	-25.737	-19.606	10.574	-3.2526	11.598	-20.074	-1.4675	-4.4366	2374.0	818.0	803.0	1025.0	6192.0	2181.0	555.0	386.0	420.0	1567.0	2030.0	1877.0	555.0	429.0	92.0	1637.0	287.0	1271.0	1345.0	335.0	128.0	25.0	43.0	2081.0	728.0	727.0	418.0	425.0	81.0	116.0	434.0	444.0	714.0	767.0	2086.0	131.0	312.0	92.0	997.0	313.0	123.0	451.0
c.26.1	131.12	30.648	58.053	106.21	-28.29	89.643	18.182	18.702	63.112	14.649	-20.601	12.322	2.9691	9.717	-9.928	-1.4082	9.5818	-3.6404	13.842	-5.9736	-4.6322	1.7973	17.544	-10.247	-1.9576	-1.749	3.7015	14.668	-12.275	-6.0541	-1.9136	3711.0	1196.0	1076.0	1565.0	10308.0	3197.0	815.0	504.0	718.0	2606.0	2998.0	2739.0	769.0	494.0	109.0	2317.0	432.0	1940.0	2299.0	508.0	175.0	25.0	85.0	3442.0	1196.0	1163.0	545.0	594.0	127.0	127.0	539.0	545.0	946.0	1073.0	3415.0	142.0	369.0	110.0	1647.0	462.0	170.0	742.0
c.26.1	114.13	50.888	128.54	123.56	-3.5737	105.78	87.326	76.801	78.657	48.836	-2.7614	39.237	63.684	33.491	-38.783	49.142	8.5412	-84.36	5.2255	20.804	29.308	44.121	-11.477	-50.818	-53.112	27.423	-5.8007	42.597	-7.9193	-30.997	-74.267	2151.0	749.0	753.0	933.0	5429.0	1880.0	492.0	302.0	442.0	1246.0	1788.0	1668.0	542.0	420.0	113.0	1516.0	312.0	1143.0	1194.0	317.0	104.0	21.0	40.0	1840.0	675.0	636.0	394.0	374.0	119.0	114.0	336.0	368.0	630.0	657.0	1875.0	111.0	256.0	76.0	876.0	296.0	117.0	400.0
c.26.1	107.9	52.603	127.06	117.66	-2.103	98.712	71.818	76.469	80.073	43.18	0.24875	38.147	62.399	32.157	-28.549	48.758	3.4839	-64.745	11.272	20.368	14.941	36.05	9.6255	-54.028	-50.963	28.511	-0.15468	21.84	-14.824	-16.046	-33.493	1864.0	601.0	642.0	798.0	4819.0	1613.0	391.0	261.0	389.0	1042.0	1584.0	1355.0	442.0	375.0	45.0	1314.0	237.0	1004.0	1004.0	218.0	108.0	10.0	45.0	1601.0	558.0	506.0	328.0	276.0	82.0	92.0	347.0	319.0	557.0	630.0	1651.0	108.0	214.0	78.0	795.0	220.0	87.0	348.0
c.26.1	117.42	43.627	119.58	117.49	-18.367	95.846	62.024	65.153	68.161	44.052	-11.079	33.376	41.446	30.62	-31.487	39.252	8.7616	-62.335	9.629	15.25	27.133	33.502	7.2306	-35.999	-40.694	25.516	1.5966	24.887	-13.429	-11.752	-42.308	2521.0	785.0	788.0	1095.0	6681.0	2123.0	379.0	380.0	473.0	1448.0	2094.0	1790.0	478.0	553.0	69.0	1700.0	273.0	1299.0	1368.0	305.0	118.0	15.0	53.0	2174.0	772.0	668.0	416.0	389.0	105.0	118.0	404.0	417.0	681.0	778.0	2206.0	122.0	247.0	101.0	1141.0	302.0	116.0	501.0
c.26.1	127.79	26.749	49.963	117.75	-3.2218	112.72	-6.5168	-2.022	81.436	-3.2941	-4.2047	-2.2511	-13.662	12.645	-13.527	-14.58	18.944	13.495	13.78	-10.024	-2.9156	-4.5224	15.433	-23.432	10.968	-6.4461	7.5761	15.205	-12.39	5.3734	-2.8497	3325.0	1181.0	1143.0	1355.0	9094.0	3076.0	795.0	658.0	749.0	2482.0	2973.0	2626.0	739.0	545.0	139.0	2435.0	503.0	1897.0	2145.0	568.0	216.0	17.0	76.0	2940.0	1030.0	1005.0	628.0	582.0	153.0	136.0	579.0	665.0	983.0	1018.0	2885.0	178.0	407.0	124.0	1303.0	426.0	156.0	568.0
c.26.1	103.53	59.433	123.35	116.73	-1.7174	102.17	49.844	61.432	69.33	33.341	-1.3607	31.24	40.353	30.57	-26.507	35.538	12.199	-42.481	3.5728	16.034	2.2688	29.994	4.4179	-57.008	-47.666	29.551	7.5739	24.243	-18.512	-1.1602	-18.921	1611.0	477.0	479.0	709.0	3901.0	1222.0	261.0	205.0	219.0	878.0	1217.0	972.0	355.0	277.0	52.0	1056.0	154.0	755.0	860.0	145.0	65.0	7.0	39.0	1397.0	470.0	409.0	245.0	241.0	62.0	67.0	241.0	222.0	404.0	447.0	1399.0	64.0	182.0	56.0	713.0	188.0	70.0	309.0
c.26.1	115.36	31.616	113.27	116.09	-12.847	92.704	51.686	42.106	78.135	20.864	-3.4113	36.248	17.255	23.54	-17.966	16.076	6.8221	-29.204	14.21	14.733	15.036	12.161	13.59	-29.529	-16.828	6.4663	0.68692	0.74283	-19.481	9.3923	0.55372	2117.0	691.0	655.0	912.0	5265.0	1599.0	405.0	299.0	356.0	1378.0	1636.0	1509.0	405.0	267.0	76.0	1303.0	221.0	941.0	1161.0	264.0	127.0	15.0	54.0	1775.0	593.0	599.0	286.0	301.0	73.0	71.0	315.0	326.0	558.0	572.0	1759.0	84.0	225.0	55.0	887.0	218.0	88.0	397.0
c.26.1	103.09	31.178	73.226	108.6	-8.1849	92.218	42.013	36.848	69.618	23.446	-6.2252	26.59	13.884	16.717	-10.777	15.792	9.5765	-25.294	-11.952	-3.1407	-6.2033	13.951	4.7944	-34.142	-22.617	14.318	-8.8899	28.906	-6.6019	-13.356	-29.759	1589.0	551.0	533.0	714.0	3821.0	1317.0	290.0	213.0	347.0	1004.0	1307.0	1219.0	382.0	255.0	85.0	1167.0	209.0	791.0	912.0	281.0	84.0	13.0	36.0	1392.0	488.0	508.0	299.0	281.0	65.0	82.0	288.0	308.0	461.0	437.0	1370.0	93.0	216.0	64.0	680.0	212.0	90.0	308.0
c.26.1	132.32	28.448	54.327	102.71	-31.769	83.712	19.89	20.28	62.778	9.6961	-20.65	11.491	10.51	7.7821	-11.195	1.8767	7.9299	-13.389	11.825	-0.75313	4.9798	5.339	15.582	-13.521	-3.3374	1.5983	2.7501	3.9581	2.6355	-20.67	4.9286	3998.0	1265.0	1187.0	1666.0	11451.0	3475.0	816.0	600.0	797.0	2899.0	3514.0	3017.0	748.0	556.0	144.0	2572.0	572.0	2179.0	2453.0	548.0	226.0	19.0	91.0	3705.0	1408.0	1273.0	584.0	632.0	118.0	127.0	676.0	707.0	1133.0	1192.0	3656.0	170.0	451.0	100.0	1835.0	498.0	167.0	799.0
c.26.1	114.13	53.041	128.79	119.75	-10.765	99.897	66.689	69.782	72.814	43.329	-5.6733	34.15	52.491	33.521	-31.451	41.734	14.282	-62.058	11.181	18.489	22.038	35.436	7.8019	-42.128	-48.173	25.529	-0.50375	32.26	-17.24	-0.5133	-36.656	2251.0	697.0	733.0	953.0	5929.0	1882.0	404.0	320.0	423.0	1302.0	1909.0	1630.0	442.0	427.0	59.0	1568.0	252.0	1236.0	1288.0	279.0	114.0	14.0	60.0	1960.0	634.0	599.0	355.0	303.0	76.0	119.0	372.0	359.0	651.0	734.0	1995.0	124.0	227.0	97.0	979.0	254.0	96.0	429.0
c.26.1	131.92	23.854	33.756	109.75	-14.193	102.67	-1.1079	15.419	71.308	3.2316	-10.338	20.848	5.2394	11.033	-14.788	-2.7846	14.345	-18.769	2.9805	-6.4109	16.054	3.7088	15.087	-11.234	3.6528	-1.5333	-5.5839	7.3415	-13.307	7.8309	3.0254	3506.0	1041.0	1073.0	1438.0	9442.0	2876.0	663.0	523.0	614.0	2154.0	2935.0	2298.0	653.0	525.0	69.0	2225.0	448.0	1835.0	1837.0	392.0	179.0	8.0	120.0	3017.0	930.0	852.0	561.0	534.0	107.0	112.0	476.0	513.0	894.0	1030.0	3065.0	131.0	393.0	87.0	1519.0	375.0	141.0	639.0
c.26.1	123.97	18.514	48.634	120.69	-6.4921	113.35	-8.0247	0.53106	76.119	-14.754	0.11002	18.71	-16.88	19.749	-18.123	-17.053	18.269	10.16	11.053	-8.68	27.691	-21.371	23.689	-15.338	16.993	-15.16	0.64267	-2.2466	-20.488	22.736	2.1118	3042.0	1008.0	1110.0	1267.0	8232.0	2534.0	725.0	528.0	683.0	2103.0	3042.0	2472.0	873.0	605.0	89.0	2104.0	530.0	1839.0	1716.0	386.0	168.0	20.0	84.0	2652.0	905.0	893.0	599.0	575.0	109.0	159.0	587.0	483.0	993.0	970.0	2685.0	168.0	412.0	119.0	1225.0	393.0	148.0	543.0
c.26.1	132.19	23.006	35.46	114.01	-9.0978	106.47	-3.2133	13.897	73.442	1.952	-11.4	19.28	5.4625	11.171	-14.825	-3.7493	14.014	-18.54	1.9691	-7.8822	17.458	3.0868	16.849	-8.998	4.7727	-1.2161	-6.6228	4.4526	-13.847	6.6509	1.1067	4046.0	1356.0	1421.0	1680.0	11316.0	3623.0	1096.0	806.0	922.0	2795.0	4086.0	3195.0	1003.0	822.0	138.0	3145.0	670.0	2341.0	2492.0	585.0	235.0	33.0	120.0	3718.0	1291.0	1160.0	783.0	786.0	146.0	184.0	767.0	772.0	1288.0	1371.0	3738.0	216.0	579.0	158.0	1699.0	571.0	188.0	750.0
c.26.1	103.75	52.304	138.78	119.47	-2.0682	96.345	47.811	63.296	71.218	33.737	-2.732	33.698	40.129	30.93	-30.194	37.244	14.914	-49.337	-1.6998	16.69	7.4497	32.483	3.9096	-61.647	-40.984	28.483	-6.3533	30.608	-20.52	2.481	-41.516	1600.0	487.0	493.0	701.0	3933.0	1254.0	252.0	251.0	241.0	793.0	1267.0	1012.0	369.0	293.0	74.0	1174.0	181.0	751.0	803.0	192.0	66.0	18.0	33.0	1385.0	477.0	394.0	247.0	246.0	64.0	77.0	229.0	228.0	410.0	447.0	1396.0	67.0	149.0	62.0	708.0	176.0	63.0	316.0
c.26.1	102.65	47.612	126.92	117.68	-1.3988	97.107	46.378	58.224	70.828	35.008	-7.3528	33.05	33.097	29.879	-26.955	33.034	15.689	-44.377	-3.3532	10.379	1.7764	28.045	2.2771	-63.687	-42.557	27.647	3.2591	36.312	-18.016	2.2711	-32.653	1567.0	468.0	528.0	695.0	3933.0	1137.0	275.0	210.0	258.0	800.0	1300.0	1030.0	438.0	299.0	67.0	1173.0	196.0	802.0	739.0	161.0	71.0	18.0	29.0	1361.0	428.0	408.0	256.0	231.0	48.0	96.0	225.0	201.0	456.0	456.0	1380.0	73.0	163.0	48.0	705.0	160.0	62.0	318.0
c.26.1	114.13	-19.063	-21.552	82.83	-45.586	64.392	-12.297	-16.033	62.678	-3.3141	-7.3008	-12.561	-7.4529	3.7687	3.7137	-2.3338	-0.48545	7.4179	23.873	-1.4037	-4.0589	2.2212	-1.9464	-8.9578	5.3118	-1.6772	-9.4216	-14.08	10.529	5.0383	-9.2657	1958.0	536.0	559.0	890.0	5068.0	1363.0	250.0	272.0	374.0	1095.0	1327.0	1195.0	218.0	165.0	31.0	996.0	171.0	916.0	829.0	228.0	98.0	14.0	43.0	1698.0	454.0	442.0	302.0	268.0	58.0	46.0	249.0	247.0	498.0	543.0	1695.0	85.0	239.0	57.0	924.0	190.0	97.0	404.0
c.26.1	98.515	39.169	48.561	76.582	-38.813	54.26	30.252	27.592	44.533	3.6231	-6.272	14.735	-3.8925	13.516	-1.8062	-1.0069	6.1764	6.1094	30.127	-0.32615	0.76166	-3.3236	13.678	-9.5357	4.8034	-21.522	-4.5641	2.2998	5.1632	5.1382	7.0184	1273.0	286.0	298.0	608.0	3244.0	733.0	113.0	154.0	161.0	537.0	763.0	577.0	178.0	134.0	26.0	546.0	77.0	523.0	576.0	76.0	45.0	4.0	30.0	1187.0	289.0	239.0	167.0	151.0	36.0	53.0	178.0	118.0	238.0	320.0	1144.0	37.0	126.0	44.0	702.0	120.0	44.0	304.0
c.26.1	103.09	47.438	130.78	118.03	-2.6705	96.161	47.693	60.21	69.823	35.311	-8.0655	32.295	35.155	30.728	-28.032	34.584	15.319	-45.224	-2.5719	13.467	3.178	29.376	4.3594	-63.797	-45.065	27.984	3.7187	34.273	-18.706	1.5209	-35.691	1668.0	504.0	521.0	725.0	4254.0	1285.0	278.0	234.0	246.0	873.0	1396.0	1115.0	399.0	287.0	41.0	1202.0	180.0	916.0	849.0	177.0	78.0	11.0	32.0	1448.0	495.0	421.0	252.0	252.0	57.0	71.0	285.0	272.0	462.0	465.0	1477.0	83.0	175.0	57.0	752.0	174.0	76.0	333.0
c.26.1	132.19	23.368	35.398	113.6	-9.8457	105.97	-3.5356	14.035	72.949	2.1145	-10.542	19.458	5.2847	11.321	-14.988	-3.6889	13.939	-18.381	2.0632	-7.5996	17.531	3.1164	16.802	-9.0847	4.4076	-1.1982	-6.447	4.2406	-13.731	6.5723	1.417	3824.0	1251.0	1287.0	1592.0	10460.0	3305.0	944.0	626.0	856.0	2558.0	3491.0	2865.0	854.0	710.0	109.0	2821.0	506.0	2135.0	2224.0	550.0	213.0	18.0	100.0	3430.0	1132.0	1061.0	700.0	685.0	133.0	156.0	646.0	692.0	1141.0	1257.0	3474.0	190.0	505.0	124.0	1615.0	493.0	165.0	714.0
c.26.1	132.19	23.367	35.386	113.53	-9.8585	105.92	-3.6537	14.059	72.993	1.9758	-10.743	19.526	5.3659	11.278	-15.05	-3.6842	14.044	-18.473	2.1115	-7.6132	17.55	3.1723	16.768	-9.1958	4.5723	-1.2801	-6.4672	4.3185	-13.635	6.2958	1.4536	3816.0	1265.0	1247.0	1582.0	10481.0	3301.0	939.0	653.0	832.0	2606.0	3417.0	2847.0	804.0	667.0	105.0	2775.0	467.0	2043.0	2264.0	592.0	213.0	23.0	107.0	3416.0	1146.0	1079.0	630.0	659.0	137.0	137.0	631.0	714.0	1100.0	1227.0	3439.0	178.0	486.0	118.0	1590.0	497.0	167.0	715.0
c.26.1	132.19	23.305	35.478	113.55	-9.8719	105.93	-3.7966	14.043	72.961	2.0575	-10.518	19.638	5.1541	11.285	-14.934	-3.6771	13.885	-18.42	2.084	-7.8129	17.593	3.0923	16.832	-9.0025	4.4904	-1.1902	-6.3956	3.9917	-13.68	6.7256	1.3132	3824.0	1264.0	1278.0	1585.0	10468.0	3295.0	928.0	627.0	837.0	2562.0	3560.0	2905.0	835.0	710.0	123.0	2825.0	532.0	2110.0	2306.0	588.0	233.0	27.0	106.0	3425.0	1138.0	1076.0	666.0	676.0	139.0	146.0	626.0	661.0	1135.0	1227.0	3454.0	189.0	466.0	123.0	1596.0	489.0	171.0	715.0
c.26.1	137.93	36.66	56.337	118.01	-6.3162	103.64	34.977	21.598	71.188	19.309	-13.222	13.644	9.9702	13.194	-13.707	1.7054	15.822	-18.662	3.4268	-9.8325	4.5634	4.2554	18.035	-23.728	4.3713	9.0666	1.7923	15.296	7.2835	-17.492	-18.556	4880.0	1637.0	1557.0	1990.0	13949.0	4837.0	1239.0	841.0	1006.0	3713.0	4628.0	3669.0	1188.0	864.0	148.0	3264.0	706.0	2848.0	3101.0	730.0	310.0	26.0	117.0	4491.0	1718.0	1573.0	904.0	880.0	161.0	214.0	841.0	885.0	1337.0	1557.0	4429.0	239.0	590.0	178.0	2079.0	604.0	251.0	909.0
c.26.1	115.19	32.055	116.03	119.42	-9.3092	95.82	48.094	39.989	79.73	21.229	-2.1733	35.342	15.972	22.734	-17.06	13.836	5.0073	-29.808	9.7772	10.376	15.489	11.518	8.2286	-23.405	-20.255	6.5971	-0.30681	7.561	-23.552	9.7246	4.8448	2221.0	754.0	789.0	948.0	5585.0	1826.0	490.0	330.0	470.0	1580.0	1957.0	1817.0	508.0	411.0	103.0	1670.0	330.0	1216.0	1299.0	354.0	142.0	26.0	56.0	1882.0	608.0	651.0	358.0	350.0	67.0	101.0	396.0	387.0	688.0	670.0	1864.0	122.0	272.0	71.0	908.0	250.0	104.0	410.0
c.26.1	98.754	39.038	48.159	76.243	-38.731	54.689	28.116	30.513	45.313	6.734	-6.8354	16.601	-1.9812	17.928	-5.2811	1.7984	8.9173	4.3611	27.152	3.3696	3.0899	-3.2941	14.085	-9.0549	4.131	-18.938	-5.435	1.7793	-0.59577	6.8352	6.4998	1269.0	297.0	310.0	629.0	3256.0	694.0	138.0	163.0	185.0	539.0	788.0	535.0	163.0	162.0	26.0	563.0	60.0	497.0	543.0	84.0	33.0	1.0	31.0	1208.0	316.0	243.0	179.0	208.0	49.0	47.0	192.0	153.0	257.0	328.0	1162.0	42.0	159.0	55.0	688.0	138.0	40.0	318.0
c.26.1	115.89	-19.108	-20.792	87.074	-44.373	66.972	-6.0573	-17.957	63.574	-6.4722	-3.852	-15.644	-7.9386	2.4599	3.6582	1.8079	0.8791	8.2997	18.999	-2.658	-0.73908	0.18225	-0.072445	-6.0685	-3.5545	1.0979	-6.0994	-13.723	6.2986	9.5396	-8.4987	1948.0	560.0	561.0	872.0	4850.0	1380.0	229.0	222.0	348.0	1148.0	1336.0	1176.0	246.0	190.0	54.0	1025.0	159.0	939.0	855.0	252.0	92.0	18.0	39.0	1647.0	482.0	457.0	286.0	262.0	70.0	49.0	254.0	280.0	496.0	512.0	1647.0	75.0	217.0	61.0	871.0	213.0	70.0	391.0
c.26.1	103.09	50.553	135.76	117.5	-2.7535	96.344	47.369	65.89	69.929	36.916	-5.661	34.042	41.267	33.859	-32.128	38.522	17.332	-52.176	-1.8291	18.913	9.4588	35.771	0.16308	-71.221	-50.468	31.288	0.57061	36.994	-22.728	12.391	-34.282	1563.0	471.0	519.0	700.0	3908.0	1105.0	242.0	217.0	255.0	789.0	1285.0	999.0	396.0	294.0	55.0	1124.0	201.0	848.0	783.0	182.0	68.0	10.0	26.0	1360.0	443.0	409.0	288.0	255.0	45.0	76.0	253.0	234.0	466.0	440.0	1388.0	76.0	170.0	52.0	710.0	184.0	60.0	320.0
c.26.1	136.45	38.486	55.638	112.9	-17.126	97.433	31.317	22.432	64.745	19.769	-17.929	9.9903	11.808	13.474	-15.501	3.1749	16.845	-16.218	1.2426	-13.068	0.019964	7.1425	19.049	-19.295	-1.4236	7.9217	4.5551	12.999	-14.49	-8.7343	-11.148	4439.0	1441.0	1353.0	1772.0	12525.0	4235.0	1052.0	716.0	805.0	3256.0	4034.0	3224.0	905.0	740.0	121.0	2849.0	545.0	2528.0	2750.0	605.0	264.0	29.0	111.0	3956.0	1498.0	1354.0	723.0	757.0	133.0	162.0	696.0	737.0	1148.0	1338.0	3935.0	173.0	488.0	129.0	1890.0	521.0	199.0	784.0
c.26.1	114.31	30.478	105.46	119.69	-6.4971	97.389	46.703	41.62	82.198	26.2	-5.3815	37.872	17.597	26.336	-21.337	16.774	8.3579	-34.684	-0.088029	13.729	21.125	14.992	5.2003	-24.702	-20.353	13.324	-1.0204	10.035	-20.781	4.4983	-7.6714	2295.0	824.0	852.0	977.0	5852.0	2004.0	574.0	346.0	553.0	1607.0	2117.0	2063.0	579.0	472.0	108.0	1844.0	384.0	1321.0	1353.0	421.0	144.0	29.0	61.0	2034.0	686.0	703.0	400.0	376.0	93.0	118.0	468.0	444.0	749.0	752.0	1975.0	137.0	295.0	85.0	931.0	281.0	114.0	423.0
c.26.1	124.42	29.012	90.195	122.73	-3.8425	95.319	36.647	21.745	89.468	0.7875	-2.1855	43.195	-14.899	20.105	-6.3876	-8.0769	16.321	19.636	19.82	11.993	-1.4491	-17.339	16.655	-19.856	3.293	-15.887	-1.813	10.578	-13.688	15.418	-10.396	3097.0	1094.0	1050.0	1277.0	8192.0	2756.0	761.0	551.0	701.0	2302.0	2758.0	2429.0	634.0	616.0	131.0	2253.0	424.0	1738.0	1792.0	473.0	192.0	26.0	77.0	2630.0	969.0	916.0	572.0	590.0	157.0	118.0	507.0	539.0	911.0	955.0	2707.0	149.0	383.0	83.0	1237.0	403.0	149.0	535.0
c.26.1	103.09	47.65	133.04	119.35	-1.7758	96.447	50.381	60.019	70.314	34.104	-6.5713	31.702	36.528	29.176	-26.202	34.79	13.945	-45.543	-2.2173	13.064	3.2826	27.222	5.7306	-61.401	-45.974	28.244	-4.7402	35.115	-21.332	6.0089	-33.407	1569.0	461.0	504.0	693.0	3912.0	1137.0	257.0	161.0	248.0	757.0	1323.0	1024.0	366.0	317.0	58.0	1073.0	209.0	807.0	798.0	141.0	79.0	13.0	29.0	1365.0	430.0	380.0	244.0	242.0	63.0	93.0	209.0	195.0	418.0	438.0	1399.0	77.0	143.0	60.0	700.0	166.0	66.0	319.0
c.26.1	117.93	29.245	99.431	120.49	-9.8754	97.038	47.66	32.854	80.095	19.139	-4.8276	31.305	9.771	22.581	-15.552	7.7484	11.254	-27.606	-0.98243	8.162	13.296	7.5241	7.551	-24.146	-14.198	8.1671	-4.4463	16.24	-23.354	2.3898	4.1624	2381.0	766.0	725.0	1030.0	6259.0	1944.0	434.0	388.0	395.0	1456.0	1827.0	1641.0	490.0	333.0	91.0	1469.0	266.0	1130.0	1358.0	308.0	135.0	16.0	49.0	2046.0	652.0	659.0	305.0	323.0	91.0	89.0	370.0	386.0	617.0	655.0	2069.0	117.0	251.0	65.0	1044.0	254.0	98.0	469.0
c.26.1	137.56	39.514	52.822	113.07	-15.762	97.132	36.315	21.686	65.859	18.335	-20.036	9.4536	11.66	13.165	-13.706	1.55	13.788	-16.275	5.3956	-9.2899	0.55971	6.5663	16.511	-20.102	5.0639	8.2111	3.1424	12.153	0.34139	-18.888	-14.888	4700.0	1507.0	1438.0	1937.0	13629.0	4588.0	1080.0	704.0	880.0	3358.0	4302.0	3440.0	976.0	768.0	123.0	3038.0	624.0	2779.0	2965.0	634.0	248.0	29.0	109.0	4417.0	1555.0	1481.0	910.0	867.0	155.0	181.0	754.0	832.0	1295.0	1496.0	4377.0	191.0	565.0	138.0	2079.0	589.0	247.0	900.0
c.26.1	138.05	39.474	57.48	118.91	-5.5691	104.12	42.385	22.99	71.311	19.937	-13.049	13.546	11.509	14.383	-14.81	2.2532	16.375	-18.11	6.0527	-9.752	4.6429	4.7655	18.342	-21.616	5.3697	8.4398	3.372	13.853	-0.47719	-16.146	-18.627	4902.0	1639.0	1603.0	2009.0	14003.0	4889.0	1271.0	831.0	1011.0	3713.0	4777.0	3745.0	1154.0	938.0	139.0	3340.0	783.0	2906.0	3086.0	728.0	298.0	27.0	127.0	4506.0	1691.0	1558.0	962.0	898.0	184.0	238.0	901.0	899.0	1387.0	1578.0	4509.0	251.0	613.0	168.0	2096.0	638.0	255.0	915.0
c.26.1	134.42	18.877	37.38	115.77	-2.9073	110.1	-29.738	-9.8311	76.126	-24.357	-10.095	9.947	-19.225	21.598	-26.549	-15.551	29.633	9.0618	15.324	-21.3	35.237	-19.712	15.925	-13.352	31.733	-17.044	3.4967	-1.6038	-13.197	9.6072	0.79678	4225.0	1393.0	1462.0	1756.0	11959.0	3837.0	1014.0	808.0	1002.0	2893.0	3975.0	3191.0	923.0	804.0	214.0	3149.0	557.0	2467.0	2489.0	625.0	255.0	29.0	124.0	3817.0	1349.0	1130.0	814.0	788.0	218.0	192.0	787.0	729.0	1330.0	1419.0	3812.0	222.0	591.0	140.0	1725.0	572.0	207.0	766.0
c.26.1	132.19	22.82	35.392	113.83	-9.4327	106.31	-4.1429	13.907	73.183	2.1018	-10.05	19.707	4.9776	11.435	-14.787	-3.908	13.662	-18.415	2.1802	-7.6026	17.617	2.9683	16.846	-8.9258	4.6427	-1.2533	-6.8379	4.3181	-13.88	7.4007	0.93103	3934.0	1313.0	1388.0	1609.0	10914.0	3485.0	1038.0	752.0	879.0	2695.0	3827.0	3127.0	956.0	774.0	141.0	3059.0	661.0	2381.0	2361.0	570.0	226.0	25.0	120.0	3529.0	1215.0	1134.0	768.0	741.0	137.0	179.0	730.0	740.0	1234.0	1326.0	3561.0	206.0	528.0	145.0	1632.0	506.0	169.0	704.0
c.26.1	130.3	32.849	60.29	107.92	-27.589	90.558	19.037	19.93	63.469	12.877	-20.105	14.051	4.0508	7.6093	-9.762	1.1742	9.9689	-4.976	12.246	-7.6323	-4.1049	1.1768	18.063	-10.556	-3.1624	-1.0949	4.5603	12.88	-12.173	-5.5364	-0.26128	3753.0	1212.0	1105.0	1591.0	10696.0	3328.0	814.0	571.0	747.0	2730.0	3122.0	2793.0	740.0	575.0	106.0	2388.0	414.0	2025.0	2360.0	529.0	161.0	12.0	85.0	3567.0	1278.0	1198.0	616.0	678.0	133.0	127.0	631.0	634.0	977.0	1184.0	3538.0	145.0	441.0	123.0	1684.0	481.0	171.0	754.0
c.26.1	125.91	26.203	71.417	121.35	-6.7191	92.761	42.935	17.669	87.168	0.73432	-2.8974	37.034	-15.577	15.21	-6.7758	-5.6742	16.473	9.0113	6.7601	3.8797	-0.33184	-15.756	12.329	-20.834	8.7603	-3.3186	0.89389	11.601	-13.679	-3.1756	-9.0599	3010.0	983.0	949.0	1260.0	7809.0	2502.0	655.0	446.0	605.0	2134.0	2372.0	2159.0	536.0	518.0	106.0	1959.0	325.0	1556.0	1472.0	451.0	171.0	17.0	61.0	2480.0	838.0	770.0	475.0	506.0	141.0	113.0	415.0	491.0	804.0	886.0	2562.0	136.0	288.0	98.0	1292.0	317.0	141.0	551.0
c.26.1	130.3	32.777	60.442	107.92	-27.541	90.336	19.45	19.328	63.665	12.561	-19.981	13.912	2.8359	8.0143	-10.08	0.19549	10.141	-4.3527	12.784	-7.447	-3.1335	0.81105	18.159	-10.626	-3.1004	-1.6193	4.9726	13.217	-12.001	-5.94	-0.47583	3676.0	1195.0	1074.0	1578.0	10295.0	3224.0	749.0	495.0	688.0	2672.0	3016.0	2734.0	732.0	585.0	111.0	2309.0	412.0	1941.0	2252.0	550.0	157.0	17.0	82.0	3445.0	1246.0	1182.0	583.0	659.0	100.0	123.0	555.0	619.0	957.0	1120.0	3439.0	144.0	422.0	107.0	1674.0	461.0	183.0	761.0
c.26.2	128.64	41.075	61.106	105.63	-37.559	82.616	31.676	23.216	58.339	11.249	-25.507	24.181	-7.68	16.942	-7.7262	-0.50623	13.41	6.5716	13.902	3.0358	-5.6205	-9.5647	16.416	-16.049	1.4434	-3.109	7.3042	12.891	9.4443	-10.432	-13.204	3692.0	1182.0	1093.0	1569.0	10294.0	3355.0	665.0	678.0	587.0	2692.0	3206.0	3047.0	699.0	525.0	59.0	2519.0	412.0	1857.0	2244.0	504.0	191.0	21.0	99.0	3387.0	1267.0	1174.0	585.0	548.0	98.0	102.0	536.0	653.0	1002.0	1143.0	3442.0	159.0	421.0	109.0	1744.0	433.0	175.0	752.0
c.26.2	108.5	116.62	162.21	153.43	33.725	139.97	33.816	40.209	95.661	26.61	12.721	35.236	17.88	6.9536	16.36	17.986	-18.881	-33.881	-30.593	-1.764	-15.72	-5.0701	-7.3249	-57.704	-42.846	22.361	-34.154	22.97	-27.805	-15.483	12.887	1677.0	530.0	568.0	653.0	4170.0	1339.0	360.0	277.0	342.0	934.0	1383.0	976.0	373.0	278.0	41.0	1245.0	195.0	944.0	827.0	200.0	95.0	10.0	39.0	1342.0	415.0	373.0	251.0	276.0	79.0	76.0	294.0	235.0	422.0	459.0	1368.0	70.0	176.0	67.0	558.0	185.0	62.0	239.0
c.26.2	119.74	103.06	126.3	138.74	10.513	124.56	25.054	23.841	84.11	10.883	12.019	1.818	14.028	-15.786	-0.56886	13.537	-9.3963	-35.065	-18.904	-37.79	26.545	-18.709	53.189	-55.949	-30.217	15.186	-12.926	7.5195	-21.118	-23.401	3.5371	2181.0	707.0	831.0	928.0	5298.0	1756.0	504.0	315.0	494.0	1228.0	1853.0	1454.0	554.0	443.0	100.0	1776.0	370.0	1186.0	986.0	256.0	131.0	17.0	50.0	1740.0	545.0	530.0	420.0	356.0	94.0	121.0	424.0	312.0	710.0	684.0	1743.0	123.0	283.0	103.0	829.0	254.0	96.0	358.0
c.26.2	109.47	134.88	182.08	155.57	34.194	141.17	32.727	42.779	95.448	26.429	14.019	36.994	18.993	10.532	15.442	18.813	-19.386	-35.069	-24.109	-1.6433	-18.997	-3.9671	-8.5017	-61.708	-40.279	22.529	-32.965	23.924	-29.623	-24.093	7.123	1789.0	541.0	644.0	708.0	4590.0	1422.0	420.0	262.0	339.0	1009.0	1585.0	1064.0	368.0	392.0	79.0	1437.0	243.0	1020.0	941.0	185.0	104.0	15.0	41.0	1420.0	415.0	383.0	307.0	283.0	62.0	112.0	327.0	219.0	511.0	562.0	1451.0	86.0	200.0	72.0	629.0	192.0	69.0	259.0
c.26.2	120.71	94.916	121.12	134.75	5.1243	120.08	24.046	26.722	81.085	12.664	9.933	3.4951	19.401	-14.789	-3.8307	14.681	-7.9288	-35.45	-15.635	-37.199	25.943	-19.848	50.234	-48.396	-30.592	14.246	-12.322	9.1396	-22.775	-16.886	2.3884	2217.0	702.0	824.0	997.0	5294.0	1672.0	487.0	313.0	570.0	1210.0	1803.0	1375.0	565.0	426.0	98.0	1745.0	298.0	1196.0	942.0	223.0	111.0	19.0	46.0	1852.0	578.0	517.0	443.0	357.0	103.0	122.0	436.0	305.0	709.0	681.0	1796.0	112.0	325.0	95.0	886.0	289.0	104.0	406.0
c.26.2	106.89	41.355	77.116	99.883	-26.642	84.918	41.564	50.183	53.739	31.967	-11.935	24.47	20.114	31.266	-20.214	23.136	20.789	-15.966	23.444	11.727	-1.0806	17.957	8.9156	-15.548	-7.3997	11.973	13.558	5.818	9.2391	4.0163	-15.009	1843.0	504.0	527.0	824.0	4849.0	1360.0	244.0	206.0	267.0	992.0	1357.0	1236.0	300.0	220.0	35.0	1154.0	181.0	876.0	858.0	148.0	98.0	11.0	38.0	1589.0	497.0	467.0	272.0	223.0	40.0	50.0	217.0	204.0	478.0	486.0	1643.0	85.0	164.0	57.0	953.0	190.0	79.0	394.0
c.26.2	104.81	43.022	81.883	106.23	-14.332	91.774	34.044	39.949	63.635	11.649	-15.482	26.879	19.382	24.317	-25.655	14.49	21.14	-26.134	4.3972	8.053	11.988	15.793	15.886	-41.135	-10.068	11.17	-0.90063	17.28	0.96374	-4.8114	-28.905	1866.0	532.0	644.0	835.0	5047.0	1361.0	324.0	187.0	272.0	1038.0	1737.0	1350.0	501.0	331.0	60.0	1492.0	335.0	1013.0	943.0	127.0	96.0	11.0	53.0	1778.0	577.0	486.0	370.0	301.0	42.0	95.0	349.0	277.0	641.0	602.0	1768.0	98.0	262.0	68.0	890.0	227.0	81.0	407.0
c.26.2	126.49	45.331	78.446	114.89	-25.169	92.444	34.226	19.351	64.826	9.5552	-17.106	21.65	-11.762	19.856	-9.9076	-7.9722	16.119	22.954	20.52	10.831	-3.2168	-16.575	21.256	-17.467	1.2025	-12.44	10.514	9.6437	20.008	-8.0992	-18.783	3429.0	1045.0	987.0	1433.0	9675.0	3050.0	626.0	585.0	593.0	2261.0	2826.0	2544.0	626.0	438.0	99.0	2290.0	350.0	1834.0	2074.0	432.0	153.0	20.0	85.0	3148.0	1093.0	1046.0	505.0	484.0	89.0	96.0	480.0	550.0	915.0	1083.0	3203.0	127.0	376.0	77.0	1596.0	354.0	143.0	694.0
c.26.2	99.229	100.59	121.01	128.36	14.995	114.62	84.575	54.966	76.542	28.147	1.874	29.381	29.584	31.19	-20.984	26.679	19.376	-18.261	24.188	25.772	-6.1649	17.294	14.584	-65.53	-22.827	14.42	17.557	13.198	13.449	-23.448	8.9493	1335.0	424.0	437.0	596.0	3251.0	980.0	220.0	247.0	265.0	795.0	991.0	891.0	379.0	188.0	75.0	928.0	203.0	646.0	710.0	149.0	54.0	13.0	27.0	1125.0	358.0	351.0	207.0	223.0	66.0	74.0	219.0	183.0	328.0	331.0	1096.0	58.0	133.0	64.0	616.0	137.0	51.0	264.0
c.26.2	109.47	65.223	85.805	106.61	-18.07	97.713	47.471	47.976	62.141	17.727	-10.65	31.308	20.435	36.111	-40.666	15.505	36.389	-20.015	22.257	8.0025	15.068	18.622	21.289	-33.651	12.264	0.28431	18.168	-6.057	12.735	-1.5401	-21.499	2099.0	679.0	610.0	918.0	5745.0	1617.0	469.0	264.0	392.0	1504.0	1673.0	1498.0	426.0	326.0	46.0	1331.0	211.0	973.0	1232.0	246.0	106.0	10.0	54.0	2042.0	661.0	649.0	348.0	404.0	67.0	66.0	356.0	383.0	522.0	626.0	1925.0	95.0	263.0	94.0	974.0	265.0	101.0	431.0
c.26.2	123.67	5.6706	68.088	102.26	-38.108	84.262	32.302	39.55	59.925	27.0	-19.787	27.053	19.824	16.213	-14.282	18.974	-2.3299	-27.422	13.537	10.789	13.493	12.537	9.6639	-12.954	-1.2344	10.5	0.33703	-1.1132	8.6023	-2.6909	-18.103	3186.0	899.0	1030.0	1367.0	8840.0	2459.0	707.0	389.0	504.0	1985.0	2866.0	2536.0	568.0	468.0	70.0	2549.0	453.0	1773.0	1591.0	313.0	154.0	18.0	77.0	2912.0	980.0	834.0	582.0	480.0	91.0	95.0	513.0	399.0	1033.0	1065.0	2860.0	158.0	358.0	101.0	1530.0	336.0	141.0	670.0
c.26.2	99.932	56.194	105.17	109.47	-8.4823	90.595	48.71	46.912	60.917	16.586	-1.5732	28.833	14.604	24.363	-13.389	20.664	16.655	-13.483	15.56	9.1187	-17.391	11.715	18.931	-63.033	-21.887	16.041	10.983	14.175	-15.141	15.637	-8.6833	1470.0	409.0	464.0	668.0	3744.0	1071.0	224.0	205.0	237.0	788.0	1134.0	775.0	420.0	250.0	87.0	1120.0	163.0	732.0	669.0	113.0	61.0	10.0	29.0	1273.0	352.0	324.0	286.0	263.0	70.0	100.0	277.0	180.0	377.0	387.0	1311.0	71.0	157.0	76.0	710.0	169.0	55.0	310.0
c.26.2	116.23	8.9712	70.242	106.16	-32.86	82.586	43.852	38.559	59.81	22.726	-15.067	25.093	19.72	6.739	-11.385	19.64	-1.706	-19.471	16.592	4.7976	-3.7961	13.692	10.481	-17.829	1.1775	11.52	-2.6111	-6.7022	9.8988	1.6437	-19.722	2361.0	670.0	677.0	1047.0	6141.0	1717.0	362.0	326.0	397.0	1251.0	1838.0	1609.0	416.0	293.0	53.0	1633.0	266.0	1064.0	1167.0	256.0	113.0	12.0	44.0	2056.0	613.0	594.0	366.0	344.0	86.0	72.0	326.0	322.0	636.0	606.0	2082.0	95.0	232.0	68.0	1195.0	246.0	99.0	503.0
c.26.2	126.05	33.619	70.839	114.79	-25.706	92.582	35.061	23.433	64.097	14.372	-16.942	25.127	-4.8875	17.65	-9.3884	-0.15485	12.038	4.3955	13.524	6.4495	1.113	-8.6356	18.193	-16.197	3.0927	-1.0068	4.6261	4.6465	13.545	-6.6055	-18.327	3407.0	1054.0	1021.0	1407.0	9574.0	3070.0	708.0	561.0	547.0	2243.0	2954.0	2588.0	600.0	577.0	88.0	2345.0	367.0	1844.0	1924.0	378.0	185.0	21.0	82.0	3071.0	1113.0	1011.0	517.0	527.0	86.0	100.0	525.0	587.0	932.0	1115.0	3161.0	139.0	407.0	88.0	1522.0	418.0	137.0	649.0
c.26.2	98.515	67.932	106.9	109.32	-6.0366	92.451	57.841	53.919	60.602	17.056	-4.1624	27.26	23.075	24.618	-10.486	25.732	-1.0317	-11.29	33.602	15.234	-13.497	14.232	19.162	-32.81	-12.223	8.1221	17.658	-5.8189	-13.169	2.5847	-5.092	1400.0	353.0	449.0	617.0	3561.0	940.0	203.0	175.0	237.0	701.0	1102.0	833.0	224.0	240.0	52.0	934.0	151.0	717.0	615.0	113.0	65.0	8.0	40.0	1208.0	293.0	280.0	217.0	181.0	51.0	58.0	186.0	130.0	416.0	455.0	1207.0	61.0	153.0	48.0	667.0	114.0	32.0	291.0
c.26.2	114.48	37.926	70.451	107.67	-25.663	91.404	48.648	45.085	61.848	34.853	-15.025	31.722	14.097	25.412	-18.5	21.938	18.824	-29.856	2.9347	-7.2532	10.086	13.527	-7.3395	-24.979	-11.095	19.064	9.429	15.802	-1.8471	-1.6437	-17.8	2283.0	712.0	742.0	1013.0	5814.0	1827.0	445.0	338.0	388.0	1358.0	1808.0	1530.0	612.0	297.0	89.0	1639.0	336.0	1188.0	1195.0	249.0	116.0	15.0	48.0	1990.0	658.0	635.0	406.0	419.0	77.0	95.0	406.0	356.0	629.0	656.0	2018.0	117.0	282.0	69.0	1015.0	297.0	106.0	461.0
c.26.2	95.804	18.213	103.87	109.56	1.406	96.282	27.096	40.452	66.914	25.82	2.7038	32.14	12.808	11.537	-10.703	17.494	1.7772	-1.5817	24.651	9.0676	-11.729	10.385	18.93	-36.537	-2.6591	-2.3643	5.1828	-10.889	5.0395	7.196	7.5457	1023.0	260.0	246.0	483.0	2428.0	649.0	94.0	128.0	119.0	506.0	528.0	440.0	176.0	81.0	36.0	506.0	50.0	416.0	414.0	59.0	27.0	3.0	15.0	876.0	249.0	221.0	120.0	143.0	32.0	32.0	119.0	88.0	186.0	232.0	852.0	33.0	85.0	33.0	506.0	100.0	39.0	230.0
c.26.2	97.301	45.931	112.29	110.56	-1.1036	91.794	50.051	63.907	67.701	36.046	-10.437	36.909	29.681	29.81	-22.83	36.321	10.465	-40.584	11.246	16.91	9.0117	23.861	2.2203	-62.041	-44.924	33.882	-7.1025	18.364	-21.212	11.11	-4.6892	1289.0	359.0	391.0	589.0	3268.0	770.0	221.0	158.0	158.0	692.0	1013.0	791.0	345.0	165.0	51.0	829.0	188.0	513.0	594.0	67.0	53.0	7.0	35.0	1106.0	366.0	307.0	193.0	180.0	34.0	60.0	178.0	135.0	338.0	295.0	1132.0	50.0	123.0	42.0	607.0	136.0	50.0	274.0
c.26.2	105.03	44.206	85.399	104.28	-16.265	90.182	33.639	43.324	62.95	13.009	-16.115	29.139	21.161	27.588	-28.986	16.481	24.053	-29.242	8.3015	9.8655	14.408	18.412	17.902	-44.593	-13.05	13.64	-1.0579	17.455	-5.4237	-1.7617	-27.735	1965.0	555.0	579.0	845.0	5456.0	1560.0	341.0	211.0	208.0	1028.0	1803.0	1317.0	462.0	349.0	32.0	1361.0	233.0	1006.0	1127.0	167.0	79.0	6.0	62.0	1867.0	655.0	505.0	318.0	342.0	38.0	80.0	359.0	329.0	545.0	590.0	1929.0	105.0	259.0	86.0	911.0	258.0	73.0	391.0
c.26.2	122.13	10.787	64.471	97.752	-44.104	81.424	35.494	44.9	55.698	29.705	-18.661	23.997	25.587	15.221	-18.883	25.479	-2.0816	-27.487	12.223	12.366	8.029	17.344	8.6861	-15.738	-6.4622	14.838	2.6176	-9.6701	8.9788	-0.61893	-20.576	2849.0	808.0	841.0	1292.0	7780.0	2109.0	557.0	320.0	444.0	1803.0	2254.0	2156.0	480.0	356.0	67.0	1953.0	311.0	1291.0	1351.0	301.0	84.0	12.0	57.0	2588.0	876.0	807.0	461.0	400.0	71.0	72.0	406.0	412.0	833.0	874.0	2604.0	137.0	301.0	89.0	1468.0	312.0	112.0	647.0
c.26.2	114.66	18.15	71.779	105.61	-31.739	86.471	45.683	45.47	56.714	30.521	-19.738	23.528	25.992	12.972	-16.024	25.532	-3.8488	-26.727	17.425	8.8184	10.603	16.039	12.482	-20.144	-13.971	16.935	-5.8539	-7.3568	14.485	3.6926	-19.26	2521.0	804.0	909.0	1159.0	6737.0	1975.0	422.0	360.0	570.0	1703.0	2274.0	2077.0	588.0	491.0	148.0	2205.0	376.0	1446.0	1296.0	351.0	131.0	27.0	73.0	2316.0	788.0	719.0	544.0	426.0	131.0	169.0	484.0	472.0	961.0	834.0	2360.0	158.0	358.0	81.0	1223.0	333.0	140.0	564.0
c.26.2	121.18	1.4233	63.512	100.1	-42.387	75.818	33.452	34.727	59.624	22.733	-22.514	24.153	14.455	14.566	-12.68	14.263	-2.5569	-23.632	14.488	11.091	15.703	9.3096	16.255	-13.319	-4.5763	12.659	-2.5683	-4.0897	11.636	-2.2061	-20.625	2913.0	788.0	851.0	1275.0	8133.0	2175.0	471.0	317.0	357.0	1600.0	2541.0	2087.0	486.0	445.0	47.0	1964.0	314.0	1428.0	1431.0	234.0	141.0	17.0	58.0	2668.0	883.0	774.0	433.0	342.0	42.0	86.0	411.0	387.0	832.0	877.0	2670.0	122.0	313.0	77.0	1456.0	319.0	98.0	637.0
c.26.2	109.47	59.118	62.864	116.16	-3.5026	106.7	71.28	39.882	75.787	19.378	6.3834	34.62	15.052	12.001	-18.769	14.565	17.066	-15.04	26.588	-16.653	-20.887	14.542	18.124	-22.237	5.8355	-0.20905	17.972	11.616	15.843	10.114	-21.22	1923.0	598.0	675.0	798.0	4975.0	1592.0	325.0	281.0	407.0	1140.0	1701.0	1469.0	455.0	343.0	64.0	1493.0	330.0	1094.0	1010.0	210.0	98.0	12.0	65.0	1593.0	536.0	514.0	340.0	315.0	47.0	93.0	316.0	277.0	612.0	623.0	1645.0	91.0	221.0	53.0	811.0	234.0	73.0	340.0
c.26.2	112.5	-32.533	117.32	133.7	0.69224	111.53	42.447	44.353	72.363	44.652	-3.5031	41.926	23.09	11.05	-18.61	25.899	-12.64	-38.106	9.3815	14.996	24.472	17.358	18.158	-17.75	-31.292	25.643	11.522	0.82365	10.935	-21.984	-52.252	2268.0	685.0	751.0	982.0	6100.0	1764.0	471.0	249.0	303.0	1410.0	1925.0	1711.0	478.0	407.0	81.0	1701.0	307.0	1257.0	1173.0	174.0	109.0	18.0	63.0	2055.0	670.0	617.0	391.0	339.0	63.0	84.0	425.0	332.0	715.0	768.0	2076.0	118.0	280.0	75.0	1023.0	277.0	101.0	461.0
c.26.2	114.48	0.9975	81.593	118.07	-3.8982	97.706	-19.088	25.972	87.238	28.986	6.5675	53.305	-17.062	31.048	-14.627	-6.9802	7.128	-29.291	-5.0568	3.5154	37.456	-15.078	9.0806	-28.917	-30.868	21.272	5.6518	17.817	-18.956	12.969	-8.7421	2080.0	717.0	722.0	893.0	5173.0	1647.0	412.0	339.0	406.0	1260.0	1767.0	1495.0	548.0	419.0	94.0	1606.0	295.0	1167.0	1091.0	275.0	109.0	17.0	52.0	1718.0	599.0	596.0	345.0	382.0	70.0	130.0	333.0	335.0	583.0	622.0	1731.0	100.0	245.0	64.0	825.0	268.0	82.0	378.0
c.26.2	101.54	73.824	111.11	115.99	3.5688	100.45	67.72	52.009	77.662	30.179	6.4874	17.874	31.982	22.696	-21.021	25.027	12.822	-24.289	27.424	-6.5001	17.793	-5.057	22.75	-20.246	-3.2884	15.808	6.0769	0.28065	-13.817	1.0678	-12.589	1583.0	493.0	510.0	702.0	4149.0	1227.0	313.0	219.0	305.0	895.0	1220.0	994.0	341.0	286.0	54.0	1105.0	167.0	820.0	772.0	157.0	84.0	9.0	47.0	1416.0	456.0	410.0	283.0	260.0	55.0	70.0	292.0	239.0	432.0	457.0	1412.0	77.0	174.0	79.0	721.0	206.0	78.0	308.0
c.26.2	97.301	84.35	112.74	120.35	9.5244	102.98	77.741	57.581	74.742	22.287	-3.3426	26.538	35.201	30.629	-16.871	29.087	4.9386	-22.82	23.877	19.963	5.7036	13.276	19.129	-50.128	-9.0969	13.252	8.2971	2.9062	3.1531	-14.344	-25.314	1280.0	352.0	421.0	560.0	3204.0	826.0	173.0	162.0	238.0	685.0	972.0	772.0	298.0	242.0	45.0	945.0	141.0	637.0	557.0	98.0	68.0	10.0	31.0	1076.0	314.0	262.0	207.0	175.0	46.0	59.0	227.0	164.0	346.0	363.0	1048.0	57.0	132.0	50.0	587.0	103.0	49.0	248.0
c.26.2	115.01	34.816	77.498	103.69	-26.256	84.875	38.945	49.281	68.517	26.218	-15.612	35.855	24.576	22.828	-14.57	26.864	2.5131	-28.642	15.163	15.444	6.932	18.287	7.5046	-18.703	-14.676	5.3182	-0.14882	14.45	15.802	-12.828	-12.549	2500.0	700.0	750.0	1065.0	6932.0	1948.0	464.0	316.0	362.0	1377.0	2116.0	1699.0	446.0	408.0	75.0	1646.0	289.0	1291.0	1361.0	232.0	120.0	17.0	75.0	2253.0	721.0	629.0	415.0	368.0	69.0	68.0	349.0	358.0	718.0	788.0	2280.0	100.0	282.0	68.0	1184.0	268.0	102.0	508.0
c.26.2	94.52	75.203	102.11	115.47	4.9213	98.988	57.571	49.63	73.888	18.752	-5.9311	34.288	14.431	27.919	-15.131	20.432	17.078	-7.3893	17.658	10.839	-19.803	10.658	18.395	-44.104	-8.1205	11.816	0.69913	7.8708	-13.154	8.8681	-21.646	1167.0	365.0	405.0	551.0	2790.0	788.0	212.0	147.0	194.0	691.0	916.0	723.0	408.0	179.0	62.0	951.0	182.0	525.0	493.0	106.0	51.0	11.0	16.0	1022.0	338.0	312.0	259.0	204.0	43.0	74.0	198.0	156.0	344.0	295.0	975.0	48.0	130.0	38.0	574.0	125.0	65.0	256.0
c.26.2	121.02	91.787	126.45	139.51	9.8883	124.31	26.097	22.065	82.998	9.6206	14.25	-1.987	15.324	-17.188	-2.3585	12.734	-2.5515	-29.444	-11.539	-40.938	25.395	-20.887	53.567	-30.76	-21.47	12.106	-14.516	2.4263	-21.892	-28.742	0.16295	2218.0	724.0	747.0	999.0	5280.0	1714.0	391.0	329.0	524.0	1175.0	1704.0	1293.0	473.0	397.0	81.0	1685.0	262.0	1044.0	1032.0	261.0	101.0	12.0	49.0	1795.0	575.0	553.0	356.0	361.0	86.0	92.0	445.0	354.0	618.0	632.0	1801.0	106.0	296.0	93.0	887.0	302.0	106.0	411.0
c.26.2	110.25	126.49	162.99	152.72	31.907	140.06	42.219	35.405	94.062	14.989	17.616	29.82	11.686	-1.8446	20.771	13.286	-22.123	-25.587	-14.051	-1.1469	-21.608	-6.9084	2.9981	-50.012	-31.819	16.257	-22.423	20.537	-26.523	-32.053	7.7823	1724.0	587.0	659.0	679.0	4299.0	1377.0	435.0	263.0	407.0	997.0	1580.0	1146.0	496.0	378.0	109.0	1459.0	267.0	990.0	1004.0	231.0	94.0	16.0	41.0	1326.0	436.0	385.0	327.0	305.0	106.0	108.0	303.0	244.0	499.0	497.0	1338.0	94.0	159.0	76.0	570.0	196.0	61.0	239.0
