c.26.1	-18.8333140822386	3.32138173263276	4.07753586430284	1.69334970517146	2.44230455077226	-0.769338482765759	1.86832800326556
c.26.1	18.7768923069467	-5.88690254972713	-5.8304334510208	2.05137804252766	-1.14437803354503	0.840445187493691	5.90421842275626
c.26.1	9.7257201198276	-5.43393310337247	-4.01933455695619	3.10756650877418	-4.96687374715047	0.0709401633433946	-1.14224137489788
c.26.1	-19.9089743729493	1.94845814245521	-0.787588934123971	-0.612365670345328	-0.42870973180664	0.218499214589359	2.97908000255365
c.26.1	10.9241745736439	-5.09388093572787	-4.07285784374347	3.54435349782939	-4.91410663407905	0.501447818271271	-0.0584198406412719
c.26.1	14.4788302487913	-0.352385355786242	10.4452459125623	2.42406618672911	2.23523428689407	0.480900820611692	-1.04466066086607
c.26.1	3.47051732084483	-2.69384348156477	6.2434757356162	-5.87908016721151	-3.48171056063383	4.00524916478312	-0.387238113360376
c.26.1	-13.2139295154775	1.39630553631978	0.548231598721645	-3.03657762228508	0.690042516719068	-4.22228281808424	1.43168431512574
c.26.1	1.93559046968956	-2.56142895636591	-2.53709765376511	-0.539957122452761	-3.41389683521963	-1.12646531258106	-1.86325978865365
c.26.1	15.5905650475024	0.437060219542939	10.5480078548358	1.92549410601972	3.89220598501467	-0.382784075436725	-0.709751122389611
c.26.1	5.60767334544488	-2.37795735076915	6.80989240235782	-7.71813247442248	-3.64722807771432	2.33856879122149	0.0310580445681915
c.26.1	38.5155168863413	78.4146734722654	-3.24315754300958	-0.287532603422466	-2.04749312622691	-0.188911483428077	0.592803030161582
c.26.1	-22.7010491606739	3.56063940944395	0.702951145786874	0.681177200386603	0.347907880726748	-2.41972226806989	-2.78677529187706
c.26.1	9.20580671554186	-1.05969863907721	8.71137746043301	0.25190331625102	0.212221913053969	-1.57524703155777	0.129831358471109
c.26.1	4.4783369372766	-1.30027886133226	7.77163121550031	-9.47380103422906	-3.46504662482298	1.31129052021951	-1.97197297718762
c.26.1	-19.026270421004	2.54619768125644	-0.260631766848779	4.15643069416657	1.3817849452354	0.114483316219264	-0.269766893423861
c.26.1	-6.78285226558354	0.627475410036133	0.736170701909322	-1.02105873745069	0.762528631173197	-1.60768512805638	-1.47610294186098
c.26.1	15.5440925280481	0.28934604166429	11.31352379324	2.19394170667088	2.41800171621197	-0.772345641688434	-1.98287795634963
c.26.1	2.01214734875941	-2.28275061897548	7.04241986218361	-8.41239672847936	-6.84508396693906	4.48633840558463	0.638306950807101
c.26.1	-22.4193376763667	4.02450631972081	1.81043027319424	-1.59220693127485	1.88901949290241	-2.98803576705723	-1.13462626202179
c.26.1	-15.3228196783946	0.976206615349334	-0.238615155102771	-3.55010696522288	-0.512680174225031	-4.01134319765722	3.96725600128093
c.26.1	-14.0377611109466	0.448159419326826	-0.0811574545640599	-3.149149605995	0.0520890220758625	-4.51562390974709	2.11193155826203
c.26.1	-12.1789598647038	1.47804647718011	1.4935162572895	2.52038033120777	1.14267746054981	-0.365758041924586	0.905459763477
c.26.1	1.29915612927028	-2.66325408209498	-2.66229311932112	-0.0139620953543435	-1.85269171287002	0.0866719242497967	-0.443582855199307
c.26.1	-16.2340866973119	2.89704783659428	1.8164139141238	2.40295497414692	0.821392365283223	1.25401728976001	-1.21351565899812
c.26.1	3.55733829199894	-2.95323288425063	-6.48392616926136	3.75360656659354	-3.28406003603799	2.32424585753142	-1.9535132995119
c.26.1	9.99952293560774	-4.37317694518097	-4.36790679000055	2.30568526568148	-2.01115172276487	2.03028524268371	1.1980029345642
c.26.1	0.283153069894316	-1.59552737408572	-3.04146847435456	4.04021553564686	-0.108565886293562	2.0038480212679	0.48317146585115
c.26.1	-13.6635481160088	1.02554717350994	-0.768788949425324	-2.7495245809053	-1.7925029383929	-0.175342709784809	1.30692209626897
c.26.1	13.6409622848393	-3.09829306079485	-2.00946386988403	3.01548304469012	-0.523592315414976	2.45933294755467	1.85997306216228
c.26.1	4.20897749612098	-1.36610439242671	-0.212228735410957	-0.122706897421992	-2.20701076090549	-1.29889242861847	-3.11719742782626
c.26.1	12.7529718631536	-5.16863170106909	-2.37018980803847	-1.3203676682915	-2.48127471955489	0.275764532309338	-0.492829587726762
c.26.1	-18.1132009147457	2.21189080772713	1.81624058375888	2.22254690007045	0.8396540319937	0.550233980150785	-1.23632476717927
c.26.1	3.75561357114471	-2.44664573246013	-3.99159309072328	3.66485510029444	-1.04374720825157	1.71439611640336	0.0497998679430948
c.26.1	-14.2429963977592	3.076225778768	1.89044651166555	-0.028440411134664	1.04854384395592	1.01224107876727	1.30856502158458
c.26.1	-8.26402207934573	-0.609847157616778	-0.911926326163075	-3.42705552311321	-0.872813062546089	-3.51624711456696	1.47389207850104
c.26.1	-20.6415860412989	1.4013046599971	-1.6023848369042	-0.884045326352761	-1.05643547046423	-0.0795284604481616	3.32028603439349
c.26.1	13.6029691065422	-3.19609717139485	-4.15128131004972	2.53769548707547	-0.363621598123926	1.5713154086007	0.0357812926053615
c.26.1	14.1384074645215	-3.53592012569737	-4.42085729163311	2.45061337237632	-0.41102421092825	-1.38921396357617	-1.70031296795539
c.26.1	9.67036928635786	-2.18489514691128	7.98104678838652	-2.98191214495473	-2.04014771840441	3.19480541865346	0.62393349079791
c.26.1	21.0860823225793	-2.09935346725142	8.84314188867929	1.33552354434758	2.13695811298378	0.17175001645765	2.64842294149244
c.26.1	13.5050993741519	-3.60130703358329	-3.35431578029432	3.317927703505	-0.942483064199808	0.772693631619167	-0.566759526184749
c.26.1	-18.2272250499561	2.22968001981366	-0.318185546300637	-0.578087494622013	-0.166127903812636	0.462570560598499	2.22686907278582
c.26.1	-18.1874513645174	2.33745827395637	-0.0128024485145667	-0.479664270468377	-0.609219898979538	0.769889681491363	1.49347134846508
c.26.1	-18.379193586418	2.063761704417	-0.581027823100652	-0.659716362333204	-0.904091712239253	0.527946248957904	1.58203006885362
c.26.1	-32.0388810443968	5.24108487623268	-2.40128835113401	2.40860403610043	0.564680336443522	2.89375613843351	0.510412038334101
c.26.1	2.2204574294657	-2.64146634302227	-2.88754846618108	-1.23607128461592	-3.19657174354844	-1.40392942771058	-1.55222428059338
c.26.1	21.0128115002725	-2.56516500551505	8.66199311001171	0.625883299342113	2.61690925083659	-1.0088836925069	3.46954633126848
c.26.1	8.87260005982479	-1.68131110644436	7.18476083799502	-3.21212709429869	-2.50688939973292	1.91202383286096	1.51315491144181
c.26.1	14.2347045049714	-3.82130764019576	-4.17465215882737	2.71425687954111	-0.313016903802991	0.0221209270082793	-0.733161159038136
c.26.1	-25.0633782492276	4.31458718672242	-0.783572185441334	2.61181746875838	0.115033184585625	2.76524372737106	-0.078735894033801
c.26.1	1.10187739787343	-3.34056541467704	-4.36918184355627	-1.28916301282469	-3.872080252354	-2.5786373001697	-2.11235823512058
c.26.1	-9.6962454661504	-0.181433366474749	-1.84695909265602	-2.8996768369943	-2.12571735722892	-4.90603726878372	-3.87012796904677
c.26.1	14.0602745936678	-3.56155287250166	-4.08673277819302	2.43782590011264	0.460174193323708	-0.281913780653473	0.112547234872128
c.26.1	0.446395542426415	-0.575006468417334	-0.454607747216426	0.0889537982687255	-0.875380167797996	-0.3685966105203	-2.67728066668492
c.26.1	-28.3837027082667	4.6897246805154	-0.4652595932785	3.15007833841268	0.602365289701696	3.01180546805563	0.231836996476788
c.26.1	-32.5787427617616	5.07787613182859	-2.75142437669812	2.24720293150201	0.501166597974268	2.59910979574949	1.07831710833264
c.26.1	-23.3485447276245	2.5175601210157	-0.100349591875662	-2.84459719765418	-1.49082459095658	-4.42222403581084	2.25094335591676
c.26.1	-19.5036911072938	1.65516381109597	-1.55273841178513	-1.00895124516723	-0.812031898754241	-0.186465035674022	3.04177128135678
c.26.1	-16.2913823228194	2.44005106329349	1.99025796400601	2.07973010823259	1.72019574991207	0.509585641780985	-0.844526105736159
c.26.1	-8.7975278998877	1.36025326006348	-0.901133949327816	-2.29602148302622	0.616933924494014	-1.97334923393669	-5.40233665167847
c.26.1	-15.7945976161745	2.41042320087858	2.18691097211753	2.34391897899265	1.24432397244081	0.397321451874295	-1.56833237875753
c.26.2	-14.750931880171	1.4798716139573	2.85755734307583	2.73626922724974	-0.148474738511461	0.917004601207747	-1.46066624073251
c.26.2	9.82269019991818	-1.44002748577379	-6.84466683042525	-6.10573383362027	4.67915219249219	2.75577703897686	-3.43762278898484
c.26.2	0.380953716838571	-1.24057177223449	-5.88792226651587	-6.88361541293524	5.88020690292742	0.658748077743601	-0.00214202479953327
c.26.2	8.63770402451701	-1.81579131207342	-8.09441918132404	-5.06571871548886	4.46525466724251	4.19282467295987	-1.36411117281802
c.26.2	0.162862352232255	-1.16461499554002	-4.54185182888648	-6.20662930466106	5.92200636745371	0.416390695407577	0.14623499311688
c.26.2	11.4255598793008	-2.46456357368256	2.83393073928164	3.00640106530429	-0.637579399029766	-0.883384198520385	-1.28595733793699
c.26.2	10.8592625237183	-4.65516426117784	-0.329977205111522	1.45999912602919	0.370361486593366	-3.26570654315019	1.85309744614205
c.26.2	-10.9462339191995	1.48878514811894	2.50461667269356	1.46731770733103	0.496009445237286	-1.59288798766275	-4.70855010323798
c.26.2	16.9532026093183	-3.76998389411879	-4.20342600226842	0.551139964964208	0.439010466066868	1.69574815458543	0.268297862474995
c.26.2	7.44093398081129	-3.42147627341707	1.85382209388777	2.51386868630006	-1.47318123107256	-0.675448013828616	0.781645340814015
c.26.2	-7.72505747670153	0.156368586832913	1.36869358179293	2.73148585313516	0.98015695175485	0.608065284852666	-1.47419631816949
c.26.2	16.7020049098016	-4.06737615141978	-2.10310259762439	0.343532822647795	2.80182563143094	-1.41016760811732	5.55903394740652
c.26.2	2.75519791186608	-0.716736653995386	2.622992187489	1.31295864963962	0.349656137245483	0.47825927524883	-3.96777326422105
c.26.2	-11.0297003352683	1.21820076552367	1.64547844222233	2.1192873073672	0.196355753093255	1.27912104915369	-1.46264991995732
c.26.2	17.9176422992986	-2.99114670091465	0.587475249461646	0.251385070505044	1.78756807704228	-2.31180629866	1.82198799031086
c.26.2	3.58536935193479	-2.73749983900187	-0.616580643829211	1.74906024582307	-1.34157757971245	-0.420006621594387	0.185223264934635
c.26.2	23.2993985948665	-0.393941036312133	3.68517902720042	0.137024914205538	4.90733839726184	-0.247410700512419	-1.48727628166919
c.26.2	19.2329956661952	-3.10288493844041	-1.44763448382396	2.7198184749926	0.563724196563015	-1.54394849218931	1.09951463390113
c.26.2	10.9484137795848	-4.0250496255278	0.635161318695312	3.30238502340816	1.21184606132366	-0.911877575111929	2.87607913141525
c.26.2	-2.90797857499761	0.463482476918277	3.12652214072145	4.04581330853683	1.43727065997783	1.56783811248459	-1.59273310376453
c.26.2	0.300772818435408	-4.20551719772207	-1.1487956246185	0.57423958233474	-2.5241952154898	-1.38712138005047	1.84032064746673
c.26.2	-3.06955175805589	0.433262733541751	3.40722725807018	4.01584172668689	1.44762953790189	1.70477428027108	-0.594678374284145
c.26.2	7.11913985387512	-2.53821747291122	-1.05299002217531	-1.05365004219023	-0.817295786525672	-0.710876245510369	1.64336629143907
c.26.2	4.13249381151312	-2.72733940973793	-2.18969222801077	2.10259347289918	-0.0423798474441033	1.36974432990637	-0.195921671664022
c.26.2	3.396587173814	-1.94826626156612	-2.87165711566518	-1.90369333101351	-0.253599979631963	-2.34431998376085	1.06040435681563
c.26.2	14.0356802570858	-4.15652285346887	-1.44583734972964	-1.06580569024466	0.765265269216384	1.49533539282083	2.63382092472968
c.26.2	18.6915863781039	-3.40239022429941	-2.4137341725638	-0.638560868267169	0.35760317004906	-3.57962564021707	-1.94906360709346
c.26.2	2.2133022564405	-1.64821389931958	1.15174146444036	2.84346661431849	0.294666604202648	1.74214182973022	-1.5053288007037
c.26.2	19.8314626124713	-4.17021773229471	-2.87076506136563	-0.800239525042412	0.825875974548323	-5.83108637868825	-2.30881546440659
c.26.2	0.777483148890977	-0.667732134739092	-2.80534742672004	-5.91819794566715	5.76827078153831	2.46292772931424	1.07298323440354
c.26.2	7.96641805952168	-1.88366834406279	-8.93065685236669	-7.34300811164935	3.26716155771978	2.64463902119736	-2.03331842112397
