a.102	-5.10386374406141	3.20140194931168	0.51344940830071
a.102	-5.13206405961855	2.52663185060716	0.848139911814389
a.102	-6.53054862952795	4.74308310524967	0.961785519231147
a.102	-7.41876729521114	4.76245649082493	1.57363775505292
a.102	-5.81124049107589	2.84729277755141	1.74601122243446
a.102	-6.69566561363552	4.65673590551828	1.36065903086047
a.102	-6.48731627822587	4.30795968146245	1.09286558210653
a.102	-7.14608571182024	5.01970326617064	0.754824822890074
a.102	-7.83526010025802	5.45424839403614	1.60386290591164
a.102	-6.39023823579177	4.17485894319936	1.66771712771799
a.102	-5.35131864367212	4.12356421244975	0.192179749067233
a.102	-6.48277997846164	4.92480198231771	0.693595336415789
a.102	-6.30197891313934	3.84429233206238	1.90769836368264
a.102	-6.81233271806871	4.74135163322661	1.2648315770383
a.102	-5.99580813397684	3.44189778357196	1.10343360165798
a.102	-4.08443109243285	2.07128287047832	1.64378203058972
a.102	-6.20623387228384	4.73303890111113	0.857737095361532
a.102	-6.46921562354822	4.42845718917336	1.14882967770765
a.102	-6.16363905317591	4.43618006833807	0.450932882654677
a.102	-8.00395899839898	5.90535823667361	1.2972044495996
a.102	-5.81694109065069	4.51042621379238	0.748169720796969
a.102	-1.09323750126852	0.667279506192995	0.494259739230757
a.102	-6.08055564837366	3.66939270880474	1.2877577758564
a.102	-5.91491022381097	3.93920964703431	0.912139503350056
a.102	-6.52477673255184	4.72776674780272	1.42964374292652
a.102	-5.35217133331374	3.58665131181698	0.478179824751986
a.102	-4.52529806269721	2.86655759366317	0.559785658967262
a.102	-4.83039835650447	3.84287851938863	0.940400563901376
a.102	-5.75919550377475	3.1699474791791	1.6528422645953
a.102	-6.36759428633179	4.80999538633219	1.0762055320787
a.102	-5.82802748285193	4.71444748361247	0.688126494549138
a.102	-7.5450101074741	5.23722590670534	1.21330592309568
a.102	-6.12333079299863	4.69780745209742	0.576004459141911
a.102	-6.89754753089581	5.00287307725971	1.42762719104773
a.102	-4.74018106135127	3.29964419700484	0.245174449022183
a.102	-5.16410587575429	3.57950735570608	1.10876946135388
a.102	-6.28420100905372	4.56769807073262	0.470000454907096
a.102	-5.00294078155516	3.97940213650626	0.0525595886375853
a.102	-5.82623675704174	2.80503829101999	1.42330576135563
a.102	-6.80120654717912	4.63016267684954	1.319544578348
a.102	-6.25967213677331	4.62098459964412	0.887875119097098
a.102	-6.48425685802311	4.60264791906986	0.457297570705345
a.102	-7.1033713041346	4.14428666123204	1.66884128053203
a.102	-6.17637757945139	3.64425814947883	1.55476217116493
a.102	-5.76472068379776	4.13980305474808	1.10728681988998
a.102	-7.39197008220698	3.90415214200623	1.71674757453719
a.102	-6.07635432222132	4.56267733931815	1.07287638037424
a.102	-6.26694399854756	4.66261729766915	1.07967399487817
a.102	-6.45515029894852	4.67038861397273	1.45280683536457
a.102	-5.22211751236723	3.90738287518897	0.545695190490599
a.102	-4.26148595017375	3.03434536772158	0.106532590893264
a.102	-5.22681374557676	3.91688933882304	0.380191570434067
a.102	-0.905900349208395	0.0651692285054589	0.801572953499425
a.118	-1.42348422609433	-0.490828440935631	0.917278875017607
a.118	-7.56768364627998	2.11053548191377	4.32380955184639
a.118	-4.97528890498028	1.57190243103134	2.25850699332255
a.118	-0.211224169626541	1.15100079001614	0.143733294227499
a.118	-0.800645742428589	0.396360698345374	-0.21223335373888
a.118	0.0872852293526381	0.438585760134817	-0.795503703724467
a.118	-6.46319482755935	1.80379521688986	2.78174294310239
a.118	-0.993587582855104	0.963709663356634	-0.514493983243447
a.118	-1.4463101947001	0.103651767151953	-0.34204720942252
a.118	-1.14088872805671	-0.365651274100769	-0.615047626311778
a.118	-1.36907859856351	1.40688172047353	-0.924190562824048
a.118	-5.58766665871578	1.45177533069027	1.6093443087066
a.118	-3.61970589146473	2.30432209887293	0.713385927700335
a.118	-2.3891922047712	1.58143726634163	-0.300739881649456
a.118	-4.07282229445341	1.08432811353874	1.51231388995278
a.118	1.20485051103148	-0.159505722386146	-0.647242405634817
a.118	-2.95154451860767	1.62288760407044	-0.00688343009471416
a.118	-5.95329960355846	1.05755460527875	3.49281709600544
a.118	-0.989127233307487	-1.53864065567461	1.39177304218094
a.118	-0.128262004670078	1.04745076662064	-1.27199729786732
a.118	-0.13620972595366	-0.556202139426329	-1.52569877274901
a.118	-6.38205576003355	2.11159474103918	2.53713725110671
a.118	-2.46522831154792	0.450006399966416	0.363335584614975
a.118	-2.37785862227762	-0.507360443949316	1.49618658440977
a.118	-0.208014163603119	0.322901896479942	-0.354367592565964
a.118	1.12972220608908	0.987687693024131	-1.55361868163838
a.118	-1.22200411180631	-0.0509884517552297	-0.615559514302827
a.118	-1.40033763669796	-1.66415630927455	1.22334353172705
a.118	-2.45709891546814	1.74605590475422	0.172803595704543
a.118	-0.274046790938073	0.830567224694599	0.145403098585543
a.118	-4.73342252733168	1.2277011398747	2.72700108136675
a.118	-0.918536916484955	-1.22124333345851	2.48213596855973
a.118	-2.60874916057029	2.90244366698831	0.334507884475593
a.118	-5.09875144184615	1.88348392008705	1.92526485715152
a.118	-5.44447087533994	1.22246508937495	2.67051940354937
a.118	-0.367293351475929	0.961980830138336	-1.09991503178538
a.118	-0.58220775025145	-0.972965884119945	0.242049348042667
a.118	3.07745886437628	-1.43975948716177	-0.339480835654564
a.118	-0.102684933325046	-1.69517139259763	0.101558186494019
a.118	-3.61018477036024	-0.350372351147301	1.79664237016094
a.118	-5.7354683743576	1.85924867318714	1.32755884943344
a.118	1.47250895344774	-0.23450716765835	-1.6113168101004
a.118	-4.28378936955786	0.798578832090255	1.58994070283508
a.118	-2.78691571878133	0.0654324650549008	1.1613804214346
a.118	-1.0904441343807	0.963747514494629	0.18468239594336
a.118	1.21537645477685	-2.57231734863981	1.01644527252091
a.118	-6.44644412519129	1.77128499882921	2.99000944229865
a.118	2.99074432488512	0.420046074469739	-0.537195074085272
a.118	3.65762502658487	-1.26834457712172	-0.546585376943527
a.118	-9.23372151007277	2.102714577337	5.13692811358902
a.118	-4.97062184626601	1.42119207637838	1.91747476110473
a.118	-7.49729012353898	2.21793678402184	2.75317858101341
a.118	-2.7023683816186	1.64096674876925	-0.384119358205422
a.118	1.36710446471266	-0.85647850059808	-0.783101852355071
a.118	1.31037834860902	-1.26176369846849	-0.766449724340675
a.118	-0.711725987431772	-0.148693713414338	-1.06195776121366
a.118	-3.74584974216174	2.56998285043004	0.16094068890857
a.118	2.48933453007366	0.0363000441512921	-1.52802674814885
a.118	-2.40603096178525	1.04956891450368	0.350709135629564
a.118	1.09591145798097	0.0501105739458729	-0.292251063019725
a.118	-0.752174277082702	0.177158762566476	-0.447627954867159
a.118	-5.27773629644389	1.73777450744734	2.05374170651156
a.118	-3.09510048946644	1.60815256039186	1.24317412199727
a.118	-6.58633074518863	1.74361495650015	3.30489022829496
a.118	-4.37765491486734	1.6034723250771	2.24383955541922
a.118	-6.42460764162451	2.03323139052718	2.92722636454115
a.118	-0.814828496608842	-0.162955934766112	0.425655776304559
a.118	-6.10412946053999	2.70309364447358	2.38319316690768
a.118	-5.2588167323947	2.06327507103469	0.878790268768215
a.118	-4.17532396382824	1.21565176594572	1.24063434047923
a.118	-2.4070133071337	1.30848488711037	0.243331089135446
a.118	-2.20336676383987	1.43106223417174	0.14424691256069
a.118	2.5721305112176	-1.73123275151822	0.499783203565584
a.118	-6.40677810647754	2.14757028168286	2.75792467491452
a.118	-4.59764587687095	0.787720174865532	2.66917656421338
a.118	-1.67022116293495	-0.210314713106759	0.0243767150451629
a.118	0.570600446883472	-2.88024392143341	1.01108214612254
a.118	-4.56287560883881	2.49994837251793	1.79843627611179
a.118	-3.20296716916539	1.47493986751125	0.669306270971288
a.118	-3.43949315731265	1.84532297244215	0.0605082160376858
a.118	-6.26513946814844	1.62656192582148	3.67797418609599
a.118	-2.97690860904935	0.214334710504849	2.63165039952253
a.118	-9.95088722538708	2.71385541807929	4.73615864965276
a.118	-0.932314899780926	-0.789842886707454	0.0289024753563632
a.118	-5.60816879879037	1.80695282645125	1.64685410743908
a.118	-2.36339701670418	-0.242728540727885	1.91539312814094
a.118	-1.81868899977369	-1.84017462886142	1.92081184152915
a.118	2.71942981778222	-1.13664716321567	-0.989354719143546
a.118	-1.92488245201869	-0.793594512356933	0.368142673616024
a.118	-0.896540956699313	-0.81813961591614	1.22973622761535
a.118	-0.648501671517672	0.474724802183157	-0.530300909779881
a.118	-5.06740275546903	1.39967105122175	1.55910886807245
a.118	-1.0217005024256	-0.955189871100099	0.504114661407342
a.118	-3.25608634172751	1.82780786470514	-1.00674991179758
a.118	-0.428096554712274	-0.0505289163121119	-1.21259984134387
a.118	-0.17027672671175	0.559235117626328	-0.777275977326031
a.118	-4.72012182231526	2.23183733831958	1.58015278696128
a.118	-0.154096778420932	0.273811350236289	-0.643962320956421
a.118	-3.94913456386058	0.529797015247329	1.41047379971172
a.118	-3.21047487890527	-0.00465608012055782	1.84833464851034
a.118	-5.19660732241161	1.55322370195778	1.92328534742703
a.118	-7.57869705071113	2.22391778428343	3.53245285056347
a.118	0.150591119825338	0.616688688956894	-0.529618175748283
a.118	-1.07187205858018	0.714726143099442	-0.966238627717386
a.118	-2.5568696166302	1.02705892762371	-0.114468651222357
a.118	3.54500647482317	-0.491434047189257	-0.666552563715328
a.118	-0.274268721563728	0.156833957836815	-0.33878879144307
a.118	-5.35121912554145	1.62299595446934	2.41246516948331
a.118	-7.31643421425839	5.12073294779191	1.26112025064927
a.118	-7.08355264285567	4.61580510899648	1.21648463406554
a.118	-3.13722802476668	-0.0395258745747909	1.23614424350461
a.118	-6.91023352048434	4.55493049515615	0.97831739368842
a.1	0.34139795320821	-0.980149587991334	0.558890737860984
a.1	-0.240542653549964	0.764628257003737	0.157664543870192
a.1	-0.912313558047334	-0.483609582716676	0.758658477281342
a.1	-0.316726859706635	-0.508837150392592	-0.105799046678309
a.1	-0.943698646046678	-0.273592809538576	-0.154605526572629
a.1	-0.845762441848309	-0.424084574363994	1.10979718087954
a.1	-1.10739450685474	-0.154418370016123	0.747989095802054
a.1	0.493260391399714	-1.19739738415667	0.860980696212929
a.1	-0.347674373944779	-0.419294552689111	0.460827563796717
a.1	-0.343240061679737	-0.450359746678394	0.486423377777886
a.1	0.289973871913471	-1.40516712519316	1.03075139911518
a.1	0.136179795816722	-1.19583291665447	1.40080346445733
a.1	0.789090787875175	-3.07926805199113	1.52868311446677
a.1	-0.517389551051882	-0.38313671096979	0.443433902364531
a.1	2.01582853212668	-2.54327135989667	-0.476780776233488
a.1	2.23330219932453	-2.14704182289178	0.80777382199487
a.1	0.450881805618542	-0.539669944040064	-0.0839883547598559
a.1	-0.377281158888815	-0.686903351969262	0.58808279005462
a.1	-0.29755478589642	-1.01214858382378	1.05134783410751
a.1	-0.847916491066463	0.0201509002471845	0.554393954712532
a.1	0.155326946861861	-1.7335076437184	1.17473764045412
a.1	-0.0394856650085205	-1.03034278469852	1.42087143973334
a.1	1.10065581399831	-1.75169357767293	0.928328336033496
a.1	0.092997811227902	0.0314356249306074	0.609902011044376
a.1	-0.279791261467163	-0.395863182315565	-0.597394385405879
a.1	0.0443143778256673	-0.799694158647412	0.625701024303945
a.1	0.548996340802774	-1.84882340822934	0.745024263185538
a.1	0.0845365618588036	-0.63038881898817	1.17464450812434
a.1	0.00256227989982108	-1.29643043376334	1.5141539815311
a.1	0.98786790770651	0.44774105928529	-0.920602353205985
a.1	-0.188534117938863	-1.39102647981536	0.481146777531744
a.1	-0.746409963345908	-0.608957571901005	0.103813873191777
a.1	1.08543706998428	-0.461846028366326	0.634082390011033
a.1	0.0890166172379978	2.14250049564167	-1.01255115467304
a.1	0.410095860466956	0.0240653471769966	0.435126834888028
a.1	2.46138407562667	-0.375083527837878	0.566546268429245
a.1	-1.3706641857264	1.1223434553774	-0.0613622782503199
a.1	1.69286907624326	-1.98887601046505	-0.204415795755357
a.1	0.254175435820504	-0.525551399538597	0.503936896491698
a.1	-0.60375633484325	0.395825072264294	0.236540964114603
a.1	-0.481416584551806	0.000464644448642686	-0.342733840414012
a.1	-0.0157295242764843	-0.658917566923891	-0.05237130527549
a.1	-0.189377652756045	-1.16006064877516	0.95448488748484
a.1	-0.367817994796639	-0.50410305781572	1.31478369259679
a.1	-0.0391443597634532	-0.908048622662981	0.69024501694736
a.1	0.589392407584928	-0.718077710453338	0.671415715257706
a.1	1.46412862743014	1.01904937758005	-1.2082144939914
a.1	1.1441490737564	-2.31045125323989	1.4409591115287
a.1	0.990103085208769	-1.81443102790093	1.10351708377194
a.1	1.04149663462523	-0.545093295650784	-0.765629166598079
a.1	-0.402061155208988	-0.452957622283625	1.01112251879395
a.1	-0.272532560228261	-0.658483075632086	-0.00583262385346475
a.1	0.770128650699629	-2.11096650053551	1.30353032218619
a.1	-0.0624914793701782	-0.703252108645033	0.480688143450699
a.1	2.03152254228858	0.27560755802189	-1.24085637095789
a.1	0.345435276367375	-0.801604137458469	-0.541581155796086
a.1	-0.15068244906579	-1.056073280839	0.98430154328033
a.1	-0.530768569916542	-0.178625226091792	0.411260803013214
a.1	-0.0765813894068779	-0.58093114235747	0.172579489296248
a.1	-0.0428717131180299	-1.44552590018401	1.07132200383514
a.1	0.177378125956105	-1.57923382951216	1.42635620566077
a.1	-0.963343732215084	-0.676429707794541	0.252068785932918
a.1	0.562908025044898	-1.01459375653964	0.849513062257706
a.1	0.283066695606328	-0.810077441613523	0.48777210789159
a.1	1.13656347151963	-2.52832846070472	0.369267755294467
a.1	-0.0253392691191652	0.147096497725346	0.428561305425155
a.1	-0.407784441823084	-0.109466482049195	0.264369561533448
a.1	0.00649570100135727	-0.257931230395847	-0.527847115897933
a.1	-0.829185485962388	-0.93470608184734	0.748380837607534
a.1	1.97504873760549	-1.78567975651954	0.537469779914439
a.1	0.933861469361536	-1.64471792844952	-0.144225617660599
a.1	-0.108706223618295	-0.439081969971945	0.479534221187299
a.1	-0.649950750139137	-0.507138641135269	-0.214008894255535
a.1	-0.588368114526597	-0.2326012773913	0.432922407881547
a.1	-0.601205468974355	0.307293070489891	0.025583347077763
a.1	-0.448558932972241	-0.180769441266206	0.416911432488599
a.1	-0.789006324722808	0.154778460200121	-0.389498522651886
a.1	-0.6172270592313	-0.420500984872322	0.284039619936514
a.1	-0.233561991145655	0.0351946931133133	0.167486282216777
a.1	-0.73702940187822	0.200813891909722	0.332871681845093
a.121	1.10910301120948	-2.02569228296286	-0.853274896710806
a.121	0.230314221426806	-0.642672320776338	-0.698348582413793
a.121	1.65441649606831	-2.5373584400397	0.530368185325005
a.121	1.16474059658056	-1.39958253572416	0.415195342897471
a.121	1.97885796799788	-2.18993799605967	0.203733432577139
a.121	2.09407168020848	-3.36920577809201	1.66019701308875
a.121	1.55443373030641	-2.03878227894388	-0.24765364541507
a.121	1.20618934028376	-2.52176807354449	-0.14880462844282
a.121	2.14985612588	-2.8981561928972	0.235807071923678
a.121	0.669882514191435	-2.5597477273685	0.912870718048921
a.121	2.62392682131682	-2.51748564191371	-0.0644054856600088
a.121	4.10029849159118	-4.98422796679398	1.76102541483401
a.121	2.46072146214086	-3.54597306819849	1.77376372510598
a.121	1.7107102651086	-0.847983779242573	-1.32671878080541
a.121	2.17942810111493	-1.48798094505525	-0.0781469452631089
a.121	3.09529163662875	-1.55386208008749	-0.221668462290243
a.121	1.53602685465413	-2.05643342868198	0.151586624155003
a.121	0.949200107986276	-1.74771140770847	0.341336008883303
a.121	2.10903318042779	-3.61148519957327	0.870512965894082
a.121	0.790112273142919	-1.3094774253472	-0.460881931803037
a.121	1.79304436407854	-2.08001430006479	0.374589717706483
a.121	2.45761892646247	-3.23295890343686	0.195931766651883
a.121	1.05272762524711	-1.50995352451497	0.0571971424997679
a.121	2.183180330606	-2.69470604610371	0.771231314212017
a.121	3.7933895901933	-3.57396229026373	0.154093255338933
a.121	0.837857738005975	-1.42069015674459	-0.198390243298338
a.121	2.64647099555925	-3.30553463799398	1.28886341769541
a.121	2.16595854333262	-2.81154519807878	-0.149528050597705
a.121	1.8886683080754	-0.940273682217114	-0.925441713360351
a.121	1.18637923449529	-1.50330848539525	-0.0762298505389848
a.121	3.42417723282609	-2.66728680709784	-0.666371189620129
a.121	2.32116790539421	-2.1232425482687	-0.428418131531108
a.121	1.31869754539789	-2.3142617256334	0.67108472889962
a.121	4.04461629247447	-2.89061050592118	-0.017261264936054
a.121	1.07078535093781	-1.97882550450418	1.00952401345098
a.123	-3.70610898395725	1.89691404364023	0.82169775812386
a.123	-2.64527878474814	0.885320089013763	1.29461333055086
a.123	-2.68374598696715	1.06410689279459	1.30488482914982
a.123	-3.61283116153551	1.42211406533773	0.989474300043049
a.123	-1.97416643191254	0.486750455716648	1.11495871711933
a.123	-1.17129104354735	0.322742495218088	1.70243397383292
a.123	-3.55456229026433	1.87911274223879	0.827582239280841
a.123	-3.5300516112866	0.621541107986164	1.25730948241596
a.123	-3.16050178659631	0.964507888330803	1.03397648877104
a.123	-2.48080398873055	0.472797685556453	1.24794799524563
a.123	-3.0902640899319	0.947777056829027	1.57760476272674
a.123	-2.94340925359192	1.39097698995435	0.633564377583077
a.123	-2.77861985160524	0.430358247978407	1.74825556899997
a.123	-2.27823961618409	1.17809376871622	1.28355409029762
a.123	-3.23483691854191	1.26436383812482	0.960961977319295
a.123	-3.73631086260921	1.65015424294863	1.0408715404707
a.123	-3.19554513101878	1.12920088058671	0.822328400936169
a.123	-2.89215650098549	1.4834035219025	1.04872787571232
a.123	-2.46231428741314	0.657981256447066	1.44546994083951
a.123	-2.45383905270276	0.491396270798631	1.30061314453857
a.123	-3.33987024317409	1.01998205734089	1.27748513238809
a.123	-3.01696081882271	0.710017071133509	1.5107401210112
a.123	-1.94020709736948	0.0322943806884046	1.42694525106042
a.123	-2.29791231127107	0.385990218836805	1.14455954421373
a.123	-3.56698067837633	1.34417367106758	0.759389802851292
a.123	-2.35707828267703	0.530284477793803	0.987321314529635
a.123	-3.34286897083608	1.45035556008478	1.31756577089919
a.123	-1.95556122445118	0.858694616734838	0.96072121839456
a.123	-3.16031341945467	1.13724171280499	0.970962723429714
a.123	-2.07422758651267	0.620399871374616	0.839904225813807
a.1	2.18430939794444	0.310458147309206	-0.9318271841993
a.1	0.952691627348902	-1.95179232985627	0.866499444372084
a.1	-1.31498818685518	1.0612229979395	-0.108837798452869
a.1	-0.637519271681829	-0.715380448909782	0.248544081920584
a.1	-0.0671139226096365	-1.32783915516677	0.487802529045746
a.1	-0.402517734171991	0.0413477871458243	0.548612556026816
a.1	-0.434777598668332	0.592439858128476	-0.416451563983253
a.1	0.81760045645677	-2.19328387391126	0.987549197252824
a.1	-0.802627624672796	0.532745081999611	0.0967177077851663
a.1	-1.07195538146124	-0.235098137391317	0.307769271063886
a.1	0.411338452459392	-1.52361256935323	0.263522315488969
a.133	1.12677561352822	0.845414003752484	-2.01624990211804
a.133	0.362737749037062	2.25710396050493	-2.45145345158654
a.133	0.996715332821105	1.75840457052481	-2.42385511169048
a.133	1.26902483424714	0.889742525132588	-2.15806472130608
a.133	0.851881492572219	2.43784099403349	-2.44079779669763
a.133	0.257634973105155	2.35438470014445	-2.81080033855647
a.133	0.061761910515503	0.678579936273726	-1.80090124815553
a.133	1.08194242003715	1.52537728970542	-2.29332554424937
a.133	0.69808786022539	2.2083816083127	-2.4956216342161
a.133	0.718513294288782	2.1818062105845	-2.58774427227516
a.133	1.30847871095321	1.34396848779807	-2.10205015425792
a.133	0.724103658235882	1.85585021293361	-2.65161935100656
a.133	0.37128533962049	1.39229593944508	-2.60058089493611
a.133	0.278914805474961	2.61060035541691	-2.7980583577617
a.133	0.459132104809302	1.14570775781994	-2.24288963019617
a.133	1.04791674425248	2.85492498640692	-2.53522567066155
a.133	0.316991843409057	0.224763965551981	-1.60450926444735
a.133	1.61453565773865	0.751680356199367	-2.17204857997786
a.133	-0.783813884564087	2.28089017826478	-2.76141632630086
a.133	1.73423050864884	0.725723161843101	-2.04743512062948
a.133	0.569747471893178	1.22344082315826	-2.4138484316163
a.133	1.36355895677372	1.14860691873634	-2.10725121507392
a.133	1.79390198409676	-0.0431086805898526	-1.95269867179814
a.133	1.30560070414028	1.74478454973135	-2.16149520396716
a.133	2.15192765874654	1.3735995144358	-2.25623271667631
a.133	0.415793113800372	1.92684516145215	-2.35992583391918
a.133	2.24497458469853	0.719936767298551	-2.15887324956168
a.133	0.279792503471545	2.17357276326126	-2.46848295411894
a.133	1.45861010783028	2.06548353506002	-2.13647368285593
a.133	0.779100006792078	1.75805315069494	-2.31026569949788
a.133	0.470677552332333	2.20367878874528	-2.68312976339254
a.133	0.803843497575123	1.82279461580055	-2.73426677544436
a.133	1.07971193101916	1.22841796092636	-2.25568951067017
a.133	0.758314950577002	1.7114137741142	-2.61911227946729
a.133	0.0467243196418923	1.51853664132699	-2.62009971554002
a.133	-0.0155683875797054	2.58828968571379	-2.52317196566334
a.133	0.526308793961315	1.77235230479596	-2.37061240051799
a.1	-0.167474744156309	0.112563261092385	-0.112796886255086
a.1	-0.638433754571754	-0.206855547392052	0.346651017539757
a.1	-0.461316686346247	-0.323128075556472	-0.231351824066786
a.1	0.15698977788231	-0.604111579938112	0.344881692760915
a.24	1.09477199076617	-1.00670462961938	0.370784610880212
a.24	-0.540095931707732	-0.731798326274572	0.575539702105074
a.24	3.56935329806738	1.10480312124228	-0.460723179953752
a.24	1.14372473703747	-1.67513234435306	0.183224707586851
a.24	-1.28840403530909	-1.79050211182446	2.54334311836403
a.24	-2.42550341031136	-1.59790631549469	2.55561677996231
a.24	0.938231342673058	-1.90133565119882	0.102161591639067
a.24	-0.675130680344721	1.65533541980674	-1.08409256350576
a.24	-0.637528071469668	-0.578967480817148	0.748391593300433
a.24	-0.883138879178193	-0.289823611239329	0.826215420383101
a.24	-0.404623787359165	-0.948037047320264	1.12152381457885
a.24	1.5264433403824	-1.30028856651037	0.479131691041186
a.24	-0.755018470828303	-0.581773351667618	0.490566770620032
a.24	-0.257932356905094	-0.949266558573999	0.220519630279548
a.24	0.13730599010878	-0.616377529381959	-0.00460204354251811
a.24	0.415473914735583	-1.44606870101588	-0.0176362384170674
a.24	0.120165577684109	1.65166500639603	-1.76052126070457
a.24	0.458957878680226	0.200201696213389	-1.70587656240895
a.24	-0.0424365177793029	-1.07088623821862	-0.480798824813837
a.24	0.240136008757459	-1.48947711183464	0.448658482760689
a.24	0.383101372166415	-0.488599399870191	-0.267835806857135
a.24	2.08564757734458	-0.6132024033882	-0.884388646736575
a.24	3.56702703080773	-6.45303980588846	2.37874815470484
a.24	0.936545223770855	-2.07451173189591	0.592199162677698
a.24	1.24187603456876	-1.05445218429432	-0.352150830088897
a.24	1.60557667654924	-0.993900821146191	-1.59665562553091
a.24	1.85590920230845	-1.66891270775197	-0.00283942829428295
a.24	0.391707596291667	-1.79856418374764	0.737910406670674
a.24	2.29144476723149	-2.10915957384809	-0.751341910564206
a.24	1.61182274004626	-1.56266250987877	-0.0389614092420341
a.24	0.369893849731713	-1.16827261180468	-0.360668907772944
a.24	2.31125385865784	-1.4784376958519	-0.384542405452942
a.24	0.108374188369131	-0.918983234823818	-0.0226004350393655
a.24	1.19274600182051	-1.83697976822164	0.154827082810953
a.24	-1.38001628139521	-0.132262847502206	0.804591128876721
a.24	1.95140505466605	-0.236643910258945	-0.317955044770254
a.24	2.30148534328048	-2.55302819244973	0.659430788789738
a.24	3.67628704999534	-4.40171917326075	0.509410225434928
a.24	5.20493020588326	-6.14484870828742	2.53931520306485
a.24	2.46067415900545	-3.42081639565801	1.4255066309781
a.24	2.50066593691603	-1.12135248598857	0.104106333637747
a.24	2.9477399437088	-1.64427118536554	0.74845432596227
a.24	2.80149541309658	-4.13615629061217	2.54388499310842
a.24	3.42414717895217	-3.18834614603763	1.54796112493577
a.24	-0.377346975412159	0.0795080155175625	0.925838769260943
a.24	-1.35365722335115	-0.526125720588715	1.12395336376108
a.24	0.818856156568521	-1.323266610503	0.279949310215936
a.24	0.784703504887516	-2.60963243296322	0.327365509080382
a.24	1.05336512783042	-1.30315679217441	-0.086278143121922
a.24	1.43355874021277	-4.0811781226596	-0.00901376877042914
a.24	-0.496374762737639	1.43740733400967	-1.17066405913621
a.24	0.713138229898907	-0.205725463261843	-1.75589459893855
a.24	-0.357731713462863	-0.0981943014984712	0.091143739939255
a.24	4.61916076830407	-7.0566215544501	3.03222667046171
a.24	2.30148420851598	2.3999029287237	-1.51862207658489
a.24	0.61998325761557	-1.29913950405687	0.219777694759267
a.24	0.465060564910348	-0.246234811343536	-0.941142349609479
a.24	1.17797566312412	-0.906265701546099	0.447477128376543
a.24	-2.84269187836498	0.353000073981646	1.07769923676132
a.24	2.16760457483141	-2.27859271917078	0.027742742737816
a.24	0.582959761373286	-0.596579902553677	-0.64916244475522
a.24	-1.48220170839296	-1.97613256509028	2.1572952096698
a.24	-1.7979526268592	-0.286217631299693	-0.00277417575304714
a.24	-0.868803672631871	0.354645613730082	-0.668048054604118
a.24	0.721079321175934	-1.22543413693428	-0.314152782556956
a.24	0.860003176228873	-1.3207993590724	-0.542807663819557
a.24	0.213174774267558	0.0134739040726193	-1.55559153483033
a.24	-0.331647418872125	-0.661718216417188	-0.624707254261084
a.24	0.629572084129042	-1.35819387546861	-0.288347758949441
a.24	-0.0265024491750941	-0.210531025747296	-0.0421061800104911
a.24	-1.1088908095343	-0.743501103773259	0.577768468757696
a.24	0.484692949706349	0.412789379959365	-1.23886207534248
a.24	1.79702358539494	-1.77593708989246	-0.651803959282294
a.24	1.47579720744307	-2.75880279273197	0.348292499850512
a.24	-0.202100547304781	-1.00571502818121	0.596642709545964
a.24	-0.957549773338519	0.373989696914356	-0.147365150651203
a.25	-1.08109172434596	-0.607591162111492	0.112385773638831
a.25	-1.28818399131804	0.874975517515681	-0.324229810232934
a.25	-1.45467522765042	0.0200392980670802	0.599709049378416
a.25	0.66801205760713	-3.60754787488435	2.91204111561411
a.25	-2.05480673907799	0.433836644764528	0.202067616718915
a.25	-0.220075532392036	-1.8501716154271	0.677924060168622
a.25	0.129088162723677	-1.0963202431191	0.225705386373379
a.25	0.0749866905857399	-1.18607203054741	0.629738477150628
a.25	-4.79462478847785	2.09989372796496	1.99180260457082
a.25	-3.33376510415104	1.60174213438029	1.37099091721485
a.25	-1.82305900639782	0.774707914437446	0.243016274568966
a.25	-1.98081981443618	-0.129971486223454	-0.0873379663822801
a.25	-0.941653740037672	-0.519016482685166	-0.33197488782882
a.25	-2.09980903055244	0.147995238671561	0.290589502880477
a.25	-5.94749661430746	3.87895545493273	1.48834297742599
a.25	-7.17684615764499	3.77057437529412	2.13199126915488
a.25	-6.02575840023842	3.42832615288263	1.35718399332618
a.25	-7.37324729425913	4.01044443707735	2.03915106579552
a.25	-5.27654024297412	2.24962029192537	1.66575989068485
a.25	-1.07559375686333	-0.476300856438799	0.152596856864615
a.25	-2.19869013116137	-0.64066485305157	-0.0983357724524055
a.25	-0.509268682201703	-0.478490327025103	-0.553517671361267
a.25	1.38276832983182	-4.53648878618518	3.15722713624596
a.25	-0.907131197855989	-0.251708644296691	-0.0703838684185827
a.25	-3.12676897969439	1.28775420629576	0.396001122854956
a.25	-0.992978789026712	-0.536158706501528	0.267718699398579
a.25	-5.05367276715859	2.63852771988609	1.71601598274192
a.25	-3.9593765748915	1.06845224234848	0.555279528853201
a.25	-2.3096089006354	-0.214088955682023	-0.118067612689539
a.25	-4.66900058035684	2.13825052601214	1.23106843553158
a.25	-2.27851641347429	0.237815843565604	0.306735900350807
a.25	-1.26342824383221	0.112479484676472	-0.456588560823594
a.25	-1.82925972387624	-0.476483080386495	0.534395436744179
a.25	-5.38500266184244	2.87996811151027	1.05447548478163
a.25	-0.817664883096461	-0.56326409111286	0.600025709159147
a.25	-4.39723984809985	2.08733636669836	1.48337391785059
a.25	-0.99417826539024	-0.00298690192370554	-0.469035152294935
a.25	-2.43323888183634	0.368259671087632	0.266890640076566
a.25	-3.58015282500246	0.691461094696393	1.91172523779375
a.25	-0.987447289637137	-0.122050019779456	-0.786279241731805
a.25	-1.78346212020091	0.170163941400822	0.485107414213252
a.25	-2.2125548296549	-0.0463036628303528	0.517382942293497
a.25	-3.12789836609868	1.38147324958634	1.05287116033822
a.25	-1.04851878555459	-0.217391048354677	0.708136049341437
a.25	-0.87276857454396	-0.0402555740087564	0.175039705185722
a.25	-1.80815544391042	0.0322636979554467	-0.500857852190329
a.25	-1.19909330528196	-0.877125128971432	0.118837877308476
a.25	-2.31552735883973	-0.526515652007215	-0.10649444623611
a.25	-3.89410683713335	2.43679267840419	0.560060118149559
a.25	-1.08191593081625	-0.687993624858675	0.126828313728522
a.25	-1.92299459640568	0.256688791554017	-0.0807904297590703
a.25	-0.119081934421733	-0.333891912675063	-0.262578262528759
a.25	-1.32030231508721	-1.71143709423948	1.88461297551495
a.25	-0.737536093653385	-1.47536056043586	0.935417384711847
a.25	-1.59409257961949	-0.600077787547741	0.237816764331148
a.25	-2.27781127129519	0.563530029586832	-0.0252211880201638
a.25	-1.1509800608699	0.605295369919318	-1.07961821784109
a.25	-7.10039456747989	3.68424884420059	2.10906712116025
a.25	-5.17759770457255	2.4810104717338	1.5982000320546
a.25	-2.36764075435707	0.317910368479066	0.473616742262771
a.25	-3.50193481214085	0.814680849086608	1.11726473648537
a.25	-0.312489434580972	-1.37653953722335	-0.109805605330778
a.25	-4.11324189253712	2.45416001232473	0.946368056187566
a.25	-0.205126262384995	-1.2347584215738	0.294205907643111
a.25	-1.72265131705851	-0.359197189689222	-0.00623523679771373
a.25	-5.1690593069809	2.42879224535529	1.08010254670186
a.26	-0.870489414310685	-0.0587398507650614	-0.112757150111596
a.26	-1.25793349961664	0.108374004790065	0.00277795990761326
a.26	0.346486748929469	-0.307480249892218	-1.01809707041449
a.26	-0.79263970997752	-0.621971183673442	-0.107646465135961
a.26	0.0541875879826153	-1.3590293665254	0.651371176545766
a.26	-0.803605635236707	0.0160011502016478	0.416756244743583
a.26	-0.959801514717426	-0.9020122017622	-0.00824503220587397
a.26	2.60920126227289	-2.78769629354227	1.4723905253645
a.26	-0.45828534902507	0.432056719856201	-0.384749452085542
a.26	1.12430218018831	0.794034160438928	-1.28299041849797
a.26	-1.20660603919256	0.053030332043043	-0.162071042330153
a.26	1.89023039110431	0.148629089576601	-1.40426546839128
a.26	1.42720690972106	-2.16345118120066	0.124670841925737
a.26	-0.403521312901534	-0.156535048248318	1.14985045576616
a.26	3.59111797216502	-4.30452396948339	1.71499466279545
a.26	3.59238173499887	-3.71074566653892	1.45127792890195
a.26	101.139228576617	35.0175887149512	16.6514084636149
a.26	5.53608049308557	-5.03266204221488	2.1107168278178
a.26	-0.510332425017655	-0.601341012022735	0.497696288736194
a.26	-1.48687531067361	1.09886519668018	-0.517712538508587
a.26	5.91914402077951	-1.9943168026314	-0.716318914397202
a.26	3.60602338931154	-6.05779451058712	4.00362907047959
a.26	1.50162993515837	0.867426839089102	-2.65946119025124
a.26	-1.17591842870175	0.517152576710531	-0.162386349561849
a.26	1.49092794501766	0.100374831234119	-0.520721751909247
a.26	-1.42608466683051	2.19564943945186	-0.730869502501825
a.26	-0.70563101799096	0.0901468442251796	0.142380630569034
a.26	0.164664173916682	-1.56530370042315	0.596832155252882
a.26	-0.918470833751331	0.313173760610366	0.618417563589874
a.26	1.30285029899691	1.21279626770056	-2.20124488585539
a.26	-1.40306584686861	0.467915431184218	-0.254335679946069
a.26	0.428711316490351	0.133464565956738	-1.29255231543414
a.26	1.46411893231057	0.989879273302589	-1.69249183831239
a.26	2.4819011590139	1.40823136413927	-1.8694781281499
a.26	1.93464600292411	-1.11692588546007	-1.17012694628937
a.26	2.01768695955008	-1.21505850518403	-1.4031832889717
a.26	4.0128844293005	-4.93242030371747	2.60876665335685
a.26	0.369697993617605	0.147700801575088	-0.237679228560106
a.29	-0.386864401911299	-0.973410042267747	0.695519738314498
a.29	2.38902552254056	-1.83983170385492	-1.06978877583072
a.29	-0.425821061482887	-1.21075949800123	0.948423113572846
a.29	0.418307689562112	0.072826015466271	-0.71438157290186
a.29	-0.00775233274729555	-0.660915899577432	-0.853955067974222
a.29	0.275135444182729	-0.164387724309612	-0.0326663802972474
a.29	-0.567653224123285	-0.784454748965319	0.569007362196812
a.29	-0.704451890215043	0.358631371567617	0.0761813114914313
a.29	-0.10859493936275	-1.08969488135079	1.01266254474525
a.29	-1.37017474263051	1.1410833400032	-0.652324902201229
a.29	-0.164554878759246	-0.279120432512393	0.183063938055481
a.29	-1.07445212204325	-0.91308743982158	0.344432548698237
a.29	-0.308182251013153	-1.46254658147967	0.725402984712698
a.29	2.16947081181501	-1.31379018384953	-0.786252792511902
a.29	-2.83199452653029	1.15598785890861	1.1319344867748
a.29	-1.2830255174257	-0.134733901919186	0.170812860715678
a.29	1.5199242219122	0.269330794718809	-1.95567636678834
a.29	-1.64140485096304	0.788853657658456	0.698160442240544
a.29	-1.12002981634472	-0.694333271350226	1.70340993422781
a.29	-0.394062422387974	-0.81819424084027	-0.115758227849616
a.29	-1.83373962245334	0.60843972885781	0.314554973838069
a.29	-0.818036454274925	0.148859997209342	-0.135137436427921
a.29	-0.708870477974814	-0.455478029338874	0.455875307939137
a.29	-1.35035963359676	-0.109835037467939	0.45893970032325
a.29	-0.840994437035251	-2.14995584481259	1.70830928799775
a.29	-0.675682201376574	-1.18941388821234	0.330836788801205
a.29	0.215773470921237	-0.451391076817325	-0.383435766591864
a.29	2.50298945086547	0.16975824908262	-1.56632246297712
a.29	1.12494519931432	-1.44722122418419	-0.00264847962791605
a.29	4.18252419133242	-2.57465383283489	-0.756317557180678
a.29	3.04778811989613	-0.40590252268719	0.205553686760517
a.29	-0.222312842668611	-0.968022112496661	0.589049882048119
a.29	-0.614729471310457	-0.601167006477851	-0.698242336379384
a.29	-0.0243938411212681	0.581460570107442	-2.19112683875022
a.29	-0.537329977393295	-0.705065205173873	-0.460025884923138
a.29	0.123169642238056	-1.12700236425114	0.218867348068856
a.29	1.68782348803649	-1.79290238266893	-1.16920444454828
a.29	-0.875709214695899	0.257415982460588	-0.544472136761407
a.29	-0.513722438134361	-0.697066368885101	-0.721396188060532
a.29	0.275156094657091	0.627230066055851	-1.34091202551693
a.29	-0.937239127920318	-0.013644945788897	0.548288246497591
a.3	3.56435626257139	1.28051984386979	-1.43070665353474
a.3	2.03552370077806	1.68059415305035	-1.82582080945153
a.3	0.150996928558833	1.44617169620184	-2.21424364452752
a.3	1.37519578817414	2.65153048756838	-2.32241570104885
a.3	1.72692408629919	2.69169360645252	-2.47805433506843
a.3	1.52729480381856	1.12728694751685	-1.91455126583924
a.3	1.52076095086092	1.9725822663651	-2.20554700179569
a.3	2.27996053768861	1.07091064448701	-2.31174336040922
a.3	0.730773463105997	1.92849993195241	-2.13084264441198
a.3	0.990602918001587	0.698446870249843	-1.30226739225852
a.3	1.27654331449377	1.391249355263	-1.31647511606503
a.3	0.901227558618063	0.544012660268575	-0.543170277345777
a.3	1.87762504120945	0.185313918444965	-1.67417622328713
a.3	1.77690197521215	3.7246397339744	-2.97008475992289
a.3	2.14784381235775	2.27206727593908	-2.81237826787757
a.3	1.24023264951374	-0.367422950455177	-1.40615466182715
a.3	0.594786413881173	1.78138070266289	-0.984245335947764
a.3	0.718254797443644	2.14521803686686	-1.16961638744193
a.3	1.32799645580485	0.261654364599333	-1.42939775389636
a.3	1.94217002982711	0.444585706278285	-2.36478240067779
a.3	1.06978514826916	1.83469095451133	-1.59886936655394
a.3	2.76464499735307	-0.842368424550196	-2.68117572480524
a.3	0.893384847756169	1.28417856588922	-0.647825825536463
a.3	2.20385726597463	0.91941653034202	-1.26056622764961
a.3	1.70715705233476	1.26333432645209	-2.93034129707342
a.3	2.64988726201623	1.31342297227257	-2.03035855648364
a.3	1.96258973883663	1.01768115450426	-2.11475869071772
a.3	2.09210911685598	1.58892547510879	-2.51555484548761
a.3	-1.43743709738609	3.60061643847815	-1.54869616658309
a.3	0.852422270246411	1.96783834629623	-2.36491796030209
a.3	0.342642706381977	2.44065688902001	-2.39286691224
a.3	0.701722664489074	0.915652537942742	-0.682951582733788
a.3	0.205529054177414	1.67160018952019	-0.897855003499248
a.3	1.23629546466208	1.94381447494102	-2.23110339220068
a.3	1.59425302704534	1.48537428585084	-2.27995370639051
a.39	-0.574895377190196	-0.0656888327051796	0.065824159263304
a.39	-0.608561815853862	-0.62157012240762	-0.178619669797931
a.39	-1.62531585774622	1.38363315121134	-0.343911886889291
a.39	2.42448363339984	-1.02704537586995	0.192792515926436
a.39	1.43495664087002	1.13540241832978	-2.97682767515372
a.39	6.58279175658527	-2.93434185585565	-0.632438090050382
a.39	1.30036785531551	0.73313642032558	-2.50660043228245
a.39	0.0473466084536006	0.96833723809059	-0.598937206688286
a.39	-0.195163449475477	-0.341300451622802	-0.322401061779288
a.39	0.679818745575661	0.488096956698185	-0.794791268607428
a.39	-0.5623847131311	-1.83780187487845	0.231657410667217
a.39	-2.01329702269478	0.093653133871846	0.381393313073893
a.39	2.37331154599805	-0.852749870911002	0.486260886743686
a.39	0.0409002002389561	-2.32240090430007	0.0525730914627326
a.39	-0.284407958173619	0.0782300982769935	-0.108117786406124
a.39	-0.635149895539979	-0.154200619994196	0.139171043198389
a.39	-4.17525067525527	1.57716437484604	1.80353875058331
a.39	7.17144706590277	-2.48794163621174	-1.97925433794018
a.39	2.72818921389104	-2.51689572122065	1.95957755443123
a.39	-2.17880181229378	1.65147202119083	-0.134976919573828
a.39	3.08334213202699	-2.44899909558625	-0.412607694883575
a.39	0.418671179661174	-0.783511141057245	-0.0968776332600901
a.39	-0.72599844956854	0.955234975863279	-0.711440454095638
a.39	2.66319666065447	-2.99703423665646	-0.165442673420846
a.39	1.11734918672422	-0.0528209407884223	-0.715377603065119
a.39	-0.681497996421905	-0.311522034543532	0.38222336942703
a.39	-0.414930085191646	0.601612026805579	-0.831458188513415
a.39	3.97158280286136	-0.24743774556943	-1.86076954054897
a.39	0.0494345647289783	-0.127165006634584	-0.977162714719238
a.39	0.776984890728999	-0.469608019412152	0.787073466242712
a.39	-1.95627170805521	1.57364622409707	-0.406168119132803
a.39	0.689942596358208	-0.311780603675744	-1.08522256950433
a.39	0.324207828142244	0.369938984535333	-1.32028324079316
a.39	4.29621888101153	-1.12829835110505	0.173716176432444
a.39	1.23990160896207	1.75716985403651	-2.19021192741567
a.39	-2.81784194413278	2.32476811301551	-0.341596280501029
a.39	3.29025394020869	-1.02186836360862	-0.250796158742281
a.39	1.85616112885014	0.921756407484736	-2.10333357218381
a.39	0.540584668503662	1.25909988430264	-2.34133515297378
a.39	-1.61463449236222	1.07951645893644	-0.411784604806319
a.39	-1.3589275519582	0.180953629326217	0.103536653525276
a.39	0.0335799410476109	2.04734886779156	-1.23303972674782
a.39	-0.469722718786371	0.430953961243641	-0.577233380181827
a.39	3.61591360065757	0.329492608598738	-1.80662869021962
a.39	-2.29672616880567	2.06457979130264	-0.185879712955762
a.39	-1.52764456391548	1.15354325710399	-0.0184814543526457
a.39	3.12562514962797	-1.37768677738803	-0.666037734594286
a.39	0.791465663034642	-1.71956647430685	0.575922700960062
a.39	1.06813797166487	-0.92862553811993	0.413062890662944
a.39	1.94225759120624	2.08557858130223	-2.94979125967082
a.39	-0.638988950498409	0.17305634636138	-0.13329405617346
a.39	-1.05734245274552	0.33293110929968	-0.38743277548699
a.39	3.06530314115335	1.21369896368114	-2.36583135580428
a.39	0.140919507263637	2.32612883201548	-1.12173929000348
a.39	1.38002397145231	-2.71080301243795	0.289304626920542
a.39	0.44482760605164	0.369643900304833	-0.831535594718624
a.39	0.56255839275226	-0.535310831092173	0.381986447309278
a.39	1.06576283391676	-2.43335269297712	0.284185300046251
a.39	0.248593522986739	1.41136211023908	-2.91721015584069
a.39	-1.75882615793368	1.43447174838663	-0.568454923305382
a.39	-2.17969528142704	2.46667381112227	-1.11625552592941
a.39	-1.92811281922953	0.315569395251691	0.402774458941191
a.39	0.990642229016147	0.957460340684042	-1.10811687369257
a.39	1.22498569114903	1.71549447492796	-2.45203172756018
a.4	2.52837926051663	-0.381965049299842	-1.28417385840086
a.4	2.07211274496608	-0.274330767839528	-0.496881811762794
a.4	1.75695068619051	-0.700414362692261	-0.82065241758118
a.4	3.76688403538654	-2.26395694827323	0.0141395222299768
a.4	5.64982963268086	-5.41686961680856	1.43079779390965
a.4	2.56566230714949	-2.25562136731209	-0.0684695736078435
a.4	1.39440845020457	-0.440785402543967	-0.909849951310139
a.4	0.871984798976728	0.874379022288534	-2.28874785776746
a.4	1.08107548324273	0.758240571854938	-0.864084615612017
a.4	0.613849583292615	2.60669991715257	-1.91722618680379
a.4	3.33059585258478	-1.02914159891326	-1.07968173586274
a.4	3.3931222110501	-1.55685164054643	-0.609652446637926
a.4	6.70936657453618	-6.52245476860371	2.99763288339897
a.4	1.48062592839528	1.49971758658475	-1.43650390966959
a.4	3.68018171129499	2.16127158964125	-2.98087094677801
a.4	2.69410990294569	0.62344358016526	-1.45177834426998
a.4	7.43700024589816	3.3295343995208	-3.00889962295946
a.4	3.12640784586743	-1.5218662295914	-0.433930096060754
a.4	5.2635651510254	1.4619515833336	-3.41294139319244
a.4	2.71327099041561	0.496577467111143	-2.1517845011319
a.4	4.0979668005689	1.25165774552456	-2.70723004949444
a.4	2.67042408184026	-2.84760373803344	1.23841884919236
a.4	6.42562566041446	-7.72852470291398	2.72697018444707
a.4	2.34386174653831	2.00333865241783	-2.806577200779
a.4	2.14891192171546	1.57188411151215	-2.97553144797619
a.4	0.489254652687386	-0.0287118587637452	-0.904873398545858
a.4	0.236089595210687	-0.543888035158242	0.764043969655163
a.4	3.74950793689897	-0.508888649735896	-0.930895172885261
a.4	4.42362807898913	-3.16137636324921	0.186815213898619
a.4	0.440935209394254	-0.780600285833252	0.76942486296345
a.4	1.32415144313361	-2.19172294729155	1.61019852085382
a.4	2.18789119193386	-0.872487917584354	-0.887497679200512
a.4	1.87091670117112	2.20371832342629	-2.34441287503748
a.4	-0.500070278534257	0.691206945794196	-0.974280553331241
a.4	2.51980185829208	0.918621368463493	-0.910678635396277
a.4	0.641804970188378	1.49262557104454	-1.46333481221784
a.4	1.00764492697793	-0.994049383420616	-0.0575995955489244
a.4	1.69709519404601	-1.69430724213623	-0.156088571992022
a.4	1.9209571346066	1.1022503349681	-2.44039309779306
a.4	2.19420609419197	-1.52210759375335	-0.325727168901518
a.4	2.23181164906665	-1.52590682408924	-0.148293616585881
a.4	4.98650911869996	-3.53448683569405	0.512897615897825
a.4	2.0166895751279	1.39396774290909	-2.1287389808489
a.4	2.37881201713008	1.45567736022382	-1.96334019613127
a.4	1.41634126985637	-1.14475605208815	-0.422632704752142
a.4	7.80012700114077	-3.21608370008515	1.00482547095148
a.4	3.39227737387033	2.74004954933421	-3.04690952810729
a.4	2.93051030681374	2.98140748933309	-2.81569418570998
a.4	4.40474497341753	-1.95667600440412	-0.5607058357953
a.4	1.34490066678136	-2.2743576360193	1.88753018289733
a.4	4.17145619691187	0.0112133879062927	-1.91007709068619
a.4	1.26282335698561	-1.69437847175507	-0.57020812305846
a.4	1.49898177156447	-1.26585798743121	-0.202264626553086
a.4	3.07988158909728	-1.66917445163945	-0.0263224267127911
a.4	4.18456886560109	2.31818975949784	-3.06309662928793
a.4	5.05495545406724	-3.65450010061556	0.325250893082814
a.4	5.20178178966259	-6.28156075241943	2.77562274895314
a.4	4.84724602098541	-5.12468779334256	2.18092321066674
a.4	2.28745804298552	-0.771385204941853	-0.762681006809952
a.4	2.81018768937927	2.76852256325845	-3.6145259291602
a.4	-1.55745180687504	0.690923023760771	1.4036270872703
a.4	2.57675941760187	1.87190788400191	-3.79408293152087
a.4	1.78876634200801	0.581733045600864	-2.29338691979004
a.4	4.61414489280129	-2.80527667322553	-0.624337122989627
a.4	2.6974712617807	0.608079555407689	-3.01495173179385
a.4	2.37313280771123	2.29613338474882	-3.25514789367788
a.4	4.83875091337587	-3.80464344447979	1.85473235083876
a.4	2.51736610255753	-0.752615313968457	-1.04154585164663
a.4	0.798919179611548	-0.83570965249989	-0.552050683282065
a.4	0.626395946905222	-1.42257917736847	-0.484176113764414
a.4	-0.309790726409262	-1.62924729112152	1.76394948530219
a.4	2.41078470392297	-1.48758734975382	-0.576550969484128
a.4	3.15612641301696	1.82354147673873	-3.29154977759152
a.4	2.74210623669219	-0.0604210722258903	-0.578686493859972
a.4	3.36782090273415	-1.75286191501386	-0.208015782899283
a.4	2.37014340226806	-1.66971690755067	1.15720277780931
a.4	4.83540599582142	0.124014402357956	-1.42354208551128
a.4	1.2326737200346	-2.58998584269577	1.405164208305
a.4	2.29381407021818	-3.09175776139185	0.0287105536214627
a.4	2.60500315976077	0.31733904933523	-1.16927583893771
a.4	1.95618329710532	-1.02643980678825	0.657387037370571
a.4	2.45949114057852	-0.0477217066191939	-2.18911150037332
a.4	3.07457180869803	1.63728224973537	-3.16911090925378
a.4	4.47030959526723	-0.0994604109477819	-2.75888004725962
a.4	4.04012375273198	-2.42631467850954	-0.615859337923967
a.4	2.19682116851271	-0.199677932487026	-2.19937826393097
a.4	2.88726527150542	-2.42998045970965	-0.237931065711011
a.4	2.2536895565007	-2.99619283007201	2.08693987891806
a.4	2.51868290208589	-0.257196638825159	-0.537486582111649
a.4	0.855904621987773	-0.304960028833528	0.347859626021905
a.4	0.510864430993747	-0.417159422849811	0.377388576650311
a.4	1.08611888631226	-1.60974147275595	1.54403690668456
a.4	0.529658283663442	1.87825083037288	-0.916781487605214
a.4	0.595742457832301	2.55629450686985	-2.51824090047991
a.4	2.98816222017083	-2.15693374059387	-0.234204110696423
a.4	3.1480236489889	-0.770024978770728	-1.38799416989113
a.4	0.323029963362539	-1.45553637253625	1.0322098764168
a.4	2.20743334287972	-1.33569927612236	0.261442828722847
a.4	2.24726331616667	-0.258648814750815	-1.16077969615327
a.4	8.68977248481259	1.92176884023379	-1.8556404329457
a.4	1.40510580076783	-2.16007940142885	1.3593377383337
a.4	1.66604063747147	2.96716658915886	-3.01577247315724
a.4	2.46221258331176	2.20938723311721	-2.99587358826241
a.4	3.33579808513058	2.43742035494979	-2.66871050189403
a.4	3.56033206877768	0.491688253025302	-0.759030820748736
a.4	5.34759041140611	0.618572107187717	-2.23318263194767
a.4	0.712428673771043	-2.7775645270944	2.81712470137334
a.4	0.118120502544121	-0.214946439903983	-0.987060717687844
a.4	3.75967057153174	1.93163366889295	-3.06568444343164
a.4	3.68195587789133	2.08155970364122	-2.6742223636247
a.4	3.49855315746461	1.19453745626141	-2.08203662145989
a.4	0.740064448753725	-1.24518350096369	0.505323372974678
a.4	2.48786545076182	-3.83961157771122	1.24030180812465
a.45	0.449685134106325	0.324580543803037	-0.871688053956787
a.45	0.66086282981168	-0.587074976934736	-0.108091970068838
a.45	2.26851839979985	-2.27442238469548	1.80867333177921
a.45	0.567743968042168	-0.214358296467741	-0.899732575705425
a.45	0.9545045801943	1.13035633385662	-0.727270861783101
a.45	1.25126051847296	1.38861493599454	-0.688206828787757
a.45	0.408015790644361	0.599138752735063	-1.00536327634574
a.45	1.60348578581666	-0.223013759444814	-1.79976893663654
a.45	-0.65742441559787	0.311272739588735	-0.53438332970439
a.45	0.454785345369962	-0.245294575087818	-0.999340678882592
a.45	0.593473932460076	-0.47278434870053	0.323835739882176
a.45	1.76220505866863	0.600067104974285	-0.494915140772649
a.45	-0.0795876040449479	-0.183611140542988	-1.38885201618807
a.45	-0.410494812910023	0.54737515365259	-0.613215440206893
a.45	0.39796784219148	-0.342782490761016	-0.549100326957753
a.45	0.821522488197884	-0.292204169538636	-0.398713833612216
a.45	1.32132832263179	-1.24448766711218	-0.363416390251746
a.45	1.10293983779531	-1.2835929048948	0.51909844135037
a.45	0.0431297871367414	-0.562584957289521	-0.0493747728823923
a.45	0.130278835051089	0.194252911676137	-1.01809597630221
a.45	0.163847881622156	0.22599660483213	-1.07862131766014
a.45	-0.143280448138091	0.602223039832427	-1.0349386864528
a.45	-0.0109357009691856	0.410905899398895	-0.88638142572801
a.45	1.21338063851221	-1.65482016735137	0.388260884636934
a.45	1.17938352815623	-2.01757400862583	0.0988402217889676
a.45	1.10847296669573	-0.646142743075183	-0.618325046499968
a.45	-0.469324192612744	0.356818491458175	-0.980712478735766
a.45	2.02983005393854	-2.02327101805413	-0.127503777745495
a.45	0.941110185711337	0.0373232880406368	-0.989603907847792
a.45	0.534890267914108	-0.492295865135108	0.127995890630638
a.45	0.893821409840096	-0.336400759273609	-0.79494095750963
a.45	0.759259322532641	0.470426842333554	-0.750338816966166
a.45	0.471206500476226	-0.50157537778883	-0.680414801043874
a.45	0.0578588969822004	-0.246839002629504	-0.46525298898817
a.45	0.266910573700762	-0.423505382043443	-0.724018434103523
a.45	1.04831692002355	-0.360611556799694	-1.07459091122298
a.45	1.31831048021339	-1.06872160895498	-0.335747911095889
a.45	0.677355069981049	-0.0603122751297585	-0.576195760820505
a.45	-1.19470003695005	0.241091224650429	0.311955083487827
a.45	0.167887746157896	0.144700180607902	-0.838459327295773
a.45	-0.0148767902369317	0.70787308078108	-0.813899074973323
a.45	1.58475212222847	-1.27371961202021	-0.573181018320863
a.45	0.507283897979296	0.557493594597494	-0.808963792559823
a.45	-0.694307053395374	0.448337058296248	-0.426972317142752
a.45	0.900329955987388	-0.441923459272616	-0.504368916455399
a.45	0.534396265169065	0.488694197914716	-0.725643154786783
a.45	0.690427374147624	0.139314301926549	-0.545271604939281
a.45	-0.420222424848915	-0.276522106299389	0.578033950672661
a.45	0.763291788718884	-0.202984381101399	-0.502564973214782
a.60	3.51333947977479	-2.61519800953306	0.0576512994850416
a.60	2.77460060145262	-2.70339677689795	-0.186783647685919
a.60	9.69256945057002	-2.00778364074517	-1.83461628429058
a.60	1.46644370899919	-1.057270423589	-0.535129268272051
a.60	-0.458533775498888	1.92585417338508	-0.0602109507332098
a.60	2.51587829988091	-1.32026341631017	-0.851198807985648
a.60	1.70343087429572	-0.418542925200787	-1.20534548808746
a.60	2.99745767629497	-1.47859955901756	-0.485489792015085
a.60	1.68475825667709	-1.55794781604242	-0.416663924261864
a.60	1.17065772755768	2.49053506007528	-2.56160674960068
a.60	4.5642219496407	-1.90656781443991	-0.469179613328718
a.60	1.88217468026108	-1.0003437928776	-0.51334971264277
a.60	1.18466137243209	-1.20078384893869	-1.0578797407787
a.60	1.60818417085885	-1.58153151620016	-0.669718703229295
a.60	2.46158155702578	-2.88020108489552	-0.0390819109349498
a.60	3.54156183209309	-0.932832312605555	-1.35200618852936
a.60	2.59792392277141	-2.22416820156505	-0.48113806118751
a.60	2.71996365764287	-1.1169885590612	-0.253934309806359
a.60	-0.343148619957268	2.04013486409111	0.102623754178712
a.60	1.77998077026114	-1.36478017172488	-0.337258065788002
a.60	2.81896177652591	-2.84661795118537	0.0651640960455948
a.60	2.58375843505915	-0.870534120714123	-0.888988499671641
a.60	2.22308267370809	-3.17027989944412	0.805800928718251
a.60	1.52888877544677	0.573104930654859	-2.10812730853609
a.60	0.977130490234668	-1.19226176426924	0.447718493836399
a.60	1.83871589907044	-0.791601886874003	-0.550534028582537
a.60	3.36470053024218	-1.16581757417481	-1.78129933636675
a.60	1.76698018790675	-1.30235374492121	-0.577750522866523
a.60	3.32472021662094	-1.18097967333238	-1.00293570387163
a.60	1.41171528365071	2.4115665847982	-3.1660005966817
a.60	1.20677362416299	-0.940661550014364	-0.48149792054575
a.60	2.04953246406559	-2.15272442235205	-0.0792598086271189
a.60	4.15509519331338	-4.4855594223875	0.474610334957617
a.7	1.67559644954425	-0.354675722664079	-0.936389755963473
a.7	2.17372401102143	-3.27332600296212	0.374168751532368
a.7	1.60974280192634	-2.88184610529978	0.204109246143735
a.7	-0.700083737395072	-3.06120465411778	3.27465921932686
a.7	0.593672165961254	-4.36241925419167	2.15506812184665
a.7	2.38224238836865	-4.41589132627798	0.887413053244719
a.7	0.627772632797057	0.515502940807899	-0.331541085316906
a.7	0.74219297259846	-1.96839880994429	0.595183040280775
a.7	0.905531243431571	-2.7474261921431	0.161366687246788
a.7	0.502148073685498	-0.826905930695178	-0.320507190704563
a.7	2.13198194633153	-1.32613570420218	0.219585127125753
a.7	1.40395971791263	-3.19504019195634	0.600536329394277
a.7	0.359342773506902	-0.720637439744776	-0.0168588914544164
a.7	2.93886717189244	-4.84119311674414	1.59157083209436
a.7	1.52276840565832	0.00673403269628123	-0.46564696630792
a.7	0.90043002235566	0.654431067220981	-1.19628238895395
a.7	2.96651695414364	-5.13935143835868	2.1318523747012
a.7	2.15191332752696	-0.274931294608562	-0.58392081362663
a.7	3.32683044464621	-4.5650611685823	0.798554418813454
a.7	3.09429728270697	-5.02708808877167	2.6653363149543
a.7	1.54244412881625	-3.24483791194773	1.43860922645189
a.7	3.91550443734059	-4.36410247122592	1.37199832990012
a.7	0.941364100415726	-2.78370305682196	0.734989023758427
a.7	1.3884854440043	-1.7245515729341	0.380513314593343
a.7	2.31474690686677	-3.44642002322543	0.160043259088139
a.7	1.86751262626661	-2.69972227925155	-0.243575338632073
a.7	-3.52128647866945	0.442519633513267	1.39858531161433
a.7	-3.07274454266382	0.490250961188906	1.58550613456074
a.7	4.02228235354188	-6.29225115509584	4.1354535773476
a.7	1.87586709744493	-3.51680564004189	0.0119209801858263
a.7	1.61672424335115	-3.4583580486333	0.231628547292531
a.7	2.96005542465294	-3.67854023922905	0.422826853085623
a.7	0.370909512993436	-2.26316055338878	-0.115504726146475
a.7	1.96732202487096	-3.72360417152858	-0.43627103135934
a.7	3.00494683017839	-3.00872813777577	-0.849162315608236
a.7	2.44196470640688	-2.84294683028502	-0.0359054233602715
a.7	-1.64046441070794	-1.01981720883456	1.9414769489013
a.7	-0.0422718789187225	-0.275259617664391	0.878913681093978
a.7	2.3450176008296	-1.88498994081755	-0.823328833070069
a.7	1.7059510729214	-2.95594640273427	0.915825703001981
a.7	9.21660907475017	-12.3390012247737	5.79873918666952
