a.102	-3.03063233737746	-0.799318779877062	0.25089697133552	0.904571201380545
a.102	-2.93218367667474	-0.426823706247983	-0.211255678189847	-0.151516779625215
a.102	-3.96965879098012	-0.243293498410662	-0.0910113085828045	1.06327890906343
a.102	-4.16289514493092	-0.158661178729727	0.359710257057732	0.917216419809678
a.102	-3.35355397020945	-0.317595429113289	-0.147559247161962	0.0949827165558346
a.102	-4.0668665149429	-0.053727803936399	0.169526514637341	1.14820502960861
a.102	-3.68086060814305	-0.275850521469974	0.486368146950814	0.788803704566623
a.102	-4.03137782592299	-0.539174971818044	-0.085599747535066	0.931937358090125
a.102	-4.48667127299365	0.129807308652208	-0.145244143594375	0.987782088133884
a.102	-3.9956070045433	-0.0542021333700694	-0.223499040811561	0.841770379780654
a.102	-3.15848167267924	-0.590113899780999	-0.682223603943776	0.237150781253802
a.102	-3.77271164182755	-0.433885310899589	-0.120050739084051	0.940398473924218
a.102	-3.71489237035654	0.127994395150529	0.0104565971677382	-0.0343612838436674
a.102	-4.05980459561351	-0.24615341070909	-0.591083007737155	0.706643030897657
a.102	-3.40180263665402	-0.0562890911178951	0.428138235042971	0.196811320611529
a.102	-2.7978007524279	-0.242570621517815	0.295853548031781	0.221393042032267
a.102	-3.85271401319428	-0.281345566544196	-0.0553313416547602	0.969648128935414
a.102	-3.9004886610825	-0.396822522857203	-0.16632248868579	0.887249689466707
a.102	-3.67686712800372	-0.754553928466786	-0.542423637787729	1.06207177067884
a.102	-4.54877322608562	0.133898431080282	-0.28802913326398	1.0732767105154
a.102	-3.68963870970526	-0.265841395696793	-0.132283708493169	0.889078585662797
a.102	-1.131408205889	0.629636270352754	1.27670098643795	-0.614676083050882
a.102	-3.4001391414578	-0.511727735768085	-0.27392010751946	0.240811019279203
a.102	-3.47880755565746	-0.861110862746838	-0.618834899468794	0.525648017308844
a.102	-4.01465734243774	-0.0230880016108184	0.282204639728735	1.01801866648512
a.102	-3.39795526534644	0.157314615295569	1.13967424625913	1.08876615327087
a.102	-2.77239300259853	-0.822390937373946	0.00914432133033363	0.647619884629427
a.102	-3.21393861756782	0.314980084248569	-0.0944142779776277	0.00224129909246934
a.102	-3.2069856763001	-0.482793502088401	-0.447888745539605	-0.239721376025206
a.102	-3.95725775155298	-0.0629348111492058	0.0664944396864656	0.981193484870907
a.102	-3.76791212829203	-0.138069213834463	-0.233148165448237	0.953623889203712
a.102	-4.23490176196122	-0.525169267522267	-0.477870280540698	0.902033284875385
a.102	-3.83704692866728	-0.47883394456539	-0.243287671397272	1.27692385376442
a.102	-4.0914557440931	0.217465104356211	0.376440396119913	0.824505133659862
a.102	-2.61314887904399	-0.581350856798255	0.212082454205421	0.237164353106636
a.102	-3.26065166646994	-0.0915693186777654	0.499788662574893	0.534988385741607
a.102	-3.60821380300509	-0.549966885569749	-0.219154397546222	0.870844473733897
a.102	-3.08473113935283	-0.146029634934644	0.726900842475908	0.789191332031898
a.102	-3.18267512868855	-0.672939022274046	-0.559372107630347	-0.209553749492958
a.102	-4.10224561646985	-0.217651248546738	0.111426817670397	1.17060364799929
a.102	-3.81584017393984	-0.219781962843027	0.224529380696942	1.14087205308625
a.102	-3.70700252497763	-0.623041693319218	0.257472774824438	1.1500676014067
a.102	-3.94307031519111	-0.43426552117608	-0.280575172191297	0.369196430514272
a.102	-3.51513890219388	-0.381682737636637	0.187892628168566	0.294442338370937
a.102	-3.58043835994995	0.0376967136225741	0.0195865808560639	0.57920015708685
a.102	-4.10033008209353	-0.292473856429163	-7.95738731763085e-05	0.651235789346184
a.102	-3.84377734333014	-0.0382912490382718	-0.0187472515313399	1.00587607002658
a.102	-3.92179635389743	-0.316144830950689	-0.364345057919254	0.817597362302885
a.102	-3.93289915440075	-0.114049614930241	-0.276774179181997	0.631080552228519
a.102	-3.16955709624284	-0.277533028389609	0.375903238872044	0.755619791398487
a.102	-2.63553046308685	-0.262354227931551	0.24718766051403	0.516393909706989
a.102	-3.20797531821564	-0.310121628737376	0.00250048076987914	0.67488257350692
a.102	-1.18733405641481	1.13642020645685	1.66371259162794	-0.381985532709282
a.118	-0.147642521886822	1.18164955257731	1.71872930273802	-0.907233324861246
a.118	-4.1829879644957	0.755855103345236	-2.30001442267574	-2.02050397839945
a.118	-3.05947811552541	0.5915225290383	-1.05529160185202	-1.43545357463036
a.118	-1.17360617190601	0.9163339552123	0.464133569690139	-0.525813769821854
a.118	-0.516139841920577	-0.107783829277044	-0.259479503169077	0.0455800567173117
a.118	0.134896963402443	-0.460462874454321	0.00207191207519095	0.365442490678425
a.118	-3.65884997513059	-0.0866236277438655	-0.674530513616938	-0.84272070273986
a.118	-0.330301837997083	-0.509129374106371	0.454965011792631	0.826263222065878
a.118	0.684130980786891	-1.11358021618509	-0.110130927003983	0.376959098312969
a.118	1.13378060559445	-1.53063279534937	-1.15766517088013	0.415991638946669
a.118	0.0309005433435603	-0.57783464423331	0.347788077674804	0.872925498051129
a.118	-2.83759808407453	-0.754944359876886	0.188996275011501	-0.159170632607127
a.118	-2.41410530004524	-0.000660145082870767	1.25762881326495	0.443817904400616
a.118	-1.16062865050297	-0.590111446608487	0.0602937000336594	-0.0150521466420181
a.118	-2.34394896549034	-0.526574445895306	0.0615475062950896	-0.776174559202539
a.118	0.505889495843286	-0.153884718881528	0.401165608692755	0.880958470908838
a.118	-1.445950515596	-0.474959389810125	0.580189893100243	0.422012472730572
a.118	-3.59400766796632	0.273236265209463	-0.664028872072513	-1.13098224402591
a.118	-1.29922718135384	-0.122626844261642	0.51477511981329	-0.622309835526968
a.118	0.246367674382211	0.478837372235824	0.69405310808635	1.12318867805359
a.118	1.66564316330902	-0.33705539294119	0.117393630921663	0.581427522469585
a.118	-3.31832842878537	-0.539304662692495	0.509264622247296	0.0704557677694908
a.118	-0.860061850894615	-0.10354222599002	0.834027651503179	0.361727650138567
a.118	-1.6276914514101	-0.53818501649032	0.292337103172962	-0.490561378100882
a.118	-0.206535523892652	-0.46674415243853	0.190068348743813	0.529313496646847
a.118	0.325232487398959	1.57706602661614	1.69773382646345	0.392030354749232
a.118	0.516621600851581	-0.720984251641096	-0.315880347187038	0.0246274328686805
a.118	-0.443699515655937	-0.283062023463454	0.416603469388053	-1.0594710892634
a.118	-1.48535824429403	-0.145569935833292	0.232092381344123	-0.397296433261479
a.118	-0.501744597895262	-0.424123056379101	-1.04027106450611	-0.403641205733143
a.118	-3.19374831019408	0.87448897003796	0.509084363453066	-0.830907873776202
a.118	-1.70755302364189	1.51463508239604	-0.68679293138305	-2.3735821523273
a.118	-2.12343398962049	0.524209708564111	-1.51916997755948	-0.864281003870981
a.118	-3.11918237905834	0.150773112728294	0.222508236130515	-0.37829792644274
a.118	-3.19524576513339	-0.312017420168602	-1.35266070727254	-1.29850511767795
a.118	-0.0866698598109555	-0.456692283487784	0.0613108836478793	0.986632691726878
a.118	0.264322688085677	-0.500243817827159	0.603899427131156	-0.843035690735275
a.118	2.49745093899718	-0.808095486691089	-1.43164933221733	0.0258296691644632
a.118	1.22395774346009	-0.701340629744671	0.962084379532862	-0.0142388961179742
a.118	-1.81538804217518	-0.826462112140265	0.22649278644658	-0.732676684606889
a.118	-2.6660378789346	-0.251658006663246	-0.656484661143841	-0.66626755010353
a.118	1.91979049722501	-0.46165362387117	0.20938338059682	1.00994855351602
a.118	-2.47133860322923	0.167453766563209	-0.122278738184677	-0.863049305973015
a.118	-0.719725608129503	-0.128211944886969	0.442558886708203	-0.685010907493488
a.118	-0.602211047315601	-0.922880769912777	-0.403859953381909	0.308669012087192
a.118	0.312711360617298	3.39501561721577	2.9595731244298	-1.19805884188406
a.118	-3.72320586354988	0.0321237925861086	-0.91030775311194	-0.777450190129744
a.118	1.42769384802471	0.865119159177018	0.951005020365395	0.121027909420978
a.118	2.52506007746823	0.862827168593048	0.460958146330083	0.901456314701693
a.118	-4.54386408462816	0.877339545785385	-0.0146107207896096	-0.8666214488007
a.118	-2.64199989132483	-0.21493588578082	-0.231731783857843	-0.800573494350424
a.118	-3.67371607432584	-0.0322045646881996	-0.774799495391849	-1.33328849554244
a.118	-1.27277730365286	-0.806524886163239	-0.493078469198681	-0.0166962119544402
a.118	-0.233250934282896	3.48935643532711	2.51815160255609	0.264509562079263
a.118	0.864204215177019	-0.78220576418432	-0.55436948141157	-0.247558090284562
a.118	0.31825146114995	-1.10803561583298	-0.294385962767653	-0.126772375848384
a.118	-2.32719947933451	-0.550160749997209	0.205093921031129	0.652586422765092
a.118	1.82291458585611	1.25156950636509	0.691750943278579	0.0151291398940818
a.118	-1.22519949737467	-1.04241634662898	-0.592020698013747	-0.378450416413669
a.118	0.93463616691982	-0.609615240316709	0.0210832736342107	0.186308474388808
a.118	-0.0355606818087939	-0.844323917173744	0.251815336274448	0.587925177021512
a.118	-2.95691050644841	-0.286050138787131	-0.0448302230678992	-0.534392979194407
a.118	-2.20315348532004	-0.159779515144943	0.527435928148027	0.0158976312208579
a.118	-3.51536229463036	0.66679332069178	-0.949134199868494	-1.633589898337
a.118	-2.82528782336976	-0.109333777063551	0.263447862654372	-0.514767278451548
a.118	-3.67508339670715	0.328241592360918	0.317016254471154	-0.531282350945589
a.118	-0.481425689007403	-0.664497652235202	-0.970709255831483	-0.329613609901831
a.118	-3.6258654852529	0.258388559361753	-0.0698448575021113	-0.234562513629442
a.118	-2.3801913211389	-0.99532786966607	0.211028685269303	-0.130052183016234
a.118	-2.48718007825229	-0.773779214933207	-0.681192252567534	-0.480429975205806
a.118	-1.41086953279691	-0.542803973291541	-0.222488650410551	-0.325979400122604
a.118	-1.47280293130054	-0.37797336307324	0.139394435521364	-0.181833438262607
a.118	0.677984628946465	1.8363241998212	2.8764041149332	0.0100479758607043
a.118	-3.65069208160976	0.659348861534505	1.36805863269999	-0.0696626913132034
a.118	-2.81810290776936	0.0167136409983843	-0.308757965784495	-1.22746146253404
a.118	0.0798595474994981	-0.315619899975204	0.418391087874463	0.394924049481495
a.118	0.900116257993637	1.42902975844668	1.40616159292558	-1.35575969427541
a.118	-3.116078185296	0.604133214757901	0.204728132829986	-0.597460635412572
a.118	-1.99279003667292	-0.455870916942253	0.0738748880876101	-0.232050078071632
a.118	-2.01069337381655	-0.934272769984331	-0.616906146494145	0.528753497773757
a.118	-3.87109010319137	1.36663563421219	0.537448714221893	-0.956799694206302
a.118	-2.34962250586642	0.526510694677302	0.729377072993557	-1.25284410735394
a.118	-4.7175367911193	0.447235746496992	-0.460529276418316	-0.833635850528828
a.118	0.727073042265135	-0.848926455330401	-0.0743078996396625	-0.0343900734556522
a.118	-2.81280070711382	-0.504342780060468	0.115632174365825	-0.195982994718495
a.118	-1.54779278234982	1.31297522073103	0.728386898190819	-1.46757367339743
a.118	-1.53410476305468	-0.119061593662493	0.308309335500727	-1.18700068830557
a.118	2.21765437174881	-0.308499965302345	-0.24367446282454	0.812740551306286
a.118	-0.238299152637052	-0.894037444307167	0.0947554976019492	-0.221574998234653
a.118	-0.904838168908877	-0.0884706004268792	0.82423921192081	-0.126388568072732
a.118	-0.314724622575837	-0.572676746921199	-0.0548230188535971	0.314495542369957
a.118	-3.08563590884088	0.5033423719033	0.24819469572956	-0.556572388140939
a.118	-0.331116722102925	-0.675425005814749	0.312921454882609	-0.0535695720914174
a.118	-1.07569710550842	-1.42278843044746	-0.821677649684275	0.141307594768845
a.118	1.05683787168343	-0.93898283180206	-0.239637651226167	0.783060201634984
a.118	0.73074838757044	-0.91611449384011	-0.107776503854813	0.64371984867729
a.118	-3.02272284187784	0.453895302825547	0.0413917801999857	-0.185098592220928
a.118	0.723012557714073	-0.996259464995005	-0.250822472623771	0.623276152609641
a.118	-1.82448317264344	-0.900177359819256	0.564258795642287	-0.372795794345503
a.118	-1.79410561321248	-0.695945301826298	-0.0333143553218255	-0.484523329589424
a.118	-2.91004475846719	0.142722136222875	-0.256222980502086	-0.89419736708344
a.118	-3.93200413711106	0.585989838335781	-0.626936507893036	-1.26393999464708
a.118	0.83726397926444	-0.69281741426527	-0.705019832196697	-0.197253942239202
a.118	1.06011435531757	-1.19184383731424	-0.138598344573707	0.273379234240655
a.118	-1.28369815039231	-0.599518561511612	-0.147271751267124	-0.0378554087305652
a.118	1.28331825037774	0.181628135089798	-0.830895146370381	-0.618653311745518
a.118	0.00898537993706821	-0.49008886261275	-0.0282672193444052	-0.276911517260862
a.118	-3.25927268531879	-0.200739442057783	-1.52460178126808	-1.08631592516962
a.118	-4.108801621487	-0.0220555076280842	0.379796462073077	0.899709644569335
a.118	-4.1152945895413	-0.06825867353427	0.217092446247479	0.977208252353176
a.118	-1.55867326960666	-0.478299059935757	1.13610882842335	-0.428733361220726
a.118	-3.80958492509903	-0.320876930691767	-0.00377642854246509	0.510070498077569
a.1	0.323056476501192	-0.753588812407409	-0.257387968525071	-0.10056680232051
a.1	-0.138772803681443	-0.805464580285088	-0.810291983900894	0.286161872066019
a.1	-0.272601593460943	-1.47663349460796	-1.48286260870546	-0.161929458093491
a.1	0.0530918194731868	-0.892107246918768	0.172598994406827	0.0734140797181782
a.1	0.320997272866443	-1.5207334537098	-1.26145867564257	-0.416222875979344
a.1	-0.399671271810342	-0.718595785644782	-0.493037922862804	-0.837212812745512
a.1	-0.734099704963015	-0.202617550339247	0.444498683579108	-0.386106856786341
a.1	0.24385211763656	-0.959122719970602	-1.086519221929	-0.306725720735138
a.1	0.16813852691577	-0.972277847342623	-0.573799248925426	0.106979675144173
a.1	0.0908656333900591	-1.17594391981633	-1.44844136260123	-0.465425232752603
a.1	-0.267271133760115	-0.497050350650379	-0.501560969282284	-0.967877032932364
a.1	-0.52481568229829	-0.256590056759815	0.00638257553705252	-0.894551835645028
a.1	0.2985570049489	-0.542814430454854	-0.0581303422093127	-1.11619614722051
a.1	-0.322237249775546	-0.0321238973562977	1.61227842668278	-0.192871165701085
a.1	1.34863316471402	-0.816257804649759	-0.513563155653836	0.414934678426456
a.1	1.11533365852557	-0.364650143598517	0.0904527859056367	0.0921882350912182
a.1	0.549123932552311	-1.10070218726564	-1.38145238544187	-0.597574561063989
a.1	-0.162965737469201	-1.03408421397516	-1.21673204981293	-0.340822714833958
a.1	-0.251251873046384	-0.428819582692061	-0.231436594430672	-0.968181963137092
a.1	-0.74388046843199	-0.0525739781258726	0.748098318739823	-0.350434742145777
a.1	-0.274206750195931	-0.495890588926292	-0.38768260035762	-0.84754437383164
a.1	-0.453371964393475	0.060014832317278	0.403962810459118	-0.867211794318846
a.1	0.391086826217786	-0.569839082674173	-0.060213840338726	-0.26788286625369
a.1	-0.0683831809072556	-0.748920343194457	-0.969820358380313	0.0764799809066939
a.1	0.100090764649648	-0.654477600978718	0.279197342362694	0.283133341115353
a.1	0.234553574957546	-0.922353576275159	-0.764973519845191	0.023756743500029
a.1	0.358278833012052	-0.950435813478155	-0.813174885759305	0.0314675857072041
a.1	-0.3088057599119	-0.381520699681516	-0.504236622109185	-0.792738793635905
a.1	-0.557910140031395	-0.25777482319208	-0.0922271606414416	-0.822295911144381
a.1	-0.880138520508924	4.37149861765691	2.88334817263716	-1.67576878011795
a.1	0.194196199504967	-0.858854999507883	-0.123129942884553	-0.154811721669321
a.1	-0.0414137110767678	-1.42508666540267	-1.29683630133413	-0.157599072073609
a.1	0.267255895770883	-0.501448400407936	-0.612723839567078	-0.16421343054507
a.1	-0.0718296501018585	-0.591588700795108	-1.31986451511881	0.0779587761477142
a.1	-0.144671777710561	0.452537722684764	1.03988798826353	-0.0540541706624433
a.1	-0.380338899716958	1.12731552679408	0.945427283189255	0.498190070807261
a.1	-0.0658458984873807	-1.10243267592916	-1.17365076092794	0.220810704238203
a.1	0.988086706765034	-0.799693913239879	-0.966344699812647	-0.437434759124449
a.1	0.188170776018356	-0.902848374889243	-0.728392662588524	0.0460834775103659
a.1	-0.0924720526849849	-0.962446553152037	-1.07976613803238	0.222899188282803
a.1	0.0407321956069175	-0.937177556383073	-0.885229664530129	-0.0373968195786313
a.1	0.311778068946893	-1.30350454004391	-1.405791204532	-0.413980440815791
a.1	-0.237926531380066	-0.558695577521948	-0.362226248218964	-0.919749879816285
a.1	-0.615597232566994	-0.218997901520045	0.0916650053345201	-0.608923306515703
a.1	0.203368517665354	-1.13714301472623	-0.793927166006444	-0.139000068800335
a.1	0.0943539230408977	-0.701160764871075	-0.469250345942917	0.0256147899286871
a.1	0.295342545375625	0.231567410791828	0.161745194584052	0.388752419597334
a.1	-0.0397940367100407	-0.36104414847161	-0.058308671887943	-1.18046685695389
a.1	-0.171167086478115	-0.235710925671411	-0.0330005361761633	-0.917581472513229
a.1	1.82593007059214	-1.28911378117466	-1.63738686195441	0.167072588897439
a.1	-0.0891368346324166	-1.17987923970754	-1.63528891524899	-0.614701973293205
a.1	-0.0499558169461752	-0.929677882270157	-0.411762163205622	0.116232886924245
a.1	0.0355794062329377	-0.481988297504096	-0.212893572677392	-0.832584329486048
a.1	0.0646325300070412	-1.02850069917852	-0.971111205896394	-0.273533032635019
a.1	0.484550671741313	0.353693280995124	-0.222617461466248	0.506843463059883
a.1	0.981083437534541	-1.0408776222698	-0.58943412345855	0.148213560188608
a.1	-0.51121796123196	-0.557955316889065	-0.529846822836132	-0.369498252555733
a.1	0.113553390723472	-0.898993516601438	-0.854491890531177	0.0367218416075628
a.1	0.0572951472973191	-1.13996691066192	-1.14316030085069	-0.320534552375257
a.1	-0.162434256048871	-0.759171837455631	-0.827981833374579	-1.17492179722033
a.1	-0.561829802742486	-0.283209525764261	-0.0922062520500724	-0.734380475439231
a.1	-0.0808556821957188	-1.34743623916112	-0.910285787071694	0.0433622599325804
a.1	0.335994049077104	-0.96187007518472	-0.917332524427555	-0.445770492845032
a.1	0.103221895211639	-0.822506782597781	-0.914642127432841	-0.227209737644755
a.1	1.16576876438679	-0.916046412429578	-0.413941486596846	-0.101030667428533
a.1	0.0451710578523011	-1.05281163790082	-1.41749087306972	-0.122117343286643
a.1	0.084014665326832	-0.903856092780534	-0.668984299336692	-0.267886421489059
a.1	0.756009145216008	-1.27737218611659	-0.91170196655831	-0.11767734148767
a.1	-0.11742509559737	-1.45153747119427	-1.57288244944831	-0.798635721514242
a.1	1.13516015752711	-0.337505387969338	0.181684087760313	0.105186909363163
a.1	1.19153850019745	-1.08160570084405	-0.989119851804093	0.274613195712601
a.1	0.112124333385947	-0.990571629996958	-0.93854899939531	-0.22160147351956
a.1	-0.0162735141091532	-1.20796939052923	-1.03618938388272	-0.0472588010500706
a.1	0.177607055282981	-1.32866772125423	-1.19622037742902	-0.0780823736221091
a.1	-0.0165471782981982	-1.14270958100523	-1.03763447472549	-0.0710854050531978
a.1	-0.0817137673594539	-0.989408234258835	-1.1940263164529	0.0506699368069127
a.1	0.0195321369103752	-0.944524197647523	-0.373057752876118	0.295773020004639
a.1	0.00538447292776548	-1.03433928563606	-0.939230964508447	-0.245994697503147
a.1	0.356735816588213	-0.974605013796451	-0.787311886634758	-0.239142469629533
a.1	-0.640960073290859	-0.0358294678629977	0.842263143042896	-0.306227441567159
a.121	1.55854087858129	-0.417346430765732	-0.0132134895238029	0.0260466721777041
a.121	1.5728601044599	-0.720837986415139	-0.0674272773938624	-0.122640741128466
a.121	0.996310051863527	0.197991661955868	1.11111558237332	-0.719421096257296
a.121	1.25927107130896	-0.751257559000138	-0.428420573251444	-0.672489744659813
a.121	1.68302223952942	-0.563724212264314	-0.276504919609587	0.0743752222916334
a.121	0.952099615592183	-0.830457922401136	-0.94559437301743	-1.36670843521421
a.121	1.44751182138056	-0.554703325179658	-0.569041052633495	0.0854861066154833
a.121	1.28459046446239	-0.435328017500042	0.580270567634925	-0.375885337572073
a.121	1.57335062259722	-0.328922802650314	0.883151523449316	-0.298042952781577
a.121	0.330327862643547	0.054691826564958	1.20535292839773	-1.38465545867029
a.121	2.20650275714096	-0.203969810773949	0.986439731985879	0.42310984616272
a.121	1.5009707813641	-0.620867161044581	-1.83722561708439	-1.44134145571438
a.121	0.720810892889697	0.272958561392294	0.756861636577836	-0.592874164423895
a.121	2.28910189975639	-0.469267051287919	-0.334085538183467	-0.0627827866098263
a.121	1.5522252147166	0.153601417780835	0.468457597843904	0.364773226395445
a.121	2.5126000501691	-0.241220778835607	-0.144736344462177	-0.640986606020222
a.121	1.49292109489641	-0.798152080081506	-0.270125412968677	-0.0941081895273704
a.121	0.956312576129833	0.296523645260088	0.763802684971994	-1.02425173325649
a.121	0.920130108733971	0.181772930193579	0.995130139306425	-0.782748115396672
a.121	1.4899793101385	-0.783185253716395	0.200832052747892	0.155291002861397
a.121	1.62915992815166	-0.798554339169729	-1.20671482047916	-1.15549088572112
a.121	1.75124982631395	-0.905759885101066	-0.310681064271343	-0.466197034562787
a.121	1.31147495614909	-0.958262936632799	-0.782590896686321	-0.325003530315715
a.121	1.28921558469422	-0.595710817825857	-0.40230379758817	-0.137858109272704
a.121	1.65354296098422	0.612371195588886	0.988519365343545	0.646445334572014
a.121	0.977564316726078	-1.02652856281429	-0.741713571813877	0.270126780405721
a.121	1.02739304318614	-0.593784559289835	-0.373692291161029	-0.634670779399933
a.121	1.95289949628243	-1.23225045416679	-1.47807831037647	-0.125903465336085
a.121	2.36565190620381	-0.623420028302533	-0.555363977801874	-0.410349606863692
a.121	1.77084495724753	-0.620930835849935	-0.354240346587414	-0.6785047294656
a.121	2.20682190956091	0.578775135151726	1.89944486577174	-0.532165536765646
a.121	1.11283113734008	0.521674718580397	1.19569067799834	-0.166499355005032
a.121	0.607732690886262	0.531272898437993	1.53998478661852	-0.77922661997972
a.121	2.56717556096996	-0.0931490284531399	-0.617170555680823	-0.779146910369946
a.121	0.104605972922015	-0.421788814502582	-0.0694134469278625	-0.429437389147462
a.123	-2.24678325533666	-0.981466088066186	-0.941896942878067	0.309799633132851
a.123	-2.11702334577552	-0.0713502520629604	0.617124548488457	0.192519110656937
a.123	-2.05358846565792	-0.435334912964539	-0.029466333938251	-0.0285268290238888
a.123	-2.24721925285665	-0.551609247842854	0.117799337915067	-0.0863843377031897
a.123	-1.92094582068766	0.160553929225033	0.483206878137914	-0.0562353604085736
a.123	-1.67073331081146	-0.0274839164218468	-0.245044485588222	-0.244862768882459
a.123	-2.20474867850633	-0.541091537438541	-0.317469528935099	0.0620093992149404
a.123	-2.14802845587346	-0.816561777670268	-0.118967770735288	-0.402750411248025
a.123	-2.20367585679313	-0.582406607493197	-0.440013641907984	-0.160772737476175
a.123	-2.00304081100359	-0.0532838066053672	0.488464949308301	-0.297343364933152
a.123	-2.15156930777785	-0.756920052301851	-0.411931217694833	-0.169918821563475
a.123	-1.88849588136664	-0.550055107694041	0.562871720272703	0.139235588886372
a.123	-2.05213794494004	-0.435910235394604	0.354252753783237	-0.0893483995362876
a.123	-1.89152656074805	-0.2252160219705	0.356392048823251	0.106830853345162
a.123	-2.21452484782386	-0.750994588128796	-0.463669605829131	0.0637755302385169
a.123	-2.33913969881097	-0.619295511054897	0.157775870125046	0.365673796130388
a.123	-2.06547770984194	-0.644429747555382	-0.270323605240879	0.122840071780082
a.123	-2.03061293491121	-0.906135165137272	-1.02204623919016	-0.11228644985241
a.123	-1.9179941881844	-0.668098555083822	-0.606289464423528	-0.301923739566975
a.123	-2.06060902585916	0.104607592241883	1.26871706225341	0.0911049729593767
a.123	-2.46218586240794	-0.252733364805329	0.201641534681483	0.0411723792065101
a.123	-2.39587979509476	-0.619425093746792	-0.316240460288872	0.0262082305715605
a.123	-1.95241343982353	-0.513919829229477	0.0107499524948254	0.275021487978476
a.123	-1.83898554669631	-0.593253598061784	-0.123369862884876	-0.0482132284432835
a.123	-2.10013878456283	-0.771425472377136	0.166171153331508	0.0731986804892619
a.123	-1.77920398341474	-0.702458530094135	-0.0966481657995202	0.34800275820925
a.123	-2.40692243383854	-0.405325439968362	0.0705138133089734	-0.0383699909468312
a.123	-1.81354424300327	-0.000803122505015241	1.15389351763234	0.153528621742436
a.123	-1.85944409192362	-1.02222333329737	-0.596938179880514	-0.199274110163388
a.123	-1.66407724614574	-0.72624391474818	-0.229662852104057	0.102017717532502
a.1	0.418316071441066	0.701545574798084	0.524682022948935	0.823494943822394
a.1	0.248721856282304	-1.02417302549305	-0.917507437491959	-0.17103740067984
a.1	-0.214905025416974	-1.17628364245418	-1.08978977339514	0.445674919122281
a.1	-0.122483182862747	-1.05118037922428	-0.524200262203423	-0.337474729329265
a.1	0.032385137880917	-0.982481602129202	-0.241100052343239	-0.0316377700128669
a.1	-0.116775426564585	-0.827888504299917	-0.953520342054153	-0.0190351867395488
a.1	0.199671909248656	-0.969746215344264	-0.777791834548819	0.533989181930013
a.1	0.289828708513996	-0.995207267565354	-0.735766294143211	-0.254151178615594
a.1	-0.158080739659083	-1.052578483317	-1.00457026737768	0.393968044204344
a.1	-0.24417744950878	-1.39204072288093	-1.27055929782754	-0.118553457769824
a.1	0.537828061850762	-1.0425213388874	-0.825417153665767	-0.226688946066495
a.133	1.02048730053745	0.212160055877318	0.0921660456851246	0.988037692782924
a.133	0.803880600158868	0.063010733802245	-0.268285767233057	1.05983753115624
a.133	0.694150891775704	0.122310040753761	-0.302554853664212	0.975892486405975
a.133	1.22391507486478	-0.234239751899014	-0.710830310938523	0.0961390302822845
a.133	0.882440690306763	0.301794974323387	-0.0140277904962408	1.38156380440792
a.133	0.958214530166648	0.160877616543265	0.110698943627133	1.22479638779268
a.133	0.661744649378142	-0.398076877085883	-0.139290605360248	1.16368556301358
a.133	1.00038362986815	0.601128405184094	0.322576249036988	1.28458039956225
a.133	1.10639736324582	-0.48433812598807	-0.825929748130856	0.227059281943838
a.133	0.608569123905122	0.320720107561615	0.140877255299428	1.26311745387734
a.133	0.706706132767669	0.238999771024466	-0.182657409650749	1.06072404451999
a.133	0.746694026670018	0.211478662385432	-0.20254666069186	1.24489679352899
a.133	1.01151866374217	-0.319294177948181	-0.675071554440415	0.400194537980485
a.133	0.78002953455756	0.152414409155558	-0.168358328757656	1.2798293819218
a.133	0.681279414459581	0.144219607254541	0.464830429140477	1.13337182112259
a.133	0.558108079147479	0.591591022456767	0.0886023481452918	1.58416326311156
a.133	1.21406717987823	-0.639081908155864	-0.0108749534160476	0.2751472017691
a.133	1.0568754603418	0.206886630049628	0.326623488239849	1.08079379292229
a.133	0.88583881740942	-0.638911447094125	-0.480587474332714	0.939036646385328
a.133	1.07109700409134	0.257667438286304	0.15551930593196	0.739987436216878
a.133	0.792934863694087	-0.0248349204328557	-0.223536667525138	0.920327479255408
a.133	1.11955055958069	0.091364299768669	-0.147342745324664	0.788366800151222
a.133	1.14922051282294	0.167259922071872	0.100638607194501	0.717280853704586
a.133	0.929676859170329	0.207992098239048	-0.280115281381696	0.96511158716522
a.133	0.659216959521988	0.979647866302671	0.636468372208651	1.8286698455474
a.133	0.662226634136856	-0.121245203223465	-0.0621026169520813	1.07071999657291
a.133	0.987360286852063	0.44030781192124	-0.00940731127452574	1.11866959971718
a.133	0.242620092453967	-0.00647763969783974	-0.95840289077144	0.546642105532866
a.133	0.776332883685335	0.489246518436631	-0.694833663778017	0.914408038155938
a.133	0.759048073775205	0.325026252614489	0.249115018717122	1.59225797433338
a.133	0.952006513890914	0.0753073077929029	-0.330002949571165	1.23353929709483
a.133	1.05867087195926	0.0993602370077133	-0.152574009146171	0.991984982968355
a.133	0.820686799157392	0.0513610055027243	-0.771709287829606	0.800687306631043
a.133	0.801741506456233	0.186675353767624	0.143782193012354	1.36194291343595
a.133	1.01588202522645	-0.466979045831098	-0.25034520213191	0.775847227139894
a.133	0.763650612893232	-0.160962832151151	-0.478552334774872	1.28714436581509
a.133	1.06510475029919	-0.232806188539437	-0.419256263869299	0.570253428326912
a.1	0.0105513170038081	-0.757023428871594	-0.537780821909051	0.181224902910205
a.1	0.181211716378583	-1.20089236365795	-1.03803214136175	-0.207599154826175
a.1	0.179864665432264	-1.07822876903598	-0.968491656899618	-0.309341532282479
a.1	0.0771508973783644	-0.903785093245775	-0.552922498209001	0.0547561481863267
a.24	0.649052764930812	-0.300107403549791	-0.608067589505422	-0.118754634576199
a.24	0.104410976834659	-0.89661265935676	-0.528455520526725	-0.297802226453237
a.24	-0.328478920957654	2.0190962179223	0.141321168100522	-0.502277517625872
a.24	0.908430106280305	-0.872380775685448	-0.966324747771927	-0.527145024050241
a.24	-1.03826900478266	-0.105830745854199	-0.273862423399849	-1.04928521034287
a.24	-1.5359782021696	-0.361495477833448	0.0108817764760209	-1.17426510969819
a.24	0.950230595849174	-1.03968669499941	-0.759992937456209	-0.300031971262891
a.24	-0.583169332133997	0.282592865802631	-0.546934322522467	-0.0571600047874731
a.24	-0.365549767006762	0.0839281773111971	0.797381727964637	-0.360296758448114
a.24	-0.553094591605301	0.172335478466942	1.08051756150303	-0.228344599665665
a.24	-0.480734472981294	-0.0714088760501256	0.401276389270532	-0.302412147776212
a.24	0.779874414642603	-0.558404332490812	-0.820949919171232	-0.443796593929484
a.24	-0.0189663199870759	-0.62541408769162	-0.261415937255961	0.131545733554387
a.24	0.652104829413656	-0.71528561310303	0.125967218784327	-0.0517253317769914
a.24	1.08175404421046	-0.689757104205788	-0.399669210551783	0.147799862108571
a.24	0.639190891256454	-1.05127406794925	-0.90672634834183	-0.512792580047888
a.24	1.13481633738442	-1.08578729713678	-1.42184662773017	0.480468712177595
a.24	1.51634377945305	-1.05433449014629	-0.315011413552022	1.0211376235804
a.24	0.918174223446251	-1.15503750730561	0.33822141151938	0.246368105597473
a.24	0.156566439704319	0.289415462838028	1.57050019419819	-0.0431215504447424
a.24	0.473350967010342	-0.366681560743986	0.532737816290793	0.205291103653633
a.24	2.07765270847769	-0.304113559454185	0.0804123873563777	0.822701953096344
a.24	0.669651705994057	1.65473281295578	1.56336070026768	-1.84648019147137
a.24	0.975203747180473	-0.985874081068542	-0.695387314504867	-0.213787286257205
a.24	0.925754137615021	0.0370694628523066	0.43694408005382	0.18605450231962
a.24	2.48208448572404	-0.928668199650284	-0.241803589391562	0.42510376267249
a.24	1.06624490930088	-0.429375934944611	-0.839386594529206	-0.268170964332743
a.24	0.755166614971245	-0.893377654829268	-0.451489958165962	-0.28702388313019
a.24	2.46812962948267	-0.576869057605888	-0.0634002149783766	0.226456991732114
a.24	1.42827482625755	-0.392095195864252	0.0984615855767824	1.2897268810048
a.24	1.17624678812719	-0.958047368683771	-0.651962197027929	0.26441079260394
a.24	1.68394643575201	-0.0549084984403023	0.511139156780044	0.443418097294508
a.24	0.760548004698108	-0.724474959925623	-0.039188073464006	0.430674740570434
a.24	1.32938635837589	-0.621184928223137	-0.274794394845826	0.227527328778619
a.24	-1.07612546037265	-0.352909090773449	0.65547994845866	0.284906566095862
a.24	-0.25699834051895	1.34010997134856	0.982596941663508	-0.316246007713359
a.24	0.771172279521249	0.178654580144472	-0.0361957947681118	-0.191395232712314
a.24	1.6574541748268	3.34743878300037	2.13953686434239	-0.653216918063757
a.24	1.13733856756038	0.193311880551162	0.811780606834171	-0.375780748150456
a.24	0.969908053047862	-0.365891158650792	-0.0445372474982735	-0.162926894326053
a.24	1.34289185848296	0.0877709246146819	-0.384682866819595	0.0633333283738839
a.24	1.34967872757135	0.117039166275455	0.231260918798562	0.135288226900204
a.24	-0.11125388306783	0.930943112183428	0.0185664135883631	-1.57630855569076
a.24	0.716696797835241	1.79761751754841	2.05871991409082	-0.455772310926598
a.24	-1.25910966022783	0.846899370376001	1.94020356640205	0.686784234979073
a.24	-1.18171590674202	-0.531411292431746	-1.06514839411958	-1.00438581544596
a.24	0.950781581514191	-0.227000694658913	-0.172908755460318	-0.0649054544118914
a.24	0.916370373498958	-0.433376106965731	0.303075082414756	0.284271493710454
a.24	1.30310622030449	-0.74004332174056	-0.720265177521	0.211368627736238
a.24	2.29472948795307	-1.50670463968408	-0.442290019450704	0.486835177960789
a.24	0.625532419412398	-0.711320161241377	-0.457833602647662	0.989320074042933
a.24	0.965958098136941	1.34911260598083	1.64664937348326	1.23178874014699
a.24	-0.200866681349226	-0.418023620571431	-0.161225575251905	0.163207311786996
a.24	2.57222388604353	0.368246521464343	0.0359807485801827	-1.6421469203816
a.24	-0.344712235364098	1.60265451238202	-0.199678674110074	-0.116409747404095
a.24	0.677742620635673	-0.766636279902917	-0.31045297723341	0.00771232465398519
a.24	1.43573649426709	-0.899883617820658	-0.314223817393443	0.403332073062379
a.24	1.60884018223896	-1.42680582969603	-2.60787794258582	-0.619394739332768
a.24	-1.6684154359933	0.429732647250034	1.41487918417284	-0.306420943191048
a.24	2.05044112296835	-1.00616233480156	-1.31236291459362	0.0704621664227505
a.24	1.35942665366921	-1.20969913482964	-0.731747709578129	0.0416492624997044
a.24	-0.919679224036544	-0.548228140660788	0.115418153370792	-0.924929793654903
a.24	0.0295254585887863	-1.18369498664123	-0.447951000828164	0.0945564740925355
a.24	0.45595423711286	-0.192302331082746	0.189893226534639	0.271720084057535
a.24	0.892890783292691	-0.614481861131307	-0.285203143509717	0.0652688808526476
a.24	1.67769989375156	-1.09426614615308	-0.671895447440615	0.859423491555128
a.24	1.58328703792642	-1.31470285777972	-0.700348914547418	0.825739405907685
a.24	1.19519911522514	-1.06273855027801	-0.374965354638449	0.461328749039834
a.24	1.07737659758958	-0.909067545390338	-0.581355932951963	-0.0139521149860062
a.24	0.640616574523171	-0.965277029791555	-1.30308684144628	-0.0293897160731206
a.24	-0.301078668024297	0.183386910241729	1.08576614982387	-0.125501722263907
a.24	1.18909431588303	-0.768974190512755	-0.257830205659036	0.978520433792831
a.24	2.41822189807364	-0.831570198845226	-0.79979125094212	0.167267503458173
a.24	2.03893812859801	-0.37668112683505	0.529535475610995	-0.690241567464132
a.24	0.37900032809897	-0.995378174895709	-0.57777880099726	-0.496386019133799
a.24	-0.70996963721121	-0.186030680874214	0.865518601498371	0.694774955006629
a.25	-0.203527501978887	-0.718934574559222	-0.407350198948948	-0.278314790965646
a.25	-0.5810311153384	-0.281806096286634	0.556177772046279	0.557817546569033
a.25	-0.568126819676687	-0.627026794825928	0.282904097584308	0.245795452714089
a.25	0.288262317120555	0.291855135876212	0.338942093344954	-1.52472541361911
a.25	-0.643136276426016	-0.696821710433797	0.300087147667306	0.492334650424019
a.25	0.00963076958143914	-0.907739107052054	0.101266146884539	0.355514627287953
a.25	0.215347709862997	-0.783337578194088	0.00985869121300595	0.119584308270053
a.25	0.020716058414651	-0.806958440654571	-0.532412766284086	0.0566129579013259
a.25	-3.01926488541418	-0.447882240348502	0.0797873489811919	-0.0451972731283512
a.25	-2.42760984967701	-0.156337213325955	0.270820351615324	0.064618995392628
a.25	-0.645050629742323	-0.47490700912397	0.755843420133087	0.309247207690585
a.25	-0.785550684241557	-0.916066788884638	-0.361627551646596	0.11914228548529
a.25	-0.108105338804835	-0.481543465862903	0.464056229215246	0.706128447882615
a.25	-0.939414822508337	-0.879734306261291	-0.472141019873328	0.154838501055577
a.25	-3.52456491584724	0.181848229449072	0.258423589782355	0.244853733411118
a.25	-3.93241682730961	0.0052662746483775	0.0309318632725927	0.28696341234517
a.25	-3.56214197487591	0.367176933384519	0.802148157746463	0.374529575071249
a.25	-4.05408897089314	0.0951146064060692	0.0107316520560019	0.566125840982761
a.25	-3.23790743469344	-0.242260471669669	0.79748750785979	0.517707721608448
a.25	-0.100595331200154	-0.700817779645279	0.533463676339284	0.292000889405632
a.25	-0.686550060013349	-0.438193531618661	1.15633349710839	0.145854841374103
a.25	0.0310037534603407	-0.543516108540439	0.443258359125712	0.375077297515144
a.25	0.534149972052672	0.329334025867563	-0.15434726742136	-1.57302835853153
a.25	-0.309740579560302	-0.646525694257707	0.681169926760755	0.992969270601977
a.25	-2.44135924920547	1.82835275519816	2.19133239737167	0.0813580315194654
a.25	-0.446068555688942	-0.379759280191589	0.725075735087024	0.14205345595157
a.25	-3.04881828136722	-0.00184827788661412	0.915528935375334	0.279939872612938
a.25	-2.19334197755796	-1.1622212706973	-0.26366008451693	0.0705155373221125
a.25	-0.948454117844972	-1.09286907012	-0.596821850563928	0.113265998417925
a.25	-2.67877394978117	-0.760891750395903	0.290096381387793	0.244567735392098
a.25	-1.0359327084439	-1.04682214897625	-0.917573398949463	0.236980609515916
a.25	-0.383135449334699	-0.470324998985268	0.245366726928511	0.586426116011239
a.25	-0.587335878213013	-0.964696090701492	0.0586456633192151	0.265913945663093
a.25	-3.10513215712796	-0.255168215489918	0.954617707181247	0.664502336518232
a.25	-0.856795693167955	0.635616809571477	1.99363581020301	0.0282240631897935
a.25	-2.66740500943514	-0.391494694386228	0.716897075244484	0.401126277320023
a.25	-0.260034914512648	-0.595010618748082	0.37017522840471	0.662065976476683
a.25	-0.72746144118673	-1.07645450892158	0.0050677759981754	0.326870587507509
a.25	-2.65350123113013	-0.221797587675492	0.68529941637123	0.267306529387714
a.25	0.374142677126731	-1.05325773438588	-0.575138997095858	0.720687697694841
a.25	-1.32096322790337	0.694154296182716	1.82922575450259	-0.00206185830636085
a.25	-1.18111186941057	0.39545169126259	1.79295346015821	0.0868976595496753
a.25	-2.02831719310399	-0.266043788236232	0.666529916064938	-0.158928126713627
a.25	-0.747676354843532	0.104623749055075	1.43516464911813	0.245562299259683
a.25	-0.607210303483364	-0.242813369780795	0.612424334890846	-0.0420172532578161
a.25	-0.262879685118512	-1.16044262323819	-0.118293501609687	0.493142325650639
a.25	-0.270032823483728	-1.22633065187264	-0.755693085023874	0.245129414376317
a.25	-0.982415865979815	-1.12397477346245	-0.427380468655059	0.127888467187449
a.25	-2.86590785919045	0.461840115546511	0.999207313396024	0.591978595725173
a.25	-0.0242097127665709	-0.710305593836339	0.390060396246427	0.0919952445710468
a.25	-0.452689695769486	-1.0063692813192	0.00642468164326211	0.472133522743688
a.25	-0.298817638131193	-0.122748555275011	0.53527625542208	0.201092437934017
a.25	-0.848895888999711	0.655054534075476	0.299811152745707	-1.21124272512584
a.25	-0.395975882562192	-0.830785570593954	0.351150112125921	0.0771166119723206
a.25	-0.575767788467994	-0.589621150938046	0.799424730950533	0.63160993797652
a.25	-0.604512160523956	-0.941577352709281	-0.0226992536914102	0.491859802142134
a.25	0.370912052186135	-0.345714770396584	0.519929229691435	0.206720979162003
a.25	-3.8789610132205	-0.284432610662395	-0.244553743979111	0.145523937593709
a.25	-3.01624419718842	-0.403631325490538	0.316863101828932	0.187262446713224
a.25	-1.45831871028439	-1.04754990240903	-0.616372789226524	0.0258707267148002
a.25	-1.89579302501432	-1.36095488469089	-0.329982600263235	0.000535863227759129
a.25	-0.142719531858482	-0.0467972408203431	0.589485474436533	0.724533141554297
a.25	-2.68130550449758	-0.320367100159371	0.530770848985858	0.628367010206114
a.25	0.110310915062207	-1.03614961720399	-0.708294710108337	0.290048831938347
a.25	-0.644744589848608	-1.02408144297753	-0.410455791961698	-0.0640989236797394
a.25	-2.71825850037343	-0.810829643707797	0.524059442249878	0.307298096672047
a.26	-0.402029971794515	-0.500292378536896	1.05585516713656	0.53080872037574
a.26	-0.814125567880931	-0.490277528967082	0.586250004140145	0.788091843183551
a.26	0.561211688860952	-0.315548315364313	0.825777933692914	0.937126239003095
a.26	-0.253611532918268	-0.29156687244191	1.55884966622982	0.832907722697103
a.26	-0.554852451889249	-0.449080632698441	0.392519508159684	0.524186375568625
a.26	-0.521488934179994	-0.704328283800268	0.266653212759621	0.361048107078554
a.26	-0.155444614283845	-0.847122867885357	-0.0760917288729543	0.264992229075111
a.26	1.46494135977945	0.770587788846022	1.21510789375865	-1.38548056595761
a.26	-0.602682686774857	0.668258835161498	1.75306572815818	0.860380363804599
a.26	0.330198622364536	-0.0623875654134879	-0.627154962073929	0.777978315443674
a.26	-0.55971459903291	-0.369279906150697	0.786457765800445	0.279458312989355
a.26	0.566732577984724	0.789509132149374	1.57566053084433	0.973723774802309
a.26	0.789291677868094	-0.000872166659024287	0.854399206700566	-0.28398724545995
a.26	-1.01571750911622	0.808635385086248	1.80279057284455	0.532664822319095
a.26	1.29360873867986	1.47718623936963	1.36572100953673	-1.52483722838453
a.26	1.89820116240602	1.92344138973738	1.2341295756817	-1.79948539046079
a.26	-5.9322158736909	31.4237003330529	-15.7871849620419	3.19560492820203
a.26	1.98416221987705	1.44493571221797	1.67918250378545	-0.991909392461081
a.26	-0.494053583013624	-0.265433048285209	0.801530694031663	-0.0465594620463168
a.26	-0.87558198586459	-0.147581808903015	0.879628471329943	0.935631407796417
a.26	1.48555840939712	1.74501382101958	2.16498582187104	1.06637162225596
a.26	0.228934860175803	2.09861007685193	1.61383607482426	-2.21536124940207
a.26	1.68520216549479	0.629940119219163	0.845991644310852	1.25466627686994
a.26	-0.888052680857852	-0.316319301669498	0.36635362584384	0.341199881164593
a.26	0.994904214934464	0.0602992787692303	0.543280568809947	0.654662288373487
a.26	-0.488899012608123	-0.382540468132775	0.888181524863335	1.10227406580304
a.26	-0.764628147060199	0.105302992930791	0.629527745115475	0.394976146460362
a.26	0.0194824493139417	-1.16173717349748	-1.14669093781026	-0.110976406441841
a.26	-1.46943848071375	0.985277517280106	2.28567454204741	0.759990825423554
a.26	1.32794118587692	0.549303484760806	1.20061562489381	0.854643842763731
a.26	-0.671142901375533	-1.20937163595251	-0.816118852262026	0.448636983702956
a.26	0.673880670380619	-0.116131723541226	0.467766846268157	0.817184645633695
a.26	1.1603471178668	-0.291326174555133	-0.990186933678974	0.344956727323881
a.26	0.302232039285714	2.19001071627099	1.41880389741896	1.9754347399842
a.26	1.58247644570932	-0.172154264525005	0.38763469543028	1.1205517013219
a.26	1.84875134975148	-0.347965609934032	-0.306936833187441	1.14544936483877
a.26	1.20500868791086	1.14859730108239	1.22271350452967	-1.75969687623081
a.26	0.599206409861087	-0.850721888457366	-0.311255832493252	0.395767770783557
a.29	-0.0758048558926643	-0.427069733877729	0.323474705663072	-0.238650252852481
a.29	1.79020002878532	-0.192727680716143	0.175184821686051	0.757452983079322
a.29	-0.118710938434283	-0.466917640502043	0.451448802871733	-0.467692855679312
a.29	0.464885522745426	1.45867503347604	1.6521688965214	0.149773326345704
a.29	0.693669302056091	-0.897283788168702	-0.466742064738871	0.274613930134143
a.29	0.0216980794514714	0.401385873232278	1.38174087878877	0.325505415026323
a.29	0.117376840631652	-0.336381572910267	0.49291316576516	-0.620615172428357
a.29	-0.383170405122936	-0.264293777003791	0.579037412906647	0.322901764022833
a.29	-0.0136957582973396	-0.207233034791345	1.0759117880601	-0.482532431332579
a.29	-1.05632411488889	0.0788111890957018	1.46699425522331	0.539554340853776
a.29	0.267048220531944	-0.0640934523298906	0.8246449150472	-0.276374641966521
a.29	-0.0310497609978973	-0.351462762574446	1.13484046845082	-0.237699564309095
a.29	-0.137496541869697	0.0255627219446345	1.41654328701283	-0.0343416021088753
a.29	1.73809496411764	-0.707392235546443	-1.27522715138172	0.210977532538349
a.29	-1.46241487732124	0.255184444160588	0.427346324267081	-1.06798174446279
a.29	-0.0498866159780752	-0.509904186933776	0.678436933732756	-0.196840100556481
a.29	2.38252587233915	-0.13706620642085	0.108382716952499	1.13881844140839
a.29	-1.15322782577	0.533208140476998	1.39993839844125	-0.0394670425007511
a.29	-1.15756150326608	1.58875842230376	1.11536932186018	-1.88161505710671
a.29	-0.0278968500750045	-0.6551370459472	0.222881489548029	0.115236527035678
a.29	-0.747229262596398	0.0858353876606604	1.51292317816677	0.310991324599034
a.29	-0.252815889364824	-0.830657235054622	-0.149238351036516	0.600278762434257
a.29	-0.130012178674652	-0.279660574476742	0.783054295219149	-0.157678896491044
a.29	-0.665230219260596	-0.0174465754948923	0.669305523753702	-0.570997059396505
a.29	-0.768391751154895	1.29523431374427	1.64737452181005	-1.69077815970124
a.29	0.22669945240566	-0.88136502944137	-0.722182739467949	0.0196462482547376
a.29	0.820939089637928	-0.339689746770551	0.0400273092090278	0.871917052796557
a.29	2.04741202555508	0.771731073850376	0.327751036274382	1.56213215861716
a.29	1.66683942650056	-1.01398056718996	-0.185705803864966	0.250427838776699
a.29	1.97140166547946	-0.141364518655859	-0.567892098759264	-0.0276418285628665
a.29	0.678747244918926	1.14353807675349	1.04551821608933	-0.237206641058761
a.29	-0.432694187864603	-0.44725638653464	0.26949841721958	-0.228724965488836
a.29	1.68109242706064	-1.43451770844625	-0.438536044316625	0.528226382254269
a.29	1.13447864206511	0.260070188478367	0.919838213307393	1.66616416885954
a.29	0.39475635653233	-0.784873923756057	0.379415481698636	0.486126463442154
a.29	0.644688603815064	-0.743500641923241	0.596524296978264	0.318944080477212
a.29	2.37591923685916	-1.10137802443291	-0.646470909064251	0.588855257945906
a.29	0.271411451642794	-0.660454309191326	0.516656123620655	0.769987058188897
a.29	1.15162756381206	-1.50244530209752	-1.24496968769439	0.167312370766603
a.29	1.42200976056815	-0.670658240911327	-0.149525900332383	0.881563459070406
a.29	-0.165310742221452	-0.403087935588125	0.481078388449612	-0.238225227328805
a.3	0.272932624988301	1.35590599343006	0.911836605425596	0.912907282205923
a.3	1.06356474700772	-0.0797601168202846	-1.30861199435737	0.994456702033152
a.3	0.518646214810191	-0.736830250948607	-1.74586743505808	0.528379640912249
a.3	1.24026233595613	-0.209735489892618	-0.870959889202705	1.19818432938329
a.3	1.53031815234859	-0.151853807975159	-0.816257333723828	1.42440901971691
a.3	0.886168460654783	-0.049988524693539	-0.571573097251954	0.835223740094231
a.3	0.71801825861343	-0.0305408525287003	-0.872212075784573	0.930828921411756
a.3	1.52701812608861	0.00478344749122248	-0.918234092969501	0.737095715046945
a.3	0.430715084441694	-0.43787831450159	-0.951646868247165	0.320282424554403
a.3	0.653996597099188	-0.493068777990977	-0.769135838782395	0.213751492115888
a.3	0.904237424246046	-0.060199830425595	-0.131599412362883	0.252553645579169
a.3	0.0493299369381341	0.491043128988439	-0.189258903383318	-1.05852793250153
a.3	1.56062860465646	0.0879459405852028	0.0212523520265291	0.508309608423686
a.3	0.257978982730173	1.39141889927607	0.75637680594917	0.923576310011982
a.3	1.77284342111328	-0.245292641043831	-1.60487042864378	1.13092347049672
a.3	1.2043269350789	-0.203893508568712	-0.823081227142596	0.809100307266912
a.3	-0.239678517542983	0.684934382773471	0.642724074972689	0.741728592352978
a.3	-0.341756601131626	2.13242973118606	1.34102986282456	-0.209556459132772
a.3	0.96843126785087	-0.102914862528731	-0.701739342493195	0.918604066154729
a.3	2.31884155563468	0.245672349076544	0.0224108853015535	0.28087080468656
a.3	0.375855346875455	-0.140679308812578	-0.443724357428074	0.86458666704284
a.3	1.95096728132975	1.91341517455677	1.06029135550343	-0.402351797141826
a.3	-0.615145333147661	1.28598854959782	1.07866007268598	0.235723721944637
a.3	-0.0424545332530919	2.7152736881313	1.75209209074374	-0.0812922225320473
a.3	0.505744155513767	0.505287422535052	0.0322446626436792	1.31643973405996
a.3	1.230190373508	0.0857406459828009	-1.11419628692566	0.478911773848619
a.3	1.7511545526904	-0.349616992523683	-1.41365478751903	1.19039026698041
a.3	1.72384633597985	-0.428445824755823	-1.20149642166908	0.794698720479781
a.3	-1.38174608609444	0.911550859588114	0.809697328624365	0.360226620921132
a.3	-0.0685391418313126	0.661945448064415	0.308352628373928	0.515425847817743
a.3	-0.0654660012875355	0.0231812645753069	-0.315060864785844	0.457937999618684
a.3	-0.641968506978275	0.702299250730706	0.903040608173006	0.320549713678362
a.3	-0.374596362666675	1.62900504172012	1.19239265207588	0.082386621251358
a.3	1.31433607257041	-0.308572444309596	-1.43493445201179	0.895953151956251
a.3	1.96897373089069	-0.612192115913201	-1.57019428153966	0.939092372648136
a.39	-0.502626027253657	-0.663631344821132	-0.688845225999612	-0.985743254150998
a.39	-0.456040957215316	-0.237507838390201	-0.610546329100702	-0.591896564532129
a.39	-0.826600715453549	-0.393299997945244	-0.421250940588868	-0.629247237843065
a.39	0.163701228137236	0.854599969631927	-0.42680999895088	-1.69794271164413
a.39	2.05118336722218	-0.228638606631913	-1.12731136990595	0.565383621055285
a.39	1.75510625755088	2.58964332733427	1.64142097084841	1.02900292861745
a.39	1.88932258069603	-1.17508405178476	-1.78324472193417	0.467241698061974
a.39	0.0836884819703761	-0.655031550457446	-0.610771674921951	0.871231650824848
a.39	0.179227489336642	-0.953671772009992	-1.58270213138147	-1.18657847477932
a.39	0.89546559377833	-0.600997152419077	-0.380972641864048	0.211869770698726
a.39	-0.0031146847390789	-0.180484708709501	-1.58178392012557	-1.69221388423039
a.39	-0.723659252318757	-0.807095345078083	-0.941477364340342	-1.24099473681395
a.39	0.336129354440579	0.846797633175549	-0.702538645449176	-1.41091337839381
a.39	0.323453961241604	-0.166023902464138	-1.8457378267609	-2.34709575050221
a.39	-0.588456092158585	-0.251923195094617	0.487719328545154	-0.147177270720083
a.39	-0.847406224376035	-0.00603865589070544	-0.229249458841517	-0.346108816563631
a.39	-2.57629865818665	-0.332351614823327	-0.258737730709469	-0.632484635088405
a.39	2.23079264057908	4.23562962022099	2.21910028326612	-0.238451983588315
a.39	-0.577600907158724	1.38926715413685	0.860984583565284	-1.5130993477793
a.39	-1.33577115270625	-0.532637374112044	-0.207753517801511	0.382179267683617
a.39	0.805569445954327	0.477967082935914	-0.666729671593912	-1.75875009711894
a.39	-0.449206056969186	0.21016184634697	0.999519905897467	-0.645669949758291
a.39	-0.421624538243712	-0.379350535049647	0.135279707370952	-0.453761649376343
a.39	-0.158155706567462	1.77468007295054	0.0302630729369307	-1.15759069388604
a.39	0.184380279918688	0.401542023681287	-1.00003401724735	-1.333167301409
a.39	-0.501968163052984	0.0648849916898717	-0.696736182225265	-1.39416821687892
a.39	0.0899334415730522	-0.899322082275176	-0.833242487638419	-0.486703001208735
a.39	2.46000372357505	1.65472467736885	0.952879668483137	0.712027973340143
a.39	0.355151776887236	-0.672071134957888	-0.266270803802033	-0.399929713097917
a.39	-0.564727263809099	0.181096746612919	-0.17989854953197	-0.537953735966312
a.39	-1.296212009881	-0.406980696920211	-0.654857649374075	-0.404636307902691
a.39	0.903750398878079	-1.06888326839478	-1.57323337407854	0.134556679228653
a.39	0.999530008732862	-0.881190701718308	-0.49614189570821	0.849108489493139
a.39	2.20544146786793	0.0468008646135804	-0.661045362118902	0.213412715521007
a.39	1.74506990898251	-1.20245684327797	-2.35599068047956	0.367436777951531
a.39	-1.34897354180523	-0.966413354558781	-0.667366965079148	0.524028686559592
a.39	0.0479436865283013	1.72167049755306	1.36704570336734	-0.737827365590589
a.39	1.9898436850241	-1.1950174771336	-2.35054484144075	0.0412401478572674
a.39	1.86122833870722	-1.45100029281202	-2.10673035151786	0.479709004128764
a.39	-0.790566377063469	-0.764918414971345	-0.660687752953393	-0.697667980889537
a.39	-0.453165542837966	-0.918089737100175	-1.03467083277968	-0.887224041810631
a.39	-0.76608151262473	3.09065359062466	1.18582717370925	-0.152914528415663
a.39	0.0265199401647875	-1.05506392950335	-1.15898245677137	-0.498066686257324
a.39	1.60837702632327	2.14205845530012	2.49388130559366	0.874953244921812
a.39	-1.28389583885206	-0.71305031160628	-0.418528244161503	0.439566046078297
a.39	-1.15885567321617	-0.581677253746465	-0.925767497054223	-0.328396872854124
a.39	0.832870258268716	0.772129237849979	-1.10808582224055	-2.31449821036271
a.39	0.356101765773117	0.699872735369542	-1.07906300066605	-2.11654423080359
a.39	-0.0786112797419835	0.318619136989172	-0.668453231069033	-1.28447977661412
a.39	0.427210444461829	4.51555214288742	2.12282506639632	1.178552173531
a.39	-0.73856936725427	-0.317112102346154	-0.0421373314881531	-0.356450412180451
a.39	-0.840320709705477	-0.456100784026396	-0.175282645096992	-0.513332325614899
a.39	1.10390891631296	1.06156409720416	0.604097594555424	0.654605797238505
a.39	-0.970942506234307	1.51399441855239	2.06544715549949	0.535785024695623
a.39	0.251678194866245	0.0552138344014524	-1.35236888042403	-1.67470725301687
a.39	0.235892030235864	-0.0434261045179925	-0.0420934054337665	0.610773851667184
a.39	-0.563453619190084	0.605330144972422	0.224682329645836	-0.945404206030687
a.39	0.274449087702442	-0.11699582595481	-1.2528933007753	-1.59855861730353
a.39	1.84800607552698	-1.4868666240684	-1.95711471888874	0.965871191655065
a.39	-1.02620650112712	-0.788038673179657	-0.586936976177649	-0.160934458449678
a.39	-1.02209718602117	-0.973687173146012	-0.900514862207709	0.514093067497475
a.39	-0.942398808530229	-0.750017672795289	-1.13925780061033	-0.791853418104487
a.39	0.553234676427693	0.449522133883146	0.172784001022673	-0.593168922194789
a.39	1.8018000428983	-1.16852619147134	-2.01072771022431	0.59766357671542
a.4	1.65515105619282	-0.51456867182976	-1.15449992617026	0.683628853856719
a.4	0.799138110856239	1.26659771078136	0.469114143948849	0.673382008170661
a.4	1.27038878583846	0.84576721318919	0.858718074864492	-0.0305663838866293
a.4	0.936942507113395	0.425067981439276	0.159147453627647	-0.360090347222208
a.4	2.29694005549007	1.60966149931537	-1.6582004694613	-1.95478732811631
a.4	1.55834805889715	0.661800472558906	1.34408445681248	0.443583535324235
a.4	1.38090997437201	-0.458315208481388	0.26883435469593	0.481562342228375
a.4	2.18334122863525	-0.871538475518129	-0.470407061557049	1.50004808719121
a.4	0.538858400452416	-0.00094131835661479	-0.448436019649672	-0.370662180083592
a.4	0.228592499745431	0.0802656987236614	0.259976864655182	0.704354142747753
a.4	2.1586674431489	0.869246149121139	0.684124482831281	-0.427933357452476
a.4	2.61425507224841	0.835187249094285	-0.370470001445314	-0.257279099546
a.4	2.62898527430555	1.67862418882977	0.376379996972091	-2.09016687434551
a.4	0.0873118834123039	0.809235193908249	-0.0179828035787987	0.673332174562395
a.4	1.67139015256903	0.460680731795858	-0.98191138970248	2.05856234529209
a.4	1.14907724283013	0.711310210456465	1.12915708037444	0.137730426238503
a.4	1.72251094518047	1.86349401009108	0.16619118723847	0.929726314552168
a.4	1.73708035411911	0.711587460942128	0.296983049996297	-0.361423530778937
a.4	1.94478405280698	1.44114014691834	0.563748523652228	1.61868209002899
a.4	2.03479606899519	0.869833062984868	0.314244627693148	0.524237046298647
a.4	1.60519991653724	1.30337175623037	0.49931181862346	0.737962021695584
a.4	0.722645766029012	0.795965072007793	0.576902388077523	-1.63638908383863
a.4	2.88616509531693	1.11396229674013	-1.26511672589506	-2.95482810887374
a.4	2.18455804397498	-0.593467275364731	-1.57692760339902	1.03699206211285
a.4	2.0987394245242	0.688758558792432	0.918919546911778	1.13124003753265
a.4	0.686169854451299	-0.337002928325265	-0.0573886778702789	0.377800671805341
a.4	0.0029994262142075	0.577151144889962	0.518146117055441	-1.02862733558848
a.4	2.21667067522301	1.0955138532449	1.01679198088794	0.227435900267467
a.4	2.17508389841468	0.454894850775064	1.02825321978964	0.00516011255184831
a.4	0.408662353359476	-0.221402826835845	0.16230187822129	-1.1695386980901
a.4	0.436069306295148	0.886016565147465	0.660972972155319	-1.02098434455618
a.4	2.09959401025508	-0.555354554385299	-0.153808026861838	0.491452783305986
a.4	0.675175981984217	0.316347524491728	0.0127624836244862	0.789125551837724
a.4	0.343023382353051	-0.650716662808866	-0.0788386661391659	0.22537464476434
a.4	0.648250600212534	0.8900630541021	-0.1478453793152	-0.580198290061202
a.4	0.152838567271192	0.185707805475278	0.980916831905271	0.851664611572233
a.4	0.974369858430389	-0.0956046771759396	0.377957760742281	-0.401229802708436
a.4	1.4125216904882	0.897138015033875	-0.977149396223336	-1.64191216638114
a.4	1.65904588901482	-0.379404956928334	-0.572013634662642	0.744801587326695
a.4	1.13720245352861	0.947508256309332	0.56658382339933	-0.356702499130659
a.4	1.10516281087163	0.229899433792542	-0.752545636223362	-0.750717126398023
a.4	0.847185208330148	2.96512959185238	0.879181984432045	-2.11827466279236
a.4	1.46614356946946	-0.461874287394257	-0.662097970352569	0.661450411000672
a.4	1.35280425743668	0.0316646170173092	0.15473553166214	1.17063790207372
a.4	1.55807671486063	-0.70617971535901	-1.27627796348515	-0.672768123685415
a.4	2.17523339208864	4.76487433267039	0.264597539511693	-0.148318287143192
a.4	2.13505115847184	0.704253965904814	-0.197000260774214	1.38831231729692
a.4	1.5404073546454	0.588728359085924	-0.394087424842243	0.870927558992286
a.4	1.43922209274315	0.679973050191928	0.105766200263179	-0.251894898509685
a.4	0.367525809260836	0.277067089120461	-0.45667751113664	-1.85499419689403
a.4	2.38332078466503	1.76274378970893	0.564625806217869	0.950896404499422
a.4	2.03164447779227	-0.201921339557872	-1.18091858699583	-0.773119715862844
a.4	1.38035469893817	1.03727640370264	-1.11459061286238	-1.92262855671342
a.4	2.11191714959681	0.673027263140991	-0.0805855195908294	-0.585290794303117
a.4	1.57454339341653	1.28449503147641	0.656773440573638	1.59033054325808
a.4	2.52907738952245	1.19971836618574	0.326344361070157	-0.326867209814934
a.4	2.65591672053233	0.963029353325134	-1.18432930078472	-2.77989933167645
a.4	2.2544976402831	1.34701632727189	0.157242988027209	-1.72720558157392
a.4	2.35580679038311	0.875159191353912	0.49333703299132	-0.362713688935065
a.4	1.90877962957743	0.654788786126378	0.473074534512805	0.669749632208451
a.4	-1.20392698839918	-0.573907829717339	-1.10060123557604	-0.673184473472204
a.4	1.27550659722149	2.69354698104365	1.92219273889246	1.57738506519957
a.4	2.30835045622137	-0.180944482627196	0.279163795463658	1.36651143189128
a.4	2.4273361479838	3.40060098022192	3.04875630652869	0.803197115413259
a.4	1.49820858712924	4.38724838256545	2.88130056223606	1.49236433931671
a.4	2.04713243358287	-0.0978582232207153	-0.320464519494272	1.14175758375838
a.4	1.7179324792931	1.16000172600651	0.105487366799491	-1.12056039749462
a.4	2.81679075037195	0.644601138733397	0.574171006474174	0.110408981612571
a.4	0.419717546016688	-0.187297423197248	0.72994696770733	0.175690313339462
a.4	2.16252920699631	-0.494739545918371	-1.19329836377287	-1.07333855261166
a.4	-0.424544431355845	0.629392966386689	1.20524249388541	-1.28297442525563
a.4	1.55873513600974	0.234482493332401	-0.122714231743646	-0.1382418475158
a.4	2.25381940342684	0.908991764536906	0.311631191814071	1.52054993735036
a.4	1.55409272592096	1.07724286149891	0.682214135698952	0.0469888241477704
a.4	2.3233093921536	0.532506598140568	-0.226952341540877	-0.886280815071709
a.4	0.7169374974901	0.383684847673679	0.119784745988001	-1.12519654510965
a.4	1.25904520928616	0.710251428709294	0.0524680862521304	0.563099641866215
a.4	0.569677480620013	0.236720276878711	0.670052070813837	-1.50329307312237
a.4	1.60784450513452	2.23092816211641	1.10328981826389	-0.275447738309025
a.4	0.29437523707944	2.53637867152462	1.83814073306725	-0.283272727512634
a.4	0.717149036576815	0.255341761065746	-0.52594764817885	-1.48538082265536
a.4	2.27054602691269	1.85539140548551	1.44513499618724	0.452075685420642
a.4	1.52193751071443	1.28757878913189	0.543789702959073	0.982026085272723
a.4	2.51671967516464	4.10820232519613	0.529024921929059	1.02349040249993
a.4	2.71423966040217	-0.162817938150429	-1.10331411364108	-0.394261057852045
a.4	2.40808230804029	-0.329095347832699	-0.403508796244607	1.10136444603539
a.4	1.85336193598325	0.619925061875137	0.200244208461907	-0.541638144769219
a.4	0.538126507710004	0.952417983526138	0.11355242984283	-2.07612592450962
a.4	0.516014961762763	1.91719232529028	2.11465010254212	-0.575503208723723
a.4	0.529564320140706	0.396350018535619	0.58108225618312	-0.737781266812605
a.4	0.787743799455889	0.106448872197448	0.458223947638395	-0.926359227286893
a.4	-0.109684332655731	1.12038540744493	0.860775284561137	-1.39543447788465
a.4	0.419949767155085	-0.113195707295036	-0.293742024248235	-0.33689243936952
a.4	0.461990548859471	0.115357855515804	-0.0248401912696527	1.45821737015745
a.4	1.74603292981488	0.0658067226194386	-0.685395456832221	-1.01245711373831
a.4	2.63972957436944	0.568129530982737	0.142720204373205	0.266267855141283
a.4	-0.0253323561336265	0.34512381097906	1.0106981192218	-0.70729761970735
a.4	1.44999676817894	0.711837532576058	-0.106576731528338	-1.5830173216457
a.4	2.62007439255285	0.647619824085414	-0.363361266909436	-1.11110084518741
a.4	1.32136090630013	4.41719248410718	0.792690024259315	3.01314989138056
a.4	0.752997749551759	0.646307387823132	1.0615109548512	-1.5186294011885
a.4	1.05668492694553	0.107920897195195	-0.72560270217258	0.59980656362575
a.4	1.79561750344085	0.127878363775018	-0.00853494403251323	1.04664751989798
a.4	1.00632147724683	1.74170736079303	0.795472921793356	1.42620981609448
a.4	0.257995279213405	1.51425259161375	1.47144521699602	1.19356004537625
a.4	1.52312602177164	1.26596605941036	0.751459265335523	1.23593587126282
a.4	-1.04091191438814	1.80388788485408	0.986946817785005	-2.17741522318589
a.4	0.573765457820627	0.296830279614951	1.61268233034152	0.331698157986735
a.4	1.82252467125782	1.13549250746147	-0.0990294515082851	1.65404079727244
a.4	1.95470219624006	0.159513657118315	-1.25661703191697	0.960466446740241
a.4	1.77627556660134	1.13076468079577	0.173715710234754	0.101957343882626
a.4	0.608559917965569	-0.0602598302948814	0.542637606648161	-0.702529407436973
a.4	0.938389790536106	0.347016063466502	0.352697676963267	-1.57862362000281
a.45	0.633400694564218	-0.0534203622965644	0.550948609907162	0.182627653144857
a.45	0.838163166720616	-0.782291617201407	-0.803648928840564	-0.282052411714314
a.45	0.298509883153719	0.301030635156277	0.819085837614725	-0.557180499783835
a.45	0.512221114890743	-0.283898333240706	0.178890231838433	0.396171858100113
a.45	-0.758164399947729	2.44505429795518	2.01095336028619	0.118385889702067
a.45	-0.815377092425358	2.46939882133523	1.78293134498754	-0.0843382457677851
a.45	0.424553448902663	-0.535861268512634	-0.34535569283224	-0.383499138192219
a.45	1.69591758972032	0.234284450798488	0.299672296803508	0.586943236585851
a.45	0.369002456355136	-0.762922406556848	-0.574653089395211	-0.224710859479303
a.45	1.31536505706735	-0.363503173067378	0.465326029248293	-0.124013964798759
a.45	0.28316545073313	0.00231177844775671	0.470496397045384	-0.288803008219376
a.45	0.44415109550547	0.165034823076	-0.507598097305469	0.420286674304423
a.45	1.14140748851399	-0.812621002796842	-0.530557341451812	-0.265163483862258
a.45	0.10453815207456	-0.950882119946628	-0.85346570243785	0.133189214473409
a.45	0.61941287420791	-0.640863628343324	-0.431489204719019	0.190461216318914
a.45	0.93254549167858	-0.634007015378588	-0.367190503541073	0.0623016666602295
a.45	0.588070455359588	-0.4906267751165	-0.305182784564449	0.110908350139825
a.45	0.308716954254281	-0.0707918462566667	0.426691777192204	-0.297974452763054
a.45	0.488071710487824	-0.773586210745915	-0.433925483955907	-0.377229268273387
a.45	1.00513221153215	-0.499379480646023	0.393167088154587	0.746961939316427
a.45	0.899611766512617	-0.418292622474596	0.468943536876144	0.358568402838691
a.45	0.836581564960073	-0.430882595413682	-0.0893327761628975	0.169037945174398
a.45	-0.134743940841742	0.185994591169031	0.257919103449483	0.395252486377027
a.45	0.250573064343049	0.253807441994419	1.10785888080948	-0.182304195429681
a.45	0.896593244006405	-0.634863470296468	-0.723785007572854	-0.35714994306525
a.45	1.02361612058478	-0.435461835370289	-0.0984508940024554	0.418384540449729
a.45	0.210933923316047	-0.580123034122054	-0.396407323901558	-0.0211255725284502
a.45	1.14352528168999	-0.626861947896709	-0.622216866874113	-0.166157045525545
a.45	1.01692985670076	0.088060603020057	0.72583877840499	0.457003461907687
a.45	0.201080448386062	0.0348861885963886	0.428269019387141	-0.0524873048907711
a.45	0.796683834037915	-0.352770289162932	-0.0024129257298834	0.549341693138597
a.45	1.00556008410616	-0.348679843358622	-0.439519532754882	0.315360574129254
a.45	0.952182488546797	-0.727819585630508	-0.28951641476785	0.220053059508852
a.45	0.779239538755935	-0.937892183373648	-0.466780062531341	0.265545122401904
a.45	0.566536138420988	-0.830257424640182	-0.389046874782422	0.416106147531468
a.45	1.74750192288091	-0.620593444688559	-0.692112617016972	-0.03762286366564
a.45	1.08169745658272	-0.478463264348167	-0.306489452239075	-0.420706738661388
a.45	0.492310492011689	-0.386737130524429	-0.184952581206846	0.346239590860719
a.45	-0.195734516074858	-0.621633460429165	-0.180816289793945	-0.943871320998693
a.45	0.551281572136098	-0.625564588079023	-0.210032785117705	0.430156332006014
a.45	0.444326225993978	-0.466994259277178	-0.139123070407248	0.463002892411886
a.45	0.838633970781091	-0.02220997578337	0.34986483216607	0.705243755567079
a.45	0.508507110243957	-0.578267003090709	-0.463813252646978	-0.252093839405532
a.45	-0.0145019238504849	-0.694425673451946	0.238743960479446	0.0216539983514091
a.45	0.833625867797166	-0.229290203417907	0.211978277684416	0.309021167841547
a.45	0.56759195906892	-0.466710629785205	-0.426417916303701	0.465194943801033
a.45	0.471014819302208	-0.158723244725527	0.257519010787118	0.320498665861779
a.45	-0.443147813767488	-0.293711372023347	0.232266583792825	-0.462992312033237
a.45	0.595561963697439	-0.454714331019574	-0.36171425956615	0.0246540294026273
a.60	1.42917244644626	2.45649272119984	0.326359225732431	-1.64588214840412
a.60	1.07416610624286	2.62547571851616	0.965242000772971	-1.89005824924525
a.60	1.50789811185143	5.51752405645242	-0.531321510168822	-2.20910999559085
a.60	1.92334148392245	-0.483557179950613	-0.214309939477171	0.0161250468386394
a.60	-1.13378817905829	0.257079578110577	-0.371295459350135	0.168783699562378
a.60	2.11244445708898	-0.628011009202148	-0.550392781096657	-0.216655227168127
a.60	1.99438084692695	-0.650701702462416	-0.360993132892427	-0.00432318836567987
a.60	1.83650128691119	0.8980844688162	0.7354609988725	0.241076057252937
a.60	1.74149511885131	-0.75650831760031	-0.688544102127231	-0.0942358001944847
a.60	2.12986450480726	-0.666721010447414	-1.69163067343301	1.69637622790013
a.60	1.17320889486411	3.24271868668521	0.213305816308473	-1.44637382475012
a.60	1.40648090088248	-0.382636292139582	-0.281130562272388	-0.202966312599734
a.60	1.95645847965295	-0.694430373281854	-0.292828243990952	-0.162594680808176
a.60	1.93567451758497	-0.927237052013904	-0.745996577271604	-0.343567522853725
a.60	1.31678130989793	-0.343062260350787	-0.253370052178092	-0.236654906162842
a.60	1.59736849967446	3.54987714251864	0.921775326670667	-0.992751919460543
a.60	1.12985876728515	1.71561294885483	0.0623419738740682	-2.02350813634472
a.60	0.26473997177794	4.39460814639792	1.47549614175372	-2.11414089960199
a.60	-1.16386172105343	0.131420840507314	-0.782273511191577	0.139879652604584
a.60	1.99010147345804	-0.545850494748366	-0.600958283455214	-0.414358858098271
a.60	2.06190417641525	-0.690176403200778	-0.852752347461963	-0.566363458417806
a.60	2.26094559852327	0.367686599569976	-0.995600499724165	-0.825034032984425
a.60	0.828136772005696	-0.0991863675318416	-0.156624824657735	-0.894904276553667
a.60	2.29735930222691	-0.453849120990376	0.0575826048159904	1.28339880839757
a.60	1.01886123730291	-0.395445336343345	0.0737999485796187	0.143513807421525
a.60	0.743405047440152	0.466467952028996	0.295144549233015	-0.0282050157426522
a.60	1.58624126796063	3.00454996428171	2.08134250850373	1.68033772113066
a.60	1.92744062378396	-0.782070369147444	-0.681156711877463	-0.270113025819261
a.60	0.976751449213098	2.68917934676889	0.980392494253352	-1.33831033522368
a.60	1.70296439181448	-0.227849881519048	-1.24349569438044	1.13926895821269
a.60	1.94284912978826	-0.765719737666283	-0.732176651453171	-0.332373856216839
a.60	2.01265052708834	-0.651145227889305	-0.627422422575604	-0.357396359186625
a.60	1.92437708249699	-0.525787628208247	-0.948729862722647	-0.403394395050056
a.7	1.56783960964508	0.784499577392995	0.415584276576149	0.998144128035437
a.7	2.3248750228801	-0.599093064300817	-0.650743795824946	-0.307020608246049
a.7	1.9338431694692	-0.767508034657439	-0.853222872556617	-0.485890744528016
a.7	-0.661971337190322	0.111914335523083	0.614940879660805	-1.46539909910629
a.7	-0.167285359271936	0.961665972023187	1.48035447503544	-0.926138950574405
a.7	2.23942552473876	-0.557004771995448	-1.43751461933921	-0.90482381807073
a.7	0.870395085932085	-0.00843663073926471	-1.42095643972947	-0.626380998311319
a.7	1.40586639827574	-0.563590818017618	-0.758659217773028	-0.245589237025518
a.7	1.106895579971	-0.120233083938105	-0.243702905830507	-0.170056734364296
a.7	1.62270524244172	-0.196207819834291	-0.035317031357935	-0.155221683089921
a.7	0.694899004994514	0.181608026865801	0.698355180627995	-0.0938612135981042
a.7	1.72948004946296	-0.367660433989608	-0.378277030326305	-0.354825117667202
a.7	0.503037848314673	-0.421098382076299	0.0272863665963541	-0.0853983517797321
a.7	0.760977028740246	2.93178357496321	3.09875325238387	0.407496928873446
a.7	0.301538276551414	1.03096572226158	1.59938125746752	0.161589276142691
a.7	0.386684877770688	1.39510299832878	1.57835534960485	0.765288512137879
a.7	1.22782107833862	0.380409849630035	0.395511421002695	-1.59936407639647
a.7	0.293996127154291	1.66315211090106	1.89537410429612	0.398168535898823
a.7	2.03225898007144	0.89177394357415	1.29685953510417	-0.527755350642429
a.7	-0.085304381183318	3.54483269447178	3.18497847584819	-1.72066331796463
a.7	0.698443402062938	0.468576070575526	0.689632928482078	-1.29922644792662
a.7	2.427482966829	0.494028392989356	0.356170431098462	-0.308751649901563
a.7	1.026736241814	-0.374467856331314	-0.649074480479899	-0.539943521614655
a.7	0.932514766667632	0.412848443666194	0.00676311444569359	-0.112482906373707
a.7	2.05248420593807	-0.266023644319036	0.0959216327786467	0.0652767559809155
a.7	2.28042261679663	-0.0272818157727676	0.193093489630733	-0.186137687371019
a.7	-2.00009519016471	-0.663742009698125	0.68644063774269	0.176848839127162
a.7	-1.80985618105304	-0.695143148161822	0.0624514013070812	0.0418655488774895
a.7	0.984477641153533	1.92230616129156	-0.271114369834974	-2.49973475135205
a.7	2.21235328228641	-0.586663847883135	-0.655768272577155	-0.485876056896778
a.7	1.97311761113218	-0.638845197779597	-0.623708363075694	-0.18594320322754
a.7	2.53362120887674	-0.329206178109861	-0.462598948321933	-0.221525986668588
a.7	1.78672489521185	-0.862566169398177	-0.46162424501522	-0.103614963543158
a.7	2.68897940370846	-0.40349130417355	-0.16237442210057	0.0372341382553874
a.7	2.10118769810455	5.53397903064903	1.81453862543724	1.24080721088463
a.7	2.16782140993513	0.10094751711444	-0.165999417807452	0.0925465679774804
a.7	-1.6526938678787	-0.66975311133091	-0.186309235361482	-0.273069892522239
a.7	-1.20724067469488	1.64249203681307	1.50137549013677	-0.727120108196867
a.7	2.5932444354023	4.41881077724696	2.80242621456015	-0.179771286900277
a.7	2.16330920268561	-0.640279832204535	-0.488116880206301	0.271816524504818
a.7	2.49921192113192	1.57660681688097	0.0146609608146455	-2.74594927651308
