a.118.1	0.159957	0.0483813	0.0451559	0.0211444	0.2345	0.0496954	0.005973	0.0222196	0.0071676	0.032971	0.0391829	0.0297456	0.0170828	0.0265201	0.00095568	0.0301039	0.00585354	0.0492175	0.0504121	0.00561462	0.00274758	0	0.00489786	0.0278342	0.00489786	0.0017919	0.005973	0.0115876	0.00143352	0.00155298	0.00692868	0.00549516	0.00430056	0.00489786	0.0236531	0.0005973	0.00203082	0.0017919	0.00322542	0.00155298	0.00011946	0.00083622
a.118.1	0.147376	0.0465276	0.0552372	0.0279624	0.196424	0.0437772	0.0105432	0.0208572	0.01146	0.027504	0.0490488	0.0256704	0.0128352	0.0293376	0.0020628	0.0362136	0.0073344	0.0520284	0.0430896	0.0050424	0.003438	0.0002292	0.0041256	0.029796	0.0043548	0.0027504	0.0075636	0.010314	0.0013752	0.0029796	0.012606	0.0084804	0.0043548	0.009168	0.0311712	0.001146	0.0050424	0.0020628	0.004584	0.0032088	0	0.0009168
a.118.1	0.128065	0.0504087	0.0585831	0.0349682	0.140327	0.0426885	0.0227066	0.0290645	0.0195277	0.0317893	0.0576748	0.0213442	0.0168029	0.0304269	0.00862852	0.0317893	0.0118074	0.0349682	0.0345141	0.00817439	0.00227066	0.000454133	0.00454133	0.0304269	0.00908265	0.00726612	0.00772025	0.0118074	0.00635786	0.00635786	0.0127157	0.00953678	0.00862852	0.00908265	0.0317893	0.0013624	0.00726612	0.00454133	0.00817439	0.00454133	0	0.00181653
a.118.1	0.130153	0.0463609	0.0475841	0.0239755	0.202324	0.0501529	0.0151682	0.0244648	0.0103976	0.035474	0.0453823	0.0348624	0.0189602	0.0281346	0.00110092	0.0324159	0.00733945	0.0479511	0.0426911	0.0066055	0.00244648	0	0.00513761	0.0300917	0.00685015	0.00195719	0.00856269	0.0121101	0.00244648	0.00452599	0.00966361	0.00733945	0.00477064	0.00844037	0.0296024	0.000244648	0.00171254	0.00513761	0.00452599	0.00159021	0	0.00134557
a.118.1	0.117438	0.0567488	0.0472906	0.0234483	0.161773	0.0510345	0.0228571	0.0293596	0.0204926	0.0419704	0.0364532	0.0374384	0.0183251	0.0348768	0.00472906	0.0405911	0.00669951	0.0396059	0.0484729	0.0141872	0.00295567	0.000394089	0.00669951	0.0234483	0.00689655	0.0070936	0.00610837	0.00965517	0.00433498	0.00315271	0.0124138	0.0112315	0.00512315	0.00906404	0.0214778	0.000985222	0.00236453	0.00275862	0.00512315	0.00256158	0.00157635	0.000788177
a.118.1	0.115705	0.0554939	0.0474473	0.0280244	0.148724	0.0493896	0.0149834	0.0335738	0.0208102	0.0380133	0.0457825	0.0377358	0.0260821	0.0208102	0.00971143	0.0349612	0.0110988	0.0332963	0.0441176	0.0169256	0.00471698	0	0.00416204	0.0258047	0.00804661	0.00665927	0.00860155	0.013596	0.00610433	0.00665927	0.00971143	0.00915649	0.00804661	0.0063818	0.0266371	0.00166482	0.00499445	0.00416204	0.00471698	0.00665927	0.000554939	0.000277469
a.118.1	0.125782	0.0460327	0.0506764	0.0244296	0.17767	0.0403796	0.0129215	0.0254391	0.0161518	0.0428023	0.049465	0.0359378	0.019786	0.025641	0.00242277	0.0401777	0.0096911	0.0428023	0.0397739	0.0096911	0.00484555	0.000605694	0.00545124	0.0310923	0.0104987	0.00363416	0.0113063	0.0104987	0.00242277	0.00524934	0.0131234	0.00787402	0.00565314	0.00646073	0.0260448	0.000807591	0.00323037	0.00323037	0.00585504	0.00262467	0.000807591	0.00100949
a.118.1	0.141951	0.0522355	0.0472185	0.0252324	0.199941	0.045743	0.0157887	0.0318725	0.0104766	0.0413162	0.0476612	0.0333481	0.0129851	0.0231666	0.00295116	0.0349712	0.00575476	0.0423491	0.0430869	0.00767301	0.00191825	0.000295116	0.00413162	0.0246422	0.0073779	0.00324627	0.00752545	0.0132802	0.00398406	0.00413162	0.00944371	0.00855836	0.00309872	0.0056072	0.0234617	0.000442674	0.0028036	0.00295116	0.00383651	0.00221337	0	0.00132802
a.118.1	0.137798	0.060816	0.0488838	0.0280985	0.173595	0.0469592	0.0207852	0.0300231	0.0157814	0.0411855	0.0369515	0.0365666	0.0103926	0.0188607	0.0107775	0.0319477	0.00577367	0.0369515	0.0438799	0.0111624	0.00269438	0	0.00500385	0.0280985	0.00577367	0.00577367	0.00885296	0.0123172	0.00384911	0.00461894	0.0107775	0.0150115	0.00153965	0.00769823	0.02194	0.00153965	0.0034642	0.0034642	0.00423403	0.00423403	0.00153965	0.000384911
a.118.1	0.156934	0.0624088	0.0416058	0.0215328	0.208759	0.0726277	0.00583942	0.0310219	0.00766423	0.029562	0.0262774	0.0193431	0.0178832	0.0372263	0.00109489	0.0270073	0.00437956	0.0485401	0.0587591	0.010219	0.00182482	0.000729927	0.00547445	0.0240876	0.00474453	0.00255474	0.00510949	0.0127737	0.00839416	0.000364964	0.00620438	0.00729927	0.00218978	0.00510949	0.0178832	0.000364964	0.000364964	0.00218978	0.00218978	0.000729927	0.000364964	0.000364964
a.118.1	0.146077	0.0488108	0.0454384	0.0292865	0.21388	0.0450834	0.0115371	0.0307064	0.0145545	0.0243166	0.0367412	0.027334	0.0211218	0.0282215	0.00461484	0.0308839	0.00621228	0.0354988	0.0459709	0.00425985	0.00230742	0.000354988	0.00390486	0.0333688	0.00674476	0.00230742	0.00727725	0.0122471	0.00550231	0.00479233	0.00958466	0.00603479	0.00319489	0.00603479	0.029464	0.00106496	0.000887469	0.00532481	0.00496983	0.00248491	0.000354988	0.00124246
a.118.1	0.12406	0.0526316	0.0557644	0.0244361	0.156642	0.0501253	0.0162907	0.0194236	0.0125313	0.0419799	0.0457393	0.0432331	0.0206767	0.033208	0.00125313	0.0438596	0.0125313	0.0451128	0.0438596	0.00626566	0.00626566	0	0.0056391	0.0238095	0.00313283	0.00250627	0.0093985	0.014411	0.00501253	0.00689223	0.0106516	0.0100251	0.00438596	0.0100251	0.0225564	0.000626566	0.00438596	0.0037594	0.0037594	0.0018797	0	0.00125313
a.118.1	0.138978	0.0533824	0.0386562	0.031063	0.197423	0.0651173	0.00920387	0.0243902	0.0158767	0.0303728	0.0352048	0.0225495	0.0133456	0.0225495	0.00345145	0.0239301	0.00529222	0.0377358	0.0407271	0.0124252	0.00115048	0.000230097	0.00299126	0.0444087	0.00805338	0.00437184	0.00598251	0.0133456	0.00529222	0.00184077	0.0105844	0.00966406	0.00529222	0.0105844	0.0347446	0.00069029	0.00414174	0.00299126	0.00598251	0.00253106	0.000920387	0.00253106
a.118.1	0.137946	0.0546496	0.0599383	0.023799	0.165271	0.0427501	0.0141031	0.023799	0.012781	0.0383429	0.0550903	0.0405465	0.0132217	0.0260026	0.00484795	0.0489202	0.00837373	0.0475981	0.0370207	0.00749229	0.00440723	0.000440723	0.00793301	0.0215954	0.00749229	0.00528867	0.00661084	0.0110181	0.00352578	0.00528867	0.012781	0.00881446	0.00264434	0.00705156	0.0180696	0.000440723	0.00308506	0.00308506	0.00396651	0.00352578	0	0.000440723
a.118.1	0.133385	0.0514007	0.0469031	0.0274994	0.192624	0.0476741	0.0155487	0.0295554	0.00963763	0.0362375	0.0430481	0.0344384	0.0204318	0.0208173	0.00179902	0.0299409	0.00835261	0.0403495	0.0469031	0.00603958	0.00205603	0.000257003	0.00372655	0.0309689	0.00989463	0.00334104	0.00950912	0.0138782	0.00411205	0.00295554	0.00912362	0.00860961	0.00411205	0.00873811	0.0291699	0.000899512	0.00295554	0.00385505	0.00475456	0.00205603	0.00102801	0.00141352
a.118.1	0.134913	0.0506175	0.0453533	0.0245664	0.204427	0.0520348	0.0143754	0.0282783	0.0125531	0.0372545	0.0427212	0.0323277	0.0126881	0.0291557	0.00364446	0.0328002	0.00681649	0.0419788	0.0433961	0.00796383	0.00215968	6.749e-05	0.00357697	0.0294257	0.00830128	0.00458932	0.00722143	0.0116758	0.00377944	0.00344199	0.0102585	0.00830128	0.00310454	0.006749	0.027131	0.00053992	0.00155227	0.00242964	0.00398191	0.00256462	0.00040494	0.000877371
a.118.1	0.143445	0.0435038	0.0540858	0.0305703	0.186949	0.0382128	0.00881834	0.0276308	0.0111699	0.0329218	0.0605526	0.0276308	0.0135215	0.0241035	0.00176367	0.0288066	0.00764256	0.0440917	0.042328	0.00646678	0.00411523	0.000587889	0.00352734	0.0346855	0.00470312	0.00117578	0.00999412	0.00940623	0.00176367	0.00235156	0.0141093	0.00764256	0.00587889	0.00940623	0.0352734	0.00176367	0.00411523	0.00293945	0.00881834	0.00293945	0	0.000587889
a.118.1	0.119769	0.0501446	0.0474446	0.0244937	0.167599	0.0489875	0.0140791	0.0414658	0.0179364	0.0379942	0.0487946	0.0318226	0.0210222	0.0308582	0.00366442	0.0320154	0.0096432	0.0422372	0.0424301	0.011379	0.00347155	0.000192864	0.00327869	0.0248795	0.00829315	0.00694311	0.00848602	0.0121504	0.00443587	0.00501446	0.0108004	0.00848602	0.00520733	0.00925747	0.0262295	0.000385728	0.00289296	0.00443587	0.00617165	0.00308582	0.00154291	0.000578592
a.118.1	0.163708	0.0571992	0.0433925	0.030572	0.21499	0.0414201	0.00295858	0.0266272	0.0128205	0.0394477	0.0384615	0.0226824	0.0118343	0.0167653	0.00394477	0.0216963	0.00197239	0.0414201	0.0443787	0.0118343	0.00197239	0	0.00295858	0.030572	0.00986193	0.00197239	0.0108481	0.0147929	0.00295858	0.00295858	0.00690335	0.00887574	0.00197239	0.00690335	0.0295858	0.000986193	0.00394477	0.00493097	0.00394477	0.00295858	0	0.00197239
a.118.1	0.130709	0.0513386	0.0491339	0.0289764	0.165669	0.0466142	0.0170079	0.0255118	0.0107087	0.04	0.0513386	0.0327559	0.0154331	0.024252	0.00377953	0.0390551	0.00661417	0.0469291	0.0450394	0.00755906	0.00503937	0	0.00440945	0.0274016	0.00598425	0.00566929	0.0107087	0.0119685	0.00314961	0.00598425	0.0138583	0.0122835	0.00314961	0.00944882	0.0223622	0.000314961	0.00251969	0.00472441	0.00535433	0.00440945	0.00125984	0.0015748
a.118.1	0.144675	0.0656397	0.0455459	0.0247823	0.167448	0.0582719	0.00535834	0.0308104	0.0207636	0.0488948	0.0375084	0.0361688	0.00937709	0.0200938	0.00535834	0.0448761	0.00401875	0.0361688	0.0395177	0.0207636	0.00602813	0	0.00669792	0.0234427	0.0100469	0.00669792	0.00736772	0.0087073	0.00468855	0.00133958	0.00937709	0.0113865	0.000669792	0.00334896	0.0200938	0	0.00133958	0.00200938	0.00468855	0.00468855	0.000669792	0.000669792
a.118.1	0.129516	0.048525	0.0474777	0.0251353	0.196369	0.0507942	0.00942573	0.0277535	0.0102985	0.0312445	0.0422412	0.0335137	0.020597	0.0274044	0.00593472	0.0328155	0.0134404	0.0392739	0.0417176	0.00837843	0.00366556	0.000349101	0.00384011	0.0296736	0.00680747	0.00366556	0.0118694	0.0127422	0.00506197	0.00558562	0.00907663	0.00802932	0.00680747	0.00837843	0.0281026	0.000872753	0.00209461	0.00314191	0.00401466	0.00192006	0.000523652	0.00192006
a.118.1	0.137704	0.052396	0.0458136	0.0252765	0.180885	0.0521327	0.0176409	0.0252765	0.0121116	0.0429173	0.0447604	0.0352817	0.014218	0.0279094	0.00263296	0.0373881	0.00684571	0.0434439	0.0418641	0.0123749	0.00289626	0.000263296	0.00421274	0.0276461	0.00605582	0.00552923	0.00816219	0.0131648	0.00473934	0.00289626	0.00921538	0.00816219	0.00105319	0.00605582	0.0265929	0.000789889	0.00263296	0.00342285	0.00289626	0.00315956	0.000526593	0.00105319
a.118.1	0.138241	0.0517382	0.0478528	0.0202454	0.207975	0.0505112	0.0155419	0.0179959	0.0106339	0.0419223	0.0456033	0.0370143	0.0137014	0.0265849	0.00245399	0.0384458	0.00858896	0.0427403	0.0505112	0.00920245	0.00429448	0	0.00511247	0.0229039	0.00429448	0.00306748	0.00654397	0.0110429	0.00204499	0.00327198	0.00838446	0.00756646	0.00347648	0.00593047	0.0216769	0.00122699	0.00327198	0.00265849	0.00306748	0.00204499	0.000408998	0.000204499
a.118.1	0.120567	0.052971	0.0502073	0.0249885	0.17538	0.044795	0.0233763	0.0252188	0.0130124	0.0465223	0.0457163	0.0405343	0.02614	0.0255643	0.00414556	0.0305159	0.0110548	0.0376555	0.0453708	0.0109397	0.000921234	0.000921234	0.00345463	0.023146	0.00771534	0.00414556	0.00978812	0.0146246	0.00356978	0.00414556	0.00783049	0.00829111	0.00644864	0.0080608	0.0257946	0.000921234	0.00264855	0.00472133	0.00380009	0.00115154	0.00207278	0.00115154
a.118.1	0.131169	0.046603	0.0503993	0.0234324	0.199764	0.0503993	0.0178034	0.0256578	0.0107344	0.0327268	0.0481738	0.0332504	0.0157089	0.0298468	0.0036654	0.0345595	0.00798534	0.0477811	0.047912	0.00602173	0.00170179	0	0.00497447	0.028145	0.00589082	0.00248724	0.00759262	0.0091635	0.00314177	0.00471266	0.00811625	0.00877078	0.00392722	0.0104726	0.0227779	0.00104726	0.00222542	0.00314177	0.00392722	0.00261814	0.000654536	0.00091635
a.118.1	0.12605	0.0470979	0.0445574	0.0287278	0.198945	0.0500293	0.0142662	0.0238421	0.00957592	0.033418	0.0369357	0.0341997	0.0168067	0.0252101	0.0021497	0.0316592	0.00625366	0.040258	0.0433848	0.00566738	0.00293141	0	0.00312683	0.0341997	0.00586281	0.00410397	0.0101622	0.0175884	0.00390854	0.00488568	0.0128982	0.00879422	0.0050811	0.0093805	0.0343952	0.00117256	0.00312683	0.00683995	0.00605824	0.00351769	0.000781708	0.0021497
a.118.1	0.120285	0.0465214	0.0458927	0.0253562	0.180847	0.0484074	0.0211651	0.0354149	0.0194887	0.0345767	0.0494552	0.0259849	0.0190696	0.0255658	0.00628667	0.0312238	0.00838223	0.0427494	0.045264	0.00733445	0.00314334	0.000419111	0.00293378	0.0278709	0.0111065	0.00440067	0.0106873	0.0119447	0.00754401	0.00481978	0.0108969	0.00649623	0.00544845	0.00880134	0.0272422	0.000419111	0.00440067	0.00272422	0.00565801	0.00167645	0.00125733	0.000838223
a.118.1	0.1576	0.0553311	0.045073	0.0211377	0.206403	0.0506683	0.00839291	0.0298415	0.0124339	0.0382344	0.0422754	0.0382344	0.0177184	0.0211377	0.00217594	0.0304632	0.00714952	0.0354367	0.0522226	0.00963631	0.00124339	0.000310849	0.00528443	0.0242462	0.00373018	0.00155424	0.00621697	0.0105689	0.00310849	0.00341933	0.00839291	0.00839291	0.00341933	0.00528443	0.0239353	0	0.00155424	0.00186509	0.00248679	0.00279764	0	0.000621697
a.118.1	0.124065	0.048469	0.0433928	0.0249986	0.199989	0.0541455	0.0164838	0.0289286	0.012281	0.0346597	0.0437749	0.0346051	0.0153376	0.0263632	0.00251078	0.032531	0.00753234	0.0418645	0.0439932	0.00927897	0.00218329	0	0.00420283	0.0312756	0.00802358	0.00436657	0.00780525	0.0130997	0.00354784	0.00365701	0.0106435	0.00878773	0.00447574	0.00769609	0.0284919	0.000327493	0.00267453	0.00442116	0.00496698	0.00251078	0.000709568	0.000927897
a.118.1	0.129237	0.0471398	0.0524364	0.0381356	0.17161	0.0391949	0.0121822	0.0238347	0.0164195	0.0301907	0.0481992	0.0243644	0.0201271	0.0248941	0.00794492	0.0338983	0.0100636	0.0370763	0.032839	0.00476695	0.00158898	0.000529661	0.00158898	0.0317797	0.00582627	0.00688559	0.0148305	0.0201271	0.00688559	0.00635593	0.0148305	0.00847458	0.00582627	0.0100636	0.0317797	0.000529661	0.00847458	0.00317797	0.00582627	0.00370763	0.00211864	0.00423729
a.118.1	0.137175	0.0484447	0.0489546	0.0260071	0.189189	0.045895	0.0112188	0.0260071	0.00968893	0.0428353	0.0397756	0.0326364	0.0101989	0.0326364	0.0101989	0.0413055	0.00764916	0.0443651	0.0494646	0.00917899	0.00611933	0.00152983	0.00764916	0.027027	0.00203978	0.00254972	0.00509944	0.0101989	0.00356961	0.00305966	0.0112188	0.00560938	0.00407955	0.00764916	0.027027	0.000509944	0.00152983	0.00509944	0.00356961	0.00152983	0.000509944	0
a.118.1	0.124322	0.0514115	0.0512245	0.0239297	0.179286	0.0484203	0.01533	0.0299121	0.0164517	0.0317816	0.0415031	0.0353337	0.0194429	0.030473	0.00392597	0.0321555	0.0127127	0.0469247	0.0422509	0.0102823	0.00243036	0.000373902	0.00486072	0.026734	0.00747803	0.00336511	0.0110301	0.0125257	0.00598243	0.00411292	0.00766498	0.00878669	0.00616938	0.00878669	0.0263601	0.0011217	0.00317816	0.00355207	0.00467377	0.00261731	0.000560852	0.000560852
a.118.1	0.135689	0.0501792	0.0506912	0.0276498	0.176651	0.0435228	0.0112647	0.0261137	0.00921659	0.0450589	0.0435228	0.0322581	0.0143369	0.0327701	0.00870456	0.0399386	0.00870456	0.0378904	0.0486431	0.00921659	0.00716846	0.00102407	0.00665643	0.0302099	0.0030722	0.00256016	0.00512033	0.00921659	0.0030722	0.00460829	0.0143369	0.00716846	0.00460829	0.00768049	0.0276498	0	0.0015361	0.00563236	0.00358423	0.0015361	0.00102407	0.000512033
a.118.1	0.141881	0.0567525	0.0535996	0.0315292	0.166579	0.0467683	0.017341	0.0294272	0.0115607	0.0341566	0.0399369	0.0315292	0.017341	0.020494	0.00735681	0.0325801	0.00630583	0.0451918	0.0383605	0.0105097	0.00262743	0	0.00315292	0.0299527	0.00525486	0.00157646	0.00840778	0.0126117	0.00420389	0.00683132	0.0141881	0.00945875	0.00472937	0.00788229	0.0241724	0.00157646	0.00578035	0.00630583	0.00578035	0.00578035	0	0.000525486
a.118.1	0.142756	0.0478215	0.0460503	0.0283386	0.211831	0.042508	0.0143464	0.031881	0.0145236	0.024265	0.0402055	0.0256819	0.0210769	0.0272759	0.00478215	0.0301098	0.00655331	0.0403826	0.0451647	0.00690755	0.0021254	0.000354233	0.00354233	0.0327666	0.00655331	0.0010627	0.0102728	0.0131066	0.0042508	0.0053135	0.00991853	0.00708466	0.00247963	0.00478215	0.0292242	0.00123982	0.0010627	0.00371945	0.00478215	0.00194828	0.000354233	0.00159405
a.118.8	0.165192	0.0513274	0.0466077	0.0283186	0.20767	0.0525074	0.00589971	0.0153392	0.0117994	0.0336283	0.0442478	0.0283186	0.00825959	0.00825959	0.000589971	0.0365782	0.00176991	0.0418879	0.0489676	0.00294985	0.00530973	0	0.00294985	0.0365782	0.00471976	0.00530973	0.00648968	0.0106195	0.000589971	0	0.0135693	0.0129794	0.00412979	0.00825959	0.0377581	0	0.00471976	0.000589971	0.00176991	0.00294985	0	0.000589971
a.118.8	0.136923	0.0482051	0.054359	0.0374359	0.170769	0.0405128	0.00769231	0.0169231	0.0112821	0.0369231	0.0497436	0.0302564	0.0123077	0.0179487	0.00153846	0.0466667	0.00410256	0.0358974	0.0369231	0.00461538	0.00307692	0	0.00205128	0.04	0.00564103	0.00615385	0.0107692	0.0174359	0.00153846	0.0025641	0.0184615	0.0138462	0.00564103	0.0102564	0.0379487	0.000512821	0.00871795	0.0025641	0.00461538	0.00461538	0	0.0025641
a.118.8	0.140197	0.0465498	0.0514786	0.0410734	0.185104	0.0427163	0.00547645	0.0191676	0.0120482	0.0317634	0.0438116	0.0230011	0.0120482	0.0115005	0.00164294	0.041621	0.00273823	0.0476451	0.0301205	0.00164294	0.00273823	0.000547645	0.00109529	0.0481928	0.00438116	0.00657174	0.00821468	0.0158817	0	0.00219058	0.0230011	0.0136911	0.00766703	0.0060241	0.0481928	0	0.00711939	0.00219058	0.00273823	0.00383352	0.000547645	0.00383352
a.118.8	0.119624	0.0474673	0.0487416	0.0318573	0.176649	0.0453966	0.0143358	0.0181586	0.0199108	0.0371137	0.0492195	0.028353	0.0168844	0.0211851	0.00270787	0.0426888	0.00477859	0.0457152	0.0344059	0.00653074	0.00254858	0.000477859	0.00159286	0.036158	0.00764575	0.00637146	0.0093979	0.0157694	0.00254858	0.0035043	0.0178401	0.010035	0.00605288	0.0058936	0.0401402	0.000477859	0.00684932	0.0023893	0.00509716	0.00382287	0.00159286	0.00207072
a.118.8	0.116273	0.0508014	0.0586797	0.0271665	0.139908	0.0437381	0.0184732	0.0141266	0.0233632	0.0399348	0.0497148	0.0459114	0.0236349	0.0220049	0.00407498	0.0565064	0.0116816	0.0478131	0.0279815	0.0116816	0.00516164	0	0.00135833	0.0271665	0.00461831	0.00516164	0.00842162	0.0108666	0.00162999	0.0062483	0.0160283	0.0152133	0.00896496	0.00869329	0.0266232	0.00190166	0.00461831	0.00407498	0.00407498	0.00325998	0.00108666	0.00135833
a.118.8	0.134638	0.052359	0.0483314	0.0350978	0.160529	0.0304948	0.0120829	0.0195627	0.0132336	0.0397008	0.0500575	0.018412	0.0270426	0.0120829	0.00172612	0.0368239	0.00690449	0.0408516	0.0546605	0.00920598	0.00172612	0	0.0023015	0.0287687	0.0120829	0.00632911	0.00978136	0.0224396	0.0023015	0.00287687	0.0143843	0.0109321	0.00978136	0.00460299	0.0443038	0.00172612	0.00805524	0.000575374	0.00460299	0.00460299	0.00172612	0.0023015
a.118.8	0.129265	0.0460472	0.0503467	0.0269071	0.182802	0.050208	0.0131761	0.0281553	0.0151179	0.0331484	0.0521498	0.0324549	0.0170596	0.0271845	0.00249653	0.040638	0.00721221	0.0434119	0.0402219	0.00596394	0.00332871	0.000138696	0.00443828	0.026491	0.00665742	0.00443828	0.00929265	0.0126214	0.00332871	0.00319001	0.0133148	0.0101248	0.00499307	0.00790569	0.0303745	0.00110957	0.00346741	0.00208044	0.00443828	0.00249653	0.000138696	0.00166436
a.118.8	0.134615	0.0514129	0.0529827	0.0341444	0.177786	0.0345369	0.00588697	0.0192308	0.0184458	0.0423862	0.0463108	0.027865	0.0125589	0.0180534	0.00470958	0.0435636	0.00470958	0.0416013	0.0361068	0.00981162	0.00392465	0	0.00392465	0.0333595	0.00745683	0.00353218	0.00863422	0.0196232	0.00549451	0.00313972	0.0153061	0.0102041	0.00313972	0.00549451	0.0376766	0.00196232	0.00510204	0.00470958	0.00549451	0.00313972	0.000392465	0.00156986
a.118.8	0.158325	0.0447546	0.0500481	0.0346487	0.193455	0.0466795	0.00721848	0.012512	0.0115496	0.0384986	0.0519731	0.0226179	0.00962464	0.0129933	0.0014437	0.0442733	0.00384986	0.0437921	0.0346487	0.00433109	0.00240616	0	0.000962464	0.0409047	0.00433109	0.00433109	0.00818094	0.014437	0.00192493	0.0014437	0.0182868	0.0120308	0.00288739	0.00481232	0.0380173	0.000481232	0.00577478	0.00192493	0.00433109	0.00433109	0	0.000962464
a.118.8	0.149969	0.0473264	0.0497849	0.0338045	0.200369	0.0436386	0.00368777	0.0147511	0.0122926	0.0393362	0.0497849	0.0325753	0.0104487	0.016595	0	0.0350338	0.0043024	0.0381069	0.0405655	0.00614628	0.00307314	0	0.0043024	0.0374923	0.00184388	0.00491703	0.0110633	0.0135218	0	0.000614628	0.0190535	0.0141364	0.00614628	0.00553165	0.0288875	0	0.00676091	0.000614628	0.00676091	0.00491703	0	0.00184388
a.118.8	0.153813	0.0441302	0.050557	0.0321337	0.203942	0.0428449	0.00771208	0.012425	0.00942588	0.0372751	0.0497001	0.0252785	0.00985433	0.0149957	0.00214225	0.0462725	0.00385604	0.0437018	0.0407027	0.00299914	0.00556984	0	0.00299914	0.0342759	0.00471294	0.0017138	0.00814053	0.0154242	0.00214225	0.00257069	0.0167095	0.00814053	0.00299914	0.00685518	0.0329906	0.000856898	0.00556984	0.00428449	0.00428449	0.00385604	0.000428449	0.0017138
a.118.8	0.180832	0.0470163	0.0533454	0.0271248	0.231465	0.0470163	0.00723327	0.00271248	0.00994575	0.0325497	0.0488246	0.034358	0.00632911	0.00813743	0	0.0488246	0.0045208	0.0443038	0.034358	0.00542495	0.0045208	0	0.00361664	0.0298373	0.00361664	0.00271248	0.0045208	0.0117541	0	0	0.0144665	0.00904159	0.0045208	0.00180832	0.0253165	0	0.00271248	0	0.00180832	0.0045208	0	0.000904159
a.118.8	0.141324	0.0495434	0.0474886	0.0321918	0.172146	0.0472603	0.00776256	0.0189498	0.0148402	0.0420091	0.0511416	0.0289954	0.00799087	0.0127854	0.000684932	0.0420091	0.00296804	0.0531963	0.0392694	0.00639269	0.00296804	0.000456621	0.00182648	0.0342466	0.00707763	0.00776256	0.0100457	0.0171233	0.00319635	0.00114155	0.0148402	0.0118721	0.00365297	0.00342466	0.043379	0.000456621	0.00502283	0.00205479	0.00388128	0.00342466	0.000456621	0.00273973
a.118.8	0.151108	0.0466772	0.0534019	0.0320411	0.207278	0.0423259	0.0065269	0.0108782	0.00969146	0.0308544	0.0532041	0.0274921	0.00870253	0.0164161	0	0.0452927	0.00276899	0.0498418	0.0363924	0.00237342	0.00336234	0	0.00217563	0.0350079	0.00474684	0.00454905	0.00969146	0.0150316	0.00039557	0.00178006	0.0148339	0.010087	0.00534019	0.00613133	0.0391614	0	0.00474684	0.000988924	0.00375791	0.00316456	0.000197785	0.00158228
a.118.8	0.113837	0.0504405	0.0464674	0.0286751	0.167732	0.0443945	0.0172741	0.0186561	0.0171014	0.0430126	0.0528589	0.0373121	0.0203835	0.0188288	0.00224564	0.0371394	0.00829159	0.0412852	0.0459492	0.0127829	0.00535498	0.000172741	0.00328209	0.0281568	0.00880981	0.00673691	0.00673691	0.0155467	0.00328209	0.00345483	0.0131283	0.0120919	0.00760062	0.00915529	0.030748	0.000518224	0.00604595	0.00241838	0.00397305	0.00449128	0.00138193	0.00224564
a.118.8	0.171039	0.0608604	0.0514166	0.023085	0.173137	0.0503673	0.0104932	0.023085	0.0146905	0.0503673	0.0419727	0.0398741	0.00734523	0.0115425	0.00104932	0.0398741	0.00524659	0.0503673	0.0503673	0.0104932	0.00209864	0	0.00209864	0.023085	0.00314795	0.00629591	0.00944386	0.0115425	0.00209864	0.00314795	0.0104932	0.00944386	0.00314795	0.00104932	0.0178384	0.00104932	0.00104932	0.00314795	0	0.00104932	0.00104932	0.00104932
a.118.8	0.121068	0.0536225	0.0477836	0.0262154	0.174214	0.0507626	0.0201382	0.0183508	0.0165634	0.0476644	0.0450429	0.0375357	0.0157293	0.0222831	0.00691134	0.0407531	0.00786463	0.039919	0.0365825	0.0122736	0.00393232	0.000476644	0.00238322	0.0272879	0.00607722	0.00417064	0.00846044	0.0142993	0.00297903	0.00405148	0.0137035	0.0128694	0.00536225	0.00726883	0.0278837	0.000953289	0.00405148	0.00262154	0.00440896	0.00321735	0.000953289	0.00131077
a.118.8	0.145892	0.0519358	0.0439093	0.0325779	0.185552	0.0514636	0.00519358	0.00849858	0.0118036	0.0424929	0.0472144	0.0278565	0.00944287	0.0151086	0.00188857	0.0424929	0.00519358	0.0472144	0.0439093	0.00566572	0.00188857	0	0.000944287	0.0415486	0.00236072	0.00519358	0.00802644	0.0212465	0.003305	0.000472144	0.0160529	0.0108593	0.00188857	0.003305	0.0382436	0	0.00566572	0.000944287	0.00424929	0.00472144	0.00141643	0.00236072
a.118.8	0.123919	0.0513492	0.0542311	0.0269845	0.166623	0.0416558	0.0212209	0.0251506	0.0154572	0.0343201	0.0476814	0.0419177	0.018077	0.0282945	0.0018339	0.037202	0.00838355	0.0463715	0.036416	0.00890752	0.0036678	0	0.00628766	0.0288184	0.00681163	0.00392979	0.00890752	0.0120513	0.0055017	0.00392979	0.0133613	0.0110034	0.00785958	0.0107414	0.0256746	0.00104794	0.00497773	0.00209589	0.00288184	0.00261986	0.000523972	0.00130993
a.118.8	0.145684	0.0544255	0.0527763	0.0329852	0.182518	0.042331	0.00769654	0.0131941	0.0186916	0.0379329	0.0505772	0.0296866	0.00879604	0.0159428	0.00164926	0.048928	0.00219901	0.0434305	0.0362837	0.00934579	0.00384827	0	0.00329852	0.0329852	0.00549753	0.00494777	0.00659703	0.0131941	0.000549753	0.00219901	0.0170423	0.0115448	0.00384827	0.00494777	0.0324354	0.000549753	0.00659703	0.00219901	0.00549753	0.00549753	0.000549753	0.00109951
a.118.8	0.125482	0.0519171	0.0515502	0.0326546	0.169877	0.0447624	0.0113741	0.0165107	0.0203632	0.0370574	0.0515502	0.0289855	0.0161438	0.0172445	0.00201798	0.0431114	0.00513667	0.0442121	0.036874	0.0073381	0.00421941	0.000550358	0.00220143	0.0366905	0.0069712	0.00587048	0.00862227	0.0148597	0.00311869	0.00238488	0.0166942	0.0119244	0.00623739	0.00678775	0.0388919	0.000550358	0.00642084	0.00201798	0.0038525	0.0038525	0.00146762	0.00165107
a.118.8	0.168464	0.0549563	0.0503338	0.0272214	0.196199	0.0477658	0.0046225	0.0128403	0.011813	0.0441705	0.046225	0.0287622	0.00924499	0.011813	0	0.048793	0.00359527	0.039548	0.0441705	0.00513611	0.00719055	0	0.00256805	0.0313303	0.00308166	0.00616333	0.00564972	0.011813	0	0.00102722	0.0133539	0.0102722	0.00308166	0.00513611	0.0318439	0	0.0046225	0.00102722	0.00205444	0.00359527	0	0.000513611
a.118.8	0.138512	0.0456227	0.0505549	0.0415125	0.182902	0.0394575	0.0053432	0.0193177	0.0156186	0.0337032	0.0448007	0.027127	0.0127415	0.0189067	0.00205508	0.0398685	0.00369914	0.0361693	0.0287711	0.00246609	0.00082203	0	0.00205508	0.0411015	0.00575421	0.00616523	0.0115084	0.0197287	0.00287711	0.00246609	0.0221948	0.0123305	0.00493218	0.00986436	0.0423346	0	0.00411015	0.0053432	0.00780929	0.00575421	0.00082203	0.00287711
a.118.8	0.150587	0.0490046	0.0617662	0.0306279	0.179173	0.0331802	0.00663604	0.014293	0.0117407	0.0398162	0.0459418	0.0301174	0.02195	0.0255232	0.00459418	0.0520674	0.00969883	0.0444104	0.028586	0.00459418	0.00204186	0.00153139	0.00102093	0.0301174	0.00255232	0.00255232	0.0122511	0.0148035	0.00306279	0.00357325	0.0148035	0.0107198	0.00765697	0.00816743	0.0306279	0.000510465	0.00459418	0.00153139	0.00102093	0.00102093	0.000510465	0.00102093
a.118.8	0.144573	0.0557157	0.0504323	0.0321806	0.191643	0.0413064	0.0139289	0.0168108	0.00912584	0.0398655	0.048511	0.0317003	0.012488	0.0129683	0	0.0417867	0.00384246	0.0379443	0.0422671	0.00768492	0.00432277	0	0.00288184	0.0360231	0.00384246	0.00480307	0.006244	0.0172911	0.00288184	0.00192123	0.0129683	0.0172911	0.00384246	0.00480307	0.0297791	0	0.00720461	0.000480307	0.00384246	0.00240154	0.000480307	0.00192123
a.118.8	0.110357	0.0488467	0.0425147	0.0280416	0.170285	0.0440977	0.0217096	0.0219358	0.025554	0.0298507	0.049299	0.0284939	0.0153777	0.0194482	0.00791497	0.0357304	0.0104025	0.0357304	0.0522388	0.0140208	0.00407056	0.000904568	0.00226142	0.0298507	0.0149254	0.00927182	0.012664	0.0131162	0.00565355	0.00565355	0.0137947	0.00972411	0.00678426	0.00520127	0.0305292	0.000678426	0.00474898	0.00248756	0.00678426	0.00633198	0.00113071	0.00158299
a.118.8	0.135562	0.0494083	0.048578	0.0305169	0.181026	0.0529375	0.0101723	0.018061	0.0166078	0.0373677	0.04754	0.0286485	0.0114179	0.0139091	0.00186838	0.0442184	0.00581275	0.046502	0.0406892	0.00809633	0.00435956	0	0.00166078	0.0361221	0.00768113	0.00788873	0.0110027	0.0134939	0.00311397	0.00124559	0.0130787	0.00851152	0.00435956	0.00581275	0.0330081	0.000622794	0.00560515	0.000830392	0.00435956	0.00581275	0.00103799	0.00145319
a.118.8	0.135396	0.0501338	0.0481563	0.0276841	0.184599	0.0515296	0.011632	0.0175643	0.0154705	0.0369896	0.0478074	0.0293126	0.0164011	0.0152379	0.00186111	0.0426893	0.0053507	0.045481	0.0433872	0.00965453	0.00476911	0.00011632	0.00267535	0.0324532	0.00721182	0.0053507	0.00988717	0.0140747	0.00267535	0.00104688	0.0153542	0.00953821	0.00511806	0.00546702	0.030941	0.00011632	0.00511806	0.000930557	0.00442015	0.00430383	0.000814238	0.00127952
a.118.8	0.131714	0.0499766	0.0499766	0.0289584	0.16908	0.0565156	0.0163475	0.0205511	0.0200841	0.0406352	0.0439047	0.0280243	0.0177487	0.0144792	0.00186829	0.0387669	0.00607193	0.0411023	0.0443718	0.00934143	0.00373657	0.000467071	0.00280243	0.032695	0.00700607	0.00607193	0.00934143	0.0144792	0.00467071	0.0032695	0.0163475	0.00840729	0.00700607	0.006539	0.0345633	0.000934143	0.00280243	0.0032695	0.00233536	0.00233536	0.000467071	0.000934143
a.118.8	0.0920305	0.0475269	0.0491595	0.0211029	0.127766	0.0607087	0.0276333	0.0252751	0.0264845	0.0426896	0.0556899	0.0370057	0.0266054	0.0293869	0.0118515	0.0494014	0.0154795	0.0422058	0.0362801	0.0146934	0.00272101	0.000544201	0.00187447	0.0239449	0.00864675	0.00725602	0.00888862	0.0125771	0.00616761	0.00580481	0.0149353	0.0111259	0.00755835	0.00985609	0.021889	0.00157214	0.00405128	0.0021768	0.00326521	0.00344661	0.0014512	0.0012698
a.118.8	0.0854198	0.0518945	0.050682	0.0215823	0.113974	0.0573507	0.0258866	0.0242498	0.0378903	0.0464383	0.0554107	0.0394059	0.0326159	0.0270991	0.0168536	0.0410427	0.0155199	0.0395878	0.0369809	0.0196423	0.00309185	0.000666869	0.00200061	0.0195211	0.0076993	0.0103668	0.00945741	0.0115793	0.00697181	0.00751743	0.0142467	0.0132768	0.00763868	0.00848742	0.0209154	0.00169748	0.00303122	0.0024856	0.00315247	0.00375871	0.00151561	0.00139436
a.118.8	0.0830121	0.050113	0.0531038	0.0208693	0.108069	0.0568257	0.0326997	0.0206035	0.035757	0.0417387	0.0509105	0.0342284	0.0390137	0.0335637	0.0161505	0.0420045	0.0204706	0.0458594	0.0311046	0.0204041	0.00239266	0.00119633	0.00272498	0.0243919	0.00897248	0.00957065	0.010767	0.0136249	0.0046524	0.00611458	0.0138243	0.0111658	0.00784262	0.0117639	0.0180114	0.00199389	0.00392131	0.00219327	0.00292437	0.00305729	0.00152865	0.000864017
