1.20.1050	-0.426978431010816	1.12188928104787	0.139367515515931	-2.4155632151402	-1.48856035522001	-0.545189649153254	1.06320589389822	0.990457399259145	-0.493938368255842
1.20.1050	-2.68347865964797	2.12941643462105	1.32035840046617	-2.65235236956364	-1.63802017259243	0.571039130801551	0.888068828324221	0.202401411739731	-0.0500745909568841
1.20.1050	-8.55313522674977	-0.554032596982454	1.14852672936233	-2.14058875468305	-0.0702467150841719	-0.587576874706192	1.062901507824	-0.111785283665071	0.247306669072369
1.20.1050	-0.167231426984294	0.131783867517356	-1.22544051423859	-1.66392248171004	-1.49409835435356	-0.214673741045873	0.0699064119811588	0.928076492156422	-0.867812755314632
1.20.1050	-1.72098858130684	0.235660046318786	-0.482316908114392	-2.95040063574153	-0.873353916188957	0.225971039157695	-0.225829931593498	0.0833987938191457	0.15466305369393
1.20.1050	-1.86427374368866	1.04364829545503	0.35644366916463	-1.04381561948681	-0.424098067292231	1.12842927969001	-0.159092287051898	0.206911779382922	-1.25840744511209
1.20.1050	-2.7268243902965	2.40050614568103	0.924952329152113	-0.0891346023859522	-0.274681014985093	1.19923307218242	-0.699156517592321	-0.212112916427116	-0.185929414221789
1.20.1050	-1.45477265549854	0.26155396909911	0.538327383887721	-2.2046791222204	-1.44841419555094	-0.527920128096769	-0.849033222645812	-0.675921080894578	0.417386640780415
1.20.1050	-1.86572373508767	1.09940351386221	-0.170127795225865	-2.52062757346148	-0.0590225219680451	0.106407553875555	-0.455458794324587	0.339003648367128	0.214756345389429
1.20.1050	1.7599090652726	0.137290397414	1.43459381446765	-2.19409164810477	-2.75663939670179	0.30882277113478	2.08469095183801	-0.178664808879799	-0.00998972823227521
1.20.1050	0.973197107471715	2.06321057449704	1.33927369449447	-2.40301544385989	-1.23597372813354	0.43015964034567	-1.95895834673327	-0.671388668349854	1.17593284478225
1.20.1050	0.351870292155881	-1.17733402072674	0.739474087527981	-1.42627237997808	-2.01676479502907	-0.281004128424953	0.186939000166985	0.297566799431334	-0.125291456558011
1.20.1050	-3.04181333811272	-0.218335263803702	0.963914312852465	-1.94694436076677	-0.82242405386119	0.163947392950349	0.0463796796248884	-0.0694677998431474	0.608999303386327
1.20.1050	-4.00143548012122	0.163158026159369	0.977928726785975	-2.36546414330535	-0.109705041213891	0.254257177069323	1.11666750970092	-0.301778017414351	-0.00198358098455348
1.20.1050	2.70861318566558	-1.10404110118146	1.34187693999828	-1.35207465550703	-2.86340552185467	-0.0819471155164158	-0.5960186180516	-0.349010951901314	-1.9925599227115
1.20.1050	2.27208420455471	-1.72277199061069	0.899554439568136	-1.18074239233477	-2.87671086690605	0.0576466668458488	-0.884725188027779	0.732770829466215	0.14461666916105
1.20.1050	-0.153179905609834	1.41166918614542	0.155871951734324	-2.16913230447566	-2.21727846582829	0.32383603422633	0.31805985434743	1.20072551346689	0.144314440879694
1.20.1050	-2.48421616812161	1.27326654173086	0.7829633658567	-3.32291807561034	-1.01652322992296	0.52920636911582	0.209156674945399	0.139933812029514	0.926238960738118
1.20.1050	-2.74739800234247	2.01414743094599	0.425613817460126	-0.601111032869704	-0.614290264137384	0.0252307127517848	0.393586270840689	-0.658247518187909	0.475597494806783
1.20.1050	-1.61981808135406	0.50418605877369	1.35906349746421	-1.96846780862844	-1.37437073262132	-0.439335819213648	-0.602054896344315	-0.349012550641027	0.792061981366669
1.20.1050	0.828240538213717	0.901347122301266	0.864697073252813	-2.10039611359022	-1.40541204610981	0.27344491380158	-1.00326983964374	-0.57411755143316	0.0942980642888318
1.20.1050	1.07313195307804	0.484986306383255	0.613218849612408	-2.50503954459406	-0.777564743446047	-0.276806612812365	-0.606404532682002	1.18977591310556	1.09828561196679
1.20.1050	3.86020352614562	0.431893896455379	0.788038721005019	-0.705955224326507	-1.63662690912794	-0.0760574742267019	-0.310016260718746	0.238504630301457	0.472591519656135
1.20.1050	-2.34760683156922	0.0306059543993321	1.1640732697138	-1.38873085703694	-1.2963106185495	1.05532403877083	-0.312953726199008	0.274813155705244	0.674448506913303
1.20.1050	-2.08950887202119	0.355412073108337	1.76294852435902	-1.90489389258359	-2.22859441226099	0.467324081173156	-1.28329745438072	1.25625037402125	-0.0511587566270633
1.20.1050	1.30447818823845	0.0173423047927355	2.87889614332375	-0.910417638994895	-1.31951402624421	0.700960864992374	-0.879359509143911	-0.851304601296026	0.737317646041223
1.20.1050	3.25221553465043	-0.90580912867701	1.79510016705851	-2.02305351643229	-2.25276547464443	-0.0985484732101563	-1.50944962867936	1.63570934608627	-0.100905890067308
1.20.1050	-3.18502032944061	1.06958661024542	0.284602124292952	-2.42752363264961	-0.506305059055763	0.953546184957677	0.712451409239526	0.482056041602897	0.784315309413189
1.20.1050	-2.12415731301982	-0.740594268079925	-0.0282162940350642	-1.9800389391859	-0.0107112864166613	-0.195987823209142	-0.874929871520368	-0.213406418256283	0.226677462742617
1.20.1050	-0.31936221881022	-1.93921052528732	0.0292586791034359	-2.38586225051497	-1.36682557166436	0.140853658230069	-0.361030937653611	0.455117266373619	0.418468711668914
1.20.1050	-0.0236001860046324	1.28918068620524	1.7401305829474	-3.63396871703784	-0.552113728764521	-0.0114118599757749	-0.404767815574109	-1.30154732774031	-0.109120618039393
1.20.1050	-0.0684993104293135	1.94153152010173	1.07435349334471	-1.95593130950013	-1.05782673672931	0.364529052018601	-0.969226967233469	1.01286654470268	0.434869313449965
1.20.1050	1.6419530805549	0.392303834359865	1.67620289200608	-1.95304157676678	-1.05693066788378	0.814524916036688	-0.772636060075657	0.0876105392603446	-0.582904156038939
1.20.1050	1.73791578579414	1.20400194029099	0.207333658310316	-0.472031025558157	-2.59341908165029	-0.156430091362783	0.743679336212422	0.882757945536427	-0.290284192626433
1.20.1050	-1.83093475299788	1.44849807690442	-0.316426613027609	-2.41488485707856	-0.0986256988083363	0.34415398434461	1.12429105757846	0.00521103910305526	0.885023129717654
1.20.1050	-2.38262361438957	0.245917602462938	0.88201404456395	-2.21850703367414	-1.0544350328446	0.750367306907526	0.351095859800952	-0.244842506676635	0.35589241392384
1.20.1050	-1.93671307367616	0.386236661451189	0.738675323891329	-2.29164514440522	-0.826847640601241	0.324699449243861	-0.411714998605087	-0.118360840315929	0.564635483804298
1.20.1050	-1.58687157135039	0.110269157930353	-1.24647692744321	-1.84218705350875	-1.56846340032259	0.00538785099701653	1.24546642675258	0.58300413988242	-0.757319141618184
1.20.1050	-1.79847665049092	-0.161477208168148	-0.452098064075606	-3.23007374063534	-0.932948172672322	-0.504108705012394	-0.30220903775181	0.128461776208348	0.138232683978896
1.20.1050	-4.76531119684839	2.20564703865786	0.53908589054544	-1.32833659661862	0.84803519230672	1.65311789284546	-1.05892938556997	-0.205612844727954	-0.37683372565809
1.20.1050	1.23876788312539	1.36979775935994	0.753242734810946	-1.76800535732502	-1.85715366934393	-0.466838681909513	-0.918343951527719	1.47968773807558	0.268853795283948
1.20.1050	0.430735388393874	1.49819386559913	0.808471183733593	-2.17627099797278	-1.76238114763822	0.723888125035412	0.305892019586668	1.75255670508244	0.366301930459398
1.20.1050	4.56282320503968	-2.05198740493244	0.441895892720838	-0.853571381798601	-3.04655734403909	0.357921258552068	-0.612250065196204	-0.183476007502419	-0.721252398146052
1.20.1050	1.40719396785072	1.86706681409524	0.614063805412178	-2.23005879890754	0.184032076110595	0.434198186832526	0.739370835618923	0.234588739108492	-0.142710724943251
1.20.1050	0.62803411918896	-0.294914973662689	-0.457689828291074	-1.3588399907912	-0.689771315956697	-0.73413080550625	0.711920001683729	0.249627498715152	-1.23272980110523
1.20.1050	-0.93177861969229	-1.23978399212761	-0.00678773292282048	-1.80943913623742	-2.44304831389848	0.14057488111853	0.644788881904806	0.241070241183333	0.973369327718441
1.20.1050	1.09926355288449	-0.550747137507052	0.970777943637035	-2.38734657026093	-1.44481341656012	-0.865694629471739	-0.346747179747154	-0.658283714377685	-1.15875694492428
1.20.1050	0.143911687845839	0.317657025223773	0.191399212482733	-0.967312690706431	-2.06627093152451	-0.233426414630731	0.24995592622944	0.460471792896743	-0.922413589467538
1.20.1050	-1.49696083433703	0.447217636546691	0.0162537476667626	-2.49895096536247	0.464250937790769	0.323237735502738	-0.0660004829406265	-0.601165684667495	-0.130550992360433
1.20.1050	1.27377662312312	-0.22966308772545	1.18565520600215	-1.30031990288605	-2.46566797121909	-0.238615875288775	-0.531149308030681	0.0302475232657393	0.0899474869862526
1.20.1050	-1.572224221017	-0.338642341842626	0.826162023212972	-2.88561291042759	-1.76366626438097	0.508567478331913	-0.336532069388529	0.187919587338509	0.359796715215995
1.20.1050	-1.12305476667278	2.92467380702334	-0.114350132545528	-3.13438818844784	-0.0859030153944225	0.882287938828947	0.582911567737615	0.873914690078612	0.24666520816098
1.20.1050	-1.46237238672667	0.732943879009244	-0.629854687091933	-1.77957815550247	-0.419720049092696	-0.306252969954025	0.598643462095669	-0.487044091585993	-0.677017234943207
1.20.1050	-1.87939180482347	1.01072198760291	1.35942160696261	-1.97620576284369	-0.301646476562593	0.49684333283488	0.516234550393551	0.372356139267254	0.313109113286559
1.20.1050	-1.6979960243313	-3.04890282110888	-0.205655444161101	-0.0874470874848972	-1.66379467844722	-0.185996443730741	1.11217410755213	-1.40138822555868	-1.26640986446926
1.20.1050	-2.52434308583826	-3.86662715818974	-0.869390921579178	-0.550875029576254	-1.79980024866433	0.0917842008133321	0.501791003146962	-2.01184633047441	-1.24262353037721
1.20.1050	0.681313708219402	1.2488651446503	-0.486080774402233	-1.80593429406217	-1.10896483000108	0.123494040454277	0.324950977908367	1.03573454012696	-0.392751967098848
1.20.1050	-2.20675740323623	0.363837995288751	1.2615330524732	-0.331787626116555	-2.05432690915015	-0.0597233073254104	0.518761906895143	-0.320380286468846	0.986398858719247
1.20.1050	1.51323887999895	1.0578053483208	1.5380784281015	-1.22005329714831	-3.47898611089146	-0.433908936983097	0.449756276097275	0.0468123293665608	-0.340985890626868
1.20.1050	2.25156709314341	0.313883482458535	0.41214225196838	-2.22412585478048	-0.115670128608983	-0.52140392542738	-1.11520228804063	-0.723028052433752	0.406131217982655
1.20.1050	-0.432956030800893	1.03309513757853	0.160267704002152	-1.24586075856474	-0.558081325318781	-0.287191984977726	-0.684115532715348	0.746859112846318	0.864111284364233
1.20.1050	-2.39456865125569	0.4174583481113	0.622936545080241	-1.02449527865137	0.338732516269993	0.544756738457803	0.247395239459791	-0.0447787846307962	-0.353850872347545
1.20.1050	2.88920361567913	-3.01205611168631	-0.146064468729131	-1.63196566723884	-1.23568856182068	-1.2390022845126	-0.227114257272496	0.36217073810597	-0.867196342777304
1.20.1050	-2.35213303411318	1.35866308212868	1.86864523016413	-1.85230119738272	-0.568991841320875	-1.11398543353076	0.599118426088335	0.496812404763487	-0.12455319677817
1.20.1050	-1.18598607983202	-0.859126932326634	0.68504594267212	-3.09090883052124	-0.839839557479146	-1.69828174929239	1.45880858833289	0.559520340788758	-0.601100859667923
1.20.1050	-2.82363531982749	2.50780394777554	0.699916639939962	0.139454744186854	-1.22426833389346	1.06888382875787	-0.644837992895458	0.0836033378657345	0.29095947010936
1.20.1050	2.92119719657764	2.05678079392463	2.75015004949254	-1.56021722416314	-1.13839141350529	0.60830283005939	-0.868880896341667	-0.293388278890982	-0.445608420698212
1.20.1050	2.1938122906379	1.08818142545297	1.39032912092004	-2.24611000380181	-0.832504928052846	0.551218218796978	-0.545535880524946	-0.196595555260079	-0.180181217158989
1.20.1050	0.980180237335292	0.37347266410512	0.181060853965825	-2.35999877591366	-2.1278245598776	0.797503820343676	-0.198974554824106	0.537326067196324	-0.0460571139602044
1.20.1050	-0.819350097832716	-1.41162062269859	0.186748895066352	-2.36115837189333	-2.1756501076617	0.37548853988749	-0.552367462174525	0.24701553051857	0.250272745074471
1.20.1050	-0.481961552902012	0.506541667454858	0.379589308727823	-3.02749637050146	-1.16111107554269	0.211970450965173	-0.154732998045842	-0.0538673606119192	-0.0341708668041015
1.20.1050	2.49048842367255	-1.96311513324628	0.640779259014284	-1.63998155342681	-1.23745042671136	0.191491047993153	-0.320483837389927	0.390478571681612	-0.519483890608732
1.20.1050	-1.16818551172961	-2.28499282269993	-0.667227806082576	-1.95288469526221	-1.92426293675447	0.233853863949825	0.0605568587276209	0.123076975250517	-0.0770990974702111
1.20.1050	0.783217606627691	1.11724946930187	2.01398272680455	-2.09188052822761	-2.54059042236714	0.240641030975616	0.377428184535266	-1.22611699024608	0.156505249878995
1.20.1050	-0.163329670010361	-0.317885157528822	0.811530000230504	-2.15602518147508	-1.55035059830088	-0.578796118775433	-0.493751563031464	0.111663224564591	0.435007176230914
1.20.1050	-1.43350155432939	0.21787017681108	0.795270747331241	-2.33829736604393	-1.77489270105277	0.339577321887754	-0.480967991777244	0.41680997690796	-0.481154569589557
1.20.120	-4.81765560688441	-1.29469214107067	-2.84486004969613	-1.42694440044604	1.81997424751631	0.949684722654851	-0.166279457352768	-0.316406940707757	1.04600182870118
1.20.120	-5.93279963232374	-2.05774155082327	-1.23531447677369	0.334738877262248	0.0868047157446061	0.413482557871069	1.4060828370214	-0.48936075193296	-1.52783604081399
1.20.120	-2.16746012296847	0.528920135227394	-0.341860294920936	0.362918343149129	2.13449306903623	-0.795089255661456	-2.37729287151195	0.134408013458741	-0.81528350597681
1.20.120	-1.61336469180026	-0.829781508162632	-1.94077266611081	0.347301005744669	1.30272975651266	-0.26514275111592	-0.322250134748798	-0.424016287716566	-0.368584652257563
1.20.120	1.64906497615634	-2.57428685548512	0.340919277377681	-1.42380337090054	1.90311051745547	-2.83643842517935	-0.724421999095789	-1.56763426102011	-0.579704266600134
1.20.120	-1.02093383893876	-1.5221852431781	-1.73499120399292	1.56094518907526	1.32132440136957	-1.25216524118377	-0.404969854951429	0.839134188407672	-2.1219063178633
1.20.120	-6.41372158791594	-1.43094827271108	-1.40967945609155	0.575254870979255	0.769048406599669	-0.808709549541712	1.22959082765686	-0.428136773682375	-0.27127029506795
1.20.120	-4.86683817928148	-0.464945226046996	-1.30732319741535	1.39444030205675	-0.607102440144108	-1.21980882364705	0.958794680874822	-0.875044785805751	0.154889365014886
1.20.120	5.96565219899733	-1.87019210970079	2.78686943054662	1.63906337577676	1.72728874527692	-1.51348580303802	0.164649851907152	1.32233746443955	0.945729235154158
1.20.120	0.82611432326908	0.598095428571598	-1.1284445457358	0.161292008002867	0.994640974355392	1.16047071539099	0.934895743966509	-0.279982466740183	-0.292024339334646
1.20.120	-1.60545711233007	-0.510932019614219	-0.447759703771519	0.502796254868949	0.269471390304878	-1.9203188372613	0.289463822294749	1.29052748067608	0.95506347521151
1.20.120	-2.16676897753455	-0.847736111170941	-0.72381800150549	-3.42647774532112	-0.105528648323288	-0.162218844589704	1.08685507731636	0.814196703379435	-1.70210825705318
1.20.120	-0.582510247474377	0.0824218324535963	-0.334812915733576	1.03773799809108	0.476316844646768	-2.12374234723559	-0.93802743551415	0.692704188486656	1.44786600717965
1.20.120	-2.03286530109379	0.741519477182063	-0.0739902600708741	0.665497199483901	-0.192566554081846	-1.36645912727618	-0.64868789995542	0.658677021713742	1.36398700003915
1.20.120	-1.18042388676486	-0.313005649174355	-0.24735783296211	1.40062071562173	2.24625717781913	-1.20546471640199	-1.15627012684627	0.85514266280793	-2.37680629774015
1.20.120	-0.623931806864375	-1.08437467719348	-2.20059972912278	0.799021947853143	0.877667080662804	-0.750328281168834	-1.04751546192024	-0.167636662414566	-0.315546723378309
1.20.120	-1.75690292568451	-2.45750600891398	-2.8185141647573	1.11425609787501	0.320810852879914	-1.34359342321781	0.725904057331354	-0.160626736718787	-0.997141944302622
1.20.120	-2.57971811287242	0.725079004793689	-2.69210017345184	-0.306430848886909	1.85174254200182	-0.712689326100565	0.080542689773635	0.0377404158953187	0.228018504670043
1.20.120	-0.171535882503632	-2.30072963672865	-1.19364480553642	0.441626958274677	-0.609461752969781	-0.720654675186399	0.240612289481815	-1.59083687085461	-0.278703285019871
1.20.120	-0.549801699498075	-0.482514427054132	-2.13091655162408	0.192242511063992	0.372704249380224	-0.821509447146054	0.346287562412076	-0.39768749882852	-0.132267605816969
1.20.120	2.16580544379838	-1.13803354267706	-2.19255522477904	-1.68151300740508	0.476193565225643	-2.51623212896805	-0.110377322228857	0.384929943412305	-0.13021157190227
1.20.120	4.03010181704185	-1.81947616672081	-1.57324928449992	1.02038304512689	-0.828033207010412	-0.526421436192957	-1.14987528755869	0.377758229992688	1.0759833194291
1.20.120	1.21947826669162	1.49923814004077	-1.5142483291548	1.00128008230882	-0.468014859671001	-0.906511852109335	0.0761066007694271	-0.406604988624598	-0.667173176568627
1.20.120	-1.47342191180301	-0.578016426522403	-2.08449140347027	1.37388539695265	0.0174497307101973	-0.297659023584203	-1.180697444573	-0.298790339510398	-0.65904843553082
1.20.120	-1.94622488769675	1.01823969560106	-2.35356929231275	-0.919155448849237	1.55301485812708	-0.830703786349782	0.531934151564373	-0.890332820641525	-0.688038751907978
1.20.120	-2.2272490738419	0.719746803783545	-0.915950467095535	-0.412720294924866	0.394005383593249	-2.203013863586	0.723724387315388	1.16361893989986	0.125008125689447
1.20.120	-9.4594922367044	-1.89860265394485	-0.239725730042688	1.93698466560629	-0.914067792506334	-0.55106562795902	0.772999929413503	0.21122025701759	-0.0493699519521879
1.20.120	-4.55570534738622	-1.65020457157167	-2.85293401827747	0.416844210959481	1.01259832194056	-0.424703241699597	0.808758042230011	-0.404132744260459	0.776895913396129
1.20.120	-1.15461414109663	1.60260801530466	-1.34498390052942	-0.0103254028256301	-0.143136205154564	-1.00456055669771	0.252089552716454	0.725953155981457	-0.571159756727421
1.20.120	-1.37934052874295	-0.315527333258082	-1.91515398633095	0.0636720020169612	-0.186251227923311	-1.89782378149521	-0.829978877499729	0.978262038861948	1.13372754860331
1.20.120	-6.02870062920708	0.57413212043377	-0.820762477170917	-0.903624445901957	2.06665086016574	1.00611169137344	0.103132243530057	-0.0165408373615041	1.22659513251224
1.20.120	-1.93194264018128	2.51903261793491	0.514420351202376	1.80254261349389	-0.235580053025325	-1.53392638177331	-0.458715783696669	0.752372185794396	-1.02832918502701
1.20.120	-2.91904804478969	0.115925648707331	-1.67253731998566	0.787959002458186	1.1635638323421	0.232547437100613	0.25425922998378	-0.707971998680684	0.284849052732031
1.20.120	-4.30009194611852	0.0850473457053569	-0.927357393656655	0.0305753762244174	0.801062923333437	-0.549803696039615	-0.0650412160163758	0.918290583488548	-0.497671339859943
1.20.120	1.33265369168984	0.629237580161013	-2.19882367595944	1.56605617822149	-1.19700424559357	-0.619251219302934	1.45031604625374	-1.68906716239026	-0.151468220723922
1.20.120	-17.8906016331432	-0.917152966133387	4.49161625114051	0.00843013166424611	1.81458991950697	1.66328281588548	0.885490881129693	1.33883501004762	-0.699247911908543
1.20.120	-16.9021540525885	-1.10329663027073	3.94764516714301	1.19507954874486	1.3635129764031	0.903453088524167	-0.287407779398724	0.0428947084423734	-0.121483172886223
1.20.120	-23.3116398015985	-1.86472079786168	6.62637142094299	0.030329196462452	2.91463962376403	1.46740971871115	-1.13045568991011	1.28039311617866	-0.29573509579439
1.20.120	-18.2305677011053	-1.19533624051497	5.93741949113963	0.790324120371105	1.49028061382046	1.72786956352838	-0.432704764413157	0.169075148400005	0.227076576927429
1.20.120	-2.7413547627578	0.718139560385378	0.0499347248373829	0.0362692911182092	-1.48005244738131	-2.37418565216577	1.09856061622577	1.3076250182317	0.582420347880985
1.20.120	-0.647250078695209	-3.77108043148194	-0.84864722688897	1.57602818165456	-0.015219987114272	-0.125012071911754	0.119158345264262	-0.440238497815396	-0.6476082207943
1.20.120	-2.90425000867882	1.35187644215547	-0.437062653703086	1.09923796322607	1.05481044111838	-0.842872591159204	1.33154336860427	-1.07592958975079	1.51019436735778
1.20.120	0.948572142634191	-0.867139292144754	-2.01191979028932	0.636776995400701	1.02213482923486	-0.518305563248433	0.244279607066956	-0.6358964034875	-0.683155808403314
1.20.120	-0.547512018169075	0.00222160706209196	-1.47463852155523	0.160976018657228	-1.24105697163182	-0.76654281440466	1.36757384586604	-1.12025449975801	0.947742975600486
1.20.120	4.51770570986039	-1.5111617659254	4.17477672882318	2.69702762703962	2.81279745321222	-1.26482814682055	0.848563211155586	2.70864369961781	-1.28423556180714
1.20.120	3.96817019938338	-1.16933889314288	-0.922642932318931	-0.493248062251984	-0.230016339879796	1.54924020547834	0.606960594559636	-0.126108666577564	-0.03500093541551
1.20.120	-3.44736264254944	-0.386148930422735	-1.5258566558548	0.828260917150634	-0.975546729677065	-1.65332006746215	1.00344475367038	-0.126626821025285	-1.04931698796895
1.20.120	-4.53188724548325	0.924870579955844	-0.348688838351737	2.65314940193661	-1.97013450958107	-0.948889713990746	0.94297628610955	-0.076931611976152	-1.33386037725697
1.20.120	1.10195478463879	-0.7741003837392	-1.8150690007071	-1.32891496766795	0.250796052549537	-0.143927173126325	1.14893099596236	-1.39841836722959	0.869240679493584
1.20.120	-2.44953173494062	0.74253910697338	-0.949824179565294	0.285540016730086	1.65278222919439	-0.686167838931378	0.935935401860483	-0.632256731965603	0.97490336240637
1.20.120	3.31584715108886	-1.20192210895989	-1.25654340591587	-0.616838795885433	-0.624558044689826	-1.89807695893189	0.692927878938826	0.00700433329165935	1.04811984326517
1.20.120	-1.05464481062631	2.08053120775453	-0.750407856373493	3.12412936246941	-2.67740108744754	-1.01004794056519	-0.0639179142515574	-0.696269982827967	0.579610715907983
1.20.120	-2.64509311318127	-1.45048650871254	-2.22500649507443	1.25657879532899	1.46738222994805	-0.962463057565589	0.592493519299598	0.274052201449969	-1.69078602004805
1.20.120	-1.54285292782926	-1.27997459213859	-2.12136762343914	-0.81053184260227	2.15216937956665	-0.00675543374457348	-0.372438714026606	-0.1133699578394	-0.217533228334327
1.20.120	3.83554878792123	0.544258318066446	-2.57912828211638	-0.799091990112096	0.639664815578143	-1.26261973169893	-0.00523227983918495	-1.00233973425664	-0.455191564702384
1.20.120	1.39215388791372	6.01865861445673	-0.281165623924261	0.532433856393493	-0.914140179476725	-1.71338198504546	0.183691869893466	1.507608061237	0.0628002004988044
1.20.120	4.07767107932776	-0.909207954118971	2.01414813519564	-0.847149415552892	1.72445467260454	-2.9180711017444	1.62066021627157	2.71625570712139	1.63591040889064
1.20.120	-1.34516060653316	-1.64739338450954	-1.98294508144954	0.9005714018765	0.211818792681276	-1.53948612639937	1.10471998676703	-1.35923903617102	0.248734692573653
1.20.120	2.85594071908986	1.22935534466734	-2.16129354467499	0.587424286538509	-0.600628127245137	-1.71017753523294	0.000344576307459116	-1.45176730039016	-0.0583572443000685
1.20.120	-2.92807361528862	2.26600477342152	2.4463653846908	-1.86851356830495	-0.515626049101856	-0.850227295852922	-1.48845734219678	1.13889021522559	-0.301839436865102
1.20.120	0.399662118874773	-2.59441857102788	-2.21100356764291	0.385937074913268	-1.06233683075843	-0.256525278047546	0.718652754324695	0.310624692478937	-0.650763129822733
1.20.120	-0.658706359015089	0.0320765637807276	-0.622511430017705	0.167814211220924	1.15865472342229	-1.46406907195756	-1.29886351953661	0.200883730194072	0.563067538309805
1.20.120	1.73268230044485	1.32685851449404	-1.11962783230208	1.04970036032821	1.16844693581388	-1.00585910485081	0.17397953584536	-0.575830617220355	0.968896376580408
1.20.120	-3.48992974590553	-0.0130925463591968	-2.72416187855161	0.980183019926508	0.865496597887378	-1.48888077082436	0.357860268645821	0.299113849269472	0.517652290585943
1.20.120	-3.2059461670108	-1.28295163592318	-2.32887167613456	1.25497577239677	-1.08222965774118	-1.82882132856847	0.819538107898845	-0.904349182970484	0.372816989277995
1.20.120	-0.162377567789381	-1.32036905612553	-2.51001694251114	0.422146662523386	0.397036423377729	-0.682775724394037	-0.817994255579521	0.745817536476606	0.0411491092541594
1.20.120	2.68589544013515	-1.84290982073031	-0.177316434801333	-1.14065380016855	1.66155127809164	-1.9586561157307	-0.540453810412407	-0.362564128489271	-0.333090615119541
1.20.120	-5.42243911594787	0.39567313620589	-1.03616021986881	1.33175565702582	0.0702508928058094	-1.52998568778529	0.375625742650012	-0.855203171602796	0.1208084028166
1.20.120	2.4334344371202	0.488145823523062	-0.864585065231734	2.78039896910944	-0.267954843545104	-0.155293849717509	-0.705502019746515	0.596373324288772	-0.462079451009209
1.20.120	0.147942226279199	-0.834879695179496	-1.64839447792165	1.3811858833943	0.248530873781599	0.0627488744099995	0.822646067241089	0.154006398319773	-1.03401685780916
1.20.120	0.969893018931769	2.14830687749453	-0.791160350125075	-0.235120652068789	-0.84951839092509	0.221127902476612	-1.39835831210109	-1.13553242389846	0.175417650979063
1.20.120	-0.537228059334448	0.674649971540895	-1.75348536243961	1.21617085934995	0.657852830983402	-1.37701203431893	-0.644350894510192	-0.338159405111878	-1.12145517210428
1.20.120	-1.07445033761006	-0.657335788304301	-0.240134015825013	0.40023378806736	1.02775542868667	-2.17949270693713	-0.937137976146234	0.851513632671915	0.00480086717477282
1.20.120	-4.79930310214636	1.21652016285982	1.39390781625164	-2.319133778459	-0.354742301712163	-0.611696025386432	-1.67960702119372	-2.94499484983529	-1.21233192606817
1.20.120	-3.947760376682	0.263239684315466	0.64836358500594	1.01439223491876	-1.30975358898811	-1.75243134069833	1.38577558741435	1.61815261064099	-0.901692447882828
1.20.120	2.99255876779604	-3.00304011218284	-2.62448952817031	-0.860973352123247	0.504239180056168	0.910068106765993	0.596912448342967	-0.384873450833468	-1.66715214975967
1.20.120	3.30336422848026	-0.875418844105009	-1.58988724620493	1.35006647738999	-1.28101160098846	-1.29711239136263	-0.169081499904715	-0.531323234495613	1.10476082239121
1.20.120	1.75343582882648	-0.151940090956513	-2.28399407301276	1.15170230297248	0.169024521876693	0.26486469832282	0.2768831283933	0.407005934914346	-0.480901654938827
1.20.120	1.05047898480972	3.70091907723972	-1.6369442614413	-0.428043207527199	0.216903186581359	-1.00766210979941	1.03591709671863	-0.818735925752295	-0.257407631457271
1.20.120	1.01629770973272	1.47066781174955	0.13999432869908	1.16293300251626	0.0897446471112301	0.574384453230391	-1.11762572164198	-0.106565605566546	0.354393155323084
1.20.120	1.03717865473305	-6.83523568513998	-2.66615431521662	-0.511708243486678	-1.43010315377724	0.0499138315186585	0.634528609445575	-1.56845691845797	1.65389658387565
1.20.120	-1.87482734826328	0.781012958477799	-0.836252801102369	-0.204057078590661	0.511315290279896	0.248959735436148	0.0615298388252192	-0.457517803953497	-0.903004211205502
1.20.120	0.285049826396535	0.53793931974077	0.182373166784828	1.21470825787977	2.04813224484296	-1.75275886357295	-1.05424830752603	0.273442460778174	-0.830210049336225
1.20.120	-3.57293001469887	-0.209973018215677	-2.77612838308823	1.0423125760989	0.384141597078296	-1.83771457479133	0.195628772331622	0.0231839265621991	0.896534950439097
1.20.120	-6.22580007665988	-2.05912371711054	0.359133924699315	0.456029196784266	1.46658404285904	-0.514222336616008	0.98254862968112	-0.113633209112975	0.0883645863056579
1.20.120	-0.947162989823444	1.14627781134757	-0.825361840853064	1.8322411460753	1.21323858872882	0.0779027036711415	-0.954059617096533	0.377538723693516	-0.0107576018842173
1.20.120	2.6309997759273	-2.16741463487336	-1.67795581605573	-0.125702568607426	-0.169059507634374	-0.105230038721741	-1.00181414410758	0.266492071083931	1.41368056691624
1.20.120	-3.57668476185767	1.73532641300789	-0.942410331148081	0.100540284397037	0.787678480511125	0.840849145612437	0.112973816760686	-0.653622453745883	-0.29824198756155
1.20.120	-0.380834510883892	-0.51189956229326	-2.00311380122524	0.364875735447828	-1.32894391448426	0.182751030745002	0.202513235112318	-1.3804044448246	-0.514247391648057
1.20.120	-1.04915639173151	-0.21525102228143	-0.145436959043983	0.443465938806929	-0.443400387579653	-0.333454213816899	-0.413028463418922	-0.00737223241046634	1.39267224903222
1.20.120	1.26246681775178	1.40791046390185	-0.965530293288637	-1.0143393857013	1.54372628826566	0.305535302613685	-1.63879835845746	0.193498923994961	-1.13001619781002
1.20.120	3.75046271018685	-0.309900492223503	-0.733359671727819	-0.541463589311578	-0.718686460060564	0.0354931218092211	1.0154708634495	-0.216198922728152	0.0867789804890774
1.20.120	0.848423968995996	-0.330164028581009	-1.82120488224656	0.495429586927563	-0.732233463290679	0.69095236975508	0.00596708635485178	0.764333713799703	0.0679295466963327
1.20.120	1.66166294966691	-1.31214940404956	-1.87132783751752	0.404737704035772	-0.50646625559091	0.773922715466083	0.159627071651193	-0.131226167541217	-0.449626611680284
1.20.120	-5.02336050443383	0.225275824212831	-0.792664998862281	0.465595196267928	0.0950644217201874	0.00636166787860918	-0.0362309498149791	0.571264582878031	-0.399520230452154
1.20.120	0.601326871810535	1.07103729042039	-2.48949422746485	0.45167762358459	-1.45272465978008	-1.17552770121765	-0.143173552668041	-0.374852925059555	-0.594257996476144
1.20.120	-1.92862310240931	-0.604069827624705	-0.814784841221069	0.600009955731711	-1.62824632536052	-0.895846409237652	-0.000492628279183286	0.601740962422598	-0.910840290277133
1.20.120	4.12264936046725	3.12288284416583	0.494001420918756	1.03759041282363	0.483926966991251	2.44235647537982	-1.20846161088511	-0.0773753382801359	-0.163306378954584
1.20.120	2.88258807236369	-0.659094194782918	0.133769919668635	0.0322278249573579	0.492110917321078	1.04205491101151	-0.0379517738609872	1.35219971994539	-1.01405606784192
1.20.120	-3.35568328053724	-0.4118407982434	-1.60833544834806	1.48695038466009	0.699501019223799	-0.390091077775522	-1.54709099145369	-0.805700596819407	-1.10510868639005
1.20.120	4.26519801057978	-1.46421974785884	-1.82007854793792	0.561293881652225	-0.0117231637530672	0.467838488351861	0.396377676413531	-0.672839790656645	1.00554624071894
1.20.120	1.00196683885189	-2.92927994789735	-0.900202143693177	0.11066435914661	0.269458325149891	-1.12308188855376	-0.395375750870401	-0.144855649443355	-2.06492496557422
1.20.120	0.813157389120548	-1.41696978903266	-0.590912464790801	-0.401788493366123	0.54292613517645	0.57493014747722	0.575437714403419	0.406200833914204	-0.13598033466746
1.20.120	-0.755583554099105	0.121832330413861	-1.7117323445119	2.13906067121111	0.285613062748443	-1.65605489190066	-1.46672342328147	-0.524143096431302	0.469269321662446
1.20.120	1.76498363634282	-2.32073130827755	-2.35396372348198	-0.522267503572988	-0.376115992333278	-1.50062380842763	-0.313686258158545	-0.61094670232456	0.461867769883169
1.20.120	2.74624383533566	-2.07042313372333	-2.02197350459757	-0.424774880309846	-1.29492946393422	-0.298372208298964	-0.871932369748946	1.18483232975636	0.321240528287357
1.20.120	-2.38524093723401	-1.56939950227362	-1.05382911086367	0.572629984846755	-0.432740709198138	-0.464047366787099	-1.11116317825388	0.691048757568131	-2.19040980176689
1.20.120	-2.0747793520384	-1.13806401308392	-1.11025255496437	-1.742237713735	-0.118339969989254	-1.08662283437331	0.345984674163967	-1.15993355198183	0.906769369026119
1.20.120	0.495089026900662	1.78818515674743	-0.439567183253008	1.63672129361296	-1.0339668810319	-0.706372948144057	-0.161437992773536	0.171941791146165	-1.35266834688367
1.20.120	-1.42571918739535	-0.0890157216616451	-1.25471709346265	0.165316941045104	1.04869501663443	-0.829134303535957	0.0717000371974009	0.29245217169702	-0.38805708281377
1.20.120	4.21401707916279	1.94208692553346	-0.394977173022867	1.08998901212338	-0.266474334634743	0.00466072380508686	-0.912414200994789	0.402440067118321	-1.46770514440513
1.20.120	2.52585225225915	0.947380549340812	-1.22949355734191	0.101730128616283	0.357360928435222	1.29797204343898	0.766213275777027	0.0887252574938327	0.656319631406191
1.20.120	-2.17583003968714	-1.17899307810395	-0.667479599834342	-4.61178687907737	0.598554852666074	-2.88719209565195	-0.472742488723061	-1.28672940146846	-0.768265207721461
1.20.120	6.00008764437763	1.92850356130007	0.59123392283496	0.77923247143371	-0.502557737804857	1.0325532535067	-0.283869310984602	0.82092882203223	0.196377130899313
1.20.120	-4.88310852835509	-1.23281537171675	-1.87284711436783	1.11850533833676	0.855178268686294	-0.572533854919973	0.798370353104735	-0.656073005103147	-0.274898316021738
1.20.120	2.99250647259984	-2.4929690377513	-0.174199307386145	-1.27794743396615	1.77803188807504	-2.46250199275999	-0.997871676774316	2.41933879804669	0.481868208114508
1.20.120	-1.87958802912342	1.23771355244013	0.372916077555745	0.620132039869399	-1.42539498449322	-2.89525465679507	0.881773726821122	1.68179449291267	0.402645501532987
1.20.120	-3.18848737082951	0.988670660123869	0.583849289793964	0.724770184208171	-0.764954932047861	-1.18424196004149	0.638163846759463	-0.367365240230805	-0.65498366785444
1.20.120	9.57737578813763	-2.04112731981418	5.15597722660018	3.35902391613074	0.326565369328382	-2.75718308950565	0.38993210907451	4.17453312024845	1.11113038535923
1.20.120	-2.20107759578266	-1.22075855144506	-2.59001952227609	1.34795481178113	-0.665149621832313	-0.270080534305993	0.165029248844701	-0.032574156025603	0.588295929106453
1.20.1250	2.78112168100969	-3.53036719116721	-1.5939166391474	0.779486543712781	1.06731514759153	1.35468708811667	-0.14854690147298	-0.0255871207403207	-0.552493594016355
1.20.1250	4.93285340121857	-4.73170540320914	-1.6055200297262	0.244926024766614	-0.432509912052396	2.71883384097689	1.82801531095488	0.978955321892839	-0.574595446339089
1.20.1250	4.23355487351497	-1.5868057505793	-1.16250578740324	1.47048032042638	-0.336762048111795	1.46684466175146	0.385366560740283	0.424084583463521	0.51745197718593
1.20.1250	3.18507214378096	-1.56628449120689	-1.74090145792484	1.19527091672669	-1.24469296530896	2.82823566882407	-0.651235670877637	-0.317291240308773	0.650847622284067
1.20.1250	1.07983705216427	-1.96993931562641	-1.99267099012222	1.43467890443304	1.42967810683056	2.04783126621269	-0.852513820202923	0.577662180497211	0.834815914834982
1.20.1250	1.55475293709992	-2.0986856463032	-1.93113925864848	0.603838015845705	1.24034660774707	1.83714114855383	0.147581385938364	0.58291981687162	0.725502888875665
1.20.1250	2.60205140616154	1.90725091590092	-0.196454936709606	2.03118921699004	0.775227552551309	1.9459043948935	-0.018138131536014	0.97209243184694	0.342504123955643
1.20.1250	-10.0894382039212	0.541353962723097	2.37940744037005	-0.727859477166339	-0.282227679382339	-1.24615257322397	2.34476781456256	0.51322731878312	0.0816044957726781
1.20.1250	2.47209218194168	-4.05355748675966	-1.75188138692267	-0.45367420123802	0.339353400851997	0.878344682195091	-0.103951832846504	2.04357947869109	0.558078905705846
1.20.1250	6.06177540036876	-4.72735925680649	0.25108297492611	0.322870857882914	0.408691575033382	0.315998552764213	0.87253734366477	2.0830375363758	1.53784833023267
1.20.1250	6.11384479220144	-6.0595343816412	-1.62610252164778	0.946819515584818	0.00765534449737511	2.60087784255678	-1.83050349710624	0.882004846787117	0.709672685790496
1.20.1250	4.523215674251	-3.60479251464836	-0.638989224195075	-0.204639192132399	1.6997365113831	1.18558385098747	0.693459102054501	0.724365708078229	1.19207083137751
1.20.1250	0.0182399126031243	-2.6088131805116	-2.59427292560509	1.46966641898588	-0.0855025803221142	1.44120637868531	0.985758503850965	-0.814769240089925	0.636583699982179
1.20.1250	-0.50988305799749	-1.66918471998495	-2.71981482280002	-0.223602086746693	2.67467899263535	1.02520024498771	1.15837839106983	-0.151627467934795	1.3633731758995
1.20.1250	-10.6512455607164	-1.22119689549473	2.54991187419149	-0.0644360396568965	-0.48170384722779	-1.52873061470522	0.169480065871352	-0.431077215868816	0.898672441453137
1.20.1250	-11.0086326184504	-1.55297355156508	2.30009290449324	-0.449928696663667	-0.408282816615681	-1.90872019508521	0.292295265594299	-0.577741537306715	0.895799733114993
1.20.1250	-11.7617026567557	-3.17407190127771	2.94192568183549	0.501101051658511	0.718421294398826	-0.876447926407274	0.651993516139054	0.238026447633038	0.690394504172127
1.20.1250	1.28567884065388	-1.20276823696613	-2.44513312502359	0.245818661186055	0.189742595100738	0.831416237125305	-1.50422387209158	0.0394085952554514	1.0889941891138
1.20.1250	4.16238670220814	-1.40470205443039	-1.74919837188986	0.0423677627468799	0.462951480166322	1.56251474700109	0.149016341318841	0.537223907901535	1.11611265313107
1.20.1250	-15.1121160916764	-1.62505676598283	4.43634790074348	0.471878501666305	0.818983276661348	-0.679666303205437	-2.12937251053547	-0.100604459898447	0.455275224891797
1.20.1250	4.56517683548976	-4.59778540009952	-0.697051879240973	-1.78379437798829	-0.78578425890744	1.24504334213549	-1.32237868760014	-0.131259876677176	0.816150506485686
1.20.1250	3.13187317705717	-2.67644046922291	-2.17295212494984	0.214214845456757	1.30794154531174	1.81325668263396	-0.482262436798771	0.267033312614397	0.000597591394231718
1.20.1250	1.64260369111771	-2.80321707844261	0.81144701711026	0.212359754160551	3.05027831180058	1.13996265712351	1.50449158840156	1.62363346144244	0.17779423907255
1.20.1250	6.49591039227618	-3.23905719906923	-0.795672407729638	-0.544764545570954	3.03870294774837	1.54892251608021	-0.30320913885333	0.887158888014724	0.140994007499881
1.20.1250	1.01310650648678	-1.2046913789718	-1.42300607039995	-0.516283589829532	1.38680989765799	1.28764145698589	-0.00819805344247211	-0.153597383536428	0.84996623879943
1.20.1250	-1.22058416816434	0.679564179078427	-1.28420518587312	-1.68951743108997	2.26793788178126	1.27529827487538	-0.406167147157141	0.276386062022449	0.589203442058677
1.20.1250	-3.30795153473366	1.05612367425961	-0.827088304562463	-2.59299889510194	1.94810457589685	0.906298327537568	0.429549242521585	-0.352951497335286	0.654878343520569
1.20.1250	-0.168013606043644	-2.4901838778476	-1.64122566442064	1.10918817531863	0.6698189531633	1.75268615310314	-0.149392024589957	-0.796166967481629	1.90936874903089
1.20.1250	6.18170783799775	-3.97890796345943	0.524051721648329	-0.769200861605318	1.22706172923007	0.949868666637395	0.418821052822626	1.10276541703043	-0.266548839509258
1.20.1250	4.27587090287519	-5.23177465709944	-2.32674577148293	0.195532328870478	-0.418357142355758	2.37707085753713	0.567857967671993	0.884413872782115	0.267027495550685
1.20.1250	7.25628457806429	-3.87768294739471	-1.75379941105958	1.6285864585586	-1.11069322989164	1.46573305578309	0.294234503003775	1.08189032612119	0.800908553928597
1.20.1250	2.32667963613365	3.09185676240365	2.14391576879948	-0.582345032679304	0.761260300324603	1.87373288273503	-0.366265705412106	0.457789304834496	-0.952596283793813
1.20.1250	1.09672501618117	0.197849010900741	0.387299488576588	-2.15887007688321	1.08948824779991	0.796044393123555	0.0798803226576657	-0.434946087735831	-0.00127901938468229
1.20.1250	5.50936696879384	-3.18047832397426	0.293088596961119	1.36318232966938	0.183668348050708	0.830934207177055	-0.0207484643341542	1.65745057430169	0.371167635361734
1.20.1250	6.52293858824807	-4.72575628513142	1.00162440201868	-0.253842210272696	0.618550904863535	0.115910022866236	-0.106199766620275	2.8428852552327	-1.10973916826219
1.20.1250	0.0385570754165082	-3.77424525748728	-2.72991621733909	-0.22853969502127	-0.879812808987107	1.46920875290722	2.2993947956507	0.0369486924674937	-0.249304411552818
1.20.1250	3.90709446172377	-5.70714613031912	-2.36676660235573	-0.00873304335616337	0.811498009384203	0.526224733446888	0.695428063920011	1.70342603416355	1.97138440065908
1.20.1250	-13.7886975487819	-3.84806789534752	2.56945366569253	0.497171201097714	-0.568495245180546	-0.501977742412052	1.58072218037622	0.465337690114409	1.19608376934756
1.20.1250	-13.3212407153749	-1.73509972898963	3.38579555641083	0.0614355504307953	-0.641266559545041	-1.9352321800844	0.103987424426844	-0.733746096513904	1.39932475370883
1.20.1250	2.11212412073451	-5.77099621720129	-2.1119353937657	-0.451424648270931	0.0952438649132754	1.17565119942286	-0.212401191339604	0.266280524753987	0.17499921765298
1.20.1250	3.30186752732203	-1.54046446163081	-1.19703761093712	1.2279552420553	0.626453504873857	1.88262006421284	0.185422096034316	0.647336561261105	0.262236283188119
1.20.1250	0.443240986562892	-4.40514398475847	-2.39324568218703	0.72434740898617	-1.88913353051335	1.56827387560243	1.69135442025341	-0.551117924192364	1.01894394492773
1.20.1260	0.700328552192533	4.6454642811697	0.572919856324137	1.4005107848505	-0.470747068110923	0.161243888657393	0.57521586313997	0.556970240924544	0.194766552340988
1.20.1260	-0.215391806077136	2.58590226276556	-0.810373737657535	0.0638275969989109	1.26305810897363	0.353726926281795	-0.352484152753039	0.310821102045538	0.0593509790810409
1.20.1260	-8.22618328968243	0.703019030344736	2.31478253119975	2.38869065616741	-1.00030939220778	-2.04049196898122	-0.599095125647228	-0.588123033919844	0.137647108965597
1.20.1260	1.80502268578964	3.95275704159793	-0.566932355597957	0.752688769495701	0.752899457006258	0.543778876827692	-0.320738945312733	-0.0394197105396911	1.01603298703325
1.20.1260	-0.0975483974388637	2.9295621470263	0.0702174447913138	1.68995482194166	-1.09924357561453	0.595909034205096	-0.298872931157633	-0.491375258430273	0.456026686745597
1.20.1260	-1.00976141940222	3.26444152753036	-0.483896403552562	0.465922193097466	1.49413633186096	2.27654551875474	0.112064932093151	-0.451836994544101	-0.276682304022587
1.20.1260	-2.15335602478537	2.25684266147422	-1.33298493594337	-0.173835742486924	1.52147121824942	1.35677838684645	-0.141400407366924	-0.191158020346154	0.377443396655341
1.20.1260	-0.571805178425331	4.01951136232617	-0.626083313016646	-1.15831434340655	1.94452535201287	0.777588802851967	0.597219443971058	0.163277055646697	1.03049062611533
1.20.1260	2.44352437808513	3.65580803647109	-0.724319418430732	0.911258811159733	-0.95315415432275	0.511051913672976	0.808629241237783	0.47537497996538	-0.339055617522371
1.20.1260	1.6514688688637	1.52334403771156	-0.944850821949894	0.494101864479926	-1.48295347884207	1.11793692862578	0.392005562488111	0.523493712414234	0.283714056634869
1.20.1260	0.220456287151828	2.10155535564973	-0.683103051772785	1.02139005926857	0.654092825787795	0.489808339715039	0.034601973314758	-0.203562838569376	0.00210355245831678
1.20.1260	2.67979603848667	4.44057009020981	0.523784596891737	2.13175605182751	-1.01155006255467	1.15066354651327	-1.0435241737442	0.32803754698195	0.0142992119046998
1.20.1260	6.8618789205135	-1.21371537645129	-0.279592565137392	1.24033394079876	-1.2545080391669	0.760630776631207	0.485835145053859	0.136670660612089	0.683538561135375
1.20.1260	0.227549271486739	-0.411215442138598	-1.98643251156667	0.625749880130482	-0.00999805565004948	0.114498138105018	-1.38304329229132	0.107280858353036	0.398145084382747
1.20.1260	5.63061613512562	3.00162821236213	0.245961205572402	0.668610363572762	-0.0354839235690808	0.438164411292077	-0.199362522523738	0.506991333023512	-0.19058500508796
1.20.1260	3.31618211808689	3.79932685066538	0.0596305993904666	1.78205313960663	-1.21172846507426	0.0310495087721759	-0.46037069256127	0.440898377536638	0.721573985627863
1.20.1260	1.97989282111863	3.70018631707174	-0.471025341242799	0.717364673404102	-0.603080504086782	0.0936891043345268	0.471099298704106	-0.0843900988975057	0.256471417767652
1.20.1260	1.2880292763346	4.46820854131378	0.421898231952674	1.20498143694634	-0.882661689528628	0.879581364514203	0.856525930287418	0.438179616079005	0.526513918007327
1.20.1260	-0.430692448555146	1.11312918808266	-1.83739486757453	0.315280887226025	0.69831232309126	0.108865996808634	-0.173780716820718	-0.326949358832688	0.7430289421891
1.20.1260	2.53176357360156	0.484740300358189	-1.6344169727569	0.896732854741087	-0.191648826341984	0.0241473543141799	0.100095595784526	-0.683937941406799	-0.167049433109443
1.20.1260	2.6981286237341	4.8524313937132	1.00739137115161	1.31414717640019	0.0348966638842508	0.41951220578445	0.623042763734015	0.288991816165937	0.0529116195207178
1.20.1260	0.995763635648479	2.29055825271229	-0.944238601850954	0.994664492136449	-0.0280358591452452	0.495830031449381	0.192917828722531	-0.0137678297315665	0.317780321162817
1.20.1260	-0.621399169653891	3.15085854635594	-0.961564851540696	0.52631358515465	1.0827410124487	1.56833465943137	0.777550373214695	-0.184548466844212	0.188209964957414
1.20.1260	3.63712272505407	3.82121037199287	0.493902844766621	2.79182735146013	-1.52356141810194	0.0543193025078864	0.148502936312248	0.560387962073491	-0.405478532713124
1.20.1260	1.56469876042923	1.58605931887284	-1.19490841695845	1.25168703775564	-0.510051344703711	1.42433569171032	0.0232088839721572	-0.228865130990047	-0.106756876118901
1.20.1260	1.22186951139198	3.24722130171227	-1.12636526228587	0.353713662141209	0.21708394270914	0.186583159487389	0.270986347317513	0.553342035509362	0.212849909129063
1.20.1260	-0.120441878430063	2.78594193395796	-0.259155673850746	1.17369520344517	-0.175306831000231	0.425454954027785	0.567521802734748	-0.0220780712031194	0.858751744077593
1.20.1260	2.18979870857225	3.09785611751475	-0.581427764958677	0.919672687489046	0.335928082289297	0.278539732436336	0.574681895701364	0.0348129206114238	-0.0940706871887065
1.20.1260	-1.23786670500748	0.684176961959539	-1.92430340218183	0.782610213592178	-0.788628688651412	0.0534012768970449	-0.304850574008069	-0.341096598287425	0.37598710328546
1.20.1260	2.85677069655044	-0.701815166010786	-1.30521216397308	0.692527677997778	1.87060270924245	0.00102430208897519	0.153056917832937	0.885632757669388	-1.83845860492509
1.20.1260	4.2246717294525	-1.63841686690735	-1.3989364261633	0.177171226992029	1.28700043547383	1.03941465347659	-0.521288715764731	0.185671066025186	-0.696210578488063
1.20.1260	1.96286298947651	2.25091633211652	-1.52407065360941	0.870562582290732	0.0655915625446366	0.495336177813227	-0.331345415249379	-0.352714512615542	-0.598810604733398
1.20.1260	0.531648757347898	4.40404160208945	-0.337346374826949	0.77000349346644	0.160659003211001	0.156593554532673	1.06854903778691	0.708010196839985	0.093189841333545
1.20.1260	1.75076148487677	0.58312713403202	-2.10856985933775	-0.253018434654271	-0.623864742979922	0.55187580626727	0.0224093464161034	0.316637888778365	-1.06118985336031
1.20.1260	0.774874748866531	2.32107038170489	-0.13866385043871	1.47789266374393	-0.333566452993395	0.816612907735272	-0.303495332125612	0.0863998152977301	1.01804577718209
1.20.1260	4.77686195629806	-0.62971665926473	-0.779549882315992	1.06698562088474	-0.402051347773909	0.360785201750659	-0.0920844014870803	0.20198751511444	-2.00324984102517
1.20.1260	-0.699937043748925	2.63232745407005	-1.06608656484032	0.473179613669416	0.580465045258722	-0.207543544724942	0.208590653809651	0.924893799876919	0.504981138742502
1.20.1260	1.57291272606997	1.38441586723202	0.358463647328599	1.69826350037568	0.304618581609892	1.16391056674691	-0.528700722023493	0.773489925587454	-0.856640299830603
1.20.1260	1.47300822616948	3.1257968684791	-1.01165590550448	-0.030426194745329	-1.01074889625968	0.711067895943021	-0.0256867421447306	0.202078553589002	-0.173229147817823
1.20.1260	4.34393458686136	0.303561264359417	-1.15239311859213	1.7022277759938	-0.376328837874916	0.884076668232066	-1.88412557256283	-0.267229881076893	-0.507381517951395
1.20.1260	1.98423830977967	2.66076391248035	-0.982349415942875	1.51094765979352	-0.126890434121128	0.8828372194896	0.67840979793144	0.240729118347143	-0.67696619085313
1.20.1260	0.672639601918112	5.07320261822093	0.0318493963023058	0.702598561755704	0.769884496022423	0.803703558669663	0.113366727437845	-0.0811795448294412	0.805601360464461
1.20.1260	2.66160801407012	2.72058937301981	-0.594367624531865	1.90268053567835	-0.491693618553114	0.772668740233174	0.422862841950449	0.248166144758668	-0.472509571938954
1.20.1260	2.89607462844349	3.26973664067273	-0.786296056424028	1.65415939620152	-0.709990307081503	0.716795656129226	1.2143507519658	0.286837923058892	-0.164859194867451
1.20.1260	-0.545653309056419	1.92029181163775	-1.07439580982425	0.626454004228694	-0.19521833257686	1.17429239492737	-0.309895052561811	-0.46324396902295	0.115908913387132
1.20.1260	0.984771209305977	3.51974148730012	-0.0853690692880422	0.626222830077114	-1.33101315066592	0.50164685156958	1.07477232804342	0.0872276934821122	0.187465462481118
1.20.1260	3.41700214855073	-0.278903143306723	-1.82255302400241	1.05917803140566	-0.827887707562099	0.489524364234841	-0.621719491046417	-0.438687272783513	0.168358772791496
1.20.1260	3.03404356801283	4.25832346561207	0.0490199905015923	1.36363272515436	-0.647126663638118	0.849753689491349	0.16844331474684	0.306882478108991	0.342194135808286
1.20.1260	2.40099334990611	1.19232324287657	-1.1852436161294	0.969214646837947	0.266594884397345	0.272338694880388	-0.583925251242558	-0.490186259336583	-0.308121289251367
1.20.1260	2.13931409872423	3.90754286628691	0.00382583481876249	0.301528624498472	1.36422414897452	0.590458071238517	1.5718636302432	-0.32112692765867	0.101095425998933
1.20.1260	2.31433403922773	3.40737334625163	-0.340578499231623	0.702085338117392	0.0631145775518606	0.289028265795737	-0.494952325729074	0.0714744974063076	0.232330356698957
1.20.1260	1.69054080985492	0.460058383710808	-1.95024773946004	1.22151853095235	-0.388145670037468	0.321544443755747	-0.440206553142427	-0.116966152050385	0.656581978607932
1.20.1260	0.5184441884645	3.64256618225713	-0.587097832177459	0.579965948613807	0.973851271216546	0.84693018201125	-0.679099087491646	-0.0626625606526188	0.367474850478801
1.20.1260	3.19179199904809	2.84251343810161	0.272569180257884	2.05589303970473	-0.990477253616551	1.39414764224795	-1.12218146230206	0.110554781573056	-0.374196112859419
1.20.1260	1.73605293751843	3.50091152470197	-0.0479801427045208	1.16213433237666	0.587169527283296	0.698403954824566	0.517039586821744	0.608456097494175	0.235235214845074
1.20.1260	2.42965307244371	3.92295156886974	-0.471675573750141	0.704770789198036	-0.647473759995643	-0.0181607970108021	0.331889837609201	-0.00172442455312558	0.479504506173014
1.20.1260	1.2284225903181	2.49828891501371	-0.1169189642799	-0.0641725343767319	0.493325597223084	0.868138033310779	-0.229110436861449	-0.504548668122233	-0.683502399815907
1.20.1260	1.13727704788771	3.84597433140467	-0.593960909139409	0.39779642884742	0.337914832715053	0.585577183208335	-0.240201833758501	0.174426362250261	0.210962118469331
1.20.1260	-9.4188138357924	0.00499524419883027	3.22332984027333	3.44388199849274	-0.910388228453788	-2.18693993987515	-0.903424379002011	-1.22747471763568	0.987467426154489
1.20.1260	1.73879568990549	4.58881908980363	0.435841298675426	0.580398393493878	0.0809416012181343	0.380217763869028	0.259549972161802	0.0849613358332588	0.585953515081421
1.20.1260	3.08319090374937	2.94421009563253	-0.143331792653158	1.11596243674911	-0.893870476393465	0.339887359465944	-0.130379816999495	0.776270312608328	0.0299854174375342
1.20.140	-1.5515370463328	1.75355593110275	-0.607463039759691	-0.334341570427757	0.113699515776499	-0.474293022804561	0.306134348218901	0.648343274948085	-0.421433579555528
1.20.140	-1.8060490576463	1.36654785824776	-1.35918679617282	0.393917086568039	0.497987707924213	-1.20685609186078	0.166925256672116	0.316177829258991	-0.132286833921754
1.20.140	-0.659826942255298	-1.66182564061659	-2.90791244416815	-0.893105785226482	0.565146964748523	-0.912449194914894	0.429414786279762	-0.464533073672169	-0.113043146335152
1.20.140	-1.39548353291542	0.89919428466061	-1.08686537580853	-0.0860579936909109	0.267036153395251	-0.90035580630355	-0.197319760726462	-0.21970058769679	-0.559044185402054
1.20.140	-1.72120121049378	0.224259980822778	-1.21379535790854	0.111647092094623	-0.821818153031142	-0.31393023212813	0.639816649154719	-0.340624803129503	0.255828679421172
1.20.140	4.81366067578573	-2.30617400456856	-2.04981925879082	-1.00992014607535	-1.08962129828633	-0.44486530256304	-0.588660558578199	0.562517657334862	0.92731252178154
1.20.140	-4.3290816681937	-1.73861833439578	-0.880547165229834	0.551174057905817	-1.83892752047274	-0.0467894803733762	1.46718206616239	0.589631147505191	-1.30055784189033
1.20.140	-3.02407519725912	2.36240376311268	-0.459074749135103	-1.2259410139625	2.73403616249643	-0.522297511822287	-0.339392299064394	-0.709253287960723	0.330239166122701
1.20.140	-1.36177390187944	1.04361335007915	-0.194995520174503	0.377506554961533	-1.51282416475794	-0.507142547801089	0.0435298475991835	0.292744315463561	-0.687220543453275
1.20.140	-3.07013054735363	2.55547246412999	-0.755757057021511	0.625747216987239	-0.833498178739449	-0.56673783368384	0.223173277041708	0.230906143589192	-0.0262004154803991
1.20.140	-0.141847932232676	-0.843768024769663	0.545336695706603	-1.0402158784312	0.779943479253193	-1.25751542955052	-2.81583789421535	-0.502499963905638	0.312538530687793
1.20.140	-1.18243908657166	2.70572394055854	0.0015459149384256	0.128181423427135	0.591295998453009	-0.589773449863372	-1.01583363335517	0.505284718252063	0.632959411648861
1.20.140	-2.35060703626954	1.28039433121197	-0.6236517256905	-1.42862031228133	1.00117904254142	-1.16546217672781	0.489017542101843	0.347584346868772	0.600823985088115
1.20.140	-7.68983509016265	1.26972120312068	0.892180874732479	0.576369688089134	1.01273827565156	-0.885628909094406	0.914169427020277	-0.613018008170322	1.32382596699511
1.20.140	-3.87312077894603	1.40361421303879	-1.3788686410582	0.686250367979723	-0.167809604343271	-1.20671896271003	0.595022624187058	0.129462660865177	0.36264525468147
1.20.140	0.793731876146307	0.741565744046136	-3.21611230349493	-0.679237701887009	0.373651521712089	-1.16210225667594	0.365462370038099	-0.17446522655973	0.125488094038142
1.20.140	-1.93349195953512	2.13320075656124	-0.704169999219062	-0.1589625546893	0.401135308091205	-0.972165950631315	0.413211297586844	0.543583720619208	-0.614456902901347
1.20.140	-1.59841992169717	2.15967798819421	0.637150612091104	-0.0541222330877252	0.246462679677124	0.378215655489471	0.699450144753871	0.273903422199815	0.398775935927927
1.20.140	-4.37317805536105	1.55417286214937	1.5568403364916	2.7321008000296	0.0813500483148517	-0.675187365427988	0.17921501340698	-0.574729669627087	0.628309235468257
1.20.140	-2.10576922039769	1.59924148243582	-0.814790922390093	-0.905585261327411	1.0875517850553	-0.278383599378923	-0.528920183418882	0.0128427056161091	-0.764658089353243
1.20.140	1.69015138896705	-1.15885071936266	-3.51655558469655	0.39813982045015	0.178964485632305	-1.94215344115798	1.30076778313752	-0.417912064869584	-0.0196849670415648
1.20.140	-4.10329856659244	1.46006791161832	0.0224065257746159	-0.638582806498865	1.25685910145089	-0.619950137296133	0.0900159396121903	0.560705078195384	1.07231624859025
1.20.140	-7.38093071409194	1.50039965067606	0.518545567890994	-0.219601076413918	1.69799233737487	-0.796189072126039	0.480801001964708	-0.282666099666331	0.461705347906113
1.20.140	-1.63401346456738	0.784208253790158	-0.935441571813513	1.33439192474849	-1.44579288159112	0.123366145508849	1.13872807393081	0.198376209650988	-1.06645438531953
1.20.140	-0.85984248132655	1.49969805446645	-0.577781062532228	0.171276255633921	-0.701759995578361	-0.344975771224457	-0.53899369568904	0.347605037787801	-0.494327480080543
1.20.140	0.382163654230898	0.430582799003819	-1.21396520556396	0.139837385123589	1.49390617432451	-1.84215691725694	-1.46262725507308	0.0567547226641862	-0.429175335997712
1.20.140	-0.774836502462204	2.63161061851054	0.278147904957549	-0.44520913358148	0.705959887444961	-0.209748859499559	-0.497923995986823	-0.30547106488491	-0.159577459906714
1.20.140	-0.376009914997692	0.521333312062123	-2.09303326551057	0.734356712917549	0.253063497843711	0.142458399395686	0.956067668930371	-0.651105594075001	-0.440781546321184
1.20.140	-4.67117202968857	0.19012673609437	-0.169582400389557	1.03453236390847	-1.38280512633731	-0.239933203121194	1.87485439748289	0.632639844326856	-1.13663381876082
1.20.140	-0.973098346334964	1.93508812793665	-0.807309390747129	-0.214078549138524	0.376337964659766	-1.2809169069603	-0.202768636369641	-0.00354108982768592	-0.72408457781444
1.20.140	-2.92913919160639	2.00940505759607	0.22714961041482	-0.670552342761749	1.08605887047319	-0.537426548185724	-1.11398258347432	-0.807623109299516	-0.106546465159372
1.20.140	0.870938800431806	1.26997771206423	-1.47293782026143	0.15865144448209	-0.602847158454234	-1.01382050372406	-0.782258903977865	0.436738315733498	-1.21050608494561
1.20.140	-15.02980354348	-0.401280293280035	4.07340966393837	2.03574439292035	0.192409413540663	-0.260135543696593	0.371807720277106	0.609786615212986	-0.0870873535603103
1.20.140	-3.41392015110992	0.781984752208155	-0.476039429439551	-0.917198668302793	0.659659360858965	-0.885275797443603	-0.00826631756276211	0.0957034129225815	0.181329285433778
1.20.140	0.149043911052146	0.483758638724064	-1.87303385848329	-0.604110521403601	0.265009887913753	-0.818629992238875	0.0132617062513002	-1.02918979008607	-0.617483268630731
1.20.140	-1.70986049362006	-0.17026720936572	-0.0270450515076044	1.43532281467058	-2.67249933902368	-0.306816009653457	0.220171791692185	-0.471681556053595	0.0204145672330363
1.20.140	-0.789749098215466	0.949398345021738	-1.78408224589054	-0.601642367585906	1.08012447998378	-1.25216799497758	0.191335245143838	1.0242813671045	-0.485010931410524
1.20.140	-1.47495617791458	1.70472039785868	-0.719352815993412	-0.437746320907866	0.768631392008129	-0.185459759406452	-0.510935615591753	0.834301028752468	-0.81404077570022
1.20.140	-1.51260571792392	2.05818857527512	-0.513217203549486	0.229797297547136	0.83612624643012	-0.45513658377165	-0.197588197296048	0.0636562930763485	-0.480010502833086
1.20.140	-1.55353037677672	1.42180240214278	-0.508895711668097	-0.0357580973708227	0.663335723185558	-0.911635484306788	-0.388610801693966	-0.128456015952581	0.349487040531665
1.20.140	-1.2844779791933	1.05386299401342	-0.795317594177479	0.0789582255293623	1.41603391865613	-1.00364397284081	-0.391497711012476	-0.381582479451211	-1.38098272917455
1.20.140	0.759023155768738	1.30378327113781	-0.0806668248301614	0.669803796925798	-0.837120830016154	-1.46657045798643	0.518856807542667	0.362211775206335	-1.7596316492949
1.20.140	-2.30502264283855	1.49704490020472	-0.757217049295193	-0.853202504917754	1.2798818579478	-0.583034600742269	-0.515744351981748	-0.361168957600174	-0.717006614091789
1.20.140	-0.847965991169889	2.28669025278544	-0.385288753091046	0.480048078814079	0.0977557294048054	-1.09798448220846	-2.13347025178016	-0.11004078809049	0.221660833161813
1.20.200	1.66038929998716	1.37793612960605	-1.21968264393931	-0.167938861596129	1.33431657865991	-0.341066320796311	-0.268032844622678	0.0793811200476483	0.816223079577357
1.20.200	0.286676806901842	2.15195242493105	-1.14678303198674	-1.11718336001545	1.30262595407779	-0.181585819455513	0.0310780557647905	0.384086784404157	0.91922349679836
1.20.200	1.61288215083714	0.55332737137892	-0.258345468620216	-0.539157690997396	0.579622637418765	0.141973143249271	-0.609072433242256	0.95254307243871	-0.22146448311312
1.20.200	5.2969467469805	-0.211224657180018	-2.04871547427474	-1.15308631596009	0.353363806474164	0.11849076093757	-0.786866893663605	0.0577933047679111	-0.277588635074022
1.20.200	-8.58460611137004	-0.956597047045034	1.09270531824347	0.584169657802827	1.4775811030191	0.30084315727607	0.853748837588769	0.366041638979424	0.853008688043636
1.20.200	2.28221630051901	1.17942462586901	-0.627169681721561	0.472761668968225	-0.247690137534515	0.272229927776696	-0.764805921119517	0.147393121816585	0.0723948840784356
1.20.200	3.8602457104067	1.59036318952978	0.186180960342531	-0.319809588760089	0.734896734162686	0.425896179137056	-1.56157837661474	0.294165252413032	-0.105609776363864
1.20.200	-6.98156045934649	-0.0054941491120831	0.908934466115713	1.00490579187542	1.39352545467539	-0.117695216975372	0.600283060187505	-1.03172766890187	-0.233461827528958
1.20.200	0.461285368007739	0.508288966958316	-1.38457785095965	-0.296041808512158	0.320270088138689	-0.0967353086587738	0.103837689382643	0.506607548585993	0.853754049246223
1.20.200	-0.393473426239809	0.56191128160163	-0.249654603954267	-0.284240142090654	0.962837517663661	0.315750673772905	1.06146180124071	0.978831976291868	0.0746536514133021
1.20.200	3.05416990280175	0.930867960270478	-0.849828537468913	0.480856622532111	0.525870859557321	-0.124134401516091	0.35921976735402	0.70149854909297	-0.86024692172426
1.20.200	-3.49960962390208	0.13521173559724	-0.185435750884467	1.0130332940428	-0.254763971906449	-0.675453159940415	1.29465477502913	-0.0223211261439434	0.912099777083869
1.20.200	2.67649005521656	0.780681235759987	-0.656843207517365	-1.67029531750694	1.85146929447307	0.310302361618007	-0.834874257218621	0.773018282274011	0.214048094640143
1.20.200	3.32018863032553	0.191526991105899	-1.37360377590871	-0.499317871709583	0.0923429453047313	0.0508829284878045	-0.636840041240114	-0.568706840679326	0.585024185079081
1.20.200	1.07891343471934	1.71576926609333	-0.886017696002684	0.0531483027179047	0.53250885743214	1.03195036275985	-0.201931542452598	0.151756340779694	-0.779232488752111
1.20.200	3.1259744645431	0.102815823370057	-0.757481436861506	-0.799674207540926	1.09788792949827	1.10474215177806	-0.55004672835273	-0.295891330637408	0.838977358392707
1.20.200	-0.600271477228744	0.140278305533218	-0.658739131511927	-1.56449481822592	1.65388584993107	-0.138910891968545	-0.0287996258917335	1.54352184565025	0.108393011655867
1.20.200	2.43451753098359	1.21628429272286	-0.674452559064356	-0.348720665416214	0.355529852660754	-0.124658033228588	0.0168888580964697	0.911596865315766	0.385693745698125
1.20.200	2.60314162421674	-1.12515481224532	-1.68783182627867	-0.806429214740678	1.70130607118195	0.890409248679871	-0.521451578866928	0.805803310233793	-0.661531590390882
1.20.200	3.32546572171673	0.422704100940895	-1.21551167857245	-0.205614372625123	0.183134426622891	0.680640449379178	-0.16584516628736	0.410535656194033	-0.227962913482483
1.20.200	1.77492645911323	1.3735962194293	-0.785395900257787	-0.183627424284465	1.55943632778441	-0.405223068183305	-0.502740970269359	0.428555461964703	0.681149596124941
1.20.200	3.09990993869019	0.804258008583229	-0.954217977407587	-0.0176345097726788	0.865612197949363	-0.903505272094274	0.234267954975231	0.474737932580802	0.0210853119276022
1.20.200	3.33420392508398	0.653029989296713	-1.0757118043371	0.329932769218912	-0.222837774177652	-0.787373913552316	-0.402908501439624	0.647480177812592	0.231020235450364
1.20.200	3.08308552822262	1.4525248026933	-1.07862538577872	-0.640936903143545	1.60554589176345	0.15035591154723	-0.392458711322954	0.551051670991554	0.608125580314651
1.20.200	3.07505368384661	0.895305977755139	-1.30064020435601	0.330080213085951	0.270936945353039	-0.771315622313897	0.0131563768412032	0.669722158725966	0.210465777716212
1.20.200	2.49997969294624	0.0644194809229427	-1.74886777519843	-0.40703715276536	0.626433333436995	-0.806287855268893	0.177373695851051	1.43025095255591	0.443518892622004
1.20.200	4.28679100345652	-0.0414543874735292	-0.451320857497282	-0.474064465847406	0.0767678964094689	-0.0703500189437611	-1.27572190364549	1.07289109258443	-0.152890701254229
1.20.200	1.88963264878625	0.0837581695196828	-0.995633764470822	-0.542370123667881	-0.76033771892074	0.634846292203723	-0.247352879801639	0.639694042378163	-0.13650232430568
1.20.200	0.839396592600148	1.78546105084038	-1.00633472532644	-2.38158207149711	1.89169854013407	0.447431820141595	-0.176191466580377	0.584941777187405	0.206870560169039
1.20.200	1.20506803716457	1.38230202933778	-0.945593927915525	-0.480776303124324	1.00160544760679	0.1694926168034	-0.785906125626816	0.85695548451519	0.906150363668907
1.20.58	-5.04553089633812	-2.58219513113705	-0.5926025807672	0.379622200229753	1.00698590889595	1.42644561517291	-1.41175773787447	-1.03027637484787	-0.68419388929577
1.20.58	-4.95278303503035	-2.64274192045893	-0.428906775983022	0.0314650526690303	0.485293570323741	1.69721038130151	-1.55078903181953	-0.408131899072405	-0.510281488575314
1.20.58	-5.99471030359305	-1.52108808402962	-0.103565891997189	-0.0247070911373297	0.522902061829132	1.83703714214968	-0.0189638597955913	0.347325118893756	-0.634639525242427
1.20.58	-10.3930390845885	0.538403894970403	2.72946580215045	0.364035205167612	0.620115662634104	1.47929766698473	0.540423296212701	-0.380384572277566	0.274312827698597
1.20.58	-3.01443532638033	0.327778158457156	-0.0161649792605692	1.5032976147268	-0.619691792853287	0.341314686363802	-0.215341493626107	-0.399215544390128	0.103625942615552
1.20.58	-7.81915407296061	0.924388516797774	1.48340581266929	1.97249606344824	-0.393671503187795	1.37102543060581	0.745527260389168	-0.085216081591788	-0.0751992247768688
1.20.58	-6.59674634261564	-1.43930331196539	0.378123602528784	0.954896276352083	-0.506662810008429	0.263762434445052	-0.288535656164543	-0.0721573544917798	-0.585122700593104
1.20.58	-5.81111268500732	0.542504642749943	1.41853072946766	2.51666846783431	-2.26082005800583	-0.114653575308564	0.278317256187832	-0.413880799310643	0.294316401281634
1.20.58	-1.98796352155761	-1.04262543795166	0.76512535536057	-2.64043927996778	0.375285658534165	0.095082034041575	-0.796887703578525	0.803521051284726	-1.57761767592088
1.20.58	-2.65008225403228	-2.93094503653052	-0.62931475674406	1.2546717550441	-0.362910362582289	0.609707426730179	0.906116563400492	-0.951674019080097	-0.888656116379089
1.20.58	-0.944726377327169	-0.687939659440164	1.93045735344404	2.02374320730892	-1.15442780265289	1.41638288249238	-1.65056889271746	-0.516702997080459	-1.23966056377566
1.20.58	-1.9550812317901	1.78102379243402	0.82202048898195	0.360338459112525	0.635963404565582	0.0667899726586764	-1.30122256693809	-0.131591232331393	-0.195611428564436
1.20.58	-7.83627671367363	0.462886325238581	-0.728226710077006	-1.94624652214645	2.58222720482338	0.576958913893883	0.015759729547233	-0.909853023422849	0.193975302957843
1.20.58	-3.23204043030443	-1.69858293001364	-1.14491510117402	-1.31799091384823	0.235271145209813	-0.412820344066708	0.283755515175424	-1.62702176744425	0.270981333239589
1.20.58	-9.94034454955131	-1.51657242976832	0.20687741497894	0.332848789089938	-0.290555191110237	0.671071818856695	1.13126936338748	0.186470495735442	-0.210453060255774
1.20.58	-5.60476999982576	1.32506580156044	0.476584235566369	0.639598362707635	-0.339171732472928	0.130379916041825	-1.08685502246019	-0.158543674861311	-0.379638057220695
1.20.58	3.17682657639863	-1.633958782649	1.31826487573695	0.946264129893787	1.53596508540779	-1.4396557032185	-1.703098135763	-0.983413271238689	0.297588368734052
1.20.58	0.755010363161194	-4.44873647034856	0.575653799802648	2.04756166547727	-0.137965101900224	-2.33429427089431	-3.02735577290351	-2.07596862548671	1.38440128737808
1.20.58	-6.71237742495913	-0.641122354589275	-0.806599639293341	0.90950803037851	-0.53183792340339	1.33314316436875	0.202029151729373	-0.132189046832974	-0.383880816675766
1.20.58	-8.66499979111754	-0.102478415226918	0.952983990793156	0.436369403736344	-0.320375495836501	0.810020303099431	-1.49479128426562	0.147613094649525	-0.0848792066276886
1.20.58	-10.0189210564835	-1.76345615128279	-0.0105004805828444	-0.76641563986303	2.20628271611494	1.84100196335472	0.561650099421042	0.924061144042289	-1.51411695280243
1.20.58	-9.69430647722073	1.68783625178571	1.15536564263822	0.84486349361152	1.70701879223053	1.21517806895995	0.862338763420389	-0.165529413143827	0.619175649517817
1.20.58	-4.18005504383043	-2.14750794902279	-0.353184677272362	0.631619740408541	-0.979875774610933	1.34884736292503	0.16946727266736	-0.212922917427085	-0.54118875485475
1.20.58	-3.48377296459153	-0.501346314429811	1.93294921584395	-0.35790555549884	1.60212676024977	1.20287672020806	-0.334577812090773	-0.768568279265546	-0.987975165763538
1.20.58	-2.28599960749668	-2.45997998786016	-1.33681780252372	-0.729058170321715	0.111069964131484	1.80178158842638	1.307882386625	-0.383460039160882	1.55543696652876
1.20.58	-4.0706990967846	-4.09911368094907	0.805160516331816	0.951361652227053	-0.490948363288437	1.60121942889618	-0.846498763973698	-0.255391922261828	-0.383637927049632
1.20.58	-4.73051014659283	-1.49763038634255	0.0604397581057405	0.0312832177535104	-0.483795768581804	0.79006526385063	-1.17150356188143	-0.494177973885239	-0.513212324647115
1.20.58	-7.18793908323179	-0.830286311183654	1.07108136809585	-0.657251105626252	-0.585664131941067	1.65994729850321	0.00039971949276725	-0.0177037676899154	-1.28809694901201
1.20.58	-1.12669629264725	1.20825196663788	0.911927180552346	0.679147401958145	-0.207941273019811	-0.443290850344227	-1.03694607669612	-1.17692736477248	1.64988292556226
1.20.58	-4.51371641933784	0.971582761650234	0.325092945087905	0.915225081646019	-1.00588312586338	1.27573514634051	1.73483948484069	-0.34716802436867	0.0502539807568505
1.20.58	-6.68284767525218	1.05811619480274	-0.183917203606393	0.32750681797663	0.988466884742805	0.863063818705972	0.120463695146695	-0.957275643913227	0.152202301366123
1.20.58	-15.3510740036136	-5.15914178652864	5.62360674200456	1.97948800533474	0.683403371385647	-1.06603818031022	1.2908294607603	0.72629264560289	1.03144856074881
1.20.58	-3.92581256321389	-2.89240685324797	0.353370442949149	0.542241721042353	-0.174674784017989	1.88999966437049	-1.86662511415809	-0.290867565235441	-0.0289774194468797
1.20.58	-4.6830362533801	-2.62232228189866	-0.421751149294665	-0.141791923944103	-0.405658104626052	1.69986391304362	-1.8171316840627	-0.192237479437661	0.16847199262573
1.20.58	-0.884582424772649	-2.42461411043092	-0.780843887447697	1.86423479840781	-3.46164795536367	0.639811142617878	-0.321982660704313	-0.738076697955384	-0.116590450233802
1.20.58	-0.564044071843717	-3.68587580990134	0.127608022152873	1.79222752173964	-2.90767178570214	2.23179777868593	-2.62611899491556	0.358092800167286	0.0443601206236472
1.20.58	-1.37344063598504	-3.30925157387889	0.227995204959117	1.69872660356909	-2.63617492454707	0.249772808985819	-0.317356565835115	-1.87747135805744	0.00482941101134668
1.20.58	-4.07721635535014	-1.76663336751864	-0.816605977562144	-0.73839055542683	-0.0781845876152129	0.77421496820699	0.672457589187146	0.390966786854657	-0.493113878829355
1.20.58	-2.56416973905341	0.0915973404486515	0.829227032383044	1.52020569787234	-0.896131024125565	0.836092598573671	-0.84820089130524	-0.157325783021737	-0.252432209312237
1.20.58	-4.10007145208505	0.254325307885131	0.187900862606609	2.13935906411179	-1.35916976636987	0.345649064504454	0.496496151177611	-1.34300030775599	-0.124309127642748
1.20.58	-2.2710302259875	-1.0873317884696	1.22852043804886	0.222200650145721	-0.598597017626542	1.57434620645654	-1.58010412213317	0.645417157196646	-0.669904995526983
1.20.58	-2.22413196036231	-2.61360231105013	0.242157241009871	2.19829729579758	-1.65829865373472	-0.382207037920082	-0.823207588262055	-0.950993411988193	0.77007379043272
1.20.58	-4.96261488014593	1.49792436766442	2.35533695306449	0.124983751659305	-0.277367550827226	2.07712532025114	-0.575543278101694	-0.473925203109805	-0.111134029691399
1.20.58	-2.23393634359806	1.53326658349534	-0.548841030570021	0.764793773534401	-0.663638550992569	1.14739571065021	0.381091514767617	-0.494188662254187	-0.433395567622578
1.20.58	1.83806249001282	-2.41058739437821	0.824692363930975	2.0629388480702	-2.23343000950767	-1.41252947392064	-1.12723750116939	-0.477714497684833	0.483629532789574
1.20.58	-5.71800819246982	-0.0437738836695829	-0.70620940386802	-0.383160542298984	1.22701439824325	1.08156026998788	0.863915675380377	0.181393005134113	-0.283483529842923
1.20.58	-5.02989562281166	-0.0932467799167697	-0.205791819810465	0.632056127365064	-0.0333724123549843	1.31467633836649	0.403629479319978	-0.484255391811204	-0.296546823701489
1.20.58	-3.20961099279341	-2.33931489953925	-0.368449726009736	-0.456841747384272	-0.3998432844943	0.579390013772003	-0.692630030373916	0.0966779753485404	-0.033926633170364
1.20.58	-22.8714495207197	-3.47719537253889	7.50005475463939	2.15267463248325	-0.177151592948551	0.0968748233342115	-0.0666642490796219	0.914347160883974	-0.0498874307119986
1.20.58	3.22841702048012	-3.05603201541831	0.481382059309709	0.759842769258053	-0.715209405832601	-1.01142504091849	-3.85703769002171	-0.97477773021884	1.14811250470235
1.20.58	-6.55136425589	-1.15531526851297	0.894531034386036	-2.15322075309338	1.30509997667215	-0.686508657789136	1.07314999945935	-0.721552843505801	-0.857514902540874
1.20.58	-3.93495223612247	0.226511200919013	-1.18819749428439	-1.58264018746292	0.457374155306391	-0.171036280349505	-0.822721485706233	0.245855023882359	0.379550294014461
1.20.58	-4.7853896623368	-3.47652548360276	-1.52701898351049	0.835768008524402	0.592918562667632	-0.601406271394947	0.0627647403925074	0.0414228313511394	-1.90784817065104
1.20.58	-4.19910937748897	0.612659232085308	0.741110270288052	0.328239211494229	0.682169463930699	1.25569911092353	-0.830975023418957	-1.64801156940853	0.255698911792494
1.20.58	-8.45303190374783	-1.6825963338349	0.269976870432994	0.591359854188207	-0.327295252050043	1.87414207054318	-0.496793413130831	0.182356807861722	-0.116195574427996
1.20.58	-3.19103923379807	2.01933699073573	1.49779786697752	2.6278508295999	-2.10953910669414	1.11838021621482	-0.152334055524823	-0.740199377835185	0.0732475850954927
1.20.90	6.35679922875908	0.256277464002656	1.0830182220811	-0.169508462046745	0.246720168783743	-0.61818689974178	1.14254154074423	-0.930493178529368	-0.451043401823575
1.20.90	7.85618845022816	-0.638234266787071	1.53104042625793	-1.02955990593516	0.0326767142159885	-0.507399731956197	0.611437771161817	-0.979469622626556	-0.247762961813589
1.20.90	8.34460727260867	-1.05278358807993	2.17763297652096	-0.108684074572327	2.19323113870851	-0.282082021291852	0.3465709927504	-1.53790789380407	0.524392101582167
1.20.90	6.41260775308011	-0.636155151862324	1.89511496416086	-0.227560628675174	-1.05964762876795	-0.74343068721666	-0.209535883246114	-1.99651785743044	1.02998957766896
1.20.90	8.64463206302056	-1.02378945034156	2.40986454394344	-0.357119584198886	2.1843234501255	-1.60776735667243	0.884617302179141	-1.6489419183875	-0.584615505920043
1.20.90	10.5489737339536	-1.84277164237049	3.92888868191513	0.251711587573756	2.14471834482934	-0.460687485239026	-0.415512912864256	-0.682593401891811	-0.410656778014072
1.20.90	8.21987066204567	1.08026789132773	3.76580193090727	1.73498230693668	-1.32225552371594	0.319997684991477	0.873712115963485	-0.789022357790067	0.79730630425989
1.20.90	6.80856802932458	-0.453344621528706	1.49042036024904	-0.719303275700888	0.683589438534014	-0.271350929025365	0.108609373491523	-1.5417275002108	-1.4741205224438
1.20.90	8.89687556706153	-0.504402506275556	1.6332535434294	-0.227597036668813	0.567392318165539	-0.10140618220899	0.64512861220301	-1.05385798446007	-0.2031343718362
1.20.90	8.15040606379727	-0.83740016970772	2.95164173104751	0.261976784954357	1.28063916975608	0.260921490887554	1.61723480785821	-0.575353567754177	0.859539747744017
1.20.90	7.48797283385948	0.909008717864175	2.41111594781965	-0.426019909695059	0.00656344562861869	0.102617120620868	0.56014993243718	-0.321989738691422	0.956381842901002
1.20.90	8.92861706803643	1.24506426561727	4.86812341233984	0.609537392088652	-0.317640837930472	0.729650307041025	1.44040813582788	0.359313703339052	0.589213203497706
1.20.90	9.51565720025765	-0.859457279469502	3.57047010550851	-0.999577775266566	2.16205980131751	0.443411842604327	1.07931681744896	-0.349647600567199	0.0499132165306919
1.20.90	8.17045364823712	-1.02360943978897	1.64490449519388	1.16644611133574	-0.855993305610618	-0.551581828250758	-0.435163452305144	-0.341009395746757	0.618273140859118
1.20.90	9.41350348529586	-0.189857016720641	3.2322395218623	-1.6280193357172	3.06382932790092	-0.505983268625073	-0.172821569941651	-1.32452314149643	-0.91358380281209
1.20.90	2.18333225929976	-2.87367960849213	-2.49589509526721	-0.10687883670896	-1.76488702502282	-1.42922908691542	1.65346551680977	-0.28500985672126	0.278728364100477
1.20.90	7.52971554653106	0.559932179332439	1.68865678414201	1.02496227951543	-0.105340140809632	-0.196307645520256	0.488340729029751	-1.30676738029149	0.12562494760935
1.20.90	12.1725781337764	-2.64811812301393	4.89742410053092	1.20498224318734	-1.03283206775541	0.393200728597853	1.20475273596267	-0.156799375258462	-1.20824642766636
1.20.90	8.02694739118153	-0.078092255021958	2.9894514033663	0.603367313820891	1.29381446210199	0.584162887576834	0.0201720600600101	0.343246872653638	0.296883321015456
1.20.90	5.4145215925173	0.197492401887427	1.07839325429999	-1.16319441448777	1.12974845628022	-0.700176320379343	1.97806746423489	-1.10745270398025	-0.558336460606474
1.20.90	6.70064172603143	-0.960193804696939	1.20448075008734	-0.685637320350928	0.323172509140635	-0.0983968219615591	0.803654598477318	-0.026410100349863	1.15725924114937
1.20.90	10.4565247178944	-1.59204794536737	4.18094172648787	0.815786802133171	0.668956811725665	0.131827659814878	0.993633242949435	0.0795194034675628	-0.517261366211018
1.20.90	12.9589056719732	-3.51874040646314	4.07823083997384	2.02899163314154	-1.87293775845678	-4.18275925644314	-3.07817952225889	3.36073367653256	0.33666386777162
1.20.90	6.87265499276947	-2.18052272903371	1.83419038087654	-1.0806298797795	1.00506897261629	-0.608835863520579	1.12653079593227	-0.757227777943307	-0.144341913205869
1.20.90	8.22963337868185	-0.15885765786749	1.98563480293763	0.0966997037506576	0.5276887074785	-0.271203996906532	-0.354414601054538	-0.379438847362222	0.580990287169996
1.20.90	9.21530017794363	-1.00248182862755	2.36225426569323	0.111080797325583	-0.311499893839052	-0.83316610688763	-0.17796042174188	-1.25453070214859	-0.751890382257123
1.20.90	9.93537325718484	-1.03749279279853	3.48317631987342	0.640467278604968	2.21636822296758	-0.900448531927021	-0.504623152949398	-0.754734907788057	0.078748432074941
1.20.90	10.3366164770552	-0.632484834537049	4.01337471171279	0.833706883067027	2.52287624944559	0.266744338050068	-0.678149156673876	-1.66349058527495	-1.09986562062031
1.20.90	8.57823648675903	-1.916870042282	3.09741886543089	0.612159564470629	0.343598190259336	0.531160459665259	1.65172762763972	-0.549452997280547	0.333039678404084
1.20.90	9.27820289905623	-1.08262032575781	2.14297328292354	0.308428950431488	0.976124133818014	-0.123688778875779	-0.682725997736896	0.203278464198669	-0.466569803172726
1.20.90	7.0093063509737	0.352426536200958	1.87126855183191	-0.383155939214539	0.94122287095284	0.0600810616792383	0.361841977914707	-1.74456999452326	0.0828282458504665
1.20.90	6.02494190545227	1.13606282051801	3.15935615599744	1.03467013932415	1.41875154859223	0.324044357392069	-0.792630118784895	-1.79749136269592	0.215813883980484
1.20.90	5.72199177546074	-0.206785824675647	1.37022202132616	0.471980545966485	1.03075928360486	0.128887858574486	0.3548282993602	-1.4011142319636	0.668238344832485
1.20.90	11.3886594786938	-1.84611447056111	3.55520491888041	0.0285429206118506	1.79288514007664	0.991040357990855	1.13423777402856	-1.31130220639284	-0.0404964642995077
1.20.90	11.6783967279884	-0.799865085220036	6.06355414500084	1.68242881442386	-1.22697242100648	1.05584330342379	1.21116656978999	1.11149060278591	-1.29311166787534
1.20.90	7.9890004869163	-0.240762682845555	1.87808201812604	0.157410542920764	0.192932983510742	-0.6990717809696	0.614068219471002	-1.03059698028286	-0.14270529836756
1.20.90	9.51368804727152	0.972046094619042	5.46890302867095	-1.67682822678373	2.64929844621651	0.615037489874985	-0.15497272842849	-1.19602799278068	-0.0700919889500868
1.20.90	6.32794280398527	-0.403358883810009	2.71831174025865	-1.63002762017895	3.04277749356283	-0.880259979168707	0.545475076169102	-1.25542104887366	-0.431872866364308
1.20.90	10.4425818126111	-1.44564171414881	2.78045864194491	-0.319917180991436	-1.54994550765918	-0.816927478061083	0.198171976240177	-1.78450279573838	-0.909350737107979
1.20.90	8.65076407160385	0.75813634049865	3.13814665327939	0.865043140287801	-0.424336718673786	0.0934283484577037	0.0859229896512358	-1.22425528444133	0.706266079508457
1.20.90	10.3165823745596	-1.13943197499072	4.40829470777304	0.337050543504788	2.14587431317881	0.119347259618766	1.05085094288344	0.25701734417245	-1.75759192171967
1.20.90	11.3180647909604	-0.290243050928234	2.56309091167213	1.08734831855678	0.841886312753646	-0.599957006222925	1.99704241336132	0.440724851045454	0.218400213008356
1.20.90	6.87710164539822	-1.48532595850332	1.27446618894135	-0.646004356881682	1.18985286515146	-1.31608724449255	0.672903949433287	-1.49823110821332	0.385690684604105
1.20.90	10.6557738715617	-1.40800715747967	3.91921715071126	1.57756374778193	-2.56825917789254	0.61168586633888	1.41117189368129	-0.62213037226324	-0.232954423237644
1.20.90	7.41155140535068	0.469191472808157	2.41597304497711	0.54317170568014	0.542134542707538	0.250992766242019	0.0661425478294225	-1.24442824797531	1.05135403053471
1.20.90	7.31740135092535	-0.0411707847224084	2.19358383518797	0.374418130278558	-0.635515376095845	0.819829014539854	0.409919867027251	-0.813073774006763	0.22712214633234
