1.20.1050	-0.312051803998738	-1.34943677428495	0.00732368879681385
1.20.1050	-0.789856687562678	-0.359599912796442	0.262147829433929
1.20.1050	-3.14599917020551	0.228399829250504	1.01904525735673
1.20.1050	-1.05822230260201	-1.95835931131635	-0.667303400374661
1.20.1050	-1.67283810880067	-2.3175679765889	0.281330314248716
1.20.1050	1.12486184545254	1.96452700324029	-0.174540125444092
1.20.1050	1.01985822341966	2.5260631361534	-0.346231633974753
1.20.1050	-2.25789942864878	-2.92373978035687	0.678886077236486
1.20.1050	-1.5169337877467	-2.04944608369868	-0.0655095399832026
1.20.1050	-1.10277231857578	-2.25326468764566	-0.321828783819677
1.20.1050	-0.21122847093055	-1.34615804530934	-0.630206692996114
1.20.1050	-1.01469775060439	-1.6086544601792	-0.7236047805698
1.20.1050	-1.60782031697472	-0.82839582458274	-0.020135072543413
1.20.1050	-2.68839002205781	-1.79192337945175	0.859538830333542
1.20.1050	0.0939858595070493	-0.793799104402618	-0.963055354789684
1.20.1050	-0.170195725034761	-0.747738509664965	0.0578564623966134
1.20.1050	-0.815162736045796	-1.46506583995534	-0.605808130548839
1.20.1050	-0.446020143131985	-0.764621772751899	0.246991851041274
1.20.1050	-2.28871067880831	-1.08105050220646	-0.222453724306662
1.20.1050	-0.0897262273162394	0.302610956474545	0.237173276734579
1.20.1050	0.350259524866483	-0.841861264746195	-0.226382391363036
1.20.1050	0.279677254855328	-1.41391157900453	0.0780816193093087
1.20.1050	0.429992616969876	-0.887058389311954	0.0886062789951052
1.20.1050	-1.98833616783525	-0.945941713733516	-0.31585442245798
1.20.1050	-1.33444438977624	-0.388699122104135	-0.38673412664525
1.20.1050	-1.37071347626304	-1.49196501550805	-0.381897897763082
1.20.1050	0.801695175588016	-1.00055016349392	-0.317693673714575
1.20.1050	-1.06968466250082	-0.62034219387563	0.191138339707695
1.20.1050	-0.565606767601672	-0.192961397884445	0.471326129508021
1.20.1050	-1.11987416273218	-1.70129091146697	0.0444336119767057
1.20.1050	-0.784569179402141	-2.25307251563661	0.285067539288891
1.20.1050	-0.0541603309101806	-0.547603917574132	-0.0853224265738651
1.20.1050	0.521174289964677	-0.417100826119801	-0.108236687132139
1.20.1050	-0.667380199609911	-1.36832122106954	-0.962074508904198
1.20.1050	-0.47505444986066	-1.20237734970532	0.322325618969387
1.20.1050	-0.830919954685496	-0.190463333117954	0.398681449629291
1.20.1050	-1.34214909064688	-1.23240216666105	-0.0855553073354273
1.20.1050	-1.32533891005511	-1.73730151713917	-0.415645151719107
1.20.1050	1.49226154114178	0.913168329159847	1.1155296799472
1.20.1050	0.566784367717801	2.47994629823706	0.449691515781649
1.20.1050	-0.194230135050593	-1.38410346227756	-0.699816371645796
1.20.1050	-0.689864969577328	-1.65957949630165	-0.622351133771842
1.20.1050	0.641586350688386	-1.09956840296552	-0.729684366173292
1.20.1050	1.39838322406276	-0.184754393877322	0.611416222104981
1.20.1050	-0.911888851873219	-1.78690014839114	-0.222713883686562
1.20.1050	-1.42097305120574	-1.55559847620899	-0.168451831355984
1.20.1050	-0.0351512800117184	-1.02605750640516	-0.0699896280696503
1.20.1050	-1.067037658827	-1.27476906457129	-0.702769740096028
1.20.1050	-1.34876670809764	-1.9723889453759	-0.084951344892707
1.20.1050	-0.95790955444076	-1.63919602355892	-0.468709957779723
1.20.1050	-1.25847242329112	-1.32648315926591	-0.242592224795298
1.20.1050	-0.895568218227123	-2.04655401363329	-0.0608359382088103
1.20.1050	-1.26950214153144	-1.74631478641625	-0.234829804403653
1.20.1050	0.351644973411984	0.875788657391481	0.843975023475657
1.20.1050	-0.823799338191424	0.863855334767448	-0.441002413426923
1.20.1050	-0.787264786799719	0.980301025340263	-0.146009968987313
1.20.1050	-0.636582129460357	-1.87498368065333	0.11697934955177
1.20.1050	-2.10699666478407	-0.708317865264009	-0.475542910741001
1.20.1050	0.205005007255223	-0.303627243606995	-0.771690538376193
1.20.1050	0.467750079307034	-1.16777435517381	0.148761621045961
1.20.1050	-0.00773405459786949	-0.59776796672445	-0.335441027598892
1.20.1050	-1.95575146277315	-1.43850763599966	-0.0285844161114142
1.20.1050	-0.194028938968878	-1.7353080650888	-0.136092721720471
1.20.1050	-0.64639929975106	0.299211085464365	0.799263673725994
1.20.1050	0.502701323702009	-0.445841581159424	1.84463480164356
1.20.1050	0.59202335266298	2.34980052073432	-0.649660554249735
1.20.1050	0.770386764398001	-0.528322756898167	-0.66040105285022
1.20.1050	0.621618673895675	-1.13785547904664	-0.316704508858713
1.20.1050	-0.20035059745739	-1.62147833903374	-1.00457492485878
1.20.1050	-0.337377935814792	-0.83471346048378	-0.352811140335677
1.20.1050	-0.742037436790628	-1.68703738040233	-0.19726756778307
1.20.1050	0.0430512160994326	-1.49545473643403	0.266285543864802
1.20.1050	-1.45143157916342	-1.43448524233842	-0.513708065989574
1.20.1050	0.00478200561885743	-0.390011707755268	-0.137555004818178
1.20.1050	-0.411275045420649	-0.99811017168905	0.122983157892125
1.20.1050	-1.60128060979749	-1.43221066881463	-0.256840479241301
1.20.120	-0.0123110285549575	0.776236690436117	0.791800559289075
1.20.120	-0.943597746332175	1.72204403548241	0.0708398387123241
1.20.120	-0.911374791002993	-0.10921124373291	0.792745384473633
1.20.120	0.51000421906086	0.867196275292523	-0.132358622564239
1.20.120	-1.38216531835586	-2.7687127224757	3.97478222305998
1.20.120	-0.955319841361898	0.223676867259471	0.239767775162427
1.20.120	0.630086900797962	3.57885921994832	0.570569049213433
1.20.120	1.47193679014401	4.34513305617748	0.113537513645271
1.20.120	1.009895636694	-1.2037826064256	0.890166808942468
1.20.120	1.00749625744665	0.0485794201089479	0.63069917043771
1.20.120	0.610136704786386	1.03620019402506	0.335751427259025
1.20.120	0.65548605094014	-0.152859287707421	2.07746651458249
1.20.120	0.827352604663736	1.11683334001704	0.433603690503501
1.20.120	0.616185977198321	1.35707600939003	0.390350840443189
1.20.120	-1.30561074865366	0.0694269114650778	0.931105772496685
1.20.120	0.687278610432872	0.780620527352268	-0.294568720329446
1.20.120	-0.496056594124771	0.119405832899304	-0.616796239403475
1.20.120	-0.198802012449715	-0.240810200317221	-0.112364023092404
1.20.120	-0.173625015323285	0.394494667512917	-0.226607981493538
1.20.120	0.783031030666597	0.776889164152373	-0.0688412078189684
1.20.120	0.0981461342390089	-2.35923101517208	0.308787252215201
1.20.120	-0.0614135732725408	-1.88520479824088	-0.97490937413034
1.20.120	0.15612878624427	-0.0446829423012012	-1.13077748719492
1.20.120	-0.136883137140803	0.876858524466463	-0.366237098651995
1.20.120	0.122699301070222	-0.508087103172793	0.0954202097440542
1.20.120	-1.58496262129949	-1.90345340724977	0.117187593184232
1.20.120	-4.12224632331234	1.73010117809831	-0.855869742988812
1.20.120	-0.882681633898914	0.749079131444444	-0.17110502516167
1.20.120	-0.925569755607638	-0.65181801741438	-0.00498582120126653
1.20.120	-1.32327000987002	-1.74747336052265	-0.812148494089424
1.20.120	-0.0416604603386859	1.70230842557899	0.891560973371776
1.20.120	-1.60282976033088	0.0321076781222767	0.289099089378077
1.20.120	-0.426997931552016	0.968960594850294	-0.287389811765888
1.20.120	-2.22753265704093	-0.830969556929992	-0.532664514067317
1.20.120	-0.325085158434681	-0.129580798858827	-0.904119975390069
1.20.120	-5.74532494588825	4.9096039964319	0.573974727156268
1.20.120	-5.71957584360824	5.53620778403057	0.540204525304475
1.20.120	-8.41094291445998	6.60607412324893	1.30019966507698
1.20.120	-6.75169176978764	5.54163393947076	0.282046498598237
1.20.120	-1.76161996358497	-1.0954972325235	0.0922412361151245
1.20.120	-0.29135470005232	0.313153400608158	-0.497492232699445
1.20.120	-1.14832415490497	0.0784499569187111	-0.291224571423069
1.20.120	1.78222183727883	0.996550839505294	0.161263368824857
1.20.120	-0.620644593508407	-0.366151435922066	-0.590124617661857
1.20.120	-0.864809662213722	-1.19559566419901	1.70533480851466
1.20.120	2.25953353469736	-0.278063604863269	-0.0486715236987788
1.20.120	-1.79008666932134	0.19326973591475	0.579536962894532
1.20.120	-3.58367928032428	0.814682892734104	-0.584844002491701
1.20.120	0.264996769648631	-1.0963319048095	0.429827362708875
1.20.120	-0.926400555258917	-0.398191974239648	-0.0718504986599759
1.20.120	0.761332204230066	-1.43044549019837	-0.00420098345660676
1.20.120	-1.56181577201669	1.0224036978238	-2.3638423959102
1.20.120	-0.948528367574381	0.220283220392726	-0.255094993482123
1.20.120	0.813267639142384	0.636179061637828	0.907994614754402
1.20.120	0.942359792761603	-1.97141998074869	-0.148343405569673
1.20.120	-0.237542888712692	-2.04581342867729	-0.875603547824694
1.20.120	-0.367847921426496	-3.45769173856568	3.38879789790619
1.20.120	-0.548606994862923	0.119956372228473	0.000687627912387355
1.20.120	0.0538998412973206	-1.44793902551558	-0.538629258769831
1.20.120	-1.58014875936587	0.248507346748758	0.779132462121978
1.20.120	2.35221640155064	2.16240171867894	-0.0268504273832239
1.20.120	0.785622845441086	0.595650519622264	0.294612835494523
1.20.120	0.690421521912754	-0.546643307415543	-0.14811661517922
1.20.120	-2.51531879302721	-1.62240170049217	-0.0804931799039965
1.20.120	-1.97865939388093	-0.219697873070343	-0.359663930162366
1.20.120	-0.485458278928037	-0.689620403029602	-0.510255886820852
1.20.120	1.23098128929573	-0.454573837348859	0.919468943772907
1.20.120	0.864897968486792	3.76860530039947	0.0299676451246423
1.20.120	1.22676457528193	1.0987853229171	-1.12339089998502
1.20.120	-0.376110754869127	-0.373640715488521	-0.438460711585869
1.20.120	1.74529620197317	1.12827879274464	-0.880178429944448
1.20.120	-0.605705292193176	-0.242795826712779	-0.330409479050224
1.20.120	0.96465302909058	1.13368460543722	0.299887214091453
1.20.120	-2.24713689755833	-0.55154116630958	1.32946749561252
1.20.120	-2.94996831129628	-0.888128581753012	-0.16777954896703
1.20.120	0.943338232951515	-1.35757837200469	0.197775416802883
1.20.120	0.0355460063078008	-1.4365008912423	-1.136249968892
1.20.120	0.769100389226375	-0.0198322364956771	-0.634656814334038
1.20.120	0.622236603580866	-0.912541766261414	-0.605304931830831
1.20.120	0.174545174559214	0.0487299937404095	-1.02536733935491
1.20.120	-0.333034357565046	-0.973440279245405	-0.208026291184835
1.20.120	-0.681627077813833	-0.0355148991059983	-0.517131184530193
1.20.120	-0.263024117894154	-0.0542477250848769	0.364902274636351
1.20.120	-2.59357481373131	-1.16509892661145	-0.48181362582045
1.20.120	-3.73685042874794	-0.71977628251592	1.27112397662648
1.20.120	0.727996012479961	1.32121923014373	-0.394408613152046
1.20.120	-0.0764453486144244	-1.76081626462404	-0.322355205442083
1.20.120	-2.88619164520848	-0.871196647159697	-0.427739601389444
1.20.120	-0.427447597591921	-0.142719410951978	-0.617137037787347
1.20.120	-1.66317059726512	-0.716422218207014	-0.565790107029473
1.20.120	1.57843849897529	-0.171997948715668	0.795847375010231
1.20.120	2.16373499216091	-0.0339070016741954	0.441702998143496
1.20.120	1.50000335495999	1.33905608143347	-0.637314612113771
1.20.120	0.787174225757185	-0.135913426658775	-0.358848718050588
1.20.120	-1.91332502428677	0.862018938643633	-0.489343228199283
1.20.120	-0.259567615204315	-0.632607298647341	-0.779640796058935
1.20.120	-0.403237619668296	0.683757194733066	-0.625099041108908
1.20.120	1.50152284763149	-0.643589604330321	-0.687841978213302
1.20.120	1.44382624579765	-0.114613639331124	0.0204966837749813
1.20.120	-1.36169215075039	0.78852209232352	-0.569119556622681
1.20.120	1.70235999095755	-0.2157555948118	-0.0786606213810289
1.20.120	0.916528677921752	0.40642217020531	0.635930838384469
1.20.120	1.28439556772521	0.164472346389271	0.538472487045143
1.20.120	-0.854736660734166	0.102577231850983	-0.544679322623904
1.20.120	0.435855581848632	-0.876657363757257	0.356583599224659
1.20.120	2.84483895911716	1.55666769913897	-0.299609601165919
1.20.120	-2.1485121220807	-0.687322882677066	0.0123087724887974
1.20.120	0.572225349459216	0.75115161628467	1.10034088015734
1.20.120	-0.528955789325868	0.0880919888487396	-1.24779914723744
1.20.120	0.370291635926888	0.666250070069095	0.0990220329848843
1.20.120	3.22143579234245	1.62347726252828	-0.252016014408598
1.20.120	1.55331663357282	-0.479868039448786	0.161487401343097
1.20.120	-0.264535890358991	-1.78957460848029	2.06963607574832
1.20.120	0.190631545532989	-1.79242060785688	-1.13564374650694
1.20.120	-1.11524279334668	1.19536114108713	-0.398623693948511
1.20.120	0.205724906429668	-2.36898381448275	2.54518485334543
1.20.120	-1.5774450126478	-1.08121952323318	-0.0251402252849075
1.20.120	0.125959835823965	1.95015498040982	-0.628896573406791
1.20.120	0.323999004232108	-1.80214489590367	1.72681318276829
1.20.120	-0.502569902749911	0.646524353031076	-0.864406505231157
1.20.1250	1.17876779178504	0.10000297518091	-0.256791686018844
1.20.1250	1.8236706764102	0.040817356868664	-0.235393807584408
1.20.1250	0.258984420357805	-1.24890768097936	-0.758236849641221
1.20.1250	1.03587365434223	0.493411572106708	-0.941983838549626
1.20.1250	0.472224773594019	0.65108277165191	0.00424855020475905
1.20.1250	1.14274813765055	0.358293492122656	0.114271982115731
1.20.1250	1.12772540166478	0.555346282113457	-0.827891188269501
1.20.1250	-3.46062329226394	1.64163226512775	1.29362392529803
1.20.1250	1.05187944160986	-0.62626198349536	0.279926866277645
1.20.1250	0.151648253090487	-2.5165466525844	0.893708321170289
1.20.1250	1.39248604189054	0.24630599197932	-0.28550620286614
1.20.1250	-0.312917263396842	-3.00766051438223	0.61577678156912
1.20.1250	-0.878913020330472	0.169874045207132	-0.261942039097488
1.20.1250	1.05572904310259	0.439491070380168	1.17562583716197
1.20.1250	-4.02705256240073	1.98030006528101	1.25947353652323
1.20.1250	-4.4432793865425	1.63231288968263	1.21504600969455
1.20.1250	-5.55502112214165	1.46442995887161	1.84744387544283
1.20.1250	0.960943035915766	0.640235262393048	0.1574361625262
1.20.1250	2.01343134943293	-0.643187965344691	-0.193926122389087
1.20.1250	-4.43272825443043	4.84491970071263	1.67404222018884
1.20.1250	-0.627888669004949	-3.84975433771259	-0.428569454656435
1.20.1250	1.6246759164941	-0.109892902433887	0.15450699594281
1.20.1250	-0.944976089612294	-1.66898451749686	0.933731247965704
1.20.1250	1.79750285838616	-1.46973611213706	0.445277389117087
1.20.1250	1.23616754432124	-0.0414927008684909	0.428028139238599
1.20.1250	1.78851660342569	0.873053091907033	1.76987539549932
1.20.1250	2.02955681990213	1.92965375579912	1.46812495909154
1.20.1250	0.275780252439166	0.753264006617782	-0.149358152352447
1.20.1250	-0.32511622234031	-3.43149440641969	0.195098949883599
1.20.1250	1.82260449668762	-0.0502599383049921	-0.27444063501067
1.20.1250	1.88187991822703	-0.518500233540205	-0.818809411420799
1.20.1250	2.30669582010367	1.38886588883008	0.714822018014858
1.20.1250	2.92974279393058	1.53239710254003	0.858708449123163
1.20.1250	0.235422980928041	-1.56058486247235	-0.37573077381107
1.20.1250	-0.405410946339579	-3.11066152133257	0.646154790702112
1.20.1250	0.525573184592754	-0.0280178148290999	0.257780200647152
1.20.1250	-0.920506892621878	-3.14154315078973	0.693498474410068
1.20.1250	-6.48345802842116	1.74101895109289	1.196063192012
1.20.1250	-4.31455332100498	2.98924349600279	1.63709342749922
1.20.1250	0.015708233221234	-0.851161566456798	0.321932468324519
1.20.1250	2.03963692218792	1.03784231002149	-0.137201531171872
1.20.1250	0.890997685318291	1.19492899067126	-0.227008316012044
1.20.1260	0.90893134339061	0.98665838100985	-0.505829500703866
1.20.1260	1.38513855715219	0.885261352163419	-0.106848601527637
1.20.1260	-1.89015636569366	3.95379480182514	0.296518129213779
1.20.1260	1.80204953725687	0.791883506704889	-0.534128799248968
1.20.1260	0.345663629388149	1.37206174569645	-0.72877221801109
1.20.1260	0.122738581424991	0.349000890553363	-0.282973483209141
1.20.1260	0.246301072283957	0.524944528637472	0.156509385901682
1.20.1260	1.76377895810113	0.408760880513143	-0.0130702393162812
1.20.1260	1.95163890109083	0.850461109418912	-0.884272828259787
1.20.1260	0.972876869462245	0.325716322532905	-1.02788990258064
1.20.1260	0.924974782191297	0.72552794644634	-0.608831375792213
1.20.1260	1.87256407684113	1.49049683436169	-1.51110613838373
1.20.1260	2.98161988703789	0.715325309502213	-0.358437342396177
1.20.1260	1.18360802199043	0.761860231856455	-0.464810166489673
1.20.1260	4.15402205755563	1.88488238378703	-0.31319595992748
1.20.1260	2.2705913774267	1.18293110878896	-1.10442906223703
1.20.1260	2.22609021449622	1.11998595349522	-0.541693086252904
1.20.1260	1.69519231723572	1.41454929024857	-0.795816944411364
1.20.1260	1.19704179194449	0.830044027876698	0.262146530293963
1.20.1260	1.14856027028964	-0.0573465489003667	-0.551273853692694
1.20.1260	2.02168272373227	1.2160147477344	-0.808224927294289
1.20.1260	1.14437694570042	0.587439189587124	-0.734274632144842
1.20.1260	0.704976232277893	0.636544557026443	-0.241762327845979
1.20.1260	2.08472219727333	1.59346608886211	-1.34440660956859
1.20.1260	1.00895417115246	0.514643465072092	-0.88549210426033
1.20.1260	1.90027108742524	0.752523589166869	-0.348940159198409
1.20.1260	0.905984314078541	0.904590132300852	-0.800956977247916
1.20.1260	1.73316068532919	0.662195047447915	-0.753580552602955
1.20.1260	0.895431883650461	1.58177605498275	-0.581919698490513
1.20.1260	0.982150934099595	-0.793308014674307	-0.803655190256636
1.20.1260	2.71475691751143	1.1050065126729	0.0845617220665264
1.20.1260	1.29686888293284	0.291021884107853	-0.926141312843628
1.20.1260	1.6815030971235	1.12093144959034	-0.512054618353793
1.20.1260	3.27209731596897	2.2523668930109	-0.171991076496007
1.20.1260	0.370757600818106	0.596672196396231	-0.822015836086451
1.20.1260	2.06789953547983	0.362270364935169	-0.979041823062655
1.20.1260	0.694507146870499	0.369646608026323	-0.478901948402613
1.20.1260	0.855841281092216	0.62405582931588	-0.636522158744968
1.20.1260	2.02571994901126	0.964622267185407	-0.686935583086109
1.20.1260	1.95033844172006	0.45547942480848	-1.13683375553513
1.20.1260	1.41379595716619	1.0052948230519	-0.74055154879765
1.20.1260	1.50000738196701	0.858059841993834	-0.297587858290332
1.20.1260	1.55588024099233	1.09837167776377	-0.929276614642054
1.20.1260	1.96854850112479	0.739302299932239	-1.28580762038545
1.20.1260	0.587667980873917	0.794423379087879	-0.599109397899524
1.20.1260	2.22354216725806	1.85143020612927	-0.361363577745402
1.20.1260	1.7452798570943	0.0399255852685771	-1.04091891284339
1.20.1260	2.03603023779828	0.766371506780802	-1.0149959222543
1.20.1260	1.60301773082463	0.208928842003191	-0.790523088158121
1.20.1260	2.29456139847866	0.558211141172701	-0.300389088791725
1.20.1260	1.97860568651204	0.823621161024536	-0.795906778001676
1.20.1260	1.56694266147688	0.513003032613239	-0.774402192909602
1.20.1260	1.19415050770128	0.67158093650121	-0.384530058862313
1.20.1260	1.36200862747254	1.01790282006924	-1.43240844268158
1.20.1260	1.62785326706507	0.938661339082562	-0.662281503406227
1.20.1260	2.32672655120283	0.930209329744441	-0.681282626439506
1.20.1260	1.15275963903867	0.145880048184228	-0.465196342425335
1.20.1260	1.505164171166	0.269122446802566	-0.626986931857842
1.20.1260	-2.68731068050653	4.51971991739724	0.0940442888697606
1.20.1260	2.11933975111706	1.08391782249535	-0.794030968453559
1.20.1260	1.86321325812035	0.965906088481448	-0.919729333768601
1.20.140	0.342887130648515	0.420802215303704	0.021228606166988
1.20.140	0.213635341405112	0.591515336245563	-0.0626356743943634
1.20.140	0.507372329051735	-0.412141675973604	0.580787401271405
1.20.140	0.216209982534819	0.450796377849781	-0.138928016081779
1.20.140	0.117213301769308	0.522653777294614	0.0506990295537666
1.20.140	2.22780644267811	-0.61855246095175	0.079251470585121
1.20.140	-0.943251586238946	1.56230409728175	0.121786988853947
1.20.140	0.199591566626869	0.0791810848432582	0.437973743948912
1.20.140	0.756292820164982	1.42704570339007	-0.643692727199436
1.20.140	0.344285247377456	1.46742854177165	-0.361202116221534
1.20.140	2.30670671528203	2.08733302402752	1.02044147607342
1.20.140	0.924433363357151	0.884484892586	-0.360055986022173
1.20.140	1.32264812615729	0.792296937750463	0.588198936209222
1.20.140	-1.90322433336786	1.81001453050047	0.238820695343445
1.20.140	0.00589035793227509	1.68915503472017	-0.0994794114161489
1.20.140	1.25288444421883	-0.237018491933938	-0.104161562240025
1.20.140	0.646943803193901	0.676033051364999	-0.0256752553468332
1.20.140	0.605410408030093	1.09030666325837	-0.0317475411602748
1.20.140	-1.1663076666664	2.37787813199997	-0.668978874388031
1.20.140	0.558451324760844	0.566768343927212	0.340438442550277
1.20.140	1.46314027959704	0.241437021769374	-0.0533521872654781
1.20.140	0.675032641501451	1.67319121609769	0.490582886693831
1.20.140	-1.51871844526904	1.33835437675409	0.374466253248691
1.20.140	-0.714834074736309	0.254010286625298	-0.622407815484285
1.20.140	0.968465802619464	1.03335779217098	-0.409170776091839
1.20.140	1.62397299271935	1.50600121273329	0.82200768481869
1.20.140	0.917201892156592	0.591116278322455	-0.192931982516014
1.20.140	0.563917487436692	0.94809152779023	0.0164086052788145
1.20.140	-1.05325546399365	1.77593148118839	-0.0537777924125852
1.20.140	1.58878777576812	1.60024608572993	0.379337217658974
1.20.140	0.728029214634221	1.31749906729812	0.224993019557546
1.20.140	0.886725352309338	0.195742500724981	-0.481007970504515
1.20.140	-4.84833329091916	4.76859533813645	0.809709533456639
1.20.140	0.742571137662268	1.39344699713665	0.474306232046624
1.20.140	0.976790775713026	0.356558603015867	0.541757964693379
1.20.140	-0.344127936942971	1.6481068002394	-0.569703490986833
1.20.140	0.750440267079345	0.00155139503185253	0.209313153253382
1.20.140	0.69302339406965	0.688121941595337	0.093564247363638
1.20.140	-0.142328210249464	0.263332240056799	-0.308413642940105
1.20.140	1.50239074868944	1.58991824040411	0.000155142908783254
1.20.140	0.8186719981277	0.802253529218185	0.066587048795299
1.20.140	0.797194053399971	0.820903093920433	-0.576502298351026
1.20.140	0.540261048994805	0.711454863915092	0.273092185637158
1.20.140	0.812975944530772	1.02086084700747	-0.306595677013613
1.20.200	3.65240870060752	2.10010046302985	0.844777619851685
1.20.200	3.36970896249355	1.93548644007676	1.17132807089586
1.20.200	3.61932618128646	2.40348571102225	1.0699024134465
1.20.200	5.04934688036429	1.90360429097063	0.587903504821694
1.20.200	-3.20474295122069	1.15597903885949	1.37851112650591
1.20.200	3.56634464682529	2.69843028945168	0.712565736704535
1.20.200	3.89410214446159	1.83106458734089	0.93400995832167
1.20.200	-2.78783046706462	0.848924852919638	1.02594179081887
1.20.200	3.14033063639517	2.28300369484983	0.902492167618513
1.20.200	2.75608164678825	2.4986031340759	1.28650050044224
1.20.200	3.56747000733926	2.09008396303318	0.728912796901395
1.20.200	-1.36611492709105	0.34764954926339	0.405756753436155
1.20.200	4.02595121830967	1.69177641450299	1.2293291778546
1.20.200	3.91468448124169	1.95386247623486	0.541073590591443
1.20.200	2.68847557744217	1.89761699977107	0.283543379813309
1.20.200	3.86352777190312	1.83826889909905	0.851776436017216
1.20.200	3.16950235218785	2.29657362209665	1.85669337581797
1.20.200	4.78234885299954	3.34854930103552	0.993410338785901
1.20.200	3.40516727826623	1.52506165778042	1.23338314058328
1.20.200	4.46503966139924	2.61400925186593	0.98740836940227
1.20.200	3.655621855239	1.94057244534006	0.97375806939472
1.20.200	3.80241193126746	2.07088516905502	1.14214980958471
1.20.200	3.68842280926991	2.36347623822064	0.760060600532535
1.20.200	3.98838962863191	1.66448544916086	1.00543491925296
1.20.200	3.67705867949077	2.16665537769025	0.795244512665387
1.20.200	3.62895332659955	1.88824288840121	0.749628068237216
1.20.200	4.21204766199921	2.00003245771677	0.664148050765038
1.20.200	3.66026954045277	2.43818316099693	0.813001313795187
1.20.200	3.66147284926744	1.40340555200137	1.71442862595446
1.20.200	3.52127283948943	2.15962662960795	1.26653799289393
1.20.58	-2.64742712902907	0.262279968677753	-0.54861441344317
1.20.58	-2.47300215040724	0.231019604709922	-0.630693646257937
1.20.58	-1.61148084376487	1.43818524416709	-0.299209960675512
1.20.58	-0.608787803616918	4.87197704662264	0.471247941185763
1.20.58	1.19112333058959	3.59343202669878	-0.393761243315329
1.20.58	-1.20781214902057	3.78787076919163	-0.417216800550898
1.20.58	-2.29876609099062	1.76158663108854	-0.327854668282822
1.20.58	-2.94458109528653	1.82835530964807	-0.964125755016231
1.20.58	-0.887338370454343	-0.78211763914296	1.24193129413017
1.20.58	-1.31319980487397	0.987689738495012	-0.419796078471415
1.20.58	-1.31128212155347	1.11397891499722	-1.01310316638025
1.20.58	-1.01723470008183	-0.230980706502465	-0.434842641603091
1.20.58	-2.30887734994294	-0.453331451913046	0.913958546419365
1.20.58	-1.14449801807552	-0.755403460658687	0.035101746304511
1.20.58	-3.145053120318	2.04915693523792	0.034406054823874
1.20.58	-1.92523167326538	1.45898535876698	-0.0543096072736745
1.20.58	-0.667072101174702	-1.25230592468309	0.615659939437064
1.20.58	-1.41291864173299	-0.0611300417854356	0.0601497439489952
1.20.58	-3.02577134937371	0.843103234419158	-0.7609639374927
1.20.58	-3.36500757414532	1.31385069173595	-0.489896365222406
1.20.58	-4.02003422712993	0.829621941544887	0.45915122453398
1.20.58	-3.91251014334141	0.990026511263468	0.194830783000698
1.20.58	-1.09270983117391	1.47114478339332	-0.515132564936559
1.20.58	-1.56089323492803	0.221058513121873	0.435443383213893
1.20.58	0.755986408853333	1.27262868506229	0.668148721762857
1.20.58	-3.03281047725957	0.484244655743296	-0.89550419250167
1.20.58	-2.02706646997994	0.581609603761735	-0.659338194739417
1.20.58	-3.30749420688899	0.641979289167641	-0.236198290995411
1.20.58	-0.889561588224232	-0.14907025075127	-0.498332870216126
1.20.58	-1.75247012406319	0.843001140050809	-1.00023967927429
1.20.58	-1.930396929439	1.06145102184877	-0.245461386653284
1.20.58	-5.26408337998823	4.78428524948332	1.75220624306815
1.20.58	-2.17489607957507	0.667054459006622	-0.846934667413073
1.20.58	-2.51083717372849	0.546890466254166	-0.450427657870005
1.20.58	-1.06861613503498	0.798162709131309	-1.68140338128899
1.20.58	-2.03937605859765	0.509458330417073	-1.90940072108773
1.20.58	-2.95377909093509	-0.829986283983867	-1.28325958708676
1.20.58	-1.69428613161112	-0.194546280185263	-0.13480133405436
1.20.58	-3.13055236734793	-1.07911774599982	-1.04540143890006
1.20.58	-2.37266514364467	1.12947876445558	-1.09853120498899
1.20.58	-1.28856881407492	0.532152164419835	-0.260864481385746
1.20.58	-2.60885465688254	0.613919740674062	0.0686787175753422
1.20.58	-2.19413207672056	1.07152556372159	-0.502327413361184
1.20.58	-0.760238112753263	0.867165998306828	-0.520156009741938
1.20.58	-1.21964757464165	-0.605604812340037	-0.453650480153218
1.20.58	-2.64502470458478	-0.730548467113937	-0.173721489620976
1.20.58	-2.42261329996045	0.48536446162179	-0.735082281813877
1.20.58	-1.32783593115417	0.251611898123077	-0.191255380939418
1.20.58	-9.25726475118909	6.64461466059769	0.42099883984381
1.20.58	-0.68168563796257	-0.842260134679289	-0.377320903125669
1.20.58	-2.34275154753719	-0.335666303131686	1.24869913120421
1.20.58	-1.13711110119838	-0.367982617491653	0.403083726971558
1.20.58	-1.94228458882074	0.696909169323228	-0.447182020358979
1.20.58	-2.03201562909004	0.213344391769643	-0.664823003247812
1.20.58	-2.78658066485846	2.40712933028057	-0.562708112116865
1.20.58	-1.93233622701957	1.6494681923674	-1.53214463690768
1.20.90	-0.139764653991101	-3.11964034329831	0.21251979246678
1.20.90	0.400718666928719	-3.63015969887279	0.237005575146616
1.20.90	0.255506070074464	-3.77924630378584	0.523570986434309
1.20.90	-0.242934767988743	-2.90170178790983	0.226147603289937
1.20.90	0.201826076206093	-3.95130330631966	0.747562969255772
1.20.90	0.509157627762051	-3.79972410713115	-0.0378650271317272
1.20.90	0.505353121928623	-1.89182728871436	-0.715556741040312
1.20.90	-0.0764813018342145	-3.61335459230098	0.369755289834187
1.20.90	0.363541058856721	-3.84906757132979	0.420625004957246
1.20.90	-0.199865167157768	-3.42689173978359	0.644089050541394
1.20.90	0.291035639133822	-3.75148910139544	0.176063963410022
1.20.90	0.325484356316321	-2.99896875670726	-0.377748547204468
1.20.90	0.643209336701977	-4.16148157348573	0.344428572404479
1.20.90	0.335497925368929	-2.72080601708733	-0.413357793973311
1.20.90	0.310780053533978	-4.6785799923715	1.18236052676377
1.20.90	-0.0274905790870544	-1.63401273938176	-0.747114284653009
1.20.90	-0.277019952389973	-3.2857772626566	0.0900247986846839
1.20.90	1.12230847996992	-2.92084301682853	-0.877110891931741
1.20.90	0.299360058937594	-3.20108610361065	-0.192716677110958
1.20.90	-0.100790233227228	-3.8510766439865	0.829928612517909
1.20.90	-0.517317154056336	-4.23164582797886	0.898430098079322
1.20.90	0.567702779523945	-3.3282768037805	0.0134021655306338
1.20.90	0.784204486911455	-2.91744259651921	0.522432802500155
1.20.90	-0.30173006326173	-4.07228080261825	1.37626138878953
1.20.90	0.134680984385746	-3.47509356067533	0.227811988472915
1.20.90	0.256545618157751	-3.48527861087011	0.140063181931712
1.20.90	0.352225506769048	-3.88671340907725	0.142797665990966
1.20.90	0.163831404150214	-3.81151896682741	0.0307226328952117
1.20.90	0.0533033184615966	-3.35514102703066	0.180853465384659
1.20.90	0.477853567477928	-3.79217000755517	0.0610955963056128
1.20.90	-0.260705532514581	-3.49554750646166	0.37177268647246
1.20.90	-0.801742317074765	-2.98836773859794	0.040711884915695
1.20.90	-0.854961418367863	-3.1276591184876	0.453731358505001
1.20.90	0.878925661140405	-3.78175974260133	0.0547457594755969
1.20.90	0.960617350438376	-2.67833223486927	-1.08845653623014
1.20.90	0.319244889051682	-3.31197417906655	0.019171480850108
1.20.90	0.136841341033557	-4.69648641613954	1.4029038217877
1.20.90	-0.798039656159998	-5.03893138964306	2.12710407816913
1.20.90	0.968311228077325	-3.15317916163722	-0.452031000289476
1.20.90	0.33566881921105	-2.73279096965453	-0.291570945153158
1.20.90	0.540777920388111	-3.76458354027999	0.263976661197503
1.20.90	1.14983611455154	-3.91834697238686	0.110015393411745
1.20.90	0.267992704153044	-3.81121819949097	0.672703884086538
1.20.90	0.753982569773153	-2.57405563802063	-1.14736273657332
1.20.90	-0.406275239780494	-3.25475593856959	0.286231339924387
1.20.90	0.0610226448018834	-3.21900765962166	-0.194339712462323
