b.1.1	112	0.0178571	0.0357143	0.0267857	0.0357143	0.0178571	0.0535714	0.0357143	0.0982143	0.0267857	0.0357143	0.107143	0.0535714	0.00892857	0.0446429	0.0625	0.151786	0.0714286	0.00892857	0.0357143	0.0714286	
b.1.1	105	0.0666667	0.0285714	0.047619	0.047619	0.0190476	0.0571429	0.0571429	0.0380952	0.0190476	0.00952381	0.0761905	0.0761905	0	0.0380952	0.047619	0.152381	0.0761905	0.00952381	0.0380952	0.0952381	
b.1.1	119	0.0756303	0.0336134	0.0504202	0.0336134	0.0168067	0.0420168	0.0588235	0.092437	0	0.0252101	0.0672269	0.0756303	0.0168067	0.0504202	0.0336134	0.0672269	0.117647	0.0336134	0.0588235	0.0504202	
b.1.1	110	0.0909091	0.0272727	0.0363636	0.0363636	0.0181818	0.0545455	0.0727273	0.0909091	0.0181818	0.0181818	0.0727273	0.0636364	0	0.0636364	0.0363636	0.109091	0.0727273	0.00909091	0.0636364	0.0454545	
b.1.1	113	0.0353982	0.0442478	0.0176991	0.0442478	0.0176991	0.0619469	0.0265487	0.079646	0.0176991	0.0265487	0.0884956	0.0530973	0.0353982	0.0619469	0.0530973	0.141593	0.0973451	0.00884956	0.0442478	0.0442478	
b.1.1	106	0.0660377	0.0188679	0.0471698	0.0471698	0.0283019	0.0566038	0.0660377	0.0377358	0.0188679	0.00943396	0.0754717	0.0754717	0	0.0377358	0.0471698	0.150943	0.0754717	0.00943396	0.0377358	0.0943396	
b.1.1	120	0.0666667	0.0333333	0.0333333	0.0416667	0.0166667	0.0416667	0.0583333	0.0916667	0	0.0333333	0.05	0.0666667	0.025	0.0333333	0.025	0.1	0.108333	0.0333333	0.0833333	0.0583333	
b.1.1	123	0.0731707	0.0569106	0.0487805	0.0406504	0.0162602	0.0569106	0.0243902	0.0894309	0.00813008	0.0406504	0.0813008	0.0325203	0.0162602	0.0569106	0.0325203	0.097561	0.0487805	0.0243902	0.0569106	0.0894309	
b.1.1	103	0.0582524	0	0.038835	0.0194175	0.0291262	0.0291262	0.00970874	0.0776699	0.0194175	0.00970874	0.0776699	0.0776699	0	0.0291262	0.0873786	0.184466	0.0970874	0.00970874	0.0291262	0.116505	
b.1.1	111	0.0810811	0.045045	0.045045	0.036036	0.018018	0.045045	0.018018	0.126126	0.018018	0.036036	0.0810811	0.018018	0	0.036036	0.0630631	0.135135	0.0900901	0.00900901	0.036036	0.0540541	
b.1.1	105	0.114286	0	0.0380952	0.0190476	0.0285714	0.047619	0.0666667	0.0285714	0.0190476	0.00952381	0.0571429	0.0857143	0	0.0190476	0.0857143	0.152381	0.0857143	0.0190476	0.0380952	0.0857143	
b.1.1	114	0.0701754	0.0263158	0.0526316	0.0438596	0.0175439	0.0614035	0.0526316	0.0701754	0.00877193	0.0526316	0.0877193	0.0526316	0.00877193	0.0701754	0.0526316	0.122807	0.0438596	0.0263158	0.0350877	0.0438596	
b.1.1	109	0.0642202	0.0366972	0.0366972	0.0275229	0.0183486	0.0825688	0.0366972	0.100917	0.00917431	0.0458716	0.0733945	0.0366972	0.00917431	0.0366972	0.0366972	0.137615	0.0825688	0.0183486	0.0642202	0.0458716	
b.1.1	102	0.0686275	0.0196078	0.0490196	0.0588235	0.0196078	0.0588235	0.0588235	0.0294118	0.0196078	0.00980392	0.0784314	0.0784314	0	0.0392157	0.0490196	0.147059	0.0784314	0.00980392	0.0392157	0.0882353	
b.1.1	115	0.0869565	0.00869565	0.026087	0.0521739	0.0173913	0.0608696	0.0434783	0.0782609	0.026087	0.0434783	0.0608696	0.0956522	0.00869565	0.026087	0.026087	0.121739	0.0782609	0.026087	0.0608696	0.0434783	
b.1.1	113	0.0619469	0.0530973	0.0442478	0.0265487	0.0176991	0.0707965	0.0442478	0.123894	0.0265487	0.0265487	0.0707965	0.0353982	0.00884956	0.0353982	0.0442478	0.0973451	0.0884956	0.00884956	0.0619469	0.0530973	
b.1.1	125	0.072	0.056	0.048	0.04	0.024	0.048	0.072	0.048	0.04	0.016	0.064	0.064	0	0.048	0.072	0.104	0.04	0.04	0.024	0.08	
b.1.1	107	0.0280374	0.0373832	0.0560748	0.046729	0.0186916	0.0654206	0.0280374	0.0747664	0.00934579	0.0560748	0.11215	0.0654206	0.00934579	0.046729	0.046729	0.121495	0.102804	0.00934579	0.0373832	0.0280374	
b.1.1	107	0.0747664	0.0373832	0.0747664	0.0560748	0.0280374	0.0373832	0.0280374	0.0373832	0.0186916	0.0280374	0.0560748	0.0560748	0.0186916	0.0280374	0.046729	0.140187	0.0934579	0.00934579	0.0373832	0.0934579	
b.1.1	121	0.0743802	0.0578512	0.0413223	0.0413223	0.0165289	0.0413223	0.0495868	0.115702	0.00826446	0.0247934	0.0661157	0.0413223	0.0413223	0.0495868	0.0413223	0.0661157	0.0909091	0.0247934	0.0578512	0.0495868	
b.1.1	111	0.0810811	0.036036	0.045045	0.0900901	0.018018	0.00900901	0.0630631	0.0540541	0.00900901	0.0630631	0.0630631	0.0900901	0	0.027027	0.0720721	0.036036	0.0810811	0.00900901	0.0630631	0.0900901	
b.1.1	111	0.0810811	0.027027	0.027027	0.0630631	0.018018	0.036036	0.036036	0.0990991	0.00900901	0.036036	0.0720721	0.027027	0	0.018018	0.045045	0.18018	0.0900901	0.018018	0.036036	0.0720721	
b.1.1	105	0.0952381	0.00952381	0.0380952	0.0190476	0.0285714	0.047619	0.0666667	0.0380952	0.0190476	0.00952381	0.0571429	0.0857143	0	0.0190476	0.0857143	0.133333	0.104762	0.0190476	0.0380952	0.0857143	
b.1.1	114	0.0701754	0.0614035	0.0350877	0.0350877	0.0175439	0.0438596	0.0350877	0.105263	0.0263158	0.0263158	0.0789474	0.0350877	0.0263158	0.0263158	0.0263158	0.131579	0.0701754	0.0263158	0.0526316	0.0701754	
b.1.1	102	0.0686275	0.0196078	0.0294118	0.0294118	0.0294118	0.0196078	0.0196078	0.0490196	0.0196078	0.00980392	0.0686275	0.0490196	0.00980392	0.0196078	0.117647	0.156863	0.117647	0.00980392	0.0294118	0.127451	
b.1.1	107	0.0280374	0.0280374	0.0373832	0.0373832	0.0186916	0.0654206	0.046729	0.0841121	0.0186916	0.0560748	0.0934579	0.0373832	0.00934579	0.046729	0.046729	0.205607	0.0654206	0.0186916	0.0280374	0.0280374	
b.1.1	107	0.046729	0.0373832	0.0747664	0.0654206	0.0280374	0.0280374	0.0560748	0.0373832	0.0186916	0.0373832	0.046729	0.0654206	0.00934579	0.0373832	0.046729	0.149533	0.102804	0.0186916	0.0373832	0.0560748	
b.1.1	112	0.0625	0.0446429	0.0357143	0.0446429	0.0178571	0.0625	0.0446429	0.0625	0.00892857	0.0446429	0.0803571	0.0625	0	0.0803571	0.0535714	0.107143	0.0892857	0.0178571	0.0446429	0.0357143	
b.1.1	110	0.0636364	0.0545455	0.0636364	0.0272727	0.0181818	0.0636364	0.0363636	0.118182	0.0272727	0.0272727	0.0727273	0.0363636	0.00909091	0.0363636	0.0454545	0.0909091	0.0909091	0.00909091	0.0545455	0.0545455	
b.1.1	109	0.0550459	0.0183486	0.0183486	0.0458716	0.0183486	0.119266	0.0183486	0.0733945	0	0.0733945	0.0733945	0.0458716	0.00917431	0.0275229	0.0642202	0.12844	0.100917	0.00917431	0.0733945	0.0275229	
b.1.1	107	0.0186916	0.0373832	0.0280374	0.0560748	0.0186916	0.0747664	0.0373832	0.102804	0	0.0841121	0.102804	0.046729	0.00934579	0.046729	0.0280374	0.130841	0.0841121	0.0186916	0.046729	0.0280374	
b.1.1	122	0.057377	0.057377	0.0327869	0.0409836	0.0163934	0.0409836	0.0327869	0.131148	0.00819672	0.0409836	0.0737705	0.0327869	0.0163934	0.0491803	0.0245902	0.122951	0.0819672	0.0245902	0.057377	0.057377	
b.1.1	112	0.0535714	0.0446429	0.0267857	0.0357143	0.0178571	0.0535714	0.0357143	0.0803571	0.00892857	0.0267857	0.0892857	0.0446429	0.0178571	0.0267857	0.0357143	0.142857	0.0892857	0.0357143	0.0535714	0.0803571	
b.1.1	103	0.0582524	0	0.038835	0.0194175	0.0291262	0.0194175	0.0194175	0.0776699	0.0194175	0.00970874	0.0776699	0.0776699	0	0.0291262	0.0873786	0.184466	0.0970874	0.00970874	0.0291262	0.116505	
b.1.1	107	0.046729	0.0560748	0	0.0560748	0.0186916	0.0560748	0.0560748	0.0841121	0	0.0560748	0.11215	0.0560748	0	0.0373832	0.0373832	0.17757	0.0747664	0.00934579	0.0560748	0.00934579	
b.1.1	107	0.0654206	0.0280374	0.046729	0.046729	0.0280374	0.0560748	0.0654206	0.0373832	0.0186916	0.00934579	0.0747664	0.0747664	0	0.0373832	0.046729	0.149533	0.0747664	0.00934579	0.0373832	0.0934579	
b.1.1	106	0.0660377	0.0377358	0.0283019	0.0471698	0.0188679	0.0754717	0.0188679	0.0849057	0	0.0849057	0.0754717	0.0566038	0.00943396	0.0377358	0.0471698	0.141509	0.0660377	0.00943396	0.0660377	0.0283019	
b.1.1	107	0.0560748	0.046729	0.046729	0.0841121	0.0280374	0.0186916	0.046729	0.0373832	0.0186916	0.0280374	0.0560748	0.0560748	0.0186916	0.0280374	0.046729	0.149533	0.0934579	0.00934579	0.0373832	0.0934579	
b.1.1	117	0.034188	0.034188	0.042735	0.034188	0.017094	0.042735	0.042735	0.0940171	0	0.034188	0.0940171	0.042735	0.017094	0.034188	0.0598291	0.136752	0.0940171	0.034188	0.042735	0.0683761	
b.1.1	122	0.0983607	0.0491803	0.0655738	0.0491803	0.0163934	0.057377	0.0327869	0.0819672	0	0.0163934	0.0655738	0.0491803	0.0327869	0.0327869	0.0245902	0.0819672	0.0819672	0.0327869	0.057377	0.0737705	
b.1.1	112	0.0267857	0.0357143	0.0267857	0.0446429	0.0178571	0.0535714	0.0267857	0.0892857	0.0267857	0.0267857	0.116071	0.0535714	0.00892857	0.0446429	0.0535714	0.151786	0.0714286	0.00892857	0.0357143	0.0803571	
b.1.1	107	0.046729	0.0373832	0.0747664	0.0654206	0.0280374	0.0280374	0.0560748	0.0373832	0.0186916	0.0373832	0.046729	0.0654206	0.00934579	0.0373832	0.046729	0.149533	0.102804	0.0186916	0.0373832	0.0560748	
b.1.1	114	0.0614035	0.0614035	0.0438596	0.0350877	0.0263158	0.0438596	0.0438596	0.0614035	0.00877193	0.00877193	0.131579	0.0350877	0.00877193	0.0877193	0.0614035	0.114035	0.0614035	0.0175439	0.0350877	0.0526316	
b.1.1	119	0.0588235	0.0336134	0.0504202	0.0420168	0.0168067	0.0504202	0.0420168	0.092437	0	0.0252101	0.10084	0.0336134	0.0336134	0.0252101	0.0252101	0.092437	0.10084	0.0168067	0.0840336	0.0756303	
b.1.1	113	0.0176991	0.0619469	0.0353982	0.0442478	0.0176991	0.0530973	0.0265487	0.079646	0.0176991	0.0442478	0.106195	0.0530973	0	0.0442478	0.0619469	0.176991	0.0442478	0.00884956	0.0353982	0.0707965	
b.1.1	105	0.047619	0.0190476	0.047619	0.00952381	0	0.0857143	0.0857143	0.0571429	0	0.0380952	0.142857	0.0666667	0	0.047619	0.047619	0.142857	0.0761905	0.0190476	0.0190476	0.047619	
b.1.1	101	0.049505	0	0.0693069	0.049505	0.019802	0.0594059	0.0693069	0.039604	0.049505	0.039604	0.0693069	0.049505	0.029703	0.039604	0.0792079	0.0693069	0.0891089	0.029703	0.039604	0.0594059	
b.1.1	105	0.0857143	0.0380952	0.0380952	0.047619	0.0190476	0.0285714	0.0666667	0.0571429	0.0190476	0.047619	0.0761905	0.0380952	0.00952381	0.0952381	0.0666667	0.104762	0.0666667	0.0190476	0.0380952	0.0380952	
b.1.1	120	0.0666667	0.0166667	0.025	0.0333333	0.0166667	0.0583333	0.05	0.108333	0.0166667	0.0333333	0.05	0.0583333	0.0166667	0.0333333	0.025	0.141667	0.0833333	0.0333333	0.0833333	0.05	
b.1.1	101	0.0594059	0	0.039604	0.019802	0.019802	0.019802	0.019802	0.0792079	0.019802	0.00990099	0.0792079	0.0792079	0	0.029703	0.0891089	0.178218	0.0990099	0.00990099	0.029703	0.118812	
b.1.1	107	0.0280374	0.0373832	0.0186916	0.0560748	0.0186916	0.0560748	0.046729	0.0841121	0	0.0654206	0.0747664	0.0654206	0.0280374	0.0373832	0.046729	0.149533	0.0654206	0.00934579	0.0841121	0.0280374	
b.1.1	104	0.0673077	0.0288462	0.0480769	0.0480769	0.0192308	0.0576923	0.0576923	0.0288462	0.0192308	0.00961538	0.0769231	0.0769231	0	0.0384615	0.0480769	0.153846	0.0769231	0.00961538	0.0384615	0.0961538	
b.1.1	120	0.0666667	0.0583333	0.0333333	0.0416667	0.0166667	0.0333333	0.0666667	0.1	0.0166667	0.0333333	0.0583333	0.05	0.025	0.0333333	0.025	0.0833333	0.075	0.0416667	0.075	0.0666667	
b.1.1	113	0.0176991	0.0442478	0.0353982	0.0353982	0.0176991	0.0530973	0.0265487	0.0884956	0.0265487	0.0353982	0.0973451	0.0530973	0.00884956	0.0530973	0.0530973	0.159292	0.0707965	0.00884956	0.0353982	0.079646	
b.1.1	123	0.0569106	0.0487805	0.0406504	0.0406504	0.0162602	0.0406504	0.0243902	0.146341	0.00813008	0.0162602	0.0650407	0.0325203	0.0243902	0.0325203	0.0325203	0.130081	0.0650407	0.0325203	0.0569106	0.0813008	
b.1.1	106	0.0566038	0.0377358	0.0283019	0.0660377	0.0188679	0.0943396	0.00943396	0.0849057	0	0.0566038	0.0660377	0.0566038	0.00943396	0.0377358	0.0471698	0.150943	0.0849057	0.0188679	0.0377358	0.0377358	
b.1.1	117	0.034188	0.034188	0.0512821	0.042735	0.034188	0.0512821	0.0512821	0.0683761	0.017094	0.034188	0.0683761	0.017094	0.025641	0.0512821	0.0683761	0.0683761	0.111111	0	0.0512821	0.119658	
b.1.1	124	0.0564516	0.016129	0.0403226	0.0887097	0.016129	0.0403226	0.0483871	0.0564516	0.016129	0.0806452	0.0967742	0.0967742	0.00806452	0.0241935	0.0564516	0.0725806	0.0564516	0.00806452	0.0483871	0.0725806	
b.1.1	113	0.0530973	0.0265487	0.0265487	0.0530973	0.0176991	0.079646	0.0353982	0.0707965	0.00884956	0.0442478	0.0884956	0.0530973	0	0.0265487	0.0530973	0.159292	0.0619469	0.0176991	0.0707965	0.0530973	
b.1.1	120	0.075	0.0333333	0.025	0.025	0.0166667	0.0583333	0.0333333	0.0916667	0.00833333	0.0166667	0.05	0.0666667	0.025	0.025	0.025	0.141667	0.0916667	0.0333333	0.0833333	0.075	
b.1.1	111	0.018018	0.036036	0.027027	0.045045	0.018018	0.0540541	0.036036	0.108108	0.00900901	0.045045	0.108108	0.0540541	0.00900901	0.045045	0.0540541	0.144144	0.0630631	0.00900901	0.045045	0.0720721	
b.1.1	106	0.0471698	0.0377358	0.0754717	0.0660377	0.0188679	0.0283019	0.0566038	0.0377358	0.0188679	0.0377358	0.0471698	0.0660377	0.00943396	0.0377358	0.0471698	0.150943	0.103774	0.0188679	0.0377358	0.0566038	
b.1.1	114	0.0526316	0.0350877	0.0263158	0.0614035	0.0175439	0.0701754	0.0350877	0.0789474	0	0.0438596	0.0701754	0.0438596	0.00877193	0.0350877	0.0701754	0.140351	0.0877193	0.0175439	0.0526316	0.0526316	
b.1.1	126	0.0714286	0.0555556	0.0238095	0.031746	0.031746	0.0634921	0.031746	0.134921	0.00793651	0.0238095	0.0555556	0.031746	0.015873	0.015873	0.0238095	0.119048	0.0873016	0.015873	0.0793651	0.0793651	
b.1.1	123	0.0162602	0.0487805	0.0243902	0.0487805	0.0162602	0.0325203	0.0243902	0.105691	0.00813008	0.00813008	0.097561	0.0325203	0.0325203	0.0487805	0.0487805	0.138211	0.097561	0.0406504	0.0650407	0.0650407	
b.1.1	119	0.0588235	0.0168067	0.0672269	0.0420168	0.0168067	0.0672269	0.0504202	0.0840336	0	0.0504202	0.12605	0.0588235	0	0.0252101	0.0336134	0.117647	0.0840336	0.00840336	0.0672269	0.0252101	
b.1.1	126	0.047619	0.031746	0.047619	0.0396825	0.0238095	0.0714286	0.031746	0.0714286	0.015873	0.0396825	0.0634921	0.031746	0.0238095	0.0238095	0.0396825	0.119048	0.111111	0.031746	0.0873016	0.047619	
b.1.1	102	0.0686275	0.0196078	0.0294118	0.0294118	0.0294118	0.0196078	0.0196078	0.0490196	0.0196078	0.00980392	0.0686275	0.0490196	0.00980392	0.0196078	0.117647	0.156863	0.117647	0.00980392	0.0294118	0.127451	
b.1.1	111	0.0990991	0.027027	0.018018	0.0540541	0.018018	0.0720721	0.0540541	0.0900901	0.018018	0.045045	0.0900901	0.045045	0.00900901	0.0540541	0.0630631	0.0990991	0.0720721	0.00900901	0.027027	0.036036	
b.1.1	105	0.0571429	0.0380952	0.0666667	0.0666667	0.0190476	0.0285714	0.047619	0.0380952	0.0190476	0.0380952	0.047619	0.0666667	0.00952381	0.0380952	0.047619	0.152381	0.104762	0.0190476	0.0380952	0.0571429	
b.1.1	102	0.0392157	0.0294118	0.0392157	0.0294118	0.0294118	0.0490196	0.0686275	0.0784314	0.00980392	0.0392157	0.0392157	0.0392157	0.00980392	0.0392157	0.0294118	0.147059	0.107843	0.00980392	0.0588235	0.107843	
b.1.1	105	0.0761905	0.0285714	0.0380952	0.0666667	0.0190476	0.0190476	0.047619	0.0857143	0.0190476	0.047619	0.0380952	0.0285714	0.0380952	0.047619	0.0761905	0.133333	0.0761905	0.00952381	0.0380952	0.0666667	
b.1.1	120	0.0583333	0.0583333	0.0333333	0.0416667	0.0166667	0.0416667	0.0416667	0.125	0.00833333	0.0166667	0.0833333	0.0416667	0.025	0.025	0.025	0.0916667	0.0833333	0.0333333	0.0583333	0.0916667	
b.1.1	107	0.046729	0.0280374	0.0373832	0.046729	0.0186916	0.0747664	0.0280374	0.0841121	0	0.0560748	0.0747664	0.046729	0.00934579	0.0280374	0.0654206	0.130841	0.11215	0.00934579	0.0654206	0.0373832	
b.1.1	102	0.0686275	0.0196078	0.0294118	0.0980392	0.0490196	0.00980392	0.127451	0.0490196	0.0196078	0.0294118	0.0490196	0.0784314	0.0294118	0.0392157	0.0490196	0.0490196	0.0686275	0.00980392	0.0392157	0.0882353	
b.1.1	107	0.046729	0.0280374	0.0654206	0.0373832	0.0186916	0.0654206	0.0280374	0.0934579	0	0.046729	0.121495	0.0560748	0	0.0280374	0.0373832	0.121495	0.0934579	0.00934579	0.0747664	0.0280374	
b.1.1	104	0.0384615	0.0384615	0.0480769	0.0769231	0.0288462	0.0192308	0.0480769	0.0384615	0.0192308	0.0288462	0.0576923	0.0576923	0.0192308	0.0288462	0.0480769	0.153846	0.105769	0.00961538	0.0384615	0.0961538	
b.1.1	116	0.0172414	0.0517241	0.0258621	0.0517241	0.0172414	0.0344828	0.0258621	0.112069	0.00862069	0.00862069	0.103448	0.0344828	0.0258621	0.0517241	0.0517241	0.12931	0.0862069	0.0431034	0.0689655	0.0517241	
b.1.1	102	0.0784314	0.00980392	0.0294118	0.0196078	0.0294118	0.0294118	0.00980392	0.0588235	0.0196078	0.00980392	0.0686275	0.0392157	0.0196078	0.0294118	0.0784314	0.156863	0.127451	0.0196078	0.0196078	0.147059	
b.1.1	103	0.038835	0.0873786	0.0291262	0.0291262	0.0194175	0.0194175	0.038835	0.0582524	0.0291262	0.0291262	0.0873786	0.0582524	0.00970874	0.0194175	0.0776699	0.106796	0.145631	0.0194175	0.0194175	0.0776699	
b.1.1	105	0.104762	0.0857143	0.0190476	0.0380952	0.0190476	0.0666667	0.0857143	0.0285714	0.0285714	0.0285714	0.047619	0.0380952	0.00952381	0.0571429	0.0761905	0.0761905	0.0666667	0.0285714	0.00952381	0.0857143	
b.1.1	109	0.0642202	0.0458716	0.00917431	0.0458716	0.0183486	0.0825688	0.0183486	0.0642202	0.00917431	0.0458716	0.0550459	0.0458716	0.00917431	0.0458716	0.0642202	0.137615	0.119266	0.00917431	0.0550459	0.0550459	
b.1.1	120	0.0833333	0.0583333	0.0333333	0.05	0.0166667	0.0416667	0.0333333	0.125	0.00833333	0.0333333	0.0666667	0.0333333	0.0166667	0.025	0.025	0.0916667	0.075	0.0333333	0.075	0.075	
b.1.1	105	0.0285714	0.0190476	0.00952381	0.0666667	0.0190476	0.0761905	0.047619	0.0761905	0.0285714	0.0380952	0.0952381	0.0380952	0.00952381	0.0285714	0.047619	0.12381	0.152381	0.0190476	0.0285714	0.047619	
b.1.1	116	0.0948276	0.0517241	0.0172414	0.0344828	0.0172414	0.0603448	0.112069	0.0775862	0.0172414	0.0172414	0.12931	0.00862069	0.00862069	0.0258621	0.12931	0.0344828	0.0517241	0.00862069	0.00862069	0.0948276	
b.1.1	130	0.0615385	0.0538462	0.0307692	0.1	0.0153846	0.0307692	0.0846154	0.0692308	0.00769231	0.0615385	0.0461538	0.0769231	0	0.0153846	0.0923077	0.0230769	0.0846154	0.0153846	0.00769231	0.123077	
b.1.1	112	0.0625	0.0267857	0.0357143	0.0357143	0.0178571	0.0714286	0.0357143	0.0892857	0	0.0267857	0.0714286	0.0625	0.00892857	0.0267857	0.0267857	0.133929	0.0803571	0.0446429	0.0714286	0.0714286	
b.1.1	107	0.0560748	0.0280374	0.00934579	0.0654206	0.0186916	0.0747664	0.0186916	0.0841121	0.0186916	0.0373832	0.0747664	0.0560748	0.00934579	0.046729	0.0373832	0.121495	0.11215	0.0186916	0.046729	0.0654206	
b.1.1	116	0.0948276	0.0689655	0.0258621	0.0431034	0.0172414	0.0603448	0.0431034	0.137931	0	0.0172414	0.0517241	0.0344828	0.0172414	0.0172414	0.0172414	0.12069	0.0862069	0.0344828	0.0431034	0.0689655	
b.1.1	103	0.0582524	0.0291262	0.0485437	0.038835	0.0194175	0.00970874	0.0485437	0.0485437	0.0291262	0.038835	0.0776699	0.0194175	0.00970874	0.106796	0.116505	0.0873786	0.0679612	0.0194175	0.0291262	0.0970874	
b.1.1	107	0.102804	0.0280374	0.0934579	0.0186916	0.0186916	0.0373832	0.0654206	0.046729	0.0560748	0.0280374	0.0841121	0	0.0373832	0.0841121	0.0841121	0.0747664	0.0560748	0.0186916	0.00934579	0.0560748	
b.1.1	108	0.0555556	0.0740741	0.00925926	0.0555556	0.037037	0.037037	0.037037	0.0462963	0.00925926	0.0277778	0.0648148	0.0555556	0.0185185	0.037037	0.0462963	0.12037	0.0925926	0.037037	0.0462963	0.0925926	
b.1.1	101	0.029703	0.00990099	0.039604	0.128713	0	0.049505	0.0693069	0.039604	0.00990099	0.0990099	0.0792079	0.188119	0.00990099	0.049505	0.00990099	0.039604	0.0792079	0.019802	0.029703	0.019802	
b.1.1	120	0.0583333	0.05	0.0416667	0.0583333	0.025	0.025	0.0666667	0.108333	0.00833333	0.0833333	0.0583333	0.0666667	0.025	0.0333333	0.05	0.0333333	0.075	0.00833333	0.0666667	0.0583333	
b.1.1	123	0.0487805	0.0406504	0.00813008	0.0325203	0.0162602	0.0487805	0.0813008	0.0731707	0.0162602	0.097561	0.0650407	0.0731707	0	0.0243902	0.0406504	0.097561	0.105691	0.0162602	0.0406504	0.0731707	
b.1.1	107	0.0280374	0.0186916	0.0560748	0.0560748	0.0186916	0.0373832	0.0841121	0.0373832	0.0280374	0.0841121	0.0841121	0.121495	0.0186916	0.046729	0.0654206	0.0560748	0.0747664	0.0186916	0.0186916	0.046729	
b.1.1	107	0.0373832	0.00934579	0.0186916	0.046729	0.0186916	0.0654206	0.0373832	0.0841121	0.00934579	0.0560748	0.0841121	0.046729	0.00934579	0.0373832	0.0373832	0.17757	0.102804	0.0186916	0.0747664	0.0280374	
b.1.1	107	0.149533	0.00934579	0.0747664	0.0654206	0.0280374	0.0186916	0.0280374	0.0373832	0.00934579	0.0373832	0.046729	0.0373832	0.00934579	0.0373832	0.046729	0.149533	0.102804	0.0186916	0.0373832	0.0560748	
b.1.1	123	0.0569106	0.0325203	0.0406504	0.0569106	0.0162602	0.0569106	0.0243902	0.0731707	0.00813008	0.0569106	0.0650407	0.0325203	0.0243902	0.0325203	0.0406504	0.138211	0.121951	0.0406504	0.0243902	0.0569106	
b.1.1	111	0.0630631	0.027027	0.036036	0.036036	0.018018	0.0810811	0.027027	0.0810811	0	0.027027	0.0720721	0.0630631	0.00900901	0.027027	0.036036	0.126126	0.0810811	0.045045	0.0720721	0.0720721	
b.1.1	106	0.0566038	0.0283019	0.00943396	0.0660377	0.0188679	0.0754717	0.0188679	0.0849057	0.0188679	0.0377358	0.0754717	0.0471698	0.00943396	0.0471698	0.0377358	0.122642	0.113208	0.0188679	0.0471698	0.0660377	
b.1.1	127	0.0787402	0.0472441	0.0708661	0.0551181	0.015748	0.0551181	0.0314961	0.11811	0	0.0314961	0.0629921	0.0472441	0.00787402	0.023622	0.0314961	0.0708661	0.0787402	0.0314961	0.0551181	0.0787402	
b.1.1	106	0.0188679	0.0283019	0.0377358	0.0754717	0.0283019	0.0377358	0.0660377	0.0849057	0	0.0566038	0.0754717	0.0377358	0.0188679	0.0566038	0.0660377	0.103774	0.113208	0.00943396	0.0283019	0.0566038	
b.1.1	119	0.0420168	0.0420168	0.0336134	0.0336134	0.0252101	0.0504202	0.0252101	0.10084	0	0.0168067	0.0756303	0.0672269	0.0252101	0.0336134	0.00840336	0.142857	0.109244	0.0252101	0.0756303	0.0672269	
b.1.1	105	0.047619	0.0380952	0.047619	0.0380952	0.0190476	0.0190476	0.104762	0.0285714	0.0285714	0.0666667	0.0857143	0.0952381	0.0380952	0.0190476	0.0190476	0.0571429	0.0761905	0.0190476	0.0380952	0.114286	
b.1.1	118	0.0932203	0.0338983	0.0338983	0.0423729	0.0338983	0.0508475	0.0508475	0.0847458	0.00847458	0.059322	0.0762712	0.0169492	0.0423729	0.0169492	0.0508475	0.0677966	0.0762712	0	0.059322	0.101695	
b.1.1	107	0.0654206	0.0186916	0.0280374	0.00934579	0.0186916	0.0841121	0.0560748	0.0934579	0.0186916	0.0280374	0.102804	0.0560748	0.00934579	0.0373832	0.046729	0.130841	0.0841121	0.00934579	0.0654206	0.0373832	
b.1.1	106	0.0471698	0.0377358	0.0754717	0.0660377	0.0188679	0.0283019	0.0566038	0.0377358	0.0188679	0.0377358	0.0471698	0.0660377	0.00943396	0.0377358	0.0471698	0.150943	0.103774	0.0188679	0.0377358	0.0566038	
b.1.1	120	0.05	0.0166667	0.025	0.0333333	0.0166667	0.0333333	0.05	0.1	0.00833333	0.0166667	0.0583333	0.0916667	0.0333333	0.0166667	0.0416667	0.133333	0.075	0.025	0.1	0.075	
b.1.1	115	0.0782609	0.0347826	0.026087	0.026087	0.0173913	0.0695652	0.026087	0.0695652	0.0173913	0.0173913	0.0869565	0.0434783	0	0.0608696	0.0434783	0.13913	0.0434783	0.0173913	0.0782609	0.104348	
b.1.1	103	0.0679612	0.0873786	0.00970874	0.0194175	0.0194175	0.0776699	0.106796	0.0679612	0.0194175	0	0.135922	0.0291262	0	0.0291262	0.0873786	0.0291262	0.0873786	0.0194175	0.0194175	0.0873786	
b.1.1	107	0.0934579	0.0186916	0.0560748	0.0841121	0.0186916	0.046729	0.102804	0.046729	0.00934579	0.0747664	0.0373832	0.0841121	0.0186916	0.0280374	0.046729	0.0654206	0.0654206	0.00934579	0.0280374	0.0654206	
b.1.1	135	0.0814815	0.0296296	0.037037	0.0518519	0.0148148	0.0666667	0.037037	0.111111	0.0444444	0.0222222	0.0740741	0.0444444	0.0148148	0.0222222	0.0222222	0.125926	0.0592593	0.0222222	0.0518519	0.0666667	
b.1.1	107	0.0373832	0.0373832	0.0280374	0.0280374	0.0186916	0.0654206	0.0560748	0.0841121	0.00934579	0.0747664	0.0747664	0.0373832	0	0.0560748	0.046729	0.17757	0.0747664	0.0186916	0.0280374	0.046729	
b.1.1	111	0.0630631	0.045045	0.018018	0.0630631	0.018018	0.0630631	0.045045	0.0990991	0.00900901	0.0630631	0.0810811	0.036036	0.00900901	0.045045	0.0630631	0.0810811	0.0810811	0.00900901	0.045045	0.0630631	
b.1.1	121	0.0909091	0.0165289	0.0330579	0.0413223	0.0165289	0.0661157	0.0495868	0.0826446	0.00826446	0.0330579	0.0578512	0.0495868	0.0165289	0.0247934	0.0413223	0.107438	0.0909091	0.0247934	0.0743802	0.0743802	
b.1.1	107	0.0373832	0.00934579	0.0186916	0.046729	0.0186916	0.0654206	0.0373832	0.0841121	0.00934579	0.0560748	0.0841121	0.046729	0.00934579	0.0373832	0.0373832	0.17757	0.102804	0.0186916	0.0747664	0.0280374	
b.1.1	107	0.140187	0.00934579	0.0747664	0.0654206	0.0280374	0.0186916	0.0373832	0.0373832	0.00934579	0.0373832	0.046729	0.0373832	0.00934579	0.0373832	0.046729	0.149533	0.102804	0.0186916	0.0373832	0.0560748	
b.1.1	120	0.0416667	0.0333333	0.0583333	0.025	0.0166667	0.0583333	0.0416667	0.116667	0	0.025	0.0583333	0.0666667	0.0166667	0.0333333	0.0166667	0.125	0.0916667	0.025	0.0833333	0.0666667	
b.1.1	108	0.037037	0.0555556	0.0462963	0.0555556	0.0185185	0.0833333	0.0277778	0.0925926	0	0.0833333	0.0833333	0.037037	0.00925926	0.0462963	0.037037	0.148148	0.0740741	0.00925926	0.037037	0.0185185	
b.1.1	107	0.0560748	0.0280374	0.0747664	0.0654206	0.0280374	0.0280374	0.0560748	0.0373832	0.0186916	0.0373832	0.046729	0.0654206	0.00934579	0.0373832	0.046729	0.149533	0.102804	0.0186916	0.0373832	0.0560748	
b.1.1	259	0.0926641	0.0617761	0.034749	0.042471	0.023166	0.042471	0.046332	0.0540541	0.015444	0.0540541	0.0965251	0.03861	0.019305	0.030888	0.100386	0.0656371	0.0540541	0.015444	0.0540541	0.0579151	
b.1.1	112	0.0178571	0.0357143	0.0357143	0.0446429	0.0178571	0.0625	0.0357143	0.107143	0.0178571	0.0625	0.0982143	0.0446429	0.00892857	0.0535714	0.0625	0.116071	0.0714286	0.00892857	0.0535714	0.0446429	
b.1.1	120	0.0583333	0.025	0.0416667	0.075	0.0166667	0.05	0.0583333	0.075	0.0166667	0.0333333	0.05	0.0666667	0.00833333	0.0666667	0.0333333	0.0666667	0.125	0.025	0.05	0.0583333	
b.1.1	116	0.0431034	0.0344828	0.0431034	0.0344828	0.0172414	0.0603448	0.00862069	0.0862069	0	0.0431034	0.0689655	0.0258621	0.00862069	0.0344828	0.0344828	0.163793	0.137931	0.0344828	0.0689655	0.0517241	
b.1.1	101	0.148515	0	0.019802	0.019802	0.019802	0.00990099	0.029703	0.0693069	0.00990099	0.00990099	0.0891089	0.049505	0	0.019802	0.0792079	0.148515	0.118812	0.019802	0.019802	0.118812	
b.1.1	107	0.0560748	0.0186916	0.0280374	0.0654206	0.0186916	0.0560748	0.0280374	0.11215	0	0.0280374	0.0654206	0.046729	0.0280374	0.0280374	0.046729	0.130841	0.0934579	0.00934579	0.0654206	0.0747664	
b.1.1	107	0.0841121	0.0373832	0.0560748	0.046729	0.0280374	0.0186916	0.0373832	0.0373832	0.0186916	0.0186916	0.0373832	0.0747664	0.00934579	0.0373832	0.046729	0.205607	0.0934579	0.0186916	0.0373832	0.0560748	
b.1.1	120	0.075	0.0333333	0.025	0.025	0.0166667	0.0583333	0.0333333	0.0916667	0.00833333	0.0166667	0.05	0.0666667	0.025	0.025	0.025	0.141667	0.0916667	0.0333333	0.0833333	0.075	
b.1.1	111	0.018018	0.036036	0.027027	0.045045	0.018018	0.0540541	0.036036	0.108108	0.00900901	0.045045	0.108108	0.0540541	0.00900901	0.045045	0.0540541	0.144144	0.0630631	0.00900901	0.045045	0.0720721	
b.1.1	105	0.047619	0.0380952	0.0761905	0.0666667	0.0190476	0.0285714	0.047619	0.0380952	0.0190476	0.0380952	0.047619	0.0666667	0.00952381	0.0380952	0.047619	0.152381	0.104762	0.0190476	0.0380952	0.0571429	
b.1.1	112	0.0625	0.0446429	0.0625	0.0267857	0.0178571	0.0357143	0.0535714	0.0714286	0.0535714	0.0625	0.0982143	0.0267857	0.0178571	0.00892857	0.0625	0.0892857	0.0982143	0.00892857	0.0535714	0.0446429	
b.1.1	112	0.0714286	0.0625	0.00892857	0.0446429	0.0178571	0.107143	0.0625	0.0892857	0.00892857	0.0178571	0.0892857	0.0357143	0	0.0535714	0.0535714	0.0982143	0.0535714	0.00892857	0.0535714	0.0625	
b.1.1	129	0.0775194	0.0542636	0.0465116	0.0542636	0.0232558	0.0620155	0.0775194	0.0387597	0.0310078	0.0155039	0.0697674	0.0387597	0	0.0465116	0.0697674	0.0852713	0.0542636	0.0387597	0.0232558	0.0930233	
b.1.1	105	0.0380952	0.0285714	0.047619	0.047619	0.0190476	0.0190476	0.0761905	0.0380952	0.0285714	0.0285714	0.0571429	0.114286	0.00952381	0.0285714	0.0857143	0.0666667	0.0666667	0.0190476	0.0380952	0.142857	
b.1.1	102	0.0196078	0.0294118	0.0588235	0.0490196	0.0196078	0.0686275	0.0588235	0.0392157	0.0294118	0.00980392	0.0980392	0.0588235	0.00980392	0.0392157	0.0784314	0.117647	0.0686275	0.0196078	0.0490196	0.0784314	
b.1.1	107	0.0841121	0.046729	0.0841121	0.046729	0	0.0373832	0.0560748	0.0560748	0.0280374	0.0560748	0.0841121	0.0280374	0.046729	0.046729	0.0373832	0.0373832	0.0841121	0.00934579	0.046729	0.0841121	
b.1.1	112	0.0535714	0.0178571	0.0267857	0.0357143	0.0178571	0.0446429	0.0267857	0.125	0.00892857	0.0267857	0.0714286	0.0446429	0	0.0178571	0.0446429	0.196429	0.0803571	0.00892857	0.0535714	0.0892857	
b.1.1	102	0.107843	0.00980392	0.0294118	0.0196078	0.0196078	0.0490196	0.0588235	0.0294118	0.0196078	0.00980392	0.0588235	0.0882353	0	0.0196078	0.0882353	0.147059	0.0980392	0.0196078	0.0392157	0.0882353	
b.1.1	107	0.046729	0.046729	0.0280374	0.046729	0.0280374	0.0747664	0.0373832	0.11215	0	0.0373832	0.0560748	0.0186916	0	0.0186916	0.0654206	0.121495	0.0934579	0.0186916	0.0560748	0.0934579	
b.1.1	105	0.104762	0.00952381	0.0285714	0.0190476	0.0285714	0.047619	0.0666667	0.0285714	0.0190476	0.00952381	0.0571429	0.0761905	0	0.0190476	0.0857143	0.152381	0.104762	0.0190476	0.0380952	0.0857143	
b.1.1	119	0.0504202	0.0168067	0.0756303	0.0252101	0.0168067	0.0336134	0.0336134	0.092437	0.0168067	0.0252101	0.0756303	0.0756303	0.00840336	0.0336134	0.0336134	0.12605	0.092437	0.0336134	0.0672269	0.0672269	
b.1.1	106	0.0754717	0.0188679	0.0188679	0.0471698	0.0188679	0.0660377	0.0377358	0.0849057	0.00943396	0.0377358	0.0943396	0.0660377	0.00943396	0.0377358	0.0754717	0.103774	0.103774	0.0188679	0.0283019	0.0471698	
b.1.1	104	0.0576923	0.0480769	0.0384615	0.0865385	0.0192308	0.0192308	0.0384615	0.0384615	0.0192308	0.0288462	0.0576923	0.0576923	0.0192308	0.0288462	0.0480769	0.153846	0.0961538	0.00961538	0.0384615	0.0961538	
b.1.1	112	0.0178571	0.0357143	0.0178571	0.0446429	0.0178571	0.0446429	0.0357143	0.0892857	0.0267857	0.0357143	0.116071	0.0625	0	0.0535714	0.0535714	0.178571	0.0714286	0.00892857	0.0267857	0.0625	
b.1.1	126	0.047619	0.0238095	0.031746	0.0396825	0.015873	0.047619	0.0396825	0.134921	0.00793651	0.047619	0.0634921	0.0634921	0.015873	0.0238095	0.0238095	0.111111	0.0873016	0.0396825	0.0873016	0.047619	
b.1.1	112	0.0714286	0	0.0267857	0.0535714	0.0178571	0.0625	0.0446429	0.0803571	0.0178571	0.0446429	0.0714286	0.0982143	0.0178571	0.0267857	0.0267857	0.116071	0.0803571	0.0267857	0.0625	0.0535714	
b.1.1	107	0.0373832	0.0280374	0.0560748	0.0373832	0.0186916	0.0841121	0.0280374	0.0934579	0	0.0373832	0.046729	0.0560748	0.0186916	0.0560748	0.0373832	0.121495	0.102804	0.00934579	0.0654206	0.0654206	
b.1.1	106	0.0471698	0.0377358	0.0754717	0.0660377	0.0188679	0.0283019	0.0566038	0.0471698	0.0188679	0.0377358	0.0471698	0.0660377	0.00943396	0.0377358	0.0471698	0.141509	0.103774	0.0188679	0.0377358	0.0566038	
b.1.1	115	0.0782609	0.0347826	0.0173913	0.0347826	0.0173913	0.0608696	0.0347826	0.0956522	0.0173913	0.026087	0.0608696	0.0521739	0.026087	0.0347826	0.026087	0.130435	0.0869565	0.0347826	0.0869565	0.0434783	
b.1.1	105	0.0761905	0.047619	0	0.0190476	0.0190476	0.0571429	0.0380952	0.0857143	0.00952381	0.047619	0.0285714	0.0571429	0.0380952	0.0190476	0.047619	0.2	0.0952381	0.0190476	0.0666667	0.0285714	
b.1.1	105	0.0666667	0.0190476	0.047619	0.047619	0.0190476	0.0571429	0.0666667	0.0380952	0.0190476	0.00952381	0.0761905	0.0761905	0	0.0380952	0.047619	0.152381	0.0761905	0.00952381	0.0380952	0.0952381	
b.1.1	116	0.0689655	0.00862069	0.0517241	0.0258621	0.0172414	0.0603448	0.0258621	0.0862069	0.00862069	0.0258621	0.0775862	0.0689655	0.00862069	0.0258621	0.0431034	0.112069	0.0862069	0.0431034	0.0775862	0.0689655	
b.1.1	112	0.0535714	0.0535714	0.0267857	0.0267857	0.0178571	0.0446429	0.0446429	0.0892857	0.0178571	0.0357143	0.107143	0.0267857	0.0178571	0.0446429	0.0625	0.133929	0.0625	0.00892857	0.0535714	0.0714286	
b.1.1	107	0.046729	0.0373832	0.0747664	0.0654206	0.0280374	0.0280374	0.0560748	0.0373832	0.0186916	0.0373832	0.046729	0.0654206	0.00934579	0.0373832	0.046729	0.149533	0.102804	0.0186916	0.0373832	0.0560748	
b.1.1	119	0.0588235	0.0420168	0.0168067	0.0588235	0.0168067	0.0588235	0.0420168	0.151261	0.00840336	0.0588235	0.0756303	0.0336134	0.00840336	0.0420168	0.0588235	0.0840336	0.0756303	0.00840336	0.0420168	0.0588235	
b.1.1	121	0.0909091	0.0165289	0.0330579	0.0413223	0.0165289	0.0661157	0.0495868	0.0826446	0.00826446	0.0330579	0.0578512	0.0495868	0.0165289	0.0247934	0.0413223	0.107438	0.0909091	0.0247934	0.0743802	0.0743802	
b.1.1	102	0.0686275	0.0882353	0.0392157	0.0196078	0.0196078	0.0490196	0.107843	0.0686275	0.0196078	0	0.137255	0.0294118	0	0.0196078	0.0882353	0.0294118	0.0882353	0.0196078	0.0196078	0.0882353	
b.1.1	123	0.0569106	0.0569106	0.0325203	0.0406504	0.0162602	0.0406504	0.0487805	0.0894309	0.0162602	0.0162602	0.0650407	0.0487805	0.0325203	0.0243902	0.0325203	0.113821	0.0894309	0.0325203	0.0813008	0.0650407	
b.1.1	109	0.0366972	0.0275229	0.0275229	0.0183486	0.0183486	0.0642202	0.0550459	0.110092	0.0183486	0.0458716	0.0917431	0.0550459	0	0.0458716	0.0550459	0.119266	0.0917431	0.00917431	0.0642202	0.0458716	
b.1.1	127	0.110236	0.0551181	0.0472441	0.0393701	0.015748	0.0708661	0.0314961	0.102362	0	0.0314961	0.0472441	0.0393701	0.0314961	0.0314961	0.015748	0.11811	0.0629921	0.023622	0.0629921	0.0629921	
b.1.1	112	0.0446429	0.0178571	0.0357143	0.0446429	0.0178571	0.0714286	0.0357143	0.0803571	0	0.0267857	0.0892857	0.0535714	0.0178571	0.0267857	0.0625	0.133929	0.107143	0.0178571	0.0625	0.0535714	
b.1.1	121	0.0909091	0.0413223	0.0330579	0.0661157	0.0165289	0.0578512	0.0495868	0.0578512	0.00826446	0.0413223	0.0743802	0.0495868	0.00826446	0.0247934	0.0495868	0.0991736	0.0826446	0.0247934	0.0578512	0.0661157	
b.1.1	127	0.0866142	0.0551181	0.0472441	0.0551181	0.015748	0.0629921	0.0314961	0.0708661	0.00787402	0.023622	0.023622	0.0472441	0.023622	0.0472441	0.0393701	0.102362	0.0551181	0.0393701	0.0629921	0.102362	
b.1.1	108	0.0555556	0.0925926	0.00925926	0.0277778	0.0185185	0.0462963	0.0462963	0.101852	0.0277778	0.0462963	0.0648148	0.0277778	0	0.0462963	0.0462963	0.148148	0.0833333	0.00925926	0.0462963	0.0555556	
b.1.1	107	0.0654206	0.0373832	0.046729	0.046729	0.0280374	0.0560748	0.0654206	0.0373832	0.0186916	0.00934579	0.0747664	0.0747664	0	0.0373832	0.046729	0.140187	0.0747664	0.00934579	0.0373832	0.0934579	
b.1.1	123	0.0569106	0.0325203	0.0406504	0.0569106	0.0162602	0.0569106	0.0243902	0.0731707	0.00813008	0.0569106	0.0650407	0.0325203	0.0243902	0.0325203	0.0406504	0.138211	0.121951	0.0406504	0.0243902	0.0569106	
b.1.1	102	0.0784314	0	0.0294118	0.0294118	0.0294118	0.0196078	0.0196078	0.0490196	0.0196078	0.00980392	0.0686275	0.0490196	0.00980392	0.0196078	0.107843	0.156863	0.127451	0.0196078	0.0294118	0.127451	
b.1.1	107	0.0280374	0.0186916	0.0186916	0.046729	0.0186916	0.0654206	0.0373832	0.0841121	0.00934579	0.0654206	0.0841121	0.046729	0.00934579	0.0280374	0.0373832	0.17757	0.102804	0.0186916	0.0747664	0.0280374	
b.1.1	104	0.0480769	0.0384615	0.0673077	0.0673077	0.0192308	0.0288462	0.0480769	0.0384615	0.0192308	0.0384615	0.0480769	0.0673077	0.00961538	0.0384615	0.0480769	0.153846	0.105769	0.0192308	0.0384615	0.0576923	
b.1.1	105	0.0285714	0.047619	0.047619	0.0380952	0.0285714	0.00952381	0.0857143	0.0761905	0.00952381	0.0380952	0.047619	0.0571429	0.0190476	0.0380952	0.047619	0.104762	0.104762	0.00952381	0.047619	0.114286	
b.1.1	104	0.0673077	0.0384615	0.0673077	0.0384615	0.0192308	0.00961538	0.0673077	0.0673077	0	0.0288462	0.0384615	0.0288462	0.0288462	0.0288462	0.105769	0.134615	0.105769	0.00961538	0.0384615	0.0769231	
b.1.1	110	0.0363636	0.0272727	0.0636364	0.0545455	0.0181818	0.0818182	0.0545455	0.0363636	0.0454545	0.0545455	0.118182	0.0727273	0.0363636	0.0454545	0.0181818	0.0909091	0.0363636	0.0181818	0.0363636	0.0545455	
b.1.1	119	0.0420168	0.0336134	0.0504202	0.0336134	0.0168067	0.0672269	0.0168067	0.10084	0.00840336	0.0420168	0.092437	0.0336134	0.00840336	0.0420168	0.0336134	0.12605	0.109244	0.0420168	0.0504202	0.0504202	
b.1.1	103	0.0582524	0.00970874	0.0194175	0.0291262	0.0291262	0.0194175	0.0194175	0.0679612	0.0194175	0.0194175	0.0776699	0.0485437	0	0.0194175	0.0970874	0.165049	0.145631	0.0194175	0.0291262	0.106796	
b.1.1	112	0.0178571	0.0446429	0.0267857	0.0446429	0.0178571	0.0535714	0.0267857	0.116071	0.00892857	0.0535714	0.0982143	0.0714286	0.00892857	0.0446429	0.0535714	0.107143	0.0982143	0.0178571	0.0357143	0.0535714	
b.1.1	107	0.046729	0.0373832	0.0747664	0.0654206	0.0280374	0.0280374	0.0560748	0.0373832	0.0186916	0.0373832	0.046729	0.0654206	0.00934579	0.0373832	0.046729	0.149533	0.102804	0.0186916	0.0373832	0.0560748	
b.1.1	115	0.026087	0.0347826	0.026087	0.0869565	0.0173913	0.0434783	0.0521739	0.0869565	0.026087	0.0695652	0.026087	0.0434783	0	0.0521739	0.026087	0.0956522	0.0695652	0.0434783	0.0608696	0.113043	
b.1.1	113	0.0707965	0.0176991	0.0353982	0.0265487	0.0176991	0.0619469	0.0442478	0.0619469	0.0442478	0.0176991	0.115044	0.0619469	0	0.0442478	0.0176991	0.106195	0.106195	0.00884956	0.0707965	0.0707965	
b.1.1	113	0.0265487	0.0530973	0.0176991	0.0530973	0.0176991	0.0619469	0.079646	0.079646	0.0353982	0.0442478	0.0884956	0.0530973	0.0265487	0.0530973	0.0353982	0.106195	0.0353982	0.0176991	0.0442478	0.0707965	
b.1.1	126	0.0714286	0.0555556	0.0555556	0.0396825	0.0238095	0.0396825	0.0714286	0.047619	0.0396825	0.015873	0.0634921	0.0634921	0	0.047619	0.0714286	0.111111	0.0396825	0.0396825	0.0238095	0.0793651	
b.1.1	108	0.0555556	0.0277778	0.0462963	0.0555556	0.0185185	0.0555556	0.0462963	0.0833333	0	0.0555556	0.0925926	0.0462963	0.00925926	0.037037	0.0462963	0.12037	0.0925926	0.00925926	0.0555556	0.0462963	
b.1.1	104	0.0576923	0.0192308	0.0576923	0.0288462	0.0288462	0.0384615	0.0576923	0.0576923	0.0192308	0.00961538	0.0673077	0.0865385	0.00961538	0.0192308	0.0769231	0.115385	0.115385	0.0192308	0.0288462	0.0865385	
b.1.1	121	0.0661157	0.0826446	0.0413223	0.0743802	0.0165289	0.0330579	0.0330579	0.0909091	0.00826446	0.0413223	0.0495868	0.0247934	0.0247934	0.0495868	0.0247934	0.0991736	0.0578512	0.0330579	0.0661157	0.0826446	
b.1.1	101	0.0594059	0.00990099	0.019802	0.029703	0.029703	0.00990099	0.019802	0.049505	0.029703	0.019802	0.0693069	0.049505	0	0.019802	0.108911	0.158416	0.158416	0.019802	0.029703	0.108911	
b.1.1	107	0.046729	0.0280374	0.0280374	0.046729	0.0186916	0.0747664	0.0280374	0.0934579	0	0.0373832	0.0560748	0.0560748	0.0280374	0.046729	0.046729	0.121495	0.11215	0.00934579	0.0560748	0.0654206	
b.1.1	106	0.0660377	0.0283019	0.0471698	0.0471698	0.0188679	0.0566038	0.0660377	0.0377358	0.0188679	0.00943396	0.0754717	0.0754717	0	0.0377358	0.0471698	0.150943	0.0754717	0.00943396	0.0377358	0.0943396	
b.1.1	114	0.0614035	0.0438596	0.0175439	0.0438596	0.0175439	0.0350877	0.0438596	0.0877193	0.00877193	0.0175439	0.0701754	0.0789474	0.0175439	0.0175439	0.0350877	0.140351	0.0964912	0.0350877	0.0614035	0.0701754	
b.1.1	106	0.0566038	0	0.0377358	0.0283019	0.0283019	0.0188679	0.0188679	0.0754717	0.0188679	0.00943396	0.0754717	0.0849057	0	0.0283019	0.0849057	0.179245	0.103774	0.00943396	0.0283019	0.113208	
b.1.1	122	0.0655738	0.0737705	0.057377	0.0819672	0.0245902	0.0409836	0.0327869	0.0409836	0.0245902	0.0163934	0.0491803	0.0491803	0.0327869	0.0409836	0.0409836	0.0901639	0.0737705	0.0327869	0.0491803	0.0819672	
b.1.1	120	0.108333	0.075	0.025	0.0416667	0.0166667	0.0333333	0.025	0.1	0.00833333	0.0333333	0.0666667	0.0416667	0.025	0.025	0.0166667	0.116667	0.0583333	0.025	0.0666667	0.0916667	
b.1.1	111	0.0630631	0.018018	0.036036	0.0630631	0.018018	0.0540541	0.027027	0.0990991	0.00900901	0.036036	0.0720721	0.0540541	0.00900901	0.027027	0.0630631	0.171171	0.0540541	0.018018	0.045045	0.0630631	
b.1.1	102	0.107843	0	0.0294118	0.0196078	0.0196078	0.0490196	0.0588235	0.0294118	0.0196078	0.00980392	0.0588235	0.0882353	0	0.0196078	0.0882353	0.147059	0.107843	0.0196078	0.0392157	0.0882353	
b.1.1	118	0.0762712	0.0254237	0.0423729	0.0423729	0.0169492	0.0508475	0.0508475	0.0847458	0.00847458	0.0254237	0.0677966	0.059322	0.0169492	0.0677966	0.0338983	0.0847458	0.110169	0.0338983	0.0423729	0.059322	
b.1.1	113	0.0707965	0.0442478	0.0176991	0.0353982	0.0176991	0.0707965	0.0353982	0.0707965	0	0.0353982	0.079646	0.0707965	0.0176991	0.0265487	0.0530973	0.141593	0.079646	0.0176991	0.0530973	0.0619469	
b.1.1	107	0.046729	0.0373832	0.0747664	0.0654206	0.0280374	0.0280374	0.0560748	0.0373832	0.0186916	0.0373832	0.046729	0.0654206	0.00934579	0.0373832	0.046729	0.149533	0.102804	0.0186916	0.0373832	0.0560748	
b.1.1	113	0.0176991	0.0442478	0.0265487	0.0442478	0.0176991	0.0530973	0.0442478	0.106195	0.0176991	0.0530973	0.0973451	0.0530973	0	0.0442478	0.0530973	0.141593	0.0619469	0.00884956	0.0530973	0.0619469	
b.1.1	119	0.0588235	0.0336134	0.0168067	0.0420168	0.0168067	0.0504202	0.0336134	0.092437	0.00840336	0.0168067	0.0588235	0.0756303	0.0168067	0.0252101	0.0336134	0.142857	0.0840336	0.0336134	0.092437	0.0672269	
b.1.1	109	0.0917431	0.0183486	0.0642202	0.0366972	0.0183486	0.0458716	0.0458716	0.0825688	0.0366972	0.0550459	0.0825688	0.0642202	0	0.0183486	0.0642202	0.0825688	0.0275229	0.0183486	0.0458716	0.100917	
b.1.1	104	0.0288462	0.00961538	0	0.0769231	0.0384615	0.0865385	0.0480769	0.0769231	0.0288462	0.0384615	0.0961538	0.0384615	0.00961538	0.0288462	0.0480769	0.0961538	0.153846	0.0192308	0.0288462	0.0480769	
b.1.1	108	0.037037	0.0925926	0.0277778	0.0277778	0.0185185	0.0277778	0.037037	0.0648148	0.0277778	0.0277778	0.0833333	0.0555556	0.00925926	0.0185185	0.0833333	0.111111	0.138889	0.0185185	0.0185185	0.0740741	
b.1.1	107	0.102804	0.0841121	0.0280374	0.0373832	0.0186916	0.0654206	0.0841121	0.0280374	0.0280374	0.0280374	0.046729	0.0373832	0.00934579	0.0560748	0.0841121	0.0747664	0.0654206	0.0280374	0.00934579	0.0841121	
b.1.1	120	0.0583333	0.0333333	0.0166667	0.0333333	0.0166667	0.05	0.0416667	0.1	0.00833333	0.0166667	0.0666667	0.075	0.025	0.025	0.0333333	0.116667	0.0916667	0.0416667	0.0916667	0.0583333	
b.1.1	110	0.1	0.0272727	0.0545455	0.0181818	0.0181818	0.0363636	0.0454545	0.118182	0.0181818	0.0363636	0.0909091	0.0272727	0	0.0363636	0.0363636	0.0727273	0.145455	0.0181818	0.0272727	0.0727273	
b.1.1	120	0.0666667	0.05	0.025	0.0416667	0.0166667	0.0416667	0.0583333	0.125	0	0.025	0.108333	0.025	0.0166667	0.025	0.0416667	0.141667	0.05	0.025	0.05	0.0666667	
b.1.1	121	0.0743802	0.0826446	0.0247934	0.0330579	0.0165289	0.0495868	0.0413223	0.107438	0	0.0247934	0.0661157	0.0165289	0	0.0413223	0.0495868	0.14876	0.0578512	0.0165289	0.0578512	0.0743802	
b.1.1	121	0.0909091	0.0413223	0.0247934	0.0495868	0.0165289	0.0661157	0.0495868	0.123967	0	0.0413223	0.0495868	0.0330579	0.0165289	0.0165289	0.0247934	0.115702	0.0743802	0.0247934	0.0743802	0.0661157	
b.1.1	112	0.0267857	0.0267857	0.0357143	0.0625	0.0178571	0.0714286	0.00892857	0.116071	0	0.0267857	0.107143	0.0446429	0.00892857	0.0267857	0.0267857	0.142857	0.0803571	0.0357143	0.0446429	0.0892857	
b.1.1	110	0.109091	0.0272727	0.0363636	0.0363636	0.0181818	0.0272727	0.0454545	0.109091	0.0181818	0.0363636	0.0818182	0.0272727	0	0.0363636	0.0363636	0.0818182	0.145455	0.0272727	0.0272727	0.0727273	
b.1.1	108	0.0555556	0.0555556	0.0648148	0.0555556	0.0185185	0.0555556	0.037037	0.0833333	0.00925926	0.0555556	0.0462963	0.0185185	0.00925926	0.0277778	0.0462963	0.148148	0.0740741	0.00925926	0.0555556	0.0740741	
b.1.1	111	0.036036	0.045045	0.0540541	0.0630631	0.018018	0.00900901	0.0540541	0.045045	0.018018	0.0540541	0.0630631	0.0720721	0.018018	0.045045	0.108108	0.117117	0.0630631	0.018018	0.036036	0.0630631	
b.1.1	124	0.0645161	0.0967742	0.0322581	0.0483871	0.016129	0.0403226	0.104839	0.112903	0.0241935	0.0483871	0.0564516	0.0403226	0	0.0403226	0.0564516	0.0483871	0.0241935	0.016129	0.0483871	0.0725806	
b.1.1	116	0.0603448	0.0948276	0.0258621	0.0517241	0.0172414	0.0431034	0.112069	0.0948276	0.0172414	0.0431034	0.0603448	0.0431034	0.0172414	0.0431034	0.0517241	0.0517241	0.0431034	0.00862069	0.0517241	0.0689655	
b.1.1	119	0.0672269	0.0168067	0.0168067	0.0420168	0.0168067	0.0504202	0.0588235	0.10084	0.00840336	0.0420168	0.0672269	0.0588235	0.0252101	0.0336134	0.0252101	0.12605	0.0840336	0.0420168	0.0672269	0.0504202	
b.1.1	110	0.1	0.0272727	0.0545455	0.0363636	0.0181818	0.0272727	0.0454545	0.118182	0.00909091	0.0363636	0.0909091	0.0363636	0	0.0363636	0.0363636	0.0727273	0.145455	0.0181818	0.0181818	0.0727273	
b.1.1	102	0.0686275	0.0294118	0.0294118	0.0294118	0.0196078	0.0392157	0.0490196	0.0392157	0.0294118	0.00980392	0.0588235	0.0588235	0.0196078	0.0196078	0.0686275	0.147059	0.147059	0.0196078	0.0392157	0.0784314	
b.1.1	121	0.0413223	0.0661157	0.0165289	0.0578512	0.0247934	0.0578512	0.0991736	0.0413223	0.0330579	0.0495868	0.115702	0.0743802	0.0330579	0.0165289	0.0495868	0.0413223	0.0578512	0.00826446	0.0413223	0.0743802	
b.1.1	102	0.0392157	0.0196078	0.0392157	0.127451	0	0.0490196	0.0784314	0.0392157	0.00980392	0.0980392	0.0882353	0.176471	0.00980392	0.0392157	0.00980392	0.0392157	0.0686275	0.0196078	0.0294118	0.0196078	
b.1.1	128	0.09375	0.0703125	0.015625	0.0390625	0.015625	0.0625	0.0390625	0.132812	0.015625	0.0234375	0.0546875	0.046875	0.015625	0.03125	0.0234375	0.09375	0.0546875	0.03125	0.046875	0.09375	
b.1.1	115	0.026087	0.0521739	0.0434783	0.0695652	0.026087	0.0173913	0.026087	0.0869565	0.0173913	0.0521739	0.0869565	0.0695652	0.0173913	0.0347826	0.0521739	0.0869565	0.0695652	0.026087	0.0434783	0.0956522	
b.1.1	112	0.107143	0.0357143	0.0357143	0.0267857	0.0178571	0.0625	0.0446429	0.0803571	0.00892857	0.0178571	0.0535714	0.0535714	0.0178571	0.0178571	0.0267857	0.125	0.0982143	0.0357143	0.0714286	0.0625	
b.1.1	121	0.0826446	0.0578512	0.0330579	0.0330579	0.0165289	0.0578512	0.0330579	0.0909091	0.00826446	0.0247934	0.0743802	0.0330579	0.0165289	0.0495868	0.0330579	0.123967	0.0826446	0.0330579	0.0495868	0.0661157	
b.1.1	112	0.0625	0.0535714	0.0267857	0.0625	0.0178571	0.0714286	0.0535714	0.0803571	0	0.0535714	0.0714286	0.0357143	0.0178571	0.0357143	0.0625	0.107143	0.0803571	0.00892857	0.0714286	0.0267857	
b.1.1	108	0.0462963	0.037037	0.0185185	0.0555556	0.0185185	0.0555556	0.0555556	0.0833333	0.0185185	0.037037	0.0555556	0.0555556	0.0185185	0.0648148	0.0462963	0.138889	0.0925926	0.00925926	0.037037	0.0555556	
b.1.1	119	0.0672269	0.00840336	0.0336134	0.0420168	0.0168067	0.0504202	0.0504202	0.0756303	0.0252101	0.0252101	0.0504202	0.0840336	0.0252101	0.0336134	0.0252101	0.134454	0.0756303	0.0252101	0.0840336	0.0672269	
b.1.1	112	0.0803571	0.0357143	0.0357143	0.0625	0.0178571	0.0714286	0.0535714	0.0714286	0.00892857	0.0535714	0.0714286	0.0446429	0.00892857	0.0357143	0.0625	0.125	0.0625	0.00892857	0.0535714	0.0357143	
b.1.1	106	0.0849057	0.0283019	0.0188679	0.00943396	0.0188679	0.0471698	0.0471698	0.0754717	0.00943396	0.0377358	0.0660377	0.0471698	0.0283019	0.0283019	0.0566038	0.188679	0.0943396	0.0188679	0.0566038	0.0377358	
b.1.1	121	0.0495868	0.0165289	0.0330579	0.0495868	0.0165289	0.0661157	0.0578512	0.107438	0.00826446	0.0247934	0.0661157	0.0413223	0.00826446	0.0330579	0.0413223	0.107438	0.123967	0.0330579	0.0661157	0.0495868	
b.1.1	107	0.0373832	0.0560748	0.0373832	0.0373832	0.0186916	0.0560748	0.046729	0.0841121	0.00934579	0.0934579	0.0654206	0.0280374	0	0.046729	0.046729	0.186916	0.0654206	0.0186916	0.0373832	0.0280374	
b.1.1	105	0.047619	0.0380952	0.0761905	0.0666667	0.0190476	0.0285714	0.047619	0.0380952	0.0190476	0.0380952	0.047619	0.0666667	0.00952381	0.0380952	0.047619	0.152381	0.104762	0.0190476	0.0380952	0.0571429	
b.1.1	118	0.0932203	0.0338983	0.0169492	0.0338983	0.0169492	0.059322	0.0508475	0.0932203	0.0169492	0.0423729	0.059322	0.0677966	0.00847458	0.0254237	0.0338983	0.118644	0.0762712	0.0338983	0.0508475	0.0677966	
b.1.1	101	0.0693069	0.00990099	0.029703	0.029703	0.019802	0.019802	0.019802	0.049505	0.019802	0.00990099	0.0693069	0.049505	0.00990099	0.019802	0.108911	0.168317	0.118812	0.019802	0.029703	0.128713	
b.1.1	123	0.0894309	0.0487805	0.0569106	0.0406504	0.0325203	0.0731707	0.0243902	0.113821	0	0.0162602	0.0650407	0.0162602	0.0243902	0.0162602	0.0243902	0.113821	0.097561	0.0243902	0.0650407	0.0569106	
b.1.1	107	0.0373832	0.00934579	0.046729	0.0280374	0.0186916	0.0841121	0.0186916	0.102804	0.0186916	0.0841121	0.0934579	0.0373832	0.0186916	0.046729	0.0560748	0.140187	0.0934579	0.0186916	0.0280374	0.0186916	
b.1.1	105	0.047619	0.0380952	0.0761905	0.0666667	0.0190476	0.0285714	0.047619	0.0380952	0.0190476	0.0380952	0.047619	0.0666667	0.00952381	0.0380952	0.047619	0.152381	0.104762	0.0190476	0.0380952	0.0571429	
b.1.1	120	0.0666667	0.0333333	0.0333333	0.0416667	0.0166667	0.0583333	0.0333333	0.0916667	0.025	0.0166667	0.0583333	0.05	0.025	0.025	0.0333333	0.141667	0.0833333	0.0333333	0.0583333	0.075	
b.1.1	101	0.0594059	0.00990099	0.019802	0.029703	0.029703	0.019802	0.019802	0.0693069	0.019802	0.019802	0.0891089	0.049505	0	0.019802	0.0891089	0.168317	0.128713	0.019802	0.029703	0.108911	
b.1.1	121	0.0909091	0.0495868	0.0247934	0.0413223	0.0165289	0.0578512	0.0247934	0.107438	0.0247934	0.0413223	0.0495868	0.0247934	0.0165289	0.0247934	0.0247934	0.132231	0.0661157	0.0247934	0.0578512	0.0991736	
b.1.1	111	0.045045	0.018018	0.045045	0.045045	0.018018	0.0540541	0.027027	0.135135	0	0.0540541	0.0540541	0.036036	0	0.027027	0.0630631	0.162162	0.0810811	0.018018	0.036036	0.0810811	
b.1.1	102	0.107843	0.00980392	0.0294118	0.0196078	0.0196078	0.0490196	0.0588235	0.0294118	0.0196078	0.00980392	0.0588235	0.0784314	0	0.0196078	0.0882353	0.147059	0.107843	0.0196078	0.0392157	0.0882353	
b.1.1	102	0.0784314	0.0588235	0.0392157	0.0294118	0.0196078	0.0490196	0.0490196	0.117647	0.00980392	0.0294118	0.0588235	0.0490196	0.0196078	0.0392157	0.0196078	0.0882353	0.0784314	0.0196078	0.0784314	0.0686275	
b.1.1	113	0.0353982	0.0619469	0.0176991	0.0619469	0.0265487	0.0619469	0.0884956	0.0442478	0.0353982	0.0530973	0.106195	0.079646	0.0265487	0.0176991	0.0530973	0.0442478	0.0530973	0.00884956	0.0442478	0.079646	
b.1.1	116	0.0431034	0.0517241	0.00862069	0.0862069	0.0172414	0.0431034	0.0344828	0.0517241	0.0172414	0.0344828	0.0603448	0.0431034	0	0.0775862	0.0689655	0.0948276	0.103448	0.00862069	0.0603448	0.0948276	
b.1.1	110	0.0272727	0.0545455	0.0272727	0.0545455	0.0181818	0.0636364	0.0636364	0.0363636	0.0363636	0.0181818	0.1	0.0545455	0.0363636	0.0363636	0.0909091	0.0363636	0.0818182	0.00909091	0.0363636	0.118182	
b.1.1	109	0.0458716	0.0366972	0	0.0917431	0.0183486	0.0275229	0.0917431	0.0366972	0.0275229	0.0642202	0.110092	0.0917431	0.0183486	0.0366972	0.0733945	0.0642202	0.0458716	0	0.0183486	0.100917	
b.1.1	113	0.0530973	0.0619469	0.0353982	0.0530973	0.0176991	0.0265487	0.0619469	0.0973451	0	0.0353982	0.0973451	0.0707965	0	0.0353982	0.0176991	0.106195	0.106195	0.0176991	0.0530973	0.0530973	
b.1.1	113	0.0707965	0.0176991	0.0265487	0.0176991	0	0.0707965	0.079646	0.0619469	0.0176991	0.0176991	0.132743	0.115044	0.00884956	0.0442478	0.0442478	0.0884956	0.0619469	0.0265487	0.0176991	0.079646	
b.1.1	108	0.0462963	0.0462963	0.0185185	0.0648148	0.0185185	0.0833333	0.0185185	0.0925926	0	0.0740741	0.0555556	0.0277778	0.00925926	0.0462963	0.0555556	0.12037	0.111111	0.00925926	0.0462963	0.0555556	
b.1.1	103	0.0485437	0	0.0776699	0.0485437	0.0291262	0.0291262	0.0485437	0.0679612	0.0776699	0.0776699	0.0582524	0.0679612	0.0194175	0.0485437	0.0679612	0.038835	0.0873786	0.0291262	0.0485437	0.0291262	
b.1.1	105	0.0190476	0.0380952	0.0857143	0.00952381	0.0190476	0.0285714	0.114286	0.0666667	0.0571429	0.0571429	0.104762	0.0380952	0	0.0380952	0.104762	0.0285714	0.0571429	0.00952381	0.0571429	0.0666667	
b.1.1	101	0.108911	0.029703	0.0891089	0.019802	0.019802	0.039604	0.049505	0.049505	0.049505	0.029703	0.0891089	0	0.029703	0.0792079	0.0792079	0.0792079	0.0594059	0.019802	0.00990099	0.0693069	
b.1.1	104	0.00961538	0.0384615	0.0865385	0.00961538	0.0480769	0.0288462	0.0576923	0.0384615	0.0673077	0.0576923	0.0576923	0.0576923	0	0.0384615	0.0576923	0.105769	0.0576923	0.0384615	0.0288462	0.115385	
b.1.1	111	0.027027	0.0540541	0.0720721	0.027027	0.036036	0.027027	0.0630631	0.0810811	0.0630631	0.0540541	0.0630631	0.027027	0	0.036036	0.045045	0.126126	0.0540541	0.00900901	0.0540541	0.0810811	
b.1.1	109	0.0917431	0.0366972	0.0366972	0.0275229	0.0183486	0.0275229	0.0642202	0.110092	0.0183486	0.0458716	0.0917431	0.0366972	0	0.0366972	0.0366972	0.0825688	0.137615	0.0183486	0.0183486	0.0642202	
b.1.1	105	0.0666667	0.0285714	0.047619	0.047619	0.0190476	0.0571429	0.0571429	0.0380952	0.0190476	0.00952381	0.0761905	0.0761905	0	0.0380952	0.047619	0.152381	0.0761905	0.00952381	0.0380952	0.0952381	
b.1.1	123	0.0487805	0.0650407	0.0406504	0.0650407	0.0162602	0.0325203	0.0406504	0.0894309	0.00813008	0.0406504	0.113821	0.0487805	0.0162602	0.0325203	0.0325203	0.113821	0.0325203	0.0325203	0.0731707	0.0569106	
b.1.1	103	0.0582524	0	0.038835	0.0194175	0.0291262	0.0194175	0.0194175	0.0776699	0.0194175	0.00970874	0.0776699	0.0776699	0	0.0291262	0.0873786	0.184466	0.0970874	0.00970874	0.0291262	0.116505	
b.1.1	105	0.0666667	0.0857143	0.0380952	0.0190476	0.0190476	0.047619	0.104762	0.0666667	0.0190476	0	0.142857	0.0285714	0	0.0285714	0.0857143	0.0285714	0.0857143	0.0190476	0.0190476	0.0952381	
b.1.1	106	0.0849057	0.0566038	0.0377358	0.0377358	0.0188679	0.0283019	0.0660377	0.0566038	0.0377358	0.0377358	0.113208	0.0377358	0.0188679	0.0660377	0.0754717	0.0566038	0.0943396	0	0.0188679	0.0566038	
b.1.1	106	0.0377358	0.0471698	0.0283019	0.0377358	0.0188679	0.0566038	0.0283019	0.103774	0.0188679	0.0849057	0.0849057	0.0660377	0.00943396	0.0283019	0.0566038	0.132075	0.0754717	0.00943396	0.0660377	0.00943396	
b.1.1	102	0.0490196	0.0196078	0.0686275	0.0686275	0.0196078	0.0294118	0.0490196	0.0392157	0.0196078	0.0392157	0.0490196	0.0686275	0.00980392	0.0392157	0.0490196	0.156863	0.107843	0.0196078	0.0392157	0.0588235	
b.1.1	110	0.0636364	0.0454545	0.0545455	0.0272727	0.0181818	0.0636364	0.0545455	0.118182	0.0272727	0.0272727	0.0727273	0.0272727	0.00909091	0.0272727	0.0363636	0.1	0.0909091	0.00909091	0.0636364	0.0636364	
b.1.1	110	0.0636364	0.0363636	0.0181818	0.0818182	0.0181818	0.0363636	0.0363636	0.0818182	0.0363636	0.0272727	0.0818182	0.0727273	0.0181818	0.0636364	0.0454545	0.0818182	0.0545455	0.0181818	0.0272727	0.1	
b.1.1	104	0.0288462	0.0384615	0.0673077	0.0480769	0.0576923	0.0384615	0.0769231	0.0288462	0.0384615	0.0480769	0.0865385	0.0673077	0	0.0480769	0.0480769	0.0865385	0.0673077	0.0192308	0.0384615	0.0673077	
b.1.1	124	0.0564516	0.0322581	0.00806452	0.0725806	0.016129	0.0564516	0.0564516	0.112903	0.00806452	0.0322581	0.0645161	0.0403226	0.0241935	0.0403226	0.0322581	0.153226	0.0564516	0.0403226	0.0564516	0.0403226	
b.1.1	102	0.0588235	0	0.0392157	0.0196078	0.0196078	0.0196078	0.0196078	0.0784314	0.0196078	0.00980392	0.0784314	0.0784314	0	0.0294118	0.0882353	0.186275	0.0980392	0.00980392	0.0294118	0.117647	
b.1.1	105	0.047619	0.0190476	0.0190476	0.0285714	0.0190476	0.0857143	0.0190476	0.0857143	0.00952381	0.047619	0.0571429	0.047619	0.00952381	0.0380952	0.0666667	0.161905	0.0952381	0.0380952	0.0571429	0.047619	
b.1.1	104	0.0480769	0.0384615	0.0673077	0.0673077	0.0192308	0.0288462	0.0480769	0.0384615	0.0192308	0.0384615	0.0480769	0.0673077	0.00961538	0.0384615	0.0480769	0.153846	0.105769	0.0192308	0.0384615	0.0576923	
b.1.1	112	0.0446429	0.0446429	0.0357143	0.0357143	0.0178571	0.0714286	0.0535714	0.107143	0.0178571	0.0178571	0.0892857	0.0178571	0.0357143	0.0446429	0.0446429	0.0982143	0.0892857	0.00892857	0.0535714	0.0714286	
b.1.1	129	0.0852713	0.0542636	0.0387597	0.0620155	0.0232558	0.0620155	0.0775194	0.0387597	0.0310078	0.0155039	0.0697674	0.0387597	0	0.0465116	0.0697674	0.0775194	0.0542636	0.0387597	0.0232558	0.0930233	
b.1.1	111	0.027027	0.036036	0.0540541	0.0630631	0.018018	0.045045	0.036036	0.0900901	0.036036	0.036036	0.0540541	0.027027	0	0.036036	0.0540541	0.162162	0.0990991	0.00900901	0.045045	0.0720721	
b.1.1	101	0.049505	0.039604	0.039604	0.029703	0.029703	0.0891089	0.0891089	0.0693069	0.019802	0.049505	0.0693069	0.0792079	0.019802	0.029703	0.0693069	0.049505	0.0792079	0.00990099	0.00990099	0.0792079	
b.1.1	115	0.0347826	0.0434783	0.0434783	0.026087	0.0173913	0.0434783	0.0782609	0.0869565	0.0173913	0.104348	0.0434783	0.0347826	0.00869565	0.026087	0.0521739	0.130435	0.121739	0.026087	0.0173913	0.0434783	
b.1.1	113	0.0530973	0.0353982	0.0265487	0.0707965	0.0176991	0.0265487	0.079646	0.0619469	0.0265487	0.0707965	0.0619469	0.132743	0.0176991	0.0707965	0.0265487	0.0442478	0.079646	0.0176991	0.0265487	0.0530973	
b.1.1	127	0.0551181	0.0551181	0.015748	0.0708661	0.0314961	0.0551181	0.023622	0.125984	0.015748	0.0314961	0.0551181	0.023622	0.015748	0.0551181	0.0393701	0.141732	0.0393701	0.0314961	0.0393701	0.0787402	
b.1.1	102	0.0490196	0.00980392	0.0392157	0.0196078	0.0294118	0.0294118	0.00980392	0.0784314	0.0196078	0.00980392	0.0784314	0.0686275	0	0.0294118	0.0882353	0.186275	0.0980392	0.00980392	0.0294118	0.117647	
b.1.1	111	0.0810811	0.036036	0.027027	0.045045	0.018018	0.0540541	0.018018	0.117117	0	0.036036	0.0720721	0.027027	0.018018	0.018018	0.0630631	0.153153	0.0810811	0.018018	0.045045	0.0720721	
b.1.1	105	0.0952381	0.00952381	0.0380952	0.0190476	0.0285714	0.047619	0.0666667	0.0380952	0.0190476	0.00952381	0.0571429	0.0857143	0	0.0190476	0.0857143	0.133333	0.104762	0.0190476	0.0380952	0.0857143	
b.1.1	177	0.112994	0.0564972	0.0282486	0.0451977	0.039548	0.0338983	0.0621469	0.039548	0.0508475	0.0451977	0.0621469	0	0.0225989	0.0225989	0.079096	0.0903955	0.0621469	0.0225989	0.039548	0.0847458	
b.1.1	108	0.0462963	0.0648148	0.0648148	0.0555556	0.037037	0.0277778	0.0740741	0.0833333	0	0.037037	0.0555556	0.0555556	0	0.00925926	0.0185185	0.12963	0.111111	0.00925926	0.0462963	0.0740741	
b.1.1	111	0.0630631	0.018018	0.036036	0.045045	0.018018	0.045045	0.036036	0.126126	0.00900901	0.027027	0.045045	0.045045	0	0.027027	0.045045	0.162162	0.0810811	0.00900901	0.0630631	0.0900901	
b.1.1	105	0.0952381	0.00952381	0.0380952	0.0190476	0.0285714	0.047619	0.0666667	0.0380952	0.0190476	0.00952381	0.0571429	0.0857143	0	0.0190476	0.0857143	0.133333	0.104762	0.0190476	0.0380952	0.0857143	
b.1.1	113	0.0353982	0.079646	0.0530973	0.0176991	0.0176991	0.0884956	0.0530973	0.0973451	0.00884956	0.0176991	0.0884956	0.0176991	0.00884956	0.0707965	0.0353982	0.115044	0.0884956	0.00884956	0.0353982	0.0619469	
b.1.1	127	0.0708661	0.0551181	0.0472441	0.0472441	0.015748	0.0629921	0.0787402	0.0393701	0.0314961	0.015748	0.0708661	0.0393701	0	0.0472441	0.0708661	0.0944882	0.0551181	0.0393701	0.023622	0.0944882	
b.1.1	112	0.0267857	0.0357143	0.0267857	0.0446429	0.0178571	0.0535714	0.0357143	0.0982143	0.0178571	0.0535714	0.107143	0.0446429	0.00892857	0.0446429	0.0535714	0.142857	0.0714286	0.00892857	0.0446429	0.0625	
b.1.1	106	0.0377358	0.0377358	0.0754717	0.0660377	0.0188679	0.0283019	0.0566038	0.0377358	0.0188679	0.0377358	0.0471698	0.0660377	0.00943396	0.0377358	0.0471698	0.160377	0.103774	0.0188679	0.0377358	0.0566038	
b.1.1	121	0.0909091	0.0578512	0.00826446	0.0495868	0.0165289	0.0661157	0.0413223	0.165289	0	0.0165289	0.0661157	0.0413223	0.0247934	0.0165289	0.0165289	0.0826446	0.0743802	0.0165289	0.0826446	0.0661157	
b.1.1	101	0.0792079	0.039604	0.019802	0.029703	0.0594059	0.00990099	0.049505	0.0891089	0.029703	0	0.128713	0.039604	0	0.019802	0.0891089	0.118812	0.118812	0.019802	0.019802	0.039604	
b.1.1	108	0.0740741	0.0648148	0.0185185	0.037037	0.0185185	0.0462963	0.0833333	0.0462963	0.0185185	0.0185185	0.12963	0.0462963	0.00925926	0.0462963	0.0740741	0.0648148	0.101852	0.0277778	0.00925926	0.0648148	
b.1.1	114	0.0789474	0.0175439	0.0263158	0.0614035	0.0175439	0.0438596	0.0438596	0.114035	0	0.0438596	0.0877193	0.0438596	0	0.0175439	0.0701754	0.149123	0.0701754	0.0175439	0.0438596	0.0526316	
b.1.1	101	0.0594059	0.0594059	0.049505	0.049505	0.019802	0.029703	0.0891089	0.0693069	0.019802	0.049505	0.049505	0.0594059	0.029703	0.019802	0.049505	0.138614	0.049505	0.019802	0.019802	0.0693069	
b.1.1	115	0.0782609	0.0521739	0.0782609	0.0434783	0.0173913	0.0521739	0.0608696	0.0434783	0.026087	0.0608696	0.104348	0.026087	0.0173913	0.0434783	0.0521739	0.104348	0.0608696	0.026087	0.0173913	0.0347826	
b.1.1	114	0.0789474	0.0526316	0.0789474	0.0438596	0.0175439	0.0526316	0.0614035	0.0438596	0.0263158	0.0526316	0.105263	0.0263158	0.0175439	0.0438596	0.0526316	0.105263	0.0614035	0.0263158	0.0175439	0.0350877	
b.1.1	127	0.0393701	0.0393701	0.0629921	0.0393701	0.015748	0.0393701	0.0393701	0.0787402	0.00787402	0.0314961	0.0787402	0.0393701	0.00787402	0.023622	0.0314961	0.125984	0.102362	0.0393701	0.0866142	0.0708661	
b.1.1	107	0.0560748	0.0373832	0.0373832	0.0560748	0.0186916	0.046729	0.0373832	0.0747664	0.0280374	0.0841121	0.0934579	0.046729	0	0.046729	0.046729	0.102804	0.0934579	0.0186916	0.046729	0.0280374	
b.1.1	104	0.0384615	0.0288462	0.0480769	0.0480769	0.0192308	0.0192308	0.0769231	0.0384615	0.0288462	0.0288462	0.0576923	0.105769	0.00961538	0.0288462	0.0865385	0.0673077	0.0673077	0.0192308	0.0384615	0.144231	
b.1.1	113	0.0530973	0.0353982	0.0265487	0.0442478	0.0176991	0.0973451	0.0265487	0.079646	0.00884956	0.0353982	0.0707965	0.0619469	0.0265487	0.0442478	0.0442478	0.132743	0.079646	0.00884956	0.0442478	0.0619469	
b.1.1	118	0.0254237	0.0338983	0.0338983	0.0338983	0.0169492	0.059322	0.0254237	0.127119	0.00847458	0.0508475	0.0932203	0.0423729	0.0254237	0.0169492	0.0338983	0.161017	0.0423729	0.0338983	0.059322	0.0762712	
b.1.1	116	0.0517241	0.0603448	0.0258621	0.0431034	0.0172414	0.0517241	0.0172414	0.103448	0	0.0258621	0.112069	0.00862069	0.00862069	0.0258621	0.0431034	0.103448	0.112069	0.0344828	0.0517241	0.103448	
b.1.1	103	0.0873786	0.0485437	0.038835	0.0291262	0.0194175	0.0582524	0.0194175	0.106796	0.0194175	0.038835	0.0873786	0.038835	0	0.0291262	0.0485437	0.126214	0.0873786	0.00970874	0.038835	0.0679612	
b.1.1	101	0.108911	0	0.029703	0.019802	0.019802	0.049505	0.0594059	0.029703	0.019802	0.00990099	0.0594059	0.0891089	0	0.019802	0.0891089	0.148515	0.0990099	0.019802	0.039604	0.0891089	
b.1.18	102	0.00980392	0.0490196	0.0490196	0.0490196	0.00980392	0.0882353	0.0686275	0.0490196	0.0294118	0.0490196	0.0392157	0.0784314	0.0392157	0.0490196	0.0588235	0.0490196	0.0882353	0.00980392	0.0392157	0.0980392	
b.1.18	101	0.029703	0.0693069	0.019802	0.108911	0.00990099	0.049505	0.049505	0.0693069	0.019802	0.039604	0.049505	0.0990099	0.019802	0.0594059	0.049505	0.049505	0.049505	0.00990099	0.0594059	0.0891089	
b.1.18	162	0.123457	0.0308642	0.0679012	0.0432099	0	0.0493827	0.0123457	0.104938	0	0.037037	0.0555556	0.0246914	0.00617284	0.0246914	0.0555556	0.117284	0.0493827	0.0246914	0.0802469	0.0925926	
b.1.18	101	0.0594059	0.0891089	0.019802	0.0693069	0.029703	0.0594059	0.0792079	0.0594059	0.00990099	0.039604	0.0792079	0.029703	0.019802	0.049505	0.0792079	0.0792079	0.029703	0.00990099	0.029703	0.0792079	
b.1.18	173	0.0462428	0.0635838	0.00578035	0.0751445	0.017341	0.0404624	0.0462428	0.0578035	0.0231214	0.0520231	0.0867052	0.0809249	0.0115607	0.0520231	0.0635838	0.0693642	0.0462428	0	0.0404624	0.121387	
b.1.18	200	0.065	0.035	0.04	0.04	0	0.035	0.095	0.045	0.015	0.055	0.095	0.085	0.02	0.03	0.055	0.075	0.075	0.005	0.035	0.1	
b.1.18	121	0.0578512	0.0661157	0.0330579	0.0743802	0.00826446	0.0165289	0.0743802	0.0330579	0.0330579	0.0165289	0.0743802	0.0578512	0.0495868	0.0578512	0.0743802	0.00826446	0.0826446	0.0247934	0.0909091	0.0661157	
b.1.18	109	0.155963	0.00917431	0.0917431	0.0550459	0.0183486	0.0275229	0.0275229	0.100917	0	0.0275229	0.0458716	0.0733945	0.00917431	0.0183486	0.0275229	0.0642202	0.0917431	0.0366972	0.0183486	0.100917	
b.1.18	173	0.0346821	0.0924855	0.0578035	0.0635838	0.0115607	0.0346821	0.0635838	0.0520231	0.017341	0.0520231	0.0520231	0.0520231	0.0115607	0.0462428	0.0693642	0.0635838	0.0520231	0.0231214	0.0520231	0.0982659	
b.1.18	138	0.0507246	0.0507246	0.0289855	0.0652174	0.00724638	0.0144928	0.0797101	0.0724638	0.0144928	0.0507246	0.0797101	0.0797101	0.0217391	0.0362319	0.0434783	0.0797101	0.0652174	0.0217391	0.0507246	0.0869565	
b.1.18	135	0.0518519	0.0888889	0.0444444	0.0666667	0.0148148	0.0444444	0.0592593	0.0592593	0.0740741	0.0666667	0.111111	0.0444444	0.0148148	0.0296296	0.0444444	0.0518519	0.0222222	0.0222222	0.00740741	0.0814815	
b.1.18	185	0.0702703	0.0486486	0.0486486	0.0648649	0.0162162	0.0216216	0.0702703	0.0378378	0.027027	0.0486486	0.0918919	0.0864865	0.0162162	0.0378378	0.0594595	0.0594595	0.0756757	0	0.0324324	0.0864865	
b.1.18	171	0.0526316	0.0701754	0.0292398	0.0643275	0.0233918	0.0233918	0.0760234	0.0584795	0.0175439	0.0292398	0.105263	0.0877193	0	0.0526316	0.0818713	0.0233918	0.0526316	0	0.0409357	0.111111	
b.1.18	244	0.045082	0.0491803	0.0696721	0.0819672	0.0163934	0.0204918	0.0860656	0.0696721	0.0368852	0.0655738	0.0737705	0.0409836	0.0204918	0.0491803	0.057377	0.0614754	0.045082	0.00409836	0.0286885	0.0778689	
b.1.18	101	0.019802	0.00990099	0.049505	0.049505	0.00990099	0.039604	0.0891089	0.049505	0.0594059	0.0693069	0.0693069	0.0792079	0.00990099	0.049505	0.0594059	0.0792079	0.049505	0.00990099	0.029703	0.118812	
b.1.18	123	0.0569106	0.0813008	0.0162602	0.0894309	0.00813008	0.0243902	0.0731707	0.0487805	0.0325203	0.0162602	0.0813008	0.0569106	0.0325203	0.0813008	0.0569106	0.0243902	0.0487805	0.0243902	0.097561	0.0487805	
b.1.18	122	0.0737705	0.0163934	0.0983607	0.0983607	0	0.0245902	0.0245902	0.0655738	0.0163934	0.057377	0.0327869	0.0409836	0.00819672	0.057377	0.0819672	0.0737705	0.0983607	0.0491803	0.0491803	0.0327869	
b.1.18	131	0.10687	0.0458015	0.0687023	0.0381679	0	0.0381679	0.0839695	0.122137	0.00763359	0.0381679	0.0381679	0.0687023	0.0305344	0.0381679	0.0839695	0.0229008	0.0305344	0.0229008	0.00763359	0.10687	
b.1.18	102	0.0588235	0.0686275	0.0588235	0.0294118	0	0.0392157	0	0.0882353	0.00980392	0.0686275	0.0588235	0.0294118	0.0196078	0.0196078	0.0490196	0.137255	0.137255	0.00980392	0.0294118	0.0882353	
b.1.18	138	0.0507246	0.0507246	0.0217391	0.0652174	0.00724638	0.0144928	0.0652174	0.0724638	0.0144928	0.0507246	0.0797101	0.0942029	0.0289855	0.0362319	0.0434783	0.0797101	0.0652174	0.0217391	0.0507246	0.0869565	
b.1.18	142	0.0422535	0.0633803	0.0422535	0.0422535	0.00704225	0.0352113	0.105634	0.0492958	0.00704225	0.0492958	0.0985915	0.0774648	0.0211268	0.0774648	0.028169	0.0704225	0.056338	0.028169	0.0140845	0.0774648	
b.1.18	129	0.0852713	0.0155039	0.0465116	0.0697674	0.0465116	0.0310078	0.0620155	0.0620155	0.0387597	0.0852713	0.0387597	0.108527	0.0155039	0.0155039	0.0620155	0.0310078	0.0387597	0.00775194	0.0232558	0.116279	
b.1.18	140	0.0785714	0.0357143	0.0714286	0.00714286	0	0.0642857	0.0285714	0.0928571	0.0142857	0.0714286	0.1	0.0285714	0.0285714	0.0571429	0.0428571	0.135714	0.0571429	0.0214286	0.0142857	0.05	
b.1.18	241	0.0497925	0.0414938	0.0497925	0.0912863	0.0165975	0.0207469	0.0539419	0.0456432	0.0705394	0.0497925	0.0829876	0.0746888	0.0207469	0.0497925	0.0539419	0.0580913	0.0456432	0.00829876	0.0373444	0.0788382	
b.1.18	101	0.118812	0.029703	0.029703	0.039604	0	0.019802	0.039604	0.049505	0.029703	0.039604	0.049505	0.0792079	0.039604	0.029703	0.108911	0.0990099	0.0792079	0.00990099	0.019802	0.0891089	
b.1.18	110	0.0818182	0.0909091	0.0454545	0.0454545	0.00909091	0.0272727	0.0636364	0.0909091	0.0363636	0.0363636	0.0818182	0.0363636	0.0363636	0.0363636	0.0636364	0.0454545	0.0545455	0.0272727	0.0454545	0.0454545	
b.1.18	107	0.0560748	0.11215	0.00934579	0.0841121	0.0280374	0.0560748	0.0747664	0.0560748	0.0186916	0.0373832	0.0747664	0.0280374	0.0186916	0.046729	0.0747664	0.0747664	0.0373832	0.00934579	0.0280374	0.0747664	
b.1.18	197	0.035533	0.0609137	0.0203046	0.0456853	0.0203046	0.0609137	0.0913706	0.0507614	0.0304569	0.035533	0.0964467	0.035533	0	0.071066	0.0456853	0.0812183	0.0659898	0.00507614	0.0203046	0.0862944	
b.1.18	130	0.0153846	0.0230769	0.0538462	0.0384615	0.0461538	0.0461538	0.0692308	0.0538462	0.0153846	0.0692308	0.0230769	0.0923077	0.00769231	0.0384615	0.0923077	0.0846154	0.0461538	0.0230769	0.0307692	0.130769	
b.1.18	127	0.0708661	0.0472441	0.0393701	0.0551181	0.00787402	0.0472441	0.0708661	0.0866142	0.015748	0.0551181	0.0551181	0.0551181	0.00787402	0.015748	0.0314961	0.110236	0.0393701	0.0393701	0.015748	0.133858	
b.1.18	103	0.00970874	0.0485437	0.0485437	0.0485437	0.00970874	0.0873786	0.0776699	0.0485437	0.0291262	0.0485437	0.038835	0.0776699	0.038835	0.0485437	0.0582524	0.0485437	0.0873786	0.00970874	0.038835	0.0970874	
b.1.18	112	0.0535714	0.107143	0.0178571	0.0803571	0.0267857	0.0535714	0.0892857	0.0535714	0.0178571	0.0446429	0.0714286	0.0357143	0.0178571	0.0446429	0.0714286	0.0714286	0.0357143	0.00892857	0.0267857	0.0714286	
b.1.18	142	0.0985915	0.0985915	0.0422535	0.056338	0	0.0211268	0.0704225	0.0352113	0.0633803	0.0633803	0.084507	0.028169	0.084507	0.0352113	0.0422535	0.028169	0.0492958	0.0211268	0.0140845	0.0633803	
b.1.18	103	0.00970874	0.0485437	0.0485437	0.0485437	0.00970874	0.0873786	0.0776699	0.0485437	0.0291262	0.0485437	0.038835	0.0776699	0.038835	0.0485437	0.0582524	0.0485437	0.0873786	0.00970874	0.038835	0.0970874	
b.1.18	138	0.137681	0.0434783	0.0507246	0.0869565	0	0.0362319	0.0652174	0.108696	0.00724638	0.0652174	0.0507246	0.0289855	0.0217391	0.0362319	0.101449	0.0289855	0.057971	0.0144928	0.0144928	0.0434783	
b.1.18	111	0.0630631	0.00900901	0.045045	0.0540541	0.018018	0.00900901	0.036036	0.0990991	0.036036	0.045045	0.0540541	0.0720721	0.036036	0.036036	0.0630631	0.0990991	0.0810811	0.00900901	0.027027	0.108108	
b.1.18	105	0.114286	0.0761905	0.0190476	0.0571429	0	0.047619	0.0666667	0.12381	0.00952381	0.0285714	0.0857143	0.0857143	0	0.0190476	0.047619	0.047619	0.0285714	0.0190476	0.0380952	0.0857143	
b.1.18	104	0.0961538	0.0192308	0.0865385	0.0961538	0.00961538	0	0.0673077	0.105769	0.00961538	0.0480769	0.0288462	0.0576923	0.00961538	0.0384615	0.0769231	0.0192308	0.0576923	0	0.0384615	0.134615	
b.1.18	108	0.0740741	0.0185185	0.0740741	0.0462963	0	0.0185185	0.0648148	0.138889	0.00925926	0.037037	0.037037	0.101852	0	0.0648148	0.037037	0.0740741	0.111111	0	0.0277778	0.0648148	
b.1.18	103	0.00970874	0.0485437	0.0485437	0.0485437	0.00970874	0.0873786	0.0776699	0.0485437	0.0291262	0.0485437	0.038835	0.0776699	0.038835	0.0485437	0.0582524	0.0485437	0.0873786	0.00970874	0.038835	0.0970874	
b.1.18	123	0.0650407	0.0731707	0.0162602	0.0813008	0.00813008	0.0243902	0.0650407	0.0650407	0.0569106	0.00813008	0.0894309	0.0569106	0.0243902	0.0731707	0.0487805	0.0325203	0.0569106	0.0243902	0.0813008	0.0487805	
b.1.18	123	0.105691	0.0731707	0.0162602	0.0487805	0.00813008	0.0325203	0.0569106	0.097561	0.00813008	0.0162602	0.0731707	0.0325203	0.00813008	0	0.0813008	0.0650407	0.0487805	0.0569106	0.0162602	0.154472	
b.1.18	103	0.0291262	0.0582524	0.0194175	0.0776699	0.0194175	0.038835	0.0970874	0.0679612	0.00970874	0.0679612	0.0582524	0.0873786	0.00970874	0.0679612	0.0582524	0.038835	0.0582524	0.00970874	0.0485437	0.0776699	
b.1.18	119	0.0420168	0.0588235	0.0336134	0.0504202	0.0168067	0.0252101	0.0840336	0.0756303	0.0336134	0.0252101	0.0504202	0.0336134	0.0168067	0.0588235	0.0672269	0.10084	0.0672269	0.0168067	0.0252101	0.117647	
b.1.18	115	0.0782609	0.0608696	0.0521739	0.0695652	0	0.0608696	0.0608696	0.0521739	0	0.0347826	0.0521739	0.0695652	0	0.0173913	0.0521739	0.0521739	0.113043	0.026087	0.0173913	0.104348	
b.1.18	106	0.122642	0.0566038	0.0377358	0.0377358	0	0.0188679	0.103774	0.0754717	0.00943396	0.0377358	0.0754717	0.103774	0	0.0566038	0.0849057	0.0283019	0.0660377	0	0.0283019	0.0566038	
b.1.18	104	0.0288462	0.0576923	0.0288462	0.0769231	0.0192308	0.0384615	0.0961538	0.0673077	0.00961538	0.0576923	0.0576923	0.0865385	0.00961538	0.0673077	0.0576923	0.0384615	0.0576923	0.00961538	0.0480769	0.0865385	
b.1.18	103	0.0970874	0.038835	0.0194175	0.038835	0.00970874	0.0776699	0.0194175	0.106796	0	0.038835	0.0679612	0.0194175	0.00970874	0.0194175	0.106796	0.0582524	0.126214	0.00970874	0.00970874	0.126214	
b.1.18	102	0.0980392	0.0196078	0.0882353	0.0980392	0.00980392	0	0.0686275	0.107843	0.00980392	0.0490196	0.0294118	0.0490196	0.00980392	0.0392157	0.0686275	0.0196078	0.0588235	0	0.0392157	0.137255	
b.1.18	108	0.0740741	0.0185185	0.0740741	0.0462963	0	0.0185185	0.0648148	0.138889	0.00925926	0.037037	0.037037	0.101852	0	0.0648148	0.037037	0.0740741	0.111111	0	0.0277778	0.0648148	
b.1.18	120	0.125	0.075	0	0.0333333	0.0166667	0.025	0.116667	0.075	0.025	0.025	0.0916667	0.0583333	0.00833333	0.0583333	0.025	0.0666667	0.0333333	0	0.075	0.0666667	
b.1.18	161	0.0559006	0.0745342	0.0186335	0.0559006	0.00621118	0.0248447	0.068323	0.0559006	0.0993789	0.068323	0.0931677	0.0124224	0.0310559	0.068323	0.0310559	0.0807453	0.0621118	0.0124224	0.0124224	0.068323	
b.1.18	129	0.0930233	0.0155039	0.0620155	0.0930233	0.0465116	0.0310078	0.0387597	0.0620155	0.0310078	0.0775194	0.0542636	0.108527	0.0155039	0.0232558	0.0465116	0.0232558	0.0542636	0.00775194	0.0155039	0.100775	
b.1.18	123	0.105691	0.0731707	0.0162602	0.0487805	0.00813008	0.0325203	0.0569106	0.097561	0.00813008	0.0162602	0.0731707	0.0325203	0.00813008	0	0.0813008	0.0650407	0.0487805	0.0569106	0.0162602	0.154472	
b.1.18	103	0.00970874	0.0485437	0.0485437	0.0485437	0.00970874	0.0873786	0.0776699	0.0485437	0.0291262	0.0485437	0.038835	0.0776699	0.038835	0.0485437	0.0582524	0.0485437	0.0873786	0.00970874	0.038835	0.0970874	
b.1.18	170	0.105882	0.0352941	0.0529412	0.0588235	0.0235294	0.0764706	0.0235294	0.0588235	0.0294118	0.0411765	0.0647059	0.0470588	0	0.0529412	0.0647059	0.0823529	0.0823529	0.0294118	0.0294118	0.0411765	
b.1.18	102	0.117647	0.00980392	0.00980392	0.0294118	0	0.00980392	0.0490196	0.0882353	0.0392157	0.0294118	0.0490196	0.0784314	0.0490196	0.0294118	0.0882353	0.107843	0.0980392	0.00980392	0.00980392	0.0980392	
b.1.18	102	0.0980392	0.0490196	0.0294118	0.0882353	0	0.00980392	0.0392157	0.117647	0.0196078	0.0784314	0.0686275	0.0490196	0.00980392	0.0196078	0.0882353	0.0784314	0.0686275	0	0.0490196	0.0392157	
b.1.18	118	0.0508475	0	0.0169492	0.0677966	0.0254237	0	0.0847458	0.144068	0.0254237	0.0423729	0.059322	0.059322	0.00847458	0.0423729	0.127119	0.0677966	0.0677966	0	0.0338983	0.0762712	
b.1.18	115	0.0695652	0.0347826	0.026087	0.0782609	0.0173913	0.026087	0.0695652	0.0782609	0.0347826	0.0434783	0.0173913	0.0521739	0	0.0608696	0.0869565	0.0521739	0.0956522	0	0.026087	0.130435	
b.1.18	101	0.0594059	0.049505	0.019802	0.0594059	0	0.019802	0.049505	0.0990099	0.00990099	0.019802	0.0693069	0.0594059	0.00990099	0.019802	0.0990099	0.0891089	0.0594059	0	0.039604	0.168317	
b.1.18	111	0.117117	0.00900901	0.027027	0.0720721	0.027027	0	0.0810811	0.117117	0	0.045045	0.018018	0.0540541	0.00900901	0.036036	0.0630631	0.027027	0.135135	0	0.036036	0.126126	
b.1.18	103	0.0582524	0.0485437	0.0485437	0.0679612	0.0194175	0.0194175	0.0485437	0.0679612	0.0291262	0.0970874	0.0873786	0.0582524	0.00970874	0.0291262	0.0679612	0.135922	0.038835	0	0	0.0679612	
b.1.18	125	0.128	0.032	0.032	0.088	0	0.04	0.04	0.056	0.024	0.024	0.088	0.048	0.008	0.04	0.048	0.088	0.072	0.016	0.032	0.096	
b.1.18	115	0.13913	0.0347826	0.0173913	0.0608696	0	0.0608696	0.0434783	0.0521739	0.026087	0.0173913	0.0608696	0.0434783	0.0173913	0.0173913	0.0347826	0.121739	0.0608696	0.026087	0.0782609	0.0869565	
b.1.18	101	0.0594059	0.0891089	0.019802	0.0693069	0.029703	0.0594059	0.0792079	0.0594059	0.00990099	0.039604	0.0792079	0.029703	0.019802	0.049505	0.0792079	0.0792079	0.029703	0.00990099	0.029703	0.0792079	
b.1.18	104	0.0288462	0.0576923	0.0288462	0.0769231	0.0192308	0.0384615	0.0961538	0.0673077	0.00961538	0.0673077	0.0576923	0.0865385	0.00961538	0.0673077	0.0576923	0.0384615	0.0576923	0.00961538	0.0480769	0.0769231	
b.1.18	103	0.00970874	0.0485437	0.0485437	0.0485437	0.00970874	0.0873786	0.0776699	0.0485437	0.0291262	0.0485437	0.038835	0.0776699	0.038835	0.0485437	0.0582524	0.0485437	0.0873786	0.00970874	0.038835	0.0970874	
b.1.18	114	0.0701754	0.0350877	0.0263158	0.0614035	0.00877193	0.0438596	0.0877193	0.0614035	0.00877193	0.0526316	0.0789474	0.0789474	0	0.0350877	0.0438596	0.0701754	0.0350877	0.0175439	0.0438596	0.122807	
b.1.18	131	0.0916031	0.0610687	0.0305344	0.0534351	0.0229008	0.0534351	0.0534351	0.0763359	0.0305344	0.0152672	0.114504	0.0152672	0	0.0534351	0.0534351	0.0687023	0.0916031	0.0229008	0.0229008	0.0687023	
b.1.18	103	0.0291262	0.0582524	0.0194175	0.0776699	0.0194175	0.038835	0.0970874	0.0679612	0.00970874	0.0582524	0.0582524	0.0873786	0.00970874	0.0679612	0.0582524	0.038835	0.0582524	0.00970874	0.0485437	0.0873786	
b.1.18	119	0.0420168	0.0588235	0.0336134	0.0504202	0.0168067	0.0252101	0.0840336	0.0756303	0.0336134	0.0252101	0.0504202	0.0336134	0.0168067	0.0588235	0.0672269	0.10084	0.0672269	0.0168067	0.0252101	0.117647	
b.1.18	136	0.0588235	0.0661765	0.0294118	0.0514706	0.00735294	0.0735294	0.0735294	0.0735294	0.0147059	0.0441176	0.0661765	0.0294118	0.0220588	0.0294118	0.0735294	0.0735294	0.0588235	0.0808824	0.0220588	0.0514706	
b.1.1	103	0.0873786	0.038835	0.0291262	0.038835	0.0194175	0.0873786	0.0291262	0.0776699	0	0.0485437	0.038835	0.0291262	0.00970874	0.0194175	0.0776699	0.116505	0.106796	0.0194175	0.0582524	0.0679612	
b.1.1	103	0.106796	0.00970874	0.0291262	0.0194175	0.0194175	0.0485437	0.0582524	0.038835	0.0194175	0.0194175	0.0679612	0.0776699	0	0.0194175	0.0873786	0.145631	0.0970874	0.0194175	0.038835	0.0776699	
b.1.1	121	0.0661157	0.0743802	0.0330579	0.0495868	0.0165289	0.0413223	0.0165289	0.107438	0.00826446	0.0330579	0.0661157	0.0330579	0.0247934	0.0413223	0.0247934	0.0991736	0.0661157	0.0330579	0.0661157	0.0991736	
b.1.2	101	0.039604	0.049505	0.0594059	0.049505	0.019802	0.019802	0.0891089	0.029703	0.00990099	0.029703	0.0792079	0.0594059	0.00990099	0.049505	0.0693069	0.0594059	0.138614	0.029703	0.049505	0.0594059	
b.1.2	106	0.0377358	0.0471698	0.0566038	0.0471698	0	0.0471698	0.0849057	0.0377358	0.00943396	0.0471698	0.0943396	0.0660377	0.0377358	0.00943396	0.0660377	0.0566038	0.0566038	0.0377358	0.0566038	0.103774	
b.1.2	109	0.0275229	0.0458716	0.0458716	0.0642202	0.00917431	0.0275229	0.0733945	0.0275229	0.00917431	0.0825688	0.0550459	0.0825688	0.0183486	0.0275229	0.0642202	0.12844	0.0825688	0.0366972	0.0458716	0.0458716	
b.1.2	104	0.0961538	0.0480769	0.0576923	0.0576923	0.00961538	0	0.0769231	0.0576923	0.00961538	0.0769231	0.0576923	0.0673077	0	0.0384615	0.0961538	0.0673077	0.0769231	0.0192308	0.0288462	0.0576923	
b.1.2	113	0.0265487	0.0442478	0.0442478	0.0530973	0.00884956	0.0265487	0.0619469	0.0265487	0.00884956	0.079646	0.0530973	0.0884956	0.00884956	0.0353982	0.079646	0.141593	0.079646	0.0353982	0.0530973	0.0442478	
b.1.2	107	0.0560748	0.0373832	0.0560748	0.046729	0.0560748	0.0560748	0.0373832	0.0373832	0.0186916	0.0373832	0.11215	0.046729	0.0373832	0.0186916	0.0934579	0.102804	0.046729	0.0186916	0.0373832	0.046729	
b.1.2	105	0.0761905	0.0380952	0.12381	0.0666667	0	0.0285714	0.0761905	0.047619	0.0190476	0.0761905	0.0190476	0.0380952	0.00952381	0.0380952	0.0857143	0.0380952	0.0285714	0.0380952	0.0380952	0.114286	
b.1.2	104	0.0769231	0.0961538	0.00961538	0.0288462	0.00961538	0.0192308	0.0961538	0.0865385	0.0192308	0.0192308	0.105769	0	0.0192308	0.0288462	0.0673077	0.0865385	0.0576923	0.0288462	0.0192308	0.125	
b.1.2	109	0.12844	0.0733945	0.00917431	0.0366972	0.0366972	0.0275229	0.0917431	0.0550459	0.0275229	0.0183486	0.110092	0.0275229	0	0.0550459	0.0733945	0.0733945	0.0458716	0.0275229	0.0275229	0.0550459	
b.1.2	103	0.0194175	0.0291262	0.038835	0.0485437	0.0485437	0.0582524	0.0873786	0.038835	0.0194175	0.116505	0.0485437	0.0679612	0.0194175	0.0291262	0.038835	0.0679612	0.0582524	0.00970874	0.0485437	0.106796	
b.1.2	109	0.0275229	0.0366972	0.00917431	0.0275229	0.0366972	0.0825688	0.0550459	0.0642202	0.0275229	0.0183486	0.137615	0.0458716	0.0366972	0.0275229	0.119266	0.100917	0.0275229	0.0550459	0.0275229	0.0366972	
b.1.2	106	0.0283019	0.0377358	0.0471698	0.0566038	0.00943396	0.0283019	0.0754717	0.0283019	0.00943396	0.0849057	0.0566038	0.0849057	0.00943396	0.0283019	0.0660377	0.132075	0.0849057	0.0377358	0.0471698	0.0471698	
b.1.2	104	0.0673077	0.0865385	0.0288462	0.0384615	0.00961538	0.0576923	0.0769231	0.0384615	0.0480769	0.0192308	0.0576923	0.0192308	0.0192308	0.0384615	0.0673077	0.0865385	0.0769231	0.0769231	0.0192308	0.0673077	
b.1.2	102	0.0392157	0.0294118	0.0196078	0.0196078	0.0588235	0.0882353	0.0686275	0.0490196	0	0.0196078	0.0686275	0.0588235	0.00980392	0.0686275	0.0882353	0.156863	0.0490196	0.00980392	0.0196078	0.0784314	
b.1.2	103	0.0776699	0.0679612	0.0873786	0.0291262	0.00970874	0.0291262	0.0970874	0.0679612	0	0.0485437	0.0776699	0.038835	0.0194175	0.00970874	0.0873786	0.0485437	0.0582524	0.0194175	0.038835	0.0873786	
b.1.2	109	0.0825688	0.0458716	0.0366972	0.0550459	0	0.0366972	0.0733945	0.0458716	0.0275229	0.0458716	0.0642202	0.0366972	0	0.0275229	0.119266	0.0642202	0.0825688	0.0550459	0.0275229	0.0733945	
b.1.2	117	0.042735	0.034188	0.0512821	0.0512821	0	0.0512821	0.00854701	0.0854701	0.00854701	0.034188	0.0683761	0.034188	0.017094	0.017094	0.111111	0.162393	0.0940171	0.017094	0.034188	0.0769231	
b.1.2	125	0.024	0.064	0.056	0.024	0	0.024	0.048	0.128	0.048	0.032	0.064	0.056	0.016	0.024	0.08	0.128	0.048	0.016	0.032	0.088	
b.1.2	127	0.0472441	0.00787402	0.0551181	0.0629921	0	0.0472441	0.0551181	0.0708661	0.023622	0.0314961	0.0708661	0.0472441	0.015748	0.023622	0.110236	0.141732	0.0787402	0.015748	0.0393701	0.0551181	
b.1.2	120	0.025	0.0666667	0.0333333	0.0333333	0	0.0833333	0.0583333	0.0833333	0.00833333	0.0166667	0.0666667	0.05	0.0166667	0.025	0.05	0.108333	0.1	0.0166667	0.0333333	0.125	
b.1.2	108	0.0555556	0.0555556	0.0185185	0.0462963	0	0.0185185	0.0555556	0.138889	0.00925926	0.00925926	0.12963	0.0185185	0	0.0277778	0.0925926	0.12963	0.0462963	0.0185185	0.0185185	0.111111	
b.1.2	109	0.0733945	0.0275229	0.0550459	0.0366972	0	0.0733945	0.0733945	0.0917431	0	0.0550459	0.0458716	0.0550459	0.0183486	0.0183486	0.0642202	0.0917431	0.0825688	0.00917431	0.0458716	0.0825688	
b.1.2	108	0.0833333	0.0833333	0.0462963	0.037037	0.00925926	0.0277778	0.0555556	0.037037	0.0277778	0.0277778	0.101852	0.0462963	0.00925926	0.0277778	0.0833333	0.0833333	0.0740741	0.0185185	0.0185185	0.101852	
b.1.2	106	0.0377358	0.0471698	0.0377358	0.0188679	0	0.0377358	0.0754717	0.0849057	0.0283019	0.0471698	0.0849057	0.0283019	0.00943396	0.00943396	0.0660377	0.0943396	0.132075	0.0188679	0.0471698	0.0943396	
b.1.2	117	0.102564	0.0769231	0.025641	0.025641	0	0.034188	0.0598291	0.0683761	0.017094	0.0683761	0.0854701	0.025641	0.00854701	0.017094	0.102564	0.042735	0.128205	0.017094	0.025641	0.0683761	
b.1.2	123	0.0813008	0.0487805	0.0487805	0.0243902	0.0162602	0.0487805	0.0243902	0.105691	0.0162602	0.0731707	0.0569106	0.0406504	0.0162602	0.0162602	0.0731707	0.146341	0.0650407	0.0162602	0.0406504	0.0406504	
b.1.2	120	0.0166667	0.05	0	0.0166667	0	0.0333333	0.108333	0.0916667	0.05	0.025	0.0583333	0.0666667	0.0166667	0.0166667	0.0916667	0.125	0.0583333	0.0166667	0.0583333	0.1	
b.1.2	111	0.018018	0.0630631	0.045045	0.027027	0.00900901	0.0630631	0.0630631	0.0900901	0.00900901	0.0630631	0.0810811	0.018018	0.018018	0.027027	0.117117	0.108108	0.0630631	0.018018	0.018018	0.0810811	
b.1.2	117	0.034188	0.025641	0.0769231	0.034188	0	0.042735	0.0683761	0.0854701	0	0.0512821	0.042735	0.0683761	0.00854701	0.00854701	0.0598291	0.128205	0.119658	0.017094	0.025641	0.102564	
b.1.2	137	0.0583942	0.0145985	0.0437956	0.0510949	0.00729927	0.0145985	0.0948905	0.080292	0.00729927	0.0656934	0.0656934	0.0583942	0.00729927	0.0145985	0.080292	0.145985	0.0729927	0.00729927	0.0437956	0.0656934	
b.1.2	105	0.047619	0.0380952	0.0666667	0.0380952	0.047619	0.047619	0.0666667	0.0857143	0	0.047619	0.0666667	0.0761905	0.0190476	0.0571429	0.0571429	0.0952381	0.0666667	0.0190476	0.0380952	0.0190476	
b.1.2	101	0.039604	0.029703	0.0693069	0.0792079	0.019802	0.019802	0.0693069	0.049505	0.029703	0.0792079	0.019802	0.049505	0.049505	0.039604	0.0594059	0.0792079	0.0792079	0.019802	0.0792079	0.039604	
b.1.2	108	0.0555556	0.0740741	0.0185185	0.0277778	0	0.0185185	0.0648148	0.0833333	0.00925926	0.0648148	0.0648148	0.0555556	0.00925926	0.0277778	0.111111	0.12963	0.0555556	0.0185185	0.037037	0.0740741	
b.1.2	107	0.0841121	0.0654206	0.0373832	0.0280374	0	0.0373832	0.0747664	0.0560748	0.0373832	0.0373832	0.0560748	0.0280374	0.0280374	0.0280374	0.0934579	0.0841121	0.102804	0.00934579	0.0280374	0.0841121	
b.1.2	103	0.0582524	0.038835	0.0485437	0.0485437	0	0.038835	0.0679612	0.0679612	0.0194175	0.0291262	0.0485437	0.0582524	0.00970874	0.00970874	0.0776699	0.0873786	0.0970874	0.00970874	0.0776699	0.106796	
b.1.2	119	0.0840336	0.0672269	0.0420168	0.0588235	0	0.0504202	0.0672269	0.0588235	0.00840336	0.0504202	0.0840336	0.0336134	0.00840336	0.0168067	0.0588235	0.092437	0.10084	0.0168067	0.0252101	0.0756303	
b.1.2	113	0.0530973	0.0442478	0.0442478	0.0442478	0	0.0265487	0.0707965	0.0530973	0.0353982	0.0707965	0.0619469	0.0265487	0	0.0176991	0.0884956	0.0884956	0.0884956	0.0176991	0.0619469	0.106195	
b.1.2	111	0.0540541	0.027027	0.045045	0.036036	0	0.045045	0.0630631	0.0630631	0.027027	0.0810811	0.036036	0.0720721	0.018018	0.027027	0.0900901	0.0540541	0.108108	0.018018	0.045045	0.0900901	
b.1.2	102	0.0686275	0.0588235	0.0294118	0.0294118	0	0.0686275	0.0882353	0.0784314	0.00980392	0.0686275	0.0882353	0.0294118	0.00980392	0.0196078	0.0784314	0.0980392	0.0882353	0.00980392	0.0490196	0.0294118	
b.1.2	104	0.0480769	0.0576923	0.00961538	0.00961538	0.0192308	0.0769231	0.105769	0.0192308	0.0480769	0.0384615	0.115385	0.0384615	0.00961538	0.0480769	0.0769231	0.0673077	0.0961538	0.0480769	0.0192308	0.0480769	
b.1.2	107	0.046729	0.0373832	0.046729	0.046729	0.0373832	0.0186916	0.0560748	0.0934579	0.0280374	0.0560748	0.046729	0.0747664	0.0186916	0.0280374	0.0747664	0.0841121	0.0560748	0.0186916	0.0373832	0.0934579	
b.1.2	117	0.119658	0.0512821	0.017094	0.025641	0	0.034188	0.0512821	0.0769231	0.00854701	0.017094	0.0769231	0.017094	0	0.017094	0.136752	0.0683761	0.102564	0.00854701	0.017094	0.153846	
b.1.2	102	0.0980392	0.0392157	0.0392157	0.0588235	0	0.0392157	0.0490196	0.0686275	0.0294118	0.0196078	0.117647	0.0196078	0	0.0196078	0.137255	0.0294118	0.127451	0.00980392	0.0294118	0.0686275	
b.1.2	101	0.049505	0.108911	0.00990099	0.039604	0	0.029703	0.029703	0.0792079	0.029703	0.00990099	0.168317	0.00990099	0.00990099	0.029703	0.0990099	0.128713	0.0891089	0.00990099	0.019802	0.049505	
b.1.2	109	0.0550459	0.0642202	0.00917431	0.0733945	0.00917431	0.0642202	0.0550459	0.0458716	0.0366972	0.0183486	0.119266	0.0183486	0.00917431	0.0183486	0.0917431	0.119266	0.0642202	0.0458716	0.0183486	0.0642202	
b.1.2	103	0.0291262	0.0970874	0.0291262	0.0970874	0.0679612	0.0485437	0.038835	0.00970874	0.0194175	0.038835	0.0970874	0	0.00970874	0.0291262	0.0873786	0.0582524	0.0970874	0.0194175	0.0291262	0.0970874	
b.1.2	101	0.108911	0.019802	0.00990099	0.039604	0	0.039604	0.108911	0.0792079	0.00990099	0.049505	0.049505	0.0693069	0.00990099	0.019802	0.0693069	0.0891089	0.0693069	0.029703	0.039604	0.0891089	
b.1.2	103	0.0194175	0.0582524	0.0776699	0.0582524	0.0194175	0.038835	0.0582524	0.0582524	0	0.038835	0.0679612	0.0776699	0.00970874	0.0485437	0.0291262	0.0776699	0.106796	0.00970874	0.038835	0.106796	
b.1.2	102	0.0392157	0.00980392	0.0588235	0.0490196	0.0196078	0.0294118	0.0882353	0.0294118	0	0.0294118	0.0588235	0.0784314	0	0.0392157	0.0588235	0.0784314	0.156863	0.0294118	0.0686275	0.0784314	
b.1.2	103	0.00970874	0	0.0582524	0.0291262	0.0194175	0.038835	0.126214	0.0485437	0.0291262	0.0970874	0.0776699	0.0776699	0.0194175	0.0582524	0.0679612	0.0873786	0.038835	0	0.0291262	0.0873786	
b.1.2	109	0.0275229	0.0366972	0.0550459	0.0642202	0.0366972	0	0.0642202	0.0183486	0.0366972	0.0458716	0.0917431	0.0458716	0.0183486	0.0642202	0.0366972	0.12844	0.110092	0.0275229	0.0458716	0.0458716	
b.1.2	107	0.0280374	0.0654206	0.0934579	0.046729	0	0.0373832	0.0280374	0.0373832	0.00934579	0.0373832	0.0654206	0.0841121	0.0280374	0.0373832	0.0934579	0.0747664	0.0747664	0.0280374	0.0560748	0.0747664	
b.1.2	101	0.029703	0.0594059	0.0990099	0.039604	0	0.039604	0.019802	0.039604	0.00990099	0.039604	0.0693069	0.0693069	0	0.039604	0.0990099	0.0693069	0.0792079	0.029703	0.0594059	0.0792079	
b.1.2	101	0.108911	0.019802	0.00990099	0.039604	0	0.039604	0.108911	0.0792079	0.00990099	0.049505	0.049505	0.0693069	0.00990099	0.019802	0.0693069	0.0891089	0.0693069	0.029703	0.039604	0.0891089	
b.1.2	119	0.0672269	0.0504202	0.0252101	0.0588235	0.0420168	0.0336134	0.0840336	0.0420168	0.00840336	0.0588235	0.0588235	0.0672269	0.00840336	0.0420168	0.0252101	0.117647	0.0840336	0.0252101	0.0420168	0.0588235	
