b.1.1	-3.85362939515083	0.174599730486939	0.330173968982559	0.294759747728451	0.685615691495867
b.1.1	1.3243085666225	2.42852032094795	-0.391590009310145	-0.227050790424711	0.245663950041285
b.1.1	-6.0253106279166	-1.62843724751821	0.59073435628131	0.528388092191129	-1.31041225635109
b.1.1	-3.42350481606148	-1.58865878666942	1.01590379599007	0.557409030518653	-0.606295811249389
b.1.1	-5.53301894585929	-0.229077690021532	0.0605310167754294	0.77501576611145	0.655225420129079
b.1.1	3.0800848249938	1.26741162354867	0.632468577195233	-1.73198304608435	-0.0810026037289946
b.1.1	-4.88050704048035	-0.217446398702151	-2.25761991838923	0.525983128337256	0.50838265388753
b.1.1	-0.930948657362614	0.755271076438803	-1.31129591958702	-0.63387387974514	1.4219581676958
b.1.1	7.27318953791227	0.777145320979017	-0.775450198349483	0.775666545811009	0.495141274307853
b.1.1	3.19451053986575	-0.279347401459805	-0.385817196495396	-0.514492531753576	0.412273612722686
b.1.1	7.00865373959446	1.67277106331866	0.138239366838528	-0.864961292458688	-0.360631581684112
b.1.1	-2.85071039720248	0.749890368057814	0.649188964260353	1.75358180818573	0.190280999640485
b.1.1	0.510635151414733	-0.762943947637562	1.62801180129968	-0.905068891051304	0.862041075565651
b.1.1	3.89987379467816	1.14401183739908	-0.413975467013144	-0.826274669748784	-0.272413545913063
b.1.1	-2.36640689655302	-0.48826292212236	-0.513910329881909	0.157532365736048	0.338627401280871
b.1.1	-10.9022819162601	-2.67875795849898	-2.95646042651541	2.2191949656846	-0.525240391966392
b.1.1	2.77839466014256	1.05783366754592	1.72540388056645	-0.83554102349352	-0.884101734180556
b.1.1	0.202089752760825	-1.36384657095324	-1.18089082951549	-1.01873974343813	-0.45320763662595
b.1.1	4.0906627594177	1.87116358869124	0.0643831006155828	-0.422003925868417	-0.960003708383211
b.1.1	-6.02308517355196	-1.34905554784482	0.844539177381153	-0.497360741344072	0.624187476414953
b.1.1	3.14838664776912	-1.47752653470631	1.18719379465247	1.39691854237431	-0.0625368618858635
b.1.1	0.338816243507101	-0.469443747160277	-0.325667783745667	1.03683787810982	-0.782942012746689
b.1.1	5.02002799113076	1.6267616065864	-0.790432000479997	-0.902714087877245	0.0685676138662482
b.1.1	-2.62829318843738	-0.267081521366938	-1.36629790357943	-0.312062174446051	-0.726169618874818
b.1.1	3.68083774749515	0.0826021271928054	0.555521007142699	-0.561676919310478	-0.113159607623505
b.1.1	0.896227549334678	-0.959314265571578	0.480691762682171	-1.61389516036091	1.00665478155205
b.1.1	3.04133223507551	2.0385748866432	0.18842985468652	-0.789943633317251	-0.264591415086504
b.1.1	8.97168400686455	-0.345749203493038	-1.2524602115348	-0.114842720546145	1.48695911403384
b.1.1	5.35859249125116	-1.45496898487664	-0.667215587845995	0.0494230030962103	1.70222987339978
b.1.1	-0.986439547809679	-0.652607188274912	0.142194861624038	-0.0444922482321239	1.09667466541277
b.1.1	-3.28206735218995	-1.10588900167617	-0.4608714827034	1.6788963674186	0.539790827793233
b.1.1	-6.240975021099	-1.34743126351636	-2.27201270961042	-2.46789103047983	-0.709142733134268
b.1.1	-1.46887430348742	-1.2380558315461	-0.780171245018671	-0.0398943029458531	0.443267239858552
b.1.1	4.47935099413241	1.06805323989432	-0.13474728410101	0.361625571667374	-0.538349074181248
b.1.1	-5.59756840011171	-1.41703732524891	2.18751002009811	1.09861833921284	0.0532866714289717
b.1.1	3.3509923289841	0.745000162828262	0.432128142985239	-2.44318807691725	-0.195577842610934
b.1.1	-3.73966339562421	-0.334465150325605	-0.626977977937765	0.710707690770895	0.362905630704294
b.1.1	3.70919483968802	1.85790091124322	0.0131501910643096	-0.304775344579363	-0.764152643141193
b.1.1	-4.11456062019174	-0.243124714439883	0.47056392957548	-1.08284583079144	-0.371159767518856
b.1.1	-6.04804870258988	0.599613768731278	-0.972289157951977	0.256183418949168	0.39367014152468
b.1.1	-3.41631206908065	-0.412950539270104	-0.704113147707724	0.622003142188284	1.78400720464487
b.1.1	2.95344888581191	1.12676699208782	0.165421881990742	-0.0876581671493193	-0.12336955942097
b.1.1	-4.20749706175523	-1.265450287159	0.54345555098213	-0.893111219039672	0.732283097415597
b.1.1	-9.37203397381821	-1.90151535417024	0.882239630948047	0.180730082884183	-3.02740149199189
b.1.1	-10.0249432343016	-1.18865617530057	-1.84001299901332	0.977305807175474	-0.998466003006969
b.1.1	7.71508864265985	-0.416851523569752	0.501218005034668	0.0939720044515474	0.217814216374518
b.1.1	5.37794928998451	1.31782646126798	0.699111507868679	-0.107819451581481	0.32762302840371
b.1.1	-0.228047462716982	-0.706503597518015	-0.948864030742156	1.70475073572111	0.11951498985943
b.1.1	-1.82337541609209	0.0996439385382312	-2.36099588830255	1.19526546019141	0.204518735595311
b.1.1	6.95775870394453	0.0830730923788127	0.776388744458358	-0.0681588599053475	-1.026440717017
b.1.1	-2.94083301476603	-0.274548692665876	1.50526706875697	1.36778784819931	1.23895317034494
b.1.1	5.54649289101885	1.23644708333421	0.583852149149774	-0.728260324452917	0.32927695524638
b.1.1	-9.46838153615522	0.118931058791442	-0.156717581497065	-0.42143630894537	0.951847053531437
b.1.1	-5.74035168533751	-0.841235372959728	-0.0578493777902149	-0.282235999377237	0.258515501165347
b.1.1	0.294502123782097	0.286126201669122	-0.758448472872572	-1.15238416464081	0.107927521533044
b.1.1	1.75448979800605	-0.346103501936292	0.362089457373183	-0.0913919391152734	0.775219153139721
b.1.1	-0.241161912858047	-1.30516704511995	-0.660559951030442	1.26427710615283	-0.576923538031948
b.1.1	-6.97479782767278	-0.581047609390817	1.71724766754691	-0.752795715330242	-1.08706127632353
b.1.1	-4.33552243642362	-1.45984082969088	0.990129833728459	0.0047607079529277	-0.192723850694161
b.1.1	-8.5899065645786	-1.09937081322317	-2.31448514106633	-1.4348251912338	-1.99490582411151
b.1.1	-2.64780216135454	0.972204058232937	0.764472047833877	1.0927997802319	0.791817712717419
b.1.1	-0.326932013028825	1.89245483585039	1.84615374538172	-0.0368831094482	-0.512440589871561
b.1.1	-3.99812191436001	0.0924205973328663	-0.0206334248155665	0.945011144273745	-0.14865789466602
b.1.1	-8.89729271688981	0.189378395003532	0.442023445681708	-0.14676455510287	1.85071805809199
b.1.1	-9.7558221317758	0.283436847674692	0.791580636481097	-0.389734971557288	-0.243473268876991
b.1.1	-5.76813010209209	-0.778298221709459	0.0672386808535723	0.98987902370084	0.0130224381201872
b.1.1	-8.03758035432208	-0.0305181278147738	-1.54967879141059	-0.406656503968465	-0.243910095751928
b.1.1	4.89966799165866	0.0673889729423319	-0.698967302755326	0.997130254297774	-1.29307833718343
b.1.1	-2.68842720570968	-1.76519993546015	0.35480469443016	0.232369086946552	-0.0686582477414411
b.1.1	2.33785299019716	1.32439844404305	0.244612552442817	-1.10261617345629	-1.43132970642465
b.1.1	3.42683726648513	0.00853407811975651	-0.549560307203694	-0.0407904596854972	0.72427117601255
b.1.1	1.58189516960407	-0.630326050899343	0.372375174536955	-0.72218381054911	0.707136488826735
b.1.1	-4.92021037803154	-0.387390437055776	-0.900190153319865	-0.896996496264228	0.118603500413159
b.1.1	-1.153544888953	-0.975028650165412	0.744476677927258	-0.735594311683481	0.330303094723587
b.1.1	1.61891822416528	0.117313175091621	0.133682713727939	1.27108645527869	-0.143790910807562
b.1.1	-2.20066693090712	0.151936282680692	-0.267889220831749	0.729060444993649	0.406886663068285
b.1.1	8.33820875041766	1.86289783112877	-0.675388461310797	0.350252394243845	-0.232991371472694
b.1.1	-2.67126227230251	-0.17734599947936	-0.0574303128853346	-0.780959673576919	0.345394695122927
b.1.1	5.98481917843165	0.724029194805626	-0.192043838338605	-0.228002335290045	0.627416840868919
b.1.1	8.35334448049123	0.258180380520402	0.261933687749864	-0.853587326289452	-0.466989583868765
b.1.1	6.60072131758437	1.1118502190317	0.2688468811493	-1.00167521022576	0.496439937905733
b.1.1	-4.13173273554843	-1.8204286141393	1.04508182370225	2.31004618894272	-0.752681107687364
b.1.1	-4.9601957577319	-0.261205975869773	0.574213509218975	-1.58953637640103	-0.364526798632251
b.1.1	5.97514043030842	1.2877181803767	1.71241989674049	1.02845563372955	0.311482293547174
b.1.1	2.97854139342508	-0.912964062830282	3.13425668606046	0.200085192076271	-1.38756496584024
b.1.1	8.11430536877818	-0.107209100912824	-0.238918408858974	0.918451867758471	-0.279079664151594
b.1.1	-2.79583024731771	-0.495405772112262	-1.46773282238211	0.786895624473643	-0.437333088954717
b.1.1	-2.84716742640496	-0.71850247259546	1.35973908797368	1.65335349317162	-0.122163321757503
b.1.1	-1.46217574253823	0.429266130928442	-0.863085850795897	0.257919575510315	1.39557926247621
b.1.1	7.26275391108315	0.49780470368228	0.414998652939908	-0.351174534259747	0.425394503413077
b.1.1	7.49314929868334	0.0921481302741534	-0.278880193892216	0.612782481099641	0.0896335116270679
b.1.1	-2.98895410727708	-1.59236887633256	1.282609635958	-0.47137824163291	-1.41495699458637
b.1.1	7.0613249305447	0.377955315865075	0.213395983502832	0.82354003932269	0.27883250494372
b.1.1	1.21093713955911	0.497458548677894	-0.435457022270685	-0.475897008574493	0.273147261930267
b.1.1	-1.78774088242821	-0.989249210045257	-1.88591071526946	-1.03357415516006	1.74117050806089
b.1.1	0.751801259064319	0.218525237629286	1.68268131813386	-0.00741074026429637	-0.171161074980679
b.1.1	-1.75035258955177	-1.14799737445736	1.15108767199095	-0.875064795329478	0.191466446846379
b.1.1	5.14705389833497	2.5162548499504	-0.78584520804902	0.357367776834539	0.91516883669553
b.1.1	-2.50398460372098	-0.870304900025622	-1.82555482604636	-1.24075653085242	2.02098990155488
b.1.1	-2.44324466509246	-1.22937181557122	-1.46277186078697	-0.283600289604207	0.0805127250670519
b.1.1	-1.50516687625238	-0.540619940872249	0.481450935666393	1.23342031518199	0.444516342581272
b.1.1	-7.73449367326771	-0.719320821325365	1.61916088540856	0.61425545064418	1.14436430399639
b.1.1	-2.96030777043125	-0.716028142397733	0.391771612590878	1.13864437473093	-0.206051492221675
b.1.1	-10.6856988046737	-3.54740433750802	-0.720066020475999	-2.71799619539346	-2.29545215996862
b.1.1	-1.15939702867925	1.03367009388169	0.531668371327357	1.82057568706706	-0.35972090736419
b.1.1	2.30742382446757	-0.714495696968142	-0.285217753613955	0.045482055750373	-0.0255939125105862
b.1.1	-1.9266286722187	-0.52740925464728	1.07771350533649	0.93864923056062	0.676846852521237
b.1.1	0.754955354278852	0.984550427900348	1.01212287566013	-1.38571152379425	-0.528832850285626
b.1.1	-7.05831530665973	-1.21614269423243	-2.16165715739017	-1.10355388768165	0.0927674568137286
b.1.1	-3.00871862209858	-1.47786888911862	-0.288755848807854	0.654503161210025	-0.236090098119671
b.1.1	3.25211629019047	0.506153926944183	-1.66204212184655	-0.0336332107279225	0.133099381331233
b.1.1	5.67622250827135	-1.19732287644685	1.48960733937268	1.14744665966708	1.02590117672117
b.1.1	-2.70861360240173	-0.283729908215603	0.301619215412869	-0.64813276668525	0.779305732110913
b.1.1	-2.19390179794755	-1.05285738773208	0.31610562739179	0.114431873458236	-0.370847141860273
b.1.1	-4.44058896972047	-1.42786916082197	1.15786303992213	-0.923134298338157	0.617199940174796
b.1.1	-6.03405192344642	-0.701983333101175	-1.56396438871207	0.147887431231743	1.63755713491828
b.1.1	2.96226473147211	-0.400627356604676	1.63891516643546	1.12280627001065	-0.764899961130587
b.1.1	6.08785656790455	2.31389987912339	0.404299654651925	0.207348695113475	-0.275923410090135
b.1.1	-5.4242379119834	0.151606392157854	-1.36689779119882	0.930552120901573	-0.504311374775998
b.1.1	-2.16191848767134	-1.39904610342716	0.252503531988982	-0.466577159247688	-0.226661928387176
b.1.1	4.16002488127057	1.0731519920329	0.605968947085985	-0.160547246425799	-0.865461403766429
b.1.1	-36.5575033817724	6.4871875405328	4.98314692601171	-0.6801824832777	0.934624686934152
b.1.1	-4.19196888465303	-0.571007248914377	1.25382865984852	0.491278958266936	0.828739106157124
b.1.1	-4.86898584397142	-0.307556882095421	-0.976903000687987	-0.274589741542746	-1.01166838614572
b.1.1	-3.30780460374966	0.277533832907927	-0.691960950102157	0.13757880334053	1.16463245880578
b.1.1	7.2742066097843	0.624609506088714	-0.37255564558396	-0.408882732940645	1.13654993162952
b.1.1	0.966539996342892	0.00242313657103804	-0.121726722626014	0.408023223674804	-0.538836970484282
b.1.1	5.3147008391364	0.985227360960272	0.618940812845559	-0.879875668196934	-0.670438321385407
b.1.1	-3.75982208231921	0.0620742207995965	-1.17555874165718	0.185043496013466	-0.213023145499943
b.1.1	0.564104803189619	0.356843325094441	0.0755648602887504	0.0313142786309625	1.07228211542304
b.1.1	2.83417868207354	1.79910442477064	1.18298609522526	-0.601466982680444	-0.749165167005227
b.1.1	0.0893534885813754	-0.688886123226593	1.24660008612745	-0.790507304301491	0.208321178888362
b.1.1	-2.36111147423059	-0.726538469581062	-1.7411871448293	-0.763181745814509	-0.131521528391829
b.1.1	-4.91059506020856	1.98471774006722	1.92796489524673	-0.4260664367255	-1.02646645917908
b.1.1	2.09640860222289	1.01205180413647	0.409527801816109	-0.212987673173999	-0.238789113836681
b.1.1	0.609374091675771	1.14423301889661	0.918249052156644	-0.251667015734341	-0.0857096649537813
b.1.1	5.80114806407839	0.669227967582061	-1.14735929127855	-1.01587494254706	-0.357855066298202
b.1.1	-1.46736911792858	-0.60827289851432	-0.813007975280913	0.94292363373188	-0.709005805204895
b.1.1	4.99885453395464	1.58258724758546	0.133331130949287	0.293988969300769	-0.158280034120752
b.1.1	1.44085344110068	0.072461435987512	-1.25112808119496	0.491847975611911	0.350125469967817
b.1.1	5.19270373667152	1.37342012131773	0.078660227905946	-1.01524537068671	0.453703067266007
b.1.1	-1.85883490606836	-0.680797782697495	-2.1869641781925	0.0967030425869753	0.35055727933796
b.1.1	-5.00608756583438	-2.2707774854455	1.10412745670341	0.409586727500355	-0.506763586769537
b.1.1	1.43553327309212	0.787773467579435	0.569468989724913	-1.48532378596096	-1.35463628196583
b.1.1	-3.67008675157646	-0.605933503316869	-1.01145021267396	0.486981353681562	0.234255133497468
b.1.1	-6.22198995766976	-0.0883403716196176	-2.26277559809108	-1.47815727348225	1.19851015607725
b.1.1	-1.0261236264768	-0.691874173152882	0.249430709158074	-0.714811546428819	-0.659026766335701
b.1.1	-2.57862781788154	-0.48311339414013	-0.431672141834714	1.19854271850893	0.0498246137421357
b.1.1	1.0389120952473	0.88636015489056	0.69565694876286	-0.870229527770104	-1.24061942129419
b.1.1	1.03398252252624	-0.342612044624541	-0.41339692501934	-0.844918790691357	0.751032135547516
b.1.1	3.99997389198335	-0.781684857964866	0.0235683174497696	-0.336389851749368	-0.320832962544426
b.1.1	6.631998814654	0.721174660863782	-0.177085924321747	-2.03044402406515	0.176938238775154
b.1.1	-4.00483358115469	-0.938279132695293	-1.90205127512896	-0.196847056148821	1.2681669739766
b.1.1	-2.38692292857996	-1.3992566576572	0.154259104992818	-0.304133292749526	0.0116450900629624
b.1.1	2.25062062820774	0.740721503527717	1.21262886179008	-1.75951487697257	-0.295011056814092
b.1.1	-0.699496902761023	-0.817604258214634	0.483499034152637	0.242418962727633	0.407141333460076
b.1.1	-1.60158548027277	0.0381199751771441	-1.81682047804087	-0.504715093515734	1.77285506113024
b.1.1	7.36228901892634	1.20077600602719	-1.25597219184425	0.536955436344693	0.369074304705274
b.1.1	-3.42067875047837	-0.0558112697400922	-0.831054681942451	-1.28327330230582	0.616492971521697
b.1.1	0.759465055293326	-0.782357410847038	0.812982632531416	1.44620347264293	0.493156765186911
b.1.1	-11.5870026247529	-2.01932796201137	-0.15343933407473	-0.754744509479773	-0.0332661698801636
b.1.1	-5.63474843299154	0.174461871185987	-0.701551863828802	0.971840218924613	0.00437184830981963
b.1.1	-6.67434862064144	-0.198152224232962	-2.41220875007243	1.7609442078151	1.71175394660466
b.1.1	-4.46327824549484	-0.712452884813423	0.735048744691893	-0.94843110450352	0.500384803917993
b.1.1	-2.46654579891054	-0.767761019651204	0.238889159392811	-0.60861123408363	-0.0390634284529195
b.1.1	4.15513339839505	1.50959956514904	0.632340135290972	-1.21693503608326	-0.141242371325277
b.1.1	-0.800446001219943	-0.321867219724907	-0.344642249895264	-0.364440667144484	0.696783890250007
b.1.1	8.45749446492986	0.136800234501759	0.0176755405046781	0.991290076167797	-0.161212704422885
b.1.1	0.684247650744097	-0.647103269947738	1.37107053683911	-0.126954885367755	1.25050408073792
b.1.1	6.44577791251539	1.9952873419107	0.584663193362916	0.015936673414739	-0.284446851969294
b.1.1	1.1423072049191	0.354919257228818	-1.2284902469347	0.146853199607191	-1.11579032521238
b.1.1	4.40093099390587	0.636596996630365	0.864947710515353	1.27714555352092	0.625184829904059
b.1.1	0.452667258966714	1.53089277521373	0.556149508784551	0.745838793051058	0.434798345714646
b.1.1	-7.02148984920861	-0.915068686985458	-1.0203568375251	-0.841317925433111	1.16153266176942
b.1.1	2.28484427485983	0.296013043819346	-0.125309548798404	0.581010351465544	-1.36476775427501
b.1.1	-3.27737098988718	-1.55782265154276	-0.556304907354602	-0.5808291018166	0.138171513157813
b.1.1	1.0395633827962	1.21257296201772	1.18714533494042	-1.41564350610714	-1.23802273998301
b.1.1	0.807663403222525	-1.24267428330693	-0.973594877996619	1.32188282408439	0.307411584949202
b.1.1	0.201439187232497	-0.547822769121835	-1.59902488434805	0.21506278830549	0.88466420058101
b.1.1	-0.0858776932893933	-0.732788750887687	0.0150752163068863	-1.31768870266369	0.615053878073856
b.1.1	-0.419372285460271	2.50315125106733	0.772505174002854	-1.4352492080943	-0.0784270915640495
b.1.1	0.53949016358266	-0.432022182729983	-1.46320502969199	0.495549981771355	-0.58320993125487
b.1.1	3.56313636138292	2.33140280371827	0.355264622996372	-0.329726971046816	-0.839201780850812
b.1.1	-5.63469948165887	0.816541682359286	-0.313790345436574	0.548890560305131	0.577169463905434
b.1.1	7.49281608256603	0.168654087452601	-1.59715593752008	0.0675108626398763	-0.476212632983002
b.1.1	-2.268885148245	-2.09346385234223	1.3971899416299	0.248276110499377	0.299662367100147
b.1.1	3.98965107797461	1.52603692874829	0.31919671641212	-1.34070392113514	0.234050661151522
b.1.1	-3.47101508459413	-1.1304243784286	0.0639078709218305	-1.52668191534588	-0.187813287268171
b.1.1	5.69574259000132	1.05200491136534	0.40788397786201	0.500664498196186	-0.31228192722848
b.1.1	-4.74813701101407	0.389714469035089	1.3961497117524	0.377820623074199	0.144686083795202
b.1.1	-2.54280752542066	-0.242942545827574	0.40333406991021	-0.255415559354671	0.5040216191542
b.1.1	-2.12363191634429	0.56450279568621	-1.33050687094317	1.11177247458266	0.320940701873732
b.1.1	3.00637137970848	1.72938387450064	0.598659089950854	-0.718119312326583	-0.817235478058352
b.1.1	-3.86405811065578	0.0788914026486397	-0.526291234435972	-0.297310838156456	1.31940443363956
b.1.1	-4.12631968237962	-0.293531925321222	-0.114533173841699	-0.782874934390249	0.800143177056181
b.1.1	1.61449971411201	1.74566719589856	0.345107241362531	-0.518378100862461	-0.920519234469963
b.1.1	0.519364890295963	0.376619301643471	0.905733664399869	-0.113217835577577	0.95875595190975
b.1.1	-0.707140925492465	-0.0282480661612193	0.161643592853248	-0.385252192970458	0.652617935100078
b.1.1	4.3795726743085	-2.08592919820384	0.323229624815091	-0.983625800933827	0.102963059451576
b.1.1	3.61542586146954	1.35949339516085	0.889842758436972	-1.60427143109291	-0.729009031622561
b.1.1	5.25499430880381	1.05067338635085	0.872083981000087	-0.114432670242222	-0.865165987292311
b.1.1	3.50105449674535	1.04801870658063	0.0908200314815553	-1.39624000321799	0.309347646799202
b.1.1	-4.37336822209407	-0.824283836992786	-1.53577731289906	-1.59007908378786	0.865069017078226
b.1.1	-1.59246020083427	-1.10532660423966	0.606501788863287	-0.442183241513309	-1.06770703077818
b.1.1	-7.96837709455434	-1.4899448575514	1.49371582114762	-0.999716319209823	-0.213215183727562
b.1.1	-6.40329950222637	0.0183677224415188	-0.783295503922661	-0.497056096975585	-1.15683216228423
b.1.1	-6.08340142807775	-0.879717870141606	0.83088954326393	0.499920605911652	1.03914382142029
b.1.1	3.15008685006889	-0.163427097304186	-0.750783622634811	-0.823694452029782	-0.671966423244272
b.1.1	1.12681699938307	-0.844767421644034	0.193251829684703	-0.176519638423337	-0.623680810655871
b.1.1	-3.8908796266587	-1.43346107531225	-1.02647419079418	0.612998038372824	-1.03030937640777
b.1.1	11.8406511743849	-0.483403171908791	1.14286307734085	-0.0078313302525006	0.143338979598511
b.1.1	-6.08772729540736	1.09080682271364	1.30463056693939	-1.31083462041429	1.22937049227836
b.1.1	-4.35951457672864	1.52320398203632	0.635910572843949	-0.362841533702216	0.976245174481043
b.1.1	-4.48104717750098	-0.43096728987431	-0.688809983547517	-0.35630414132886	-0.222788220931927
b.1.1	-1.70145264105859	-0.738577406766474	0.525282741205859	0.0213622218953785	-0.155254149346256
b.1.1	3.64855478954281	1.13383799631933	0.237581060846417	-1.46339100590979	-0.254696935606459
b.1.1	-1.00905552877764	-1.53265600292984	1.56140901047147	-0.277724530023059	-1.26021035956037
b.1.1	6.76255332746684	0.635138402493114	1.54226809226565	0.0376681130727448	0.540247845944552
b.1.1	-4.4090835180235	-1.04466768627436	-1.35131170263666	0.0323365788920357	0.796339021415583
b.1.1	-1.41612130740043	-0.174572580361597	-0.418436025564349	0.552979843321591	-0.30795431001153
b.1.1	4.85317948139985	-0.258990577903053	-1.532873588085	1.12484364728047	1.12861674325404
b.1.1	-2.97760187276157	-0.25278124171655	-0.717000129230704	-1.71755720600469	1.49468406337122
b.1.1	5.15325058069004	-0.652196869531695	-0.316894691987684	-0.302015467560941	0.969055453504093
b.1.1	1.53563159882741	-1.25767144613598	0.480159641203911	0.219232281728922	0.451526395983333
b.1.1	-3.29201534614485	-0.660346667975954	-0.871425949622565	-0.534400140827988	-0.19823665184548
b.1.1	-4.95416331238037	-1.18351392373386	-0.335233274654145	0.664359292307635	-0.122735625740224
b.1.1	1.56013031729894	-2.12046439342415	0.409250526569963	-0.157849866477103	-0.909910819837143
b.1.1	-3.884774511463	-0.588630616778469	-0.0450924736350875	0.883272007701082	-0.335629903812925
b.1.1	-3.63620549181131	-2.15731476688501	0.353324386797736	-1.24271746734431	0.107569478983138
b.1.1	2.65371507711803	0.910083039909498	0.450709525093652	-0.872606551374794	-0.990140012075738
b.1.1	-0.534341731980646	-0.921928243438316	-0.730920675339439	0.0546502539099868	1.07351519410466
b.1.1	5.33486973667526	0.369372315824524	-0.585373501179766	0.721310196419029	-0.868584680058595
b.1.1	-3.86943902316719	-0.54968291720502	0.397763512104152	-0.721652440314214	-0.0796288101140855
b.1.1	0.557296999701854	-1.48214135908939	1.9535012136469	0.0496591151276063	0.96299256165002
b.1.1	3.52286650030615	1.53055558391812	0.515933750224457	-0.390329654943563	-0.996214620791974
b.1.1	-0.525311223302941	-0.241079725872781	-1.98014663962489	0.299906081470418	0.480344821634185
b.1.1	7.23635932760587	0.731413152985537	-0.855717979075438	-0.494044284706285	0.517966994158884
b.1.1	-3.82699918641215	-1.98361333185065	-0.634079967160897	-0.784920003025478	0.834684741322584
b.1.1	-3.62097071941143	-0.311126807831247	-1.91798889524167	-0.0778259306069538	-0.762443697044841
b.1.1	3.19659259205599	1.93069261330061	0.613780400095605	0.16722974828346	0.122876192497141
b.1.1	9.79245202898522	-1.11936848229271	0.507209596386248	0.132090617706382	-0.50861469823608
b.1.1	-1.74531004980297	-1.21142075811012	1.7289914926005	0.275845912584581	0.131724766370858
b.1.1	-4.57657348552048	-0.61078368327783	-0.920510255733684	-0.126807304713907	0.848098331297243
b.1.1	-1.80576596231427	-1.41442475370939	1.53768882184925	-0.736033784240642	-0.984010341626346
b.1.1	6.31888494356575	-0.754863474628336	-1.37550137363372	-0.15489647605292	-0.060671863083024
b.1.1	-1.24721852306389	-2.17637874803458	0.821499304383612	0.404114839418044	0.622118732923986
b.1.1	6.75349558968027	-1.13948833625503	-0.240363600140845	1.88264369680009	0.416262039050416
b.1.1	-4.5803716404177	-0.0857070643251947	0.185680117230358	1.49567829182456	0.134638977549114
b.1.1	6.69768650324334	-0.0574123686973878	0.560126620751658	1.17997428782478	0.163716369364582
b.1.1	7.86312210356697	-1.34662021733551	0.144976634951764	-0.472032164048885	-0.793464356217881
b.1.1	4.87420558618536	0.0042616318941498	-0.544233125542707	-0.840934888508063	-0.260531327711051
b.1.1	3.5355585852636	-1.01909260057404	0.490750990310706	-0.10820755862732	0.202244429852347
b.1.1	-0.682999294463939	-0.91391504246512	-1.39376001514308	0.388730508998889	-0.562317126044611
b.1.1	3.39904529175265	-1.02478218698933	-0.0786689187853566	-0.796853616255611	-0.377808651247601
b.1.1	3.9810120916146	1.34188977863727	0.0292139530782301	-1.33257625869902	0.407731805497331
b.1.1	-3.8461285072635	-0.359635622440876	1.21516589643486	0.160630597880077	1.0623104154497
b.1.1	5.59587335948227	1.2947661048903	-0.067174799963608	0.239834496622404	-0.341655618743762
b.1.1	3.31369054103925	0.346553312539856	-1.50143491300536	-0.104478451678952	0.0889265257508471
b.1.1	2.68354591725476	0.704473587880513	-3.25988715406215	0.423508819204419	0.0964806346225354
b.1.1	-4.80373198689069	-0.218220242992823	0.657128284661771	1.56989055639969	-0.380635041364176
b.1.1	5.09708496132306	0.94011540720753	-0.0797483875860031	-0.917504622032984	-0.738236266834321
b.1.1	-8.53641159323033	-1.42381014103611	-0.221039544800817	1.24167476439397	-0.37493320417852
b.1.1	-3.4472917761285	-0.0145455699564003	3.43717096647032	1.47259192817615	-1.52321362477797
b.1.1	4.80910379393054	-1.5407625066356	1.44859387845728	-0.429354393917814	0.251096078156884
b.1.1	-3.19998294179124	-0.486677832460735	-0.89485927282756	-0.658629822166272	0.231940275149818
b.1.1	4.62127101482084	0.554767500134037	0.799053622791929	0.803589360871405	-0.854766821042154
b.1.1	0.619000175064851	-0.999415825522226	0.29668378828712	0.253363021501778	-0.141276863298019
b.1.1	4.18368702509649	0.889394947488448	0.518305656190392	-1.45604742691697	-0.152902053099211
b.1.1	-8.62843979214706	-0.765109502352061	-0.410130527485508	1.6605064653523	0.620795127462624
b.1.1	-4.73091096058391	1.89691057022338	1.78129221494273	-0.806280668362762	-0.710173740464151
b.1.1	-2.70215174271095	-1.11045168520325	-0.527263654290164	-0.085462443919566	-0.303989982292607
b.1.1	4.93725231853842	-0.86468182952237	0.372205841247953	0.541416787729071	0.224160108527862
b.1.1	5.66801545329188	1.06360722109939	0.659848636053023	-0.00200948080127453	0.0699298275318591
b.1.1	3.76074672865733	-0.482264601656468	0.697642087664413	1.09371132070398	0.812983430831686
b.1.1	-9.05217568518816	-1.1440551369705	-1.60003043773641	-1.87654444690934	0.191100271786953
b.1.1	5.57666649381138	0.318477345454917	-0.0990235708431554	0.619009031791044	-0.487764544161672
b.1.1	-3.4948011055491	-0.4572791152777	-2.06810921984859	1.1698610319568	-0.367526275989947
b.1.1	2.61529364733044	1.0710000146943	0.887907940767805	-0.948929079371029	-1.27702571970692
b.1.1	-11.8118831335527	1.75144827044629	0.655778689274452	-0.374611479121999	2.12168854748709
b.1.1	-3.21367528085322	-1.15326387147291	0.844952170757159	1.32799278909006	0.753411733784035
b.1.1	5.31774224697356	-0.0564259339022969	-0.248428874011706	0.258242361713279	0.216495155463933
b.1.1	6.06553488490143	1.19106240396497	0.947472595599417	-0.391135100288466	-0.340553644885124
b.1.1	-1.95178388008055	-0.0759643922375195	-1.30224959575185	0.0181793449145263	0.186551354304103
b.1.1	-1.96164336702718	1.75280159479164	1.08450418468499	-0.863563385136638	-0.174722635282362
b.1.1	-4.93426240502263	0.359656991083336	0.301505842152621	0.790770393216719	0.727307071072061
b.1.1	-1.8961439755248	2.01678004928139	1.57205726430141	-1.07423447066483	-2.06374571429964
b.1.1	-10.5047210050391	-1.69769546358865	1.67623510851295	0.182938448697501	-0.881699726970807
b.1.1	9.90229815587917	1.79315645102025	0.0466668934936152	-0.115835287671345	-0.160860511559553
b.1.1	2.29314687900309	0.770003607186754	0.371067778782459	-1.65185169827417	-0.505388766812212
b.1.1	0.384274936661988	-0.398059046433824	1.30947311909379	-0.534554958040641	0.830859451429581
b.1.1	1.70415564995171	-1.28130805908355	0.515446753370147	-0.365234546189418	0.989662477496519
b.1.1	-4.64045071734588	-2.46387395521737	0.760999661343939	0.0562668569349246	0.5626763610295
b.1.1	-6.44362401131349	-2.60531667358046	1.37065897206938	1.08564410444372	-0.819119306318061
b.1.1	-5.48837474436603	0.843652183751811	-1.64969360851818	0.87276945576498	-0.165796480977281
b.1.1	-0.178080945322707	-1.08073053064659	-1.29696404182223	-0.0547093642970245	0.992499956640747
b.1.1	2.95157479048491	1.20699199145488	0.371345971438339	-0.524353528610936	-0.796284173110067
b.1.1	-4.67150423271449	0.182483762069997	0.677756415372305	0.773807250865663	-0.676098409917209
b.1.1	-5.59502598163364	-0.758629252598295	0.168430905367089	0.482565839881835	-0.353177473388325
b.1.1	-4.94655921746227	-0.843248177541055	-1.44305793309899	-0.174032525619598	-1.54883164325425
b.1.1	-1.20750850635059	-2.55746183577464	-0.211947093657519	-1.67496176141879	-1.02090018790901
b.1.1	4.94698656628951	1.13655914705559	0.457843661846291	-1.68145895932016	-0.166728218842583
b.1.18	2.71363045156098	-2.05460050147118	2.74009439242049	-1.53659533056942	0.469599174374653
b.1.18	0.738169053960279	-1.8794493156758	1.40736105212518	0.47719499977466	-0.446842007242484
b.1.18	-16.7470655229078	1.88555434251618	1.47971450319865	-2.21602688747392	-0.708574844568817
b.1.18	-1.81528329606036	-1.98641492788825	1.44726025644576	0.590361589126316	-1.85563971119232
b.1.18	-7.857077274879	1.33304857465684	0.442107052101357	0.0625954124311176	-0.774275960983387
b.1.18	-10.3107265078252	3.11976407782839	-1.78031858051232	-1.22921805921999	-0.0349150473818374
b.1.18	-0.367761985882439	-0.170504118683557	1.93931906331693	-0.282868914803289	0.236574972774981
b.1.18	1.59270022320715	-1.89786877516048	-2.34764840565248	-0.061747811391891	-1.77776912909929
b.1.18	-14.487311535381	1.90530965384022	2.76969611111462	-1.31324167506021	0.171208546054034
b.1.18	-4.47902848428574	1.64606594507413	-2.26340855213249	1.55441875505851	-0.784434678418382
b.1.18	-4.67317172657555	2.69663276135392	-1.57124961446826	1.20011721728013	-0.763712395990121
b.1.18	-12.7518380476523	0.709473108067474	-0.0859163029778574	-0.00234566288713206	-0.570369897612193
b.1.18	-9.63586272086454	1.30667433206048	1.31719719715348	-0.221008094000643	-0.601721551935863
b.1.18	-13.4682371574188	6.00207481310287	-0.638030031250488	0.461583610531629	1.33171806017895
b.1.18	1.41300725054442	-1.80893325934646	0.292215892483801	0.47896249634137	-0.107141087897066
b.1.18	-7.72826758517812	-0.522603229714605	3.16832256650382	0.0607767985786535	1.74848046039206
b.1.18	-7.02547271629756	-0.664814544049476	-0.0130088393304047	-1.32879518811635	-0.489625056332021
b.1.18	-3.09783677230235	1.53807475779854	0.818268339847425	0.432455543828225	-0.171445049950476
b.1.18	5.60114690163006	-1.05761736406229	1.94768250945841	0.881649660857256	-0.44376917518218
b.1.18	-6.90938775473462	1.5254419940788	-3.16294924813818	0.790358776919281	0.358491630459757
b.1.18	-9.7157186869341	4.94499197585321	-3.13371048243896	2.39560607368769	-1.34626717940687
b.1.18	3.12290871769452	0.790272842751138	-0.682911502625954	2.42146720030289	-0.416820164662423
b.1.18	-2.39657363070044	2.48453422571008	-0.348215267100072	1.2444646957685	0.801875212603983
b.1.18	-25.4454402913498	5.50792029904191	-0.399677802068954	0.284065177777175	-0.313986816338269
b.1.18	3.9230976000946	-0.699610101658224	1.39265216520174	-0.0110992941334384	0.748742196128082
b.1.18	-0.532411295311047	1.69223986945484	0.830020499695564	1.53283714477064	-0.730729316270861
b.1.18	-0.341148112393893	-1.20561807236461	1.55757460352862	0.550651409370332	-0.568796868529907
b.1.18	-19.9123181113904	3.70519107453833	-1.22385018810165	1.40630132111188	-0.194854722038508
b.1.18	-9.84414771800292	-1.3795453761635	5.58535766604039	1.18463408320747	0.281077892315069
b.1.18	2.97687798219958	-0.0528356576148163	1.60628351007434	1.93465930881331	0.353724765964457
b.1.18	1.16210794342077	-0.64557019460328	1.3474087950813	0.124842342206097	0.375245792528196
b.1.18	0.446057608463497	-0.301877511989198	1.33498188546638	0.992571456958464	-0.458445770831652
b.1.18	-0.208743702779779	0.773256312796282	0.884039825410328	-0.147727502835966	0.67367415748801
b.1.18	1.80649946361543	-0.933237788279093	1.85589490421072	0.494918144904215	0.170920746924882
b.1.18	-3.48848145547553	1.42533745138918	0.879724983644744	1.50144155192566	0.460115464514924
b.1.18	9.36528842932655	1.61207667121961	-1.37849718424393	1.58608743108047	-0.632808312537893
b.1.18	8.49965630755322	5.36797145610051	0.0647701900802975	1.07873365850094	-1.53769202548072
b.1.18	1.90954671265701	0.161155586473992	1.23551933298995	0.128984263237892	-0.0212497558123229
b.1.18	4.76918812146649	-2.66051834528678	-0.779974777724554	-0.293511367420307	-0.807856744516512
b.1.18	5.03837809187126	-0.863077047409915	1.82419586076399	0.181541915567826	1.01669831977319
b.1.18	-1.75909991739143	0.68702968265198	2.20888504032692	-0.111943958024341	1.40604593256506
b.1.18	-0.387541450138728	-0.692724228921398	3.08268092028854	1.97805639178548	0.116110513436099
b.1.18	2.29099598778295	-1.02459555858681	1.67749429416992	1.20310233701031	0.448466520606372
b.1.18	2.39995037522094	1.66997215735433	0.650111208072295	-0.350321574785939	0.333670751711306
b.1.18	5.21749581795645	0.58073961187185	3.33801437242105	0.498204202565938	-0.161944191249578
b.1.18	2.82419940446464	-0.634799443234776	-1.77756899028401	-0.390130294165935	-0.201699963175517
b.1.18	2.82702485596478	-1.50426713106549	1.47308848450846	1.02814776779542	-0.995272828810795
b.1.18	6.42164336831421	-1.33039945373498	-0.214565443816433	-0.861608455437224	0.276202010198102
b.1.18	4.499330369608	0.366500535507139	1.72273901870824	-0.0451406092695202	0.0381703729672256
b.1.18	8.85573501841178	-2.43124804928066	-0.954843482391837	1.10278928306945	-1.03130742819025
b.1.18	-3.01318466611113	-0.133578725640743	0.934079899644964	-1.06798186167729	-1.09308336081984
b.1.18	-9.26075165560502	0.497760844935108	-0.91764332193343	-0.12692142673808	0.56917339126124
b.1.18	1.23961541929273	0.915721635344051	-0.0141478201459107	2.7724197527896	-0.740860368823526
b.1.18	-1.42745415765672	-0.691038013817576	3.15171915569931	2.07864943995153	-0.0262732660323814
b.1.18	4.43421702078773	-1.80929345293659	2.12962974953797	-0.338109516569571	0.617962457608721
b.1.18	-32.8338971450853	-1.18722927158188	-2.12040122438269	-0.6754753440498	1.12202643561876
b.1.18	4.62863604702794	-0.968501083872827	1.41059626863425	-0.136027546317551	-0.301204992841933
b.1.18	7.56922570345954	0.433580697002191	1.51263662586348	0.149427920123325	0.577015835082365
b.1.18	8.08161663697469	0.637362276737978	2.18514363187766	0.319285008796078	0.822228587414793
b.1.18	4.13653393359899	0.91798485734385	1.670522120748	0.349081402461883	0.87057140703179
b.1.18	7.22009224732601	0.510426913577501	1.16502747075884	0.799798913135726	0.431573415224108
b.1.18	8.15482196862904	-0.588542835249049	2.24046130816057	0.242263470496572	1.0046984176408
b.1.18	10.4383354008936	0.0952692163904988	1.39335858932434	0.0877258957488136	1.03319160076649
b.1.18	-1.48711219365398	1.53198886388932	-0.830835798347083	1.92223352910449	-1.17825085247618
b.1.18	-1.93792783757226	0.977355260230213	0.00109494063020633	0.516416574959526	-0.722625560874354
b.1.18	6.79428603209825	-0.412124216602924	0.818699739236224	1.0761790356381	0.42332041929325
b.1.18	3.34950471744528	-0.67574370835995	0.107965459127779	1.45779526896219	0.465702435293425
b.1.18	4.7417125209457	-1.53993655931681	1.40517404122273	-0.365256713155805	-0.221688386976819
b.1.18	4.3401166823845	-0.374246578805959	-1.08233519075654	0.406574214425776	-0.100574147294976
b.1.18	1.08229541863102	1.05873073057797	-0.384373084480699	1.26610766406972	-0.979231071372344
b.1.18	1.15937868379201	-1.65555052702929	0.226862954922689	1.45698826038731	0.0173302606002156
b.1.18	5.77635418082898	1.57372576887658	0.679781788085148	-0.786369556513358	2.71912181141094
b.1.18	-10.1950428761247	3.36200801613891	0.749580808282208	1.73794277665266	-0.512197098361382
b.1.1	0.256959063692591	-1.36742783781114	0.990544738414243	0.88640352513339	-1.02136169322665
b.1.1	3.97512817660715	0.710642084575284	1.61204753333698	-0.791349274383538	-0.476268896086336
b.1.1	-7.31114598498523	-0.775043927851651	-1.84832431222883	-0.904196692429477	0.528030432717213
b.1.2	5.04859473908258	1.10245312378467	-0.759783796920909	-0.727345314773552	-0.603761807549078
b.1.2	6.64418837328991	0.650979481879406	-1.22472182136968	0.936654559343177	1.21092690778
b.1.2	-0.664196541876509	0.368160656882525	-1.07291987600305	0.31744435463708	0.227620955511237
b.1.2	2.91932870604249	1.01826042692663	-1.52341729233043	-0.358284304701121	0.57936504962356
b.1.2	-3.3972671265082	-1.23845664783006	-0.816241043350982	-1.32394475964345	-1.53262643931928
b.1.2	6.92177271808343	1.41492102688526	-0.24801887581186	0.545743215063533	0.51552862996832
b.1.2	-5.21436547445852	-0.424153324423901	-2.44948099486727	0.728780961108116	-2.00929050677277
b.1.2	3.10208774475594	-0.568417210199489	-0.680507074067445	0.976856184235918	-0.401362714460056
b.1.2	5.7837099502097	1.53255868383869	-0.435256849584778	0.111054327233955	-0.330871982152759
b.1.2	4.92193189056904	-0.0951467680287825	-1.45834724476768	-1.4916979594214	0.634852595630167
b.1.2	12.0655235231588	-0.237212858169537	-1.02360830509939	-0.23691153659558	1.39882895620306
b.1.2	-4.40814448287377	-0.812383833456528	-0.415743393627247	-1.05546847115078	-1.38838769985158
b.1.2	0.722495689687256	-0.29170672590372	-0.746151202184619	-0.632210973099381	0.783028338267346
b.1.2	6.26981525595636	-0.455545726216005	-0.968984288654787	-0.111237203024032	-0.961347934277851
b.1.2	2.30374720664438	0.0503312730431273	-0.71410061290411	0.352653032540849	0.101914420052461
b.1.2	0.204644814535465	1.91669927206773	-2.12738300491588	-0.208447021874658	-0.356097849580329
b.1.2	8.3900872945075	-0.687477371852688	-0.517559659969252	-0.102811669100534	1.29413681165182
b.1.2	4.5259452376312	-0.344813864986413	-1.01985573424005	-1.37037728926787	-0.461771470438684
b.1.2	2.1158966100337	-0.231937693819198	-2.98430454541327	1.92936011231276	-0.920982818071309
b.1.2	3.30003241790012	1.50026879216426	-1.91921854228058	1.7819668325109	0.622604533161328
b.1.2	-0.20218979517799	-1.4528266424715	-1.81839537896302	-0.921249537014319	-1.25431911394814
b.1.2	1.03226720765082	-0.528587528897172	-1.05369786591282	1.10413823504793	-0.523668908861349
b.1.2	1.38880471745134	-0.309798807164278	-1.7927607781147	-0.595027036888232	-0.110215190724055
b.1.2	-1.27207108224431	-0.481348960128971	-2.97593635856893	0.39815202000085	-0.620606334092306
b.1.2	3.68887411605924	-0.554182732343249	-1.19678720563556	0.259465932099264	0.00561115861756162
b.1.2	10.5578436978778	1.48361928032149	-0.734818968113907	-0.236852406198437	0.556945332712107
b.1.2	5.36236772078796	-0.510284287029785	-1.10904336316202	-0.240149420618595	-0.959918897093278
b.1.2	1.07690735021338	-0.994724100374788	-0.0111622849758056	-0.181684068421581	-1.69867657486913
b.1.2	6.51983542665869	0.907015514394178	-2.05050631904758	0.257494785272869	0.0890622312100118
b.1.2	2.65080953798307	2.63330046112875	-0.667030308284609	0.0479453086678546	-1.08970823826683
b.1.2	5.95113770764373	0.124655531102644	-0.715305546720797	0.389974511019263	1.44702181353839
b.1.2	4.54394469568866	-1.36095937623771	-0.914842713080928	0.327399687772291	-0.909402542085416
b.1.2	3.72610666575736	-0.282528330199097	-0.37030268971926	-0.920683338604899	1.04577475169292
b.1.2	2.46588747108685	0.86067978747689	-1.57879769888817	-0.694820980515128	-0.198339451524572
b.1.2	6.49058144235399	-0.606819486971174	-0.497125196115504	-0.134245266644579	0.636203722050346
b.1.2	2.15752314537067	0.0106836860392069	-2.07409507081478	-0.0696465533033774	-1.64100389892273
b.1.2	6.01753451177155	-0.864347464184733	-0.240825055224343	0.145316981146735	-0.459798899838007
b.1.2	6.772016874327	-0.917346046464059	-0.470936970517331	-7.01052185283768e-05	-0.210529860194963
b.1.2	8.16404458284935	0.0332500426113409	-2.09394388999614	-0.149944387420912	0.32660676301854
b.1.2	1.89643292981755	-0.593474364043229	0.19334862856869	0.0889030588973422	0.0926076504782295
b.1.2	8.88270591340926	0.536796969010632	0.422343244064372	-0.00123942107861291	1.25937336871921
b.1.2	1.43660975321785	1.90570633995298	-0.409492749185537	-0.0332044112571246	-0.148880559448421
b.1.2	10.5478594910754	-0.847971622112374	-0.883394238932096	-0.76449970930286	1.40028240820037
b.1.2	5.74660506581491	-0.0919687355201637	-2.27084236539522	-0.0580200076225092	-0.791272401601829
b.1.2	1.17411882187136	0.417940198347634	-0.578600863681144	0.440287402859536	1.37704425513924
b.1.2	7.32229272304426	0.15063927930077	-1.67091382657251	0.524550647410113	-0.3478589921967
b.1.2	2.30429456509148	-0.457466985572983	-0.454575243290194	-1.12625306792146	-0.575325531076291
b.1.2	3.97552622418767	0.0485186124415345	-0.849812175454803	-0.67087395260732	-0.711865158267492
b.1.2	2.56460839454465	0.906683388083914	-1.06766300263582	-1.77908672065692	-0.0910152592087937
b.1.2	5.85788010550906	0.0981089566734843	-0.515242176243306	1.14531521827906	-4.55427711819612e-05
b.1.2	4.88004095648931	0.701714231931038	-2.21077312353962	-0.967434439296861	0.619144643065545
b.1.2	0.742004777759107	-0.760073877861072	-0.71851505889027	-1.45616694161681	0.993812425946043
b.1.2	3.63519492447057	0.715839578460373	-0.407437443033113	0.925809082242003	1.04328890674298
b.1.2	2.0207931473451	0.18708131648202	-0.348955880888058	-0.160801943041758	-1.01741460670509
b.1.2	1.03290430089869	-1.47700033661165	0.881861404621233	-1.23639714454981	-1.11112803260005
