3.30.1330	-0.615364739015191	1.10298179784765	0.694761054570435	-0.836944916273575
3.30.1330	1.96207715769125	-2.41368446573099	-0.311837200482274	-0.480106710121171
3.30.1330	3.14630017705793	1.14854166911358	-0.270441029261376	-0.997902272449346
3.30.1330	0.278697119884565	2.14389139161564	-0.524818466697663	-0.160136458065276
3.30.1330	-2.34977428231072	-2.38718102410022	0.155396998754734	-0.167424316058296
3.30.1330	-1.13015580451932	-0.128195713621477	-0.426028102687672	-0.39544813952237
3.30.1330	3.44065804125448	1.18405433847929	0.814864768076173	-0.257509722083737
3.30.1330	0.702355231810305	-2.57335426972222	-1.14678627775185	0.147986763573074
3.30.1330	1.04816552387541	2.4491020813851	-0.371810163754705	-0.68097312096359
3.30.1330	2.85732870388014	-1.83289347203988	0.2289140546552	-1.4331196047296
3.30.1330	1.52514542369474	-3.67166090271868	-0.192981770662758	-0.440551017717263
3.30.1330	0.83953738941375	-0.265124136330701	-0.866358936073321	0.32787682466983
3.30.1330	1.36194819182238	-3.18470840353383	0.0642400018448484	-0.0147313640636662
3.30.1330	1.51449109637654	-1.95666667929527	-0.388053922776913	0.73043239185462
3.30.1330	-0.0337634889770044	-1.05963602460229	-1.99116160373567	-0.155370496262244
3.30.1330	-0.785887950190518	6.34628368926143	-0.941812042626454	-0.0562676433164133
3.30.1330	3.78006518257742	4.55488200368688	0.150163938068762	-1.64194973143366
3.30.1330	1.33065488728789	3.1993727550763	-0.451703084473474	-0.67921602638153
3.30.1330	12.1384246762101	0.284376155930053	3.89461048806926	-3.39756926193864
3.30.1330	9.71816873988502	-5.72384325506254	1.15365310264778	-1.88816450541585
3.30.1330	0.882490126198328	1.47708785017849	-1.5678893090125	-1.01797196744309
3.30.1330	-3.32404428726067	0.263776030937355	-1.71797581222778	-0.155303394156541
3.30.1330	-2.2216677096199	-2.0325515820821	-0.371433899144735	-0.753634323527564
3.30.1330	1.93855371267606	0.419962242069919	-1.21255531102269	-0.328998541235537
3.30.1330	0.0685304684698575	0.868268983863884	0.350573036778326	0.0488767313087714
3.30.1330	1.09271235034246	4.10470959692646	0.670087822855358	1.24916909927215
3.30.1330	1.54551404118369	4.70364086190834	0.782017669176173	-0.506481121929661
3.30.1330	-2.85737156105895	-0.932725271476204	-0.288715107031869	0.479535827930487
3.30.1330	3.0133554836122	-1.50697129070107	0.659700583387248	-1.20336847070785
3.30.1330	-0.0813688115678591	-2.0597563189917	-1.76347612755587	0.813169215591262
3.30.1330	0.932841157844656	1.49416566293803	-1.24061541953934	-1.07332108992659
3.30.1330	1.11914344381002	-1.73745377417317	-2.24367278312103	-0.382059244933393
3.30.1330	1.17552329840633	-1.83995372917488	-1.03255616941975	0.0349795676846297
3.30.1330	2.80228257751803	-3.51649250162941	-0.322524761192575	0.00654981907410278
3.30.1330	1.34430464237764	-2.00765302620767	-0.685526983596939	-0.842899650999942
3.30.1330	-0.554945442854714	1.8955265478737	-1.57703370906105	-0.522375769688775
3.30.1330	2.48352464465085	2.67316821546671	-0.190590254217659	-0.879492054197005
3.30.1330	3.09139765831931	2.72781968443963	-0.223916324356465	-0.255139774816525
3.30.1330	0.607268326314582	-1.60717895840572	-2.19980230854681	-0.478626403025626
3.30.1330	1.74436171212329	-1.2801926163617	-0.53060295820143	1.98824918160716
3.30.1330	2.23755747936731	2.32014320097598	1.182800456702	-1.46484478591663
3.30.1330	1.17298811529233	-2.34653402769565	-1.92194175568351	-0.525523347987305
3.30.1330	7.12293228508801	1.58227915908711	1.30169545946655	-1.2564649087534
3.30.1330	-0.110288540588033	1.71275686355005	-0.519944176955383	-0.0710013434183748
3.30.1330	2.95280715620494	-3.5289057790997	1.57054275687442	0.763033503387958
3.30.1330	1.59056627418071	-2.79185649264305	-1.13490807452812	-0.0771697812370875
3.30.1330	-0.469012047045817	-1.68001345167852	-2.46499898224258	-0.00786982118283683
3.30.1330	-1.78665865188996	0.595175238243665	-1.18230857675087	0.0871627070940268
3.30.1330	3.64308750479375	-3.46052840571618	1.79724116664062	0.117316425483679
3.30.1330	1.57489566040377	-2.21928484011333	-0.670452208580365	0.261187858282948
3.30.1330	-0.459859617721587	-0.907689319051533	-2.57835962548149	0.297120506686019
3.30.1330	-0.654783616686418	0.546425531095074	-0.349445472974515	0.209561281511526
3.30.1330	3.4407700464318	-5.62423373081961	2.49628348829812	0.797690017834489
3.30.1330	-3.52394570068725	-1.50083618659456	-1.91399430951654	0.525323846433523
3.30.1330	-0.0390456877917896	-0.039668696711825	-0.619853506524091	-0.620231523202078
3.30.1330	7.65322867911963	7.26135198540685	2.80794533071609	-2.28207067740991
3.30.1330	-2.47600059511174	2.36253632832542	-0.150923740672801	0.749899921326806
3.30.1330	1.46315061888511	3.45748015246171	-1.10189437462942	-0.300204001269776
3.30.1330	4.26358618682132	5.81703462820143	1.44928196454755	-0.904358053239496
3.30.1330	-0.49492296040182	-1.44539844845969	-1.71482734032068	-1.33962020225456
3.30.1330	-3.16142461800226	-2.52142817114978	-1.00579136929798	0.990230700409765
3.30.1330	0.123106974454803	1.57377044570119	-0.448050055561275	-0.0106206246030083
3.30.1330	5.06262290466272	-5.16933620742241	2.56961533436028	0.904608369671206
3.30.1330	6.49326308159279	2.57024257736536	0.560412670594123	1.3852858456187
3.30.1330	-2.17795955590854	-1.93627246799944	0.382975010996223	-0.0400960045267698
3.30.1330	0.0985351689337749	-2.36041076566309	0.297736758888418	-0.514849887613752
3.30.1330	0.00642598978476765	0.189798730394942	-2.50681791805676	-1.06138808118026
3.30.1330	-0.852213692475631	1.11460874472618	-1.21242987742291	-1.64990245258106
3.30.1330	4.28463719295681	-1.50346595182357	-0.481374080007308	-0.253735780483724
3.30.1330	1.1686531387883	1.21330171262862	0.470507060514809	-0.687507243049904
3.30.1330	-1.93537498371743	-1.80310135695818	0.088972733338861	0.514863104107166
3.30.1330	-4.1393829399171	-2.99970552886752	-0.219405304020685	-0.354116861209858
3.30.1330	1.35521923726873	-1.81028092807048	-0.531016094659004	1.55360446581321
3.30.1330	0.705279753161713	4.06550259858774	-0.253150800379749	-0.143981684375965
3.30.1330	-4.47746448408818	0.135859327046068	-1.09141780538299	1.26271387493011
3.30.1330	2.92091437726974	-0.333583470141641	0.674609862391927	-0.161899102798114
3.30.1330	-2.06373367975231	-1.71587091395009	-0.41532510931098	-0.513880208613705
3.30.1330	-2.60262950602318	-0.839961944689208	-0.119135645649404	-0.58799419527193
3.30.1330	3.90936702138251	1.66410594358591	0.819733193778453	-1.6444701709373
3.30.1330	-0.0759444582853261	1.11525440427107	-0.547205105829764	-0.11798445463251
3.30.1330	0.615812877626076	-0.849774405137565	-2.16796616015197	0.225590186713115
3.30.1330	2.00858213202145	0.1427335356958	-1.77894264534723	-0.58280742459092
3.30.1330	1.82340808909742	1.06175801170831	1.52310973232053	0.551423093018465
3.30.1330	-0.270212040066486	-3.05579301374598	-1.20892407194776	0.224549890138213
3.30.1330	1.70079098182613	1.59130547277808	0.293958246992	0.47777709905566
3.30.1330	1.63789283434236	0.363638782215989	-0.2308399331968	-1.06967382245427
3.30.1330	1.43859583989274	2.27442408854474	0.351543374684382	-0.253197198160457
3.30.1330	0.645522098477288	-2.7838642602003	-1.58311529990003	-0.665956438817872
3.30.1330	1.56708062169807	-0.804478825883644	-1.74516113404606	-0.378595994936979
3.30.1330	0.486559306829648	3.39469232428757	0.234923985055377	-0.096203516319507
3.30.230	0.0695436369318573	1.03924805683454	-3.20463268418072	-1.13947437977856
3.30.230	4.2571756381435	2.19225775676765	-1.29222298764042	-2.53575023105681
3.30.230	1.17841401823926	-0.116257251153696	-2.12255577695547	-0.332900704024873
3.30.230	-6.76779143598499	-1.27914334856346	1.09843583822195	-0.360527228296945
3.30.230	-4.88307217477915	2.79530309062961	-0.806654643026545	-0.507893115078035
3.30.230	-4.20064905421864	-1.25300585294629	-0.785512973332403	-0.183685040703057
3.30.230	-0.962920485171006	-0.39892785952503	-2.17965476360802	1.69091127550759
3.30.230	-3.45660167488898	-2.23654752278737	-0.725679285689144	0.339006390504586
3.30.230	1.49026846665551	1.1642189835022	-1.04925729647716	-1.22352319602084
3.30.230	-3.51753031441964	1.82697179948675	0.678310434921684	0.181310816927882
3.30.230	-3.78138484190459	0.487277967898821	-0.168627573667727	-0.0578912986826536
3.30.230	-3.52804799571385	1.73862639504488	0.864760786983348	-0.922486488450304
3.30.230	-0.483771247104887	1.37362281573581	-0.840838971107294	-2.34282234608769
3.30.230	-4.19106375528923	-0.0474874547849222	-0.484116490998038	1.66963941844931
3.30.230	1.00643356245345	0.75305629446792	-1.4846086836553	-0.315980029674366
3.30.230	-1.58446104271127	1.27528601967757	-0.2038228306131	-0.803061256365235
3.30.230	-6.49167844542966	1.22115811969604	-0.959992300278488	0.473247141905241
3.30.230	-0.409308842137916	-0.219303803283677	-2.56429167128146	-1.34035728624535
3.30.230	-3.86216660277033	-0.263088279952101	0.366403327061775	-0.585821527171839
3.30.230	-3.55686400765155	1.91732970178643	-1.7332447996224	-1.0611451795995
3.30.230	-1.31258071857607	-0.599501890534775	0.114920193248327	-0.222334488686341
3.30.230	-2.35394208419785	0.647743610364414	-1.14414959204048	0.527954350800734
3.30.230	0.674947777748802	0.781107171460003	-0.758633033482522	-1.11967283989346
3.30.230	-2.55762999892286	1.06124954691842	0.32428121594315	0.080175800618817
3.30.230	2.65599486915716	0.211933184600992	-2.04586538489357	-2.43417251604195
3.30.230	0.425958492667614	-1.76757187790564	-1.39668035320364	-0.270749351777544
3.30.230	-0.751802510743076	-0.849088590927294	-2.06395657286332	-0.0385399342735087
3.30.230	2.56085889024033	-2.6994685423954	-0.451818020069271	-0.568738222125707
3.30.230	-3.44714829305522	-0.991020553007053	-0.799951988008143	0.352786814867922
3.30.230	-4.88297985890447	-2.09169181263865	-0.545102609288187	0.989647120642126
3.30.230	-3.99805200293061	-2.01409769059183	-1.07332844765919	0.540190500364821
3.30.230	-2.36494263093773	1.28284709493213	0.150317096301984	0.390084645289016
3.30.230	-3.66200273559669	0.831292132395032	0.366245402065779	-1.73043053824079
3.30.230	2.29494875875906	-1.83334400556892	-0.164503503919261	1.20355911114779
3.30.230	-3.40709285908904	-0.810139644614191	0.173857609486337	-1.35439789307183
3.30.230	-0.6143643369873	3.82949921590341	5.42786001299806	0.872263647761159
3.30.230	-4.98914814602995	-0.676633460246032	1.16950733529707	-0.410852531498881
3.30.230	-2.26511217753395	-0.419235901585709	-0.504964442132985	-0.380643997091201
3.30.230	-1.0529612034004	-2.43058191599861	0.666747900548823	-0.503688229381588
3.30.230	-3.14166811669318	-1.71174737245247	-0.287329386812132	-0.10961737767192
3.30.230	-5.74199279533468	-1.11663445779833	-0.51988206077353	-0.625226923753938
3.30.230	1.9801432858589	0.715490193816033	-0.624695778478297	-0.124391982782083
3.30.230	1.65215231220155	-0.59680841078581	-0.493319921330065	-0.413117915406522
3.30.230	-4.53051023491024	-1.53497261533125	-0.257498532612422	0.691473102354317
3.30.300	4.84652662348167	7.04649908330794	-1.13634989662733	-0.756730166778911
3.30.300	4.40948285810173	7.03731633572655	-0.70227187522102	-1.12006720028139
3.30.300	2.7383694976204	0.0434614893678438	0.350947192955358	1.3376077300957
3.30.300	6.32565997200378	3.30882876571914	1.99697980467773	-0.498609344021431
3.30.300	3.39296071547736	3.17897328845774	-1.24023005812411	-0.117499309449712
3.30.300	1.16105889859595	3.88196705685303	-2.0479720473598	-0.302161208061421
3.30.300	3.9289784101603	-1.64679056763083	0.0631987681633248	0.257794850516725
3.30.300	2.36790963762056	2.36346287487646	1.51670642679248	0.75759926678867
3.30.300	2.01858745193885	3.7918765257105	-1.28228808153536	-0.490845436585791
3.30.300	2.7200349130579	1.20945280071361	-0.989254181695538	-1.25711319676782
3.30.300	0.83458101123489	1.85545359397718	-0.214007866346312	-0.00568939080409596
3.30.300	2.19924371260775	2.72460549178555	-1.75340754999141	-0.225440245236107
3.30.300	5.81766976655647	-0.447595138745065	1.63770885409641	0.392216712741599
3.30.300	6.6278226996088	-3.49386577085733	0.924688694139039	-1.25842806414833
3.30.300	1.76347436963526	6.05605902890889	-1.09284989284815	-1.5556210908092
3.30.300	3.10324080319667	2.95789008314822	-1.98700529580772	-0.134522495800095
3.30.300	-0.892702204561119	1.71769958001509	-0.131586267987325	0.895343701440696
3.30.300	2.04805938513065	0.646471924735687	-0.28024219995868	0.165176295444306
3.30.300	3.65968587697704	-1.33320450267648	-1.41658119305004	0.183208781231672
3.30.300	2.96793352770972	1.15019643303285	-1.30749665033027	1.15487104037784
3.30.300	4.06253251866478	2.21526580132185	-1.9752072326569	-0.957432222312451
3.30.300	-0.842907773659407	2.02489579436263	-0.421551154335681	1.98788516156605
3.30.300	4.81670523404669	-0.275239490150675	-1.1691256839223	-0.509458807300008
3.30.300	3.92182544065453	2.68793288904186	-1.31159288195631	-0.433326891775627
3.30.300	3.67861606449532	1.10706545374855	-0.879253629945891	0.364884258442952
3.30.300	2.94566432952422	4.83047235969467	1.93004172435224	1.8796847285044
3.30.300	2.39827491184454	-0.422308809526125	-0.345079799537037	1.77657694600887
3.30.300	-1.86210089287427	1.72180837517834	-2.12455781973522	1.03326544109946
3.30.300	3.32307653001228	0.770295303097252	-1.39904428751873	-1.30625116163228
3.30.300	1.04476903867816	1.55983175533445	-2.36593000798475	-1.39104785997566
3.30.300	3.41270427178432	-0.0658412870448328	-0.849422887080546	0.26668066577238
3.30.360	-2.68337309884494	0.671750908745187	-1.43717141900771	-0.892907252588902
3.30.360	-1.7460467117712	-1.11422476893128	0.27269230834051	-0.542690830862254
3.30.360	-8.81692413243634	-0.897270234572145	2.10646868550617	-0.579917293046963
3.30.360	5.96532268941836	1.6996035357944	-1.56494023270212	-2.72244757294482
3.30.360	-0.721027435350225	-1.51258219571653	1.17597046003292	-0.712222569755397
3.30.360	2.75375108505055	1.85463897038064	1.42533025972917	0.760164316097504
3.30.360	-2.41774160418523	1.20638226890349	1.05123727638939	-0.201731415288231
3.30.360	-1.18760806227827	-1.53524636012921	0.197695196105184	1.35887577140366
3.30.360	-0.697953953133862	-1.30560365065104	1.50409642523823	-0.785469901965974
3.30.360	-0.814598742384504	-2.88947851239983	0.942703153210918	0.708699912914404
3.30.360	-1.86181130800626	-0.795754716782339	0.634265994973878	0.260175218899997
3.30.360	-1.47599828265477	-0.560021893492423	1.1604235105473	-0.506211022644184
3.30.360	4.07463465659864	0.62234946306559	-0.302608870624979	0.639282009824135
3.30.360	4.87801254741758	0.252988390322453	1.0869597260428	1.06200977233214
3.30.360	-6.10046653184454	0.78080071122904	1.17688339612115	0.35910490847869
3.30.360	-1.23008876137238	0.640173012114018	1.26192802408942	1.57828979395305
3.30.360	0.750482478950018	-2.10436327886233	2.04252655874535	-0.96640743962261
3.30.360	1.72074131325435	1.41750665903943	0.110642774035654	1.66047719770394
3.30.360	-5.61179069359272	1.3920590005845	1.84938008233855	0.38218798705965
3.30.360	-1.43398957084664	-0.743349632719483	-0.134846245302193	-0.680652160467577
3.30.360	-0.929964790777446	-1.81211505667515	0.512887565538859	0.109971331293533
3.30.360	-5.97727227590552	0.781626897512639	1.53132437702991	0.597301411503692
3.30.360	-3.39439367242721	-0.801101534705433	0.846835585251403	0.241777583056209
3.30.360	5.24762028564089	-1.60299684039625	0.589181802005633	0.575270890877424
3.30.360	-0.706099762336215	-0.557090995107403	1.3008594808491	-0.759074243758125
3.30.360	-2.07258354993874	-3.56228066819171	0.754380906810938	-0.104712464142034
3.30.360	-5.19227000498852	-0.693402109715416	0.527204026629365	0.924494399405858
3.30.360	5.55214259506056	-0.768269805682789	0.0565204187844156	-0.100596730964513
3.30.360	3.86159818753184	0.271389415256407	2.79720685077312	1.34238702169737
3.30.360	-1.55624736789122	-0.483596501991346	0.647055971917828	-0.823268781445948
3.30.360	-5.23982948465312	-0.644898756112475	1.50702697041094	1.00502418955705
3.30.360	-2.57908885943166	-1.4801073692005	-0.416639260331309	-0.31815421494167
3.30.360	-1.32022838384206	-0.445585414180457	0.0857325134436148	-0.90205883119277
3.30.360	-1.27063510678914	0.691363330037324	0.208591360813793	-0.73404286377777
3.30.360	6.05215953468271	1.47627954967622	-0.434215923877734	-0.658180991998563
3.30.360	-2.06482788895779	0.620717891267735	-0.308798757900494	-1.42582778062274
3.30.360	-3.06206350818598	-0.859887942904862	-1.24911646591342	-0.481504049657122
3.30.360	7.30895437736218	-1.61026797595826	1.32988772618463	-0.586951338459766
3.30.360	-2.4823116783917	-0.473696635258652	1.20986787740427	-0.753017041779303
3.30.360	-2.25289473815134	1.22949776312011	0.951600998857181	-0.389896209737817
3.30.360	1.49685529641301	-0.161906303992191	1.54700529894043	-0.558651992468909
3.30.360	-0.894225448484354	-1.48839780220836	0.186060384435359	-0.910135077836364
3.30.360	-2.69838983348148	-3.46659991880094	0.228951802170838	0.169962299804347
3.30.360	-7.12678398004432	0.810305706745222	1.15476331720204	-0.201210669346142
3.30.360	0.609545277802432	-1.93238718168283	0.387363255432062	-0.296425301423172
3.30.360	-1.781875876237	-0.968496228714569	-0.254380684596384	-0.671140198530515
3.30.360	0.96827809010392	-0.142956421214623	1.35064457742924	-1.31644191051681
3.30.360	-1.93878722732759	-0.886489770283606	0.619947588976573	-0.632250232669221
3.30.360	3.44588756028774	-1.64523148031962	-0.0240594600067652	1.3574954480606
3.30.360	-3.82164633238107	0.000717637401474777	-1.2363639394219	0.53786791090027
3.30.360	-1.29084984543165	-0.555353353320628	0.230878200624766	-0.0271033383872564
3.30.360	-1.41542662722908	-1.0409936404838	0.944653576110615	0.112033655306528
3.30.360	7.33191116691624	-1.95827209409766	4.42968367041577	2.39162389468907
3.30.360	-3.21860640247254	-0.647505598707062	-0.254352378763212	0.16769320355213
3.30.360	-1.19918256960215	-0.748574314475844	0.747062305755943	-0.82454378981202
3.30.360	-1.38451111815552	-1.832401354827	0.19770267318414	-0.290269359432952
3.30.360	-0.419384169896483	0.568128577952285	1.11470216542479	-0.709101504396803
3.30.360	5.49207656688158	-0.525347733780931	0.758655549966314	0.314318201476168
3.30.360	-1.25435327959425	-3.00403611611764	0.0734037949950593	-0.766045399067284
3.30.360	-2.44236657536098	-1.41228041633026	0.194210120793694	-0.0349128513687246
3.30.360	-2.57647658602245	-0.985038452894619	-0.263926191334725	-0.585370829892249
3.30.360	-2.57335430139838	-1.08240748562133	-0.0677546447597955	-0.571511574896025
3.30.360	2.23918336481013	1.35268841790491	-2.4933156805358	-0.297938171777975
3.30.360	-2.42461471767872	-0.982911310498781	0.131070571624327	0.662647198754839
3.30.360	-1.29069056495191	-0.87601888498508	-0.434179137038259	-1.09057241534521
3.30.360	-1.75844475732271	-0.156267217088767	0.0995654691800108	-0.704139951848182
3.30.360	-2.30826455415329	-3.51125411310093	-0.0392927247921261	-0.0913379086944479
3.30.360	4.9132097515888	1.07832364508216	-0.00111888798203355	-0.462904446093864
3.30.360	-1.21552897011993	-1.80834301606447	1.37571498665759	-0.466915466448227
3.30.390	5.17513138911591	-2.01744743228409	0.944829163177059	-0.515264322837463
3.30.390	2.5928247725893	4.96947133394687	-0.709098638394548	0.60325214452012
3.30.390	1.60327718994057	-2.47299217203223	-0.00323908531078018	0.0410605180733619
3.30.390	2.2157285179761	-1.87738610058335	-0.721402796867592	-0.468243868734967
3.30.390	2.01950067655194	3.47689811986315	-1.45942482687029	-0.518312748003368
3.30.390	1.23064170543137	-3.45276196166801	0.44678609436036	1.3355504200488
3.30.390	2.63672620912257	0.320170561207846	-2.04002954296279	-0.717687995083734
3.30.390	2.82396805658783	-3.44391306758738	-0.335278437805742	0.107150783686978
3.30.390	-0.365168000835301	1.30334022595817	-1.44585644897322	0.346400842489766
3.30.390	4.0890658301617	0.387107537981297	-1.24479211685681	-1.86075628556844
3.30.390	-3.8764048561905	0.563147872147636	-0.366823142391031	1.19017854629048
3.30.390	-3.34132280893999	0.107679676929052	-0.268713475709894	0.749755237635419
3.30.390	1.13770421006572	0.563275780774775	-0.223313958357627	0.687825288030693
3.30.390	2.38428795128966	-3.1732205996492	1.47375320479255	1.61950657217754
3.30.390	4.0267906457373	-4.37218242561475	0.130174002301202	0.104154650663006
3.30.390	1.12580223754717	-1.21971739070947	0.218442192905314	-1.19075292143892
3.30.390	3.19463170547641	1.28685262854593	0.483199994224964	0.355797804082785
3.30.390	-0.0066893228955606	-1.14639032544818	-2.40764424012299	0.634472756995286
3.30.390	2.25456495592087	-0.760315737262093	-0.293887386515939	0.259688139703643
3.30.390	2.32065919382145	1.63803180089003	-1.05751634476614	-1.03477318237059
3.30.390	0.920564163421301	-2.31097019994115	-0.615480837068219	0.417930864529247
3.30.390	6.52065176697622	-2.73780718937326	2.27697761228583	-0.496514187209021
3.30.390	0.132721035243437	0.280233701106979	-0.38547471268447	0.689313717035927
3.30.390	3.64284536143723	2.19927385948109	-1.52455120780555	-1.18532529903036
3.30.390	2.27872451846655	-0.105451111597415	-1.08274122966607	0.231068102844897
3.30.390	1.28845054358201	3.97371747981899	-0.919667325438717	1.98564753594064
3.30.390	3.40992761562001	3.79305661116245	-0.985505150002516	-0.751761905833856
3.30.390	1.41861433080779	1.70970483884866	-1.95431185237765	-0.113131896943905
3.30.390	0.910990373822085	-0.351282446171881	-1.07926968828181	0.686774956988142
3.30.390	2.42509949809707	2.99570469539541	-1.50465720272776	-0.124246254381045
3.30.390	-1.71822528456311	-3.19372547942547	-1.95467189304509	1.06178351275156
3.30.390	-0.929320060861857	-0.27736926375615	-1.07105041722969	1.86089668270064
3.30.390	0.210910321475964	-0.494650576337832	-0.399438151744232	1.56157922832996
3.30.390	1.712895400636	0.247117079862543	-0.367037405289385	0.929013296042688
3.30.390	3.37710487851066	-0.282892457546851	1.91524588789163	0.744691992521773
3.30.390	-1.70505238073003	-3.41466179496867	-1.7842181048674	0.729592231801209
3.30.390	-1.93918019464564	-0.899057664302615	-1.35174115421925	1.2573270353454
3.30.390	0.984152609783352	2.33292392015174	-0.0987190820097771	1.00278784030508
3.30.390	1.771224231527	1.9870178188272	0.460538383309435	1.12689660249928
3.30.390	1.54371750723556	-1.5732007450873	-0.258996568292188	-0.527931348044509
3.30.390	-1.27190932790406	-0.771412514685605	-1.34316180128334	1.32890110305512
3.30.390	3.68454853117345	-2.89690523703816	-0.259413052626325	-0.444053643414982
3.30.390	-0.956954318911114	1.01871782997677	-2.08175336230853	1.37748347856861
3.30.390	1.56439925447116	-3.53481737943188	0.303216366998351	0.619847667906484
3.30.390	1.70834267073948	1.34572934606676	-0.703468330936095	-0.0675234485287317
3.30.390	-1.9608086120402	-0.099501446162987	-0.322410992164371	0.783654468302943
3.30.390	1.00473004644533	-0.128402974216508	-1.61366463325679	-0.300242575717397
3.30.390	1.84078647219665	0.408705934649646	-0.554214230245737	0.436337341584094
3.30.390	1.53385310987723	2.8181313009267	-0.276260875037293	0.0342030915511858
3.30.390	2.3488842669916	-2.29620760205464	-0.949969455455724	1.68905978113523
3.30.390	2.81972568207509	-2.7782567924231	-1.84847833614589	0.851635344494604
3.30.390	0.395838689269044	1.29791701164882	-0.930679430323046	0.79939810165923
3.30.390	0.640239106640559	2.20516032048038	-0.683311953511702	-0.159899366795586
3.30.390	-1.42122332346952	0.684424198629508	-1.9716535076896	1.31387596402363
3.30.390	0.792192677579463	-0.266965541649859	-1.69420976717472	0.490248553281641
3.30.390	1.07178799546343	3.6263962128022	-1.03131375633694	-0.761536274301292
3.30.390	-1.06341944129887	1.70252456049382	-0.353103682914149	0.573999372957296
3.30.390	2.99113943657714	2.63127981822113	-1.39314283018116	-0.865613510924518
3.30.390	-0.0699001132024493	1.78807607005273	-1.58339013062509	0.219112826527497
3.30.390	-0.67561799683088	-1.61469467623008	-0.822331351615221	1.25158321748329
3.30.390	1.84498255061617	2.71694917793303	0.014867121279205	0.685447830681429
3.30.390	4.93973719147469	-4.57230340244308	0.646844634905653	-0.1876080906284
3.30.390	0.378559732195514	-0.493487098087236	-1.43506508530236	0.161205725182826
3.30.390	2.61774596677903	-3.28402340647773	0.227758010606001	0.666504070916949
3.30.390	2.32872748748025	-3.27534577180643	0.346209880211227	-0.522874801883103
3.30.390	-0.452210824323483	-3.13889313813027	-0.739889809697752	0.720897310631935
3.30.390	1.18052935367856	0.826168319809071	-0.800877386552734	0.934330675962564
3.30.390	1.40724267470537	-0.0825682127605492	-1.46976752621966	0.102463720768739
3.30.390	0.674942542390489	0.0830985492092309	-0.917658314039018	1.06994135928559
3.30.390	3.50570011713437	4.37527219092715	-0.388317104066666	0.832674531173213
3.30.390	2.32586472359283	4.06030830169822	-1.60214517318039	0.178216857127093
3.30.390	2.36801260215988	3.04941911840386	-0.674652613603606	1.87733089847577
3.30.390	1.90958399646643	2.17218763043873	-0.539477178134612	0.890124560787195
3.30.390	1.0695151117042	-0.495091108387569	0.612879402471452	1.32508538693735
3.30.390	2.81602466643302	-3.3263875259677	-0.166710252636149	0.0397296554783367
3.30.390	2.02280189267491	-2.74555401556192	0.880396057873999	0.568761447524676
3.30.390	3.47250765210453	-2.80220764455199	-0.882000670259404	-0.842857216385053
3.30.390	3.38487804357263	2.3509571389052	0.124984460071695	-0.11565611237094
3.30.390	2.81852166008405	0.844043938496741	-0.567771969050992	0.595598138748945
3.30.390	1.74899971884128	2.18593671922722	-2.46814518321455	-0.162862512200996
3.30.390	1.63955818528445	-0.461903738841343	0.359456174439685	1.0944320142469
3.30.390	1.51944433970252	0.892517213878678	-1.0730740725627	1.53148867526632
3.30.390	0.726906948984386	2.36462915122531	-1.62318392202754	1.4058203117459
3.30.390	-0.482644467989405	0.72894767189731	-1.91215287546821	0.793450179682966
3.30.390	0.726006076942846	-1.85532745676502	-0.564061511129475	0.0141108624897945
3.30.390	0.994467560774723	0.23350230295479	-0.634308553256122	0.179595420684745
3.30.390	-0.0376088898327598	0.962338022424323	-1.12383061154829	0.762621098056229
3.30.390	3.10916002312866	4.39119466973963	-1.2502254149144	-0.969667418034733
3.30.390	1.12364162152182	1.37030697272782	-0.651442133489171	1.4037747498744
3.30.390	2.05848668341685	-3.3432527329179	0.231175670316927	-0.551721943487906
3.30.390	1.65990217127687	1.97138714569148	-0.664910674228369	0.815118025869935
3.30.390	3.24070587329344	-3.61154739086617	0.525800374758726	-0.211580287769936
3.30.420	-5.82760870087722	-1.70829875191819	0.254161583349232	-0.840912192719305
3.30.420	-0.536963932032907	0.0334623376741179	0.217116957210139	-0.596803807625208
3.30.420	-0.772936355137295	0.239634727605861	0.545106835168011	-0.277375966869061
3.30.420	-6.79116369955288	3.64342278463345	0.446945263689036	-0.74194363374802
3.30.420	-7.90296528928975	0.106838531147359	0.764775558671754	-0.282419397699229
3.30.420	-4.65206957246179	-0.329239967137234	-0.469516212908345	0.0922412337390497
3.30.420	-0.577978812222968	0.346143136408313	1.0503998091594	0.419134034850283
3.30.420	-6.98090500024241	-0.0854720642056242	0.63716304492262	-0.02938421869774
3.30.420	-3.15674496887436	-0.0705443780397447	-1.82136158447229	-0.373453791777639
3.30.420	-0.788208581045911	1.82450972287752	-0.0830659222267773	-0.738654211178665
3.30.420	-0.954476213482061	0.823585043268829	1.1882952239396	-0.0198605076088227
3.30.420	-8.26698236847308	1.50584721405268	-0.316369421629058	0.497058790465333
3.30.420	-8.24864423562802	1.46219770991535	-0.356222684453139	0.542823051683768
3.30.420	-0.705271470467885	-2.04416158678087	-1.44031905319538	-1.36940914816968
3.30.420	-3.94179733860354	2.67096791259989	0.104647283693343	0.118016585939296
3.30.420	7.69988125384033	-5.23200239877779	3.13191996571396	-0.5191069740491
3.30.420	-0.893613859852054	-2.96406335471092	-2.19377977796806	-0.176820139872772
3.30.420	1.29557731196878	0.421912968060686	-3.69725343423664	-2.13585769361412
3.30.420	-0.425308046638052	1.13827876928925	0.185224792120264	-0.9626995361337
3.30.420	-0.0394655114147705	3.62897983210685	-0.20936811403412	-1.09405914836623
3.30.420	3.0967837924571	-0.424374359823535	-0.398995009927124	0.623805349426146
3.30.420	-0.345244430178315	-1.98205335520369	-2.49303591177911	-0.909524523246968
3.30.420	-6.14816619430967	1.81034602279277	1.020692035734	1.00625142442651
3.30.420	-1.04643383139305	2.75251795699435	0.288521220284517	-0.662549164100497
3.30.420	-0.638056581313596	3.27205346539329	-0.797642950060906	-0.921761615431322
3.30.420	2.19200877882401	0.571393507156941	-1.37858969365517	-1.41058867811364
3.30.420	-1.899240990877	2.14982658403076	0.837429357973422	0.387544048670812
3.30.420	17.5415639403488	15.0181319776235	3.18172891996399	-2.37654339027705
3.30.420	3.15896622217197	-1.39601086731779	1.16196642399107	-0.907570713514904
3.30.420	-6.79661946417401	0.160300789023898	0.69997557368156	-0.475253650873752
3.30.420	-3.70574840316666	1.8301423565744	-0.635947179824519	-0.0765626397450563
3.30.420	5.6943231444885	2.43756578113217	0.57961307677407	-3.15798634903122
3.30.420	-5.98320664611959	0.389046130524407	0.134413426505693	0.589409111716456
3.30.420	0.367669600277466	0.936259706554054	0.24959113471506	0.172752733064807
3.30.420	-3.27619750112658	0.960633833236236	-0.798752247769959	-1.56054163073465
3.30.420	-3.71429832333195	-0.202201720626317	-1.44211582365376	0.689254122909252
3.30.420	-2.54996526603572	-1.58053062637478	-0.418073564012001	-0.00754514436513438
3.30.420	-1.04815563202468	2.70899907323381	0.0755908045005653	-0.273205745986425
3.30.420	-7.90011792890384	2.64062362339848	0.235545715629623	-0.986748771160215
3.30.420	-7.35837512748191	1.4455106044559	0.390237471466654	0.252613222883812
3.30.420	-2.54783546208158	2.34986450509217	-0.559211123730492	-0.541341438865074
3.30.420	-4.79113066910027	2.11336891965861	0.232381825533667	-1.18889404076568
3.30.420	-5.59266168875899	0.961613238832525	-0.116813808273951	-0.55656493515069
3.30.420	-0.157593565760373	0.663411105146307	-1.56370444588727	-0.0483567802699158
3.30.420	2.66800310768958	0.0478817629819491	-0.251199711451306	-1.2293723688282
3.30.420	-1.1393534016754	-3.02519272238256	-1.66143293081968	-1.31267152344734
3.30.420	-8.01915888075358	1.36583377457986	-0.51647686124459	-0.572498003189083
3.30.420	-0.853717062015291	-0.291226147779113	-1.27285640002979	0.361719052681167
3.30.420	3.72693567055092	-3.54843387459135	-0.673813272201831	-0.593225200290539
3.30.420	0.374449631044379	-1.50315858748767	-1.10936063694453	-0.62808502145829
3.30.420	-6.61196436670718	0.223522455757652	0.670150433566324	-0.330132444931475
3.30.420	-6.74505868038202	0.433511071240939	0.0994458159142595	-0.532072686806803
3.30.420	-3.38527468293602	2.5577871840533	-0.816602822848909	-0.351438420857305
3.30.420	-3.52007207831355	1.88325884875609	-0.975737226358891	-0.618454700409495
3.30.420	2.50291776812801	-4.61894397581008	-1.63781245123555	-0.456673908819421
3.30.420	-2.40754164910698	-0.945295110620677	-0.343007119311258	0.817423373834197
3.30.420	1.07108676360344	-0.0563568656611098	-0.376806290727303	0.12717414700729
3.30.420	-5.50999508667886	-0.159637095839743	-0.700286638703244	0.317533932532306
3.30.420	-3.6975150303103	1.14078938211854	-1.18440987461807	-1.14973728289644
3.30.420	-4.44124001193973	-0.13452722998053	1.48662656066032	0.15415584420727
3.30.420	1.03657953191835	-0.691817660516664	-0.223416702200689	-0.852184567349057
3.30.420	-7.87120063764863	2.01755767997134	-0.363909495425668	-0.581594492040971
3.30.420	-4.81391269797922	1.75623057013691	-0.844299544683053	-0.615573122274032
3.30.420	1.2546950693816	1.19949315304029	1.27795115927354	1.46114478131897
3.30.420	-5.57294423465617	-3.66800551835833	1.03168892063168	-0.6526455769241
3.30.420	-5.20340338763958	1.11964517809459	0.259080540423832	-0.819771576846605
3.30.420	-8.08523425922454	0.879836300292117	1.30528379253745	-0.645563221251707
3.30.420	-0.796590779844952	1.44692389485975	0.807460511753584	0.71109910361909
3.30.420	-7.24393728963867	-0.00598245685691001	-0.128469726114982	0.67900993560071
3.30.420	-6.65785882802842	-0.277529614893842	0.52096516051525	-1.20736103644403
3.30.420	-0.937984541806562	-1.67038952286438	-1.60358775922896	-1.43009873513071
3.30.420	-0.502180414994523	-2.05178879900995	-1.48107456300217	-1.64065413107349
3.30.420	-0.987957506491331	-2.16279824846008	-1.69481887010351	-1.27089435409014
3.30.420	-5.28167792367921	-0.681723151761574	-0.505761676012093	0.860528355915631
3.30.420	3.63946611346406	-0.833356262957989	-0.843408609910364	-0.690346115504834
3.30.420	-2.2674662313693	0.770453479812081	-0.712508194832446	0.328587878630501
3.30.420	-3.17321846242773	0.366993577956759	-0.0264297655186773	-1.24538547126878
3.30.420	-3.44557651281391	2.5033822359779	0.234091553829736	0.769360045006038
3.30.420	1.7764505739398	0.143194867482584	1.7267287402443	1.4685872732969
3.30.420	-3.21739354736431	0.566298068095343	0.929289392211969	0.270428996229338
3.30.420	1.38555354289541	0.617740676724696	0.6350147035107	0.271275569749039
3.30.420	-7.45963062726551	-0.780493500966079	-0.0291693752535374	0.465181489384695
3.30.420	-6.57295904629239	-0.11380434886212	0.436901378832949	0.951631106927446
3.30.420	-7.40133523933552	1.30595395557823	0.648449685726419	-0.169304301043557
3.30.420	-8.21748900160182	0.946459811523641	0.439007672360201	-0.0207843524939265
3.30.420	0.370823801117263	-0.121942459692312	-0.919201252514474	1.12536413977961
3.30.420	-4.05219502266941	-1.10353529135338	-0.946670324450449	0.205887240301094
3.30.420	-5.64838092310133	1.47379004839266	-0.101482870154293	-0.239166074787917
3.30.420	-5.46294228976125	1.74683803390581	1.75392749943954	-1.06277253210351
3.30.420	-8.04138709266933	-1.72857960188672	1.53747533132817	0.198955219506737
3.30.420	-7.41920141846937	0.379694452008619	-0.504056554690516	-0.582080771203973
3.30.420	-6.75250433936831	2.00418579730827	-0.087038769292387	0.801182060821719
3.30.420	-2.70767293760311	0.335251385403094	-1.66422759705608	-0.989936422031127
3.30.420	-5.31389228469851	1.74569212673947	0.997990846402572	-0.241950083385488
3.30.420	0.868978659208154	-1.79202944554929	-0.546688462288939	0.472421896892419
3.30.420	-5.20982137599446	0.599261096811198	0.405781067977416	0.760970464078446
3.30.420	-6.12771373230986	0.868682887045062	-1.67188098390593	0.418757110431971
3.30.420	-6.1161274082496	2.3652095461508	-0.711002363642553	0.209271846021566
3.30.420	-5.37282307453932	1.65297074200017	-0.166148085297272	-0.647946169627149
3.30.420	-5.07495770880603	1.70472024656778	0.0163744924014597	-0.966638855552935
3.30.420	3.58157055954768	-0.213732936706702	0.375250171920189	-2.16978170676651
3.30.420	1.30545832062707	1.454582451059	0.672533342892102	-0.522465878669299
3.30.420	2.39333672324385	1.65708931776415	1.5391515446381	0.140281873948191
3.30.420	-4.91588357831091	0.662220896886344	0.786811997486646	-0.378383333262322
3.30.420	-6.36989819928082	-0.228942738570181	-0.466607323600845	0.468768452124085
3.30.420	-5.94959629356311	3.25475860971519	0.0995826376528123	-0.531695822851754
3.30.420	-4.15628137253074	1.46020737546546	1.6308266305304	-0.608674150019366
3.30.420	-3.68077211109876	3.25338073990644	-2.15016400522701	-1.2580166388601
3.30.420	-0.132427816017792	0.926330643107125	0.802053394756269	-0.650359810670024
3.30.420	1.81679216467987	1.31984356633936	1.32185664936676	-0.493182154492282
3.30.420	-0.871135689464744	0.833215031817983	0.281896897249397	-0.813245010197358
3.30.420	0.973972701174525	1.85665000685877	1.75966424699252	1.43498997009802
3.30.420	-3.65049725793145	1.45861750096477	1.26507940697227	-1.16047843824346
3.30.420	-4.75212282127197	0.532134663937039	0.206601842787225	1.36229980969201
3.30.420	0.724905939609595	-1.77613670782462	1.64364063961714	1.64823992527439
3.30.420	1.82330903360351	-2.5780434007174	-1.82717115567739	0.513594858614854
3.30.420	1.13781812860462	-0.901132139071092	-1.36563185773527	0.499527196659867
3.30.420	-6.19177435458242	1.1021225510947	-0.181548283236706	-0.927357546936987
3.30.420	-6.13231117044195	-0.0730308830799166	0.580821225730852	-0.577994391770079
3.30.420	-3.97369025224637	1.28407767672601	1.16277229485271	-0.816698845332234
3.30.420	-5.06858946788353	0.971878764615764	0.126904566702635	-1.11394811553317
3.30.420	-5.42885398738229	0.945211928891034	0.154300727777289	-0.92681037609697
3.30.420	-4.09933572913193	1.11790298397991	1.17886774035193	-0.727877020646265
3.30.420	-4.74761907479299	0.697594910437015	0.745580273275294	-0.725555263987061
3.30.420	0.992809714862572	0.783630804343531	-1.43856980867696	-0.300848018170631
3.30.420	0.0547192716672804	-2.16335869730799	-0.651988247963916	-1.17958334305113
3.30.420	-1.14648374832933	1.61204790479731	0.351354576739876	0.41696389416623
3.30.420	1.69118173165217	-1.12426790911254	0.556817984572511	-0.346494361375495
3.30.420	1.63402556296675	0.0153618726711016	0.0587477475113945	0.0312546886565819
3.30.420	-2.24707234103379	0.133986421094944	-1.10628880222834	1.31057610757723
3.30.420	-5.53874916230325	3.81555862671077	0.467735088399734	-0.327298111640961
3.30.420	0.900953619674113	1.93854733611176	-0.151193735297234	0.781133049259711
3.30.420	-7.47540639361984	1.32747733408002	-0.848956163011386	-0.805970990660422
3.30.420	-7.59028539871109	-0.459116027014077	0.281779662237566	-0.254574362729925
3.30.420	-7.22028776396261	0.205644451617159	0.394423008958591	-0.28157962046826
3.30.420	-1.14770903388049	1.74639097583532	-0.659014379449203	0.196127692255754
3.30.420	-5.25725550191369	1.51020178572603	-1.31411359035948	-1.01465215715059
3.30.420	2.95608013956499	-3.06178506113331	0.516128616362626	0.461401775052942
3.30.420	-5.09539757397277	0.449710965987739	0.627890085919489	-0.644762937369422
3.30.420	-1.137602949184	-1.54454008637373	0.195521214956471	0.124553551935929
3.30.420	-9.60066768444858	-1.12039020757006	-0.28164115699659	0.0720896113737419
3.30.420	-7.69336801132627	1.62472733084088	-0.294536262090206	-0.665241603888803
3.30.420	2.53578302669346	4.7313511967414	1.27902167059152	-0.105801538303815
3.30.420	2.72692025586525	3.05525093302274	-0.296704399795485	-0.0456678886783163
3.30.420	-5.85801699989618	-0.871366944422382	0.136847303216705	0.672580784457081
3.30.420	2.53126193087676	3.67991422928915	1.0670752473404	-2.15095754877679
3.30.420	-5.21081304983715	1.35815519877505	-0.0474231200754804	-1.02420106179334
3.30.420	-5.56088065384547	0.936616039715711	-0.425147405574058	-1.00316505255438
3.30.420	2.39939396230478	-2.63225004216157	-0.161822132254663	-0.0196974452746599
3.30.420	-1.01689637168817	0.0161257283956279	-1.4685891539608	0.102310842140824
3.30.420	-7.6996279580552	-0.257142099994584	0.229818427366696	0.210763492435155
3.30.420	-7.36750198114505	2.10981958804838	-1.07180146460748	0.760980627884862
3.30.420	1.11074124216047	-0.362139131099732	-0.49094486784878	-0.104588151597194
3.30.420	2.1272497490867	2.52483139258851	-0.676915479481643	-0.980531498290421
3.30.420	3.71016053659744	-0.0681757102536628	1.28899273954497	-0.83071399496709
3.30.420	0.600756301784822	-2.91590273672496	-0.371717492481484	0.743730014639602
3.30.420	-4.30753679278177	2.10031638598486	-1.82457607793414	-0.826821372538966
3.30.420	-7.60493201844027	0.624040514936995	-0.288954336909345	-0.72812881541155
3.30.420	-6.69097761742479	-0.0495049055944723	0.45486575345133	-0.381053823219564
3.30.420	-8.23774379300939	0.387857958003232	-0.483916528999411	-0.41427308660011
3.30.420	-8.61759329417989	0.178826797622544	-0.711234382756361	-0.0873860330883519
3.30.420	0.879991988536126	-0.86675699928474	-0.854420607756056	-0.570438143025002
3.30.420	3.76633668031884	-3.31412448869424	-1.2757906132686	-0.226314380534818
3.30.420	-6.37102752683367	0.243453420748932	-0.685619419458037	0.188024769017779
3.30.420	-4.0537256975849	0.739673826512063	-0.73140017381959	-0.197079786651047
3.30.420	-5.21572261760308	-0.402404237620969	-0.987832397730284	-0.487583242472164
3.30.420	-0.164874609103476	0.12518103787874	0.225204759006307	-0.401750760439889
3.30.420	-0.910024104604641	0.419368885343573	-0.379360287370806	0.0312921751612478
3.30.420	-6.59381302240385	1.56183311786541	-0.00472142803353205	0.786839332548809
3.30.420	-7.81531525756346	0.237951562774581	-0.054075401100616	-0.0318647565437349
3.30.420	-2.96139124160618	1.18319930716629	-0.600159865966379	0.0603935961854002
3.30.450	0.66571447378198	-1.91869904452629	1.10590061315646	0.766570308249188
3.30.450	3.75682540025864	-4.14159216542374	1.0113188097308	0.986226907132402
3.30.450	3.19263427513449	-0.40534413492206	1.32195865650124	-1.29537250791715
3.30.450	1.54700783858382	2.36932620372513	0.750800523406269	0.503157337297384
3.30.450	-4.19076361582149	-1.3501315565479	-0.649592790580849	-0.6873718296548
3.30.450	0.955071971075538	-1.05043549157029	0.6063605212097	0.168496567607298
3.30.450	-0.201356725312165	0.483295159997669	-2.31570384896158	-0.986910069321812
3.30.450	0.103995446079364	2.74743581638383	-0.993215529216409	-1.79617911160117
3.30.450	5.86525485555448	1.36273037346495	1.99713006821331	2.4596567915585
3.30.450	5.48078135310432	-3.88985084539314	-0.353659481257634	-0.346703078022329
3.30.450	-2.55566869099526	-0.0855867382847716	0.145351313385626	0.37854061591413
3.30.450	-1.43955190687036	-0.47244088947551	1.03911211662007	0.684373938536001
3.30.450	-3.23470654835733	-0.793589639164	0.903444860686607	-0.696626563581653
3.30.450	3.12530837840618	-4.7560305005008	-0.588090130391353	0.945793255905292
3.30.450	4.32858490258416	2.27907303274538	-0.404134932206347	0.384573789268096
3.30.450	1.09856364852069	0.688123684212584	0.991960447623045	-1.20886511231901
3.30.450	-0.570102747643507	-3.68921486699277	-2.16536146240659	-0.624656944526313
3.30.450	4.05609793426757	-0.509571697400699	-1.29972899693672	-0.545122393746424
3.30.450	-0.231696046257063	-2.00357669275392	-0.80020051248704	-0.137235870497994
3.30.450	4.83172943796019	-2.23439694771376	1.67926604604803	0.823583343905272
3.30.450	2.52476499905058	-1.93602977283362	-0.300963671584325	1.34708619039125
3.30.450	3.92294108778923	2.92188236568262	-0.329304639115494	0.108049250205356
3.30.450	-5.86969272520646	0.456998743560091	-0.671307337700476	-0.0367410647797748
3.30.450	3.66741897575846	2.96586934960906	-1.67751731258199	0.762943298916888
3.30.450	-3.29821562302632	0.514432809687029	-0.913950755503488	-0.780408412462961
3.30.450	5.01035862725509	-1.6510496892127	-0.113713974932402	0.382380727037812
3.30.450	0.850490955136787	-1.59978755221014	2.81883046133306	-0.445866079015648
3.30.450	-3.63524669155785	-0.60102225338946	1.88449998317024	0.66161842831156
3.30.450	-3.68573317433402	2.98505836690323	1.00339676685503	0.318221625365861
3.30.450	0.631481704080126	-2.25935362501873	0.642056493520695	-0.333881593592404
3.30.450	-5.21016175565004	0.744343207884776	-1.29246323807702	0.230857866506507
3.30.450	-5.67170505726093	-0.381308139856318	-0.54331888361851	-0.752054509253488
3.30.450	2.0890839915183	-0.280827148173702	1.03450334276623	0.262912658329936
3.30.450	2.52044703757796	-2.81394549883682	0.402726352346857	0.532910730204927
3.30.450	-4.02859622887935	1.36918962923762	0.224267768844937	-0.923538265668167
3.30.450	-4.06170086812729	0.647591030059596	0.461971341907211	-0.737581567709632
3.30.450	-2.0588633427613	-1.90657869362102	0.142745191864114	0.460304422963604
3.30.450	1.23159853478093	-2.45427636898561	0.575630957096585	-1.68248656687137
3.30.450	3.50769607426995	-2.18351499804243	2.65320033501826	-1.07285580269604
3.30.450	-4.75849740026714	1.12176838637045	-0.899816522850042	-0.569152145591373
3.30.450	-5.23531782107427	-0.574839764106043	-0.240241056443555	-0.139186829815055
3.30.450	0.842920919885465	-3.52631074042812	-0.993722571478263	1.29142501077765
3.30.450	-2.32330086114471	-0.550241320167465	0.212384792529801	0.344688558180718
3.30.450	1.35318665195918	0.278462673380443	2.25077038287075	1.79420036564754
3.30.450	-2.12181622685577	0.527313007111186	0.416662200566898	0.403166959673517
3.30.450	2.36100771018161	-0.561807152050326	0.420218639473821	0.469310831912943
3.30.450	-1.45371173262757	-2.69145212379572	-0.459805135110727	-0.328029935631803
3.30.450	4.57669785606478	1.6869412303916	-0.473759995687767	0.454617859578756
3.30.450	-3.5333672987593	1.21044491040021	0.74803790929798	0.806874039310008
3.30.450	1.41276875085367	-2.90856210860869	-0.190400807161687	2.79189020052755
3.30.450	-3.11755151228398	-1.07913430378966	-0.00713349154907358	-0.25633241829681
3.30.450	-1.34509184572946	-2.60893622297029	-0.899578213669418	-0.135945149439688
3.30.450	-1.05893046750193	1.60299824657858	-0.494131300210299	2.07930757486975
3.30.450	-1.88751428610742	-1.37306897247454	-0.836483226169338	-0.664547072466632
3.30.450	0.841049178547187	-3.02075431399873	-1.48637305328389	1.06022455492843
3.30.450	1.45442249255849	0.883063319918737	1.24466880079348	2.47934749739268
3.30.450	-3.57306805243988	0.475696709789798	-0.458885954068314	0.53378029008606
3.30.450	-2.3147970875847	2.8388326821873	-0.424090945409708	-0.578804003269787
3.30.450	-5.76922849799554	-2.48287408345432	0.458971216374003	1.14643661644081
3.30.450	3.19943820050138	2.82890632889401	-0.133512707050633	-2.23328292958311
3.30.450	0.798465689060629	-1.12404141201488	-0.103502765323219	0.990547136815615
3.30.450	3.35457440124729	-1.50634029311143	0.721978421135991	-0.0582905091938317
3.30.450	-3.61718016040516	1.18355671326062	0.544631689745649	-0.952592489324423
3.30.450	0.382009968471959	-2.57705234970959	-0.121912235029573	-0.316152932075922
3.30.450	-1.61006407055807	0.32901766190065	0.204107404504175	1.03158320972689
3.30.450	-2.01778410147654	0.0878364000761141	0.226558606815192	-1.2225427851695
3.30.450	0.792997669659225	1.39700960164374	-1.52511264824195	1.04091982226664
3.30.450	1.16484780636961	-1.72779138900083	0.361026631597332	2.2086283799995
3.30.450	3.39779773553569	1.22833805340232	-0.900803765876036	0.134652860943072
3.30.450	-0.171195443301017	-1.60115247261047	1.09344396750002	-0.16564712568404
3.30.450	3.64233323294154	-4.38367927459663	3.02815540846553	-2.11420471404206
3.30.450	-1.88687380313181	-0.339442542677755	-0.0331727910971668	-0.326605291901125
3.30.450	-1.78679410645295	-1.54115515843046	-1.39842671121944	0.623436399505709
3.30.450	-4.05983533331077	-0.318679151144941	-0.331749409869893	0.335855606661633
3.30.450	-1.74378145184291	-2.69775846596121	-0.743980766212535	0.852132096772378
3.30.460	3.54365041931331	2.37045095141499	0.875618843235849	-0.993923949640524
3.30.460	1.94185004628592	2.36721371039348	-0.218272115522485	-1.13354178639203
3.30.460	2.54930150474186	1.64456349115922	-0.131396849198134	-1.00606789439714
3.30.460	1.58681633671454	0.295142529665589	0.492942951661456	-0.0491894732614235
3.30.460	10.1719324537753	1.23632819707431	2.58803117765607	-1.1332835730088
3.30.460	2.62721754164241	-0.345097168653011	0.15113483196368	-0.575581878620974
3.30.460	2.62012788690101	4.51071880022665	-0.334920394304173	-0.981183995229311
3.30.460	1.65446729400477	-1.48224963099455	0.407499544011052	-1.90610991567976
3.30.460	1.32474931966694	-2.53279361130141	1.52508215623503	-0.269713572739337
3.30.460	-1.01394505902831	1.93858587573193	-1.43010521463778	-0.424133988246972
3.30.460	-1.67339094559811	1.76592349166228	-0.383923516162998	-1.15250261870977
3.30.460	1.05441093812261	0.904799916456995	-0.137638727856801	-0.039536098969462
3.30.460	0.916098398554351	-0.531207962167993	-0.609799593128967	-0.683828587993751
3.30.460	-2.99281132489641	2.12928154846413	0.95666814921772	0.252095858488314
3.30.460	3.37527766977115	1.479288171795	1.15739594145552	-0.384039986587858
3.30.460	-0.958119998172471	3.66417420356571	0.127212807111292	0.610404532000868
3.30.460	0.764608957833573	-0.0998540692989079	-0.845279153984168	-0.857621039316867
3.30.460	0.441253645099646	0.460085150242907	-1.57036156551688	-0.580772653316297
3.30.460	-0.587271610479441	-3.9756756620659	0.295477110207356	-0.00989536631174562
3.30.460	-1.83382542324413	0.722280372022871	-0.0275340022729245	0.182635534963708
3.30.460	-4.33560796737546	1.19118621873789	-1.75506904366327	-0.262098126945548
3.30.460	0.17523255153038	-0.358511714590457	-2.74379323009107	0.286702366158915
3.30.460	1.68041347512331	-3.73697352200392	0.0984593527555853	-1.51887514865894
3.30.460	-5.42253279551441	0.985309750203479	-0.517422663314569	0.874221845026651
3.30.460	2.58784371265875	2.03330022606812	-2.15017473243697	0.183346619920012
3.30.460	4.72756888785409	-3.49344017577676	-0.361155530258279	-0.0708186747732863
3.30.460	-3.90209146010218	1.22747693030321	-2.17189520669711	-1.43553549629185
3.30.460	-0.20385076757824	-0.662241076772599	-1.69101523966523	1.24453376534187
3.30.460	3.01764193548818	2.61108401204203	-1.60116359941185	-1.57309227429044
3.30.460	0.870729080608949	0.453514705355891	0.942798337970261	0.920861702490867
3.30.460	2.04958759138257	2.53312477345121	-2.01978525452329	-1.11380415064211
3.30.460	1.55433260059452	0.798185272226293	-0.574878862780078	-1.04399221455525
3.30.460	0.698395231732664	0.661311709478841	-0.400448157183493	0.0362727525565621
3.30.460	2.63442389912961	2.09382800177208	0.336905120224403	-0.776265277095537
3.30.460	-2.84722263794296	-1.57393866390415	1.10517832707009	1.15298356632819
3.30.460	2.39015840529288	-0.565824409504698	0.501599874409159	-0.804251006222659
3.30.460	-1.18058229475751	-0.0237909330442981	-0.0637153594552478	-0.696490409408923
3.30.460	1.20243543281358	0.252168025105474	-0.253572793139438	-0.14807669225583
3.30.460	1.43816902673755	0.445486513351184	0.2522916245243	0.454761868319471
3.30.460	0.317421178039871	1.18353442589727	-1.19053801414517	-0.188043588869409
3.30.460	-0.261327308118915	-0.389827934731756	-0.256415064723899	0.390400901406757
3.30.460	-0.791299619270109	0.997311623551964	-1.286900080513	0.354030973668646
3.30.460	-1.33602922702887	-0.0387566006601875	-0.859864290225214	1.21583360924931
3.30.460	0.415699054479306	0.333118565699461	-0.410776418309752	0.391555954841402
3.30.460	1.90301241091711	1.91667471261201	-0.511609240860616	-0.848118362790992
3.30.470	-1.50158227010865	-1.12800101843505	-0.176986594402057	0.437437581185502
3.30.470	-3.35866427175823	-1.21546889633353	1.4527497586	-0.00572487988895311
3.30.470	-3.78600588008289	-0.612689018267636	0.46270274321187	-0.0627607600525914
3.30.470	1.06972361426748	1.06352991025452	1.37903948010753	1.32814827417241
3.30.470	4.40005395894785	-3.14157012633531	-0.919791635911079	0.73446037520269
3.30.470	1.55370146283413	0.646013836412503	1.32905028764722	0.958986809373799
3.30.470	-5.19318820121954	-1.42373104328606	1.68210623703137	-1.15424479017557
3.30.470	0.682650397064601	-0.402694075718103	1.3491183023803	-1.13282674998261
3.30.470	-0.613051251282216	1.83328430051872	-0.629421565404567	0.605191332931052
3.30.470	1.85778193828362	1.11653914194848	-2.47290043875684	0.592716016963931
3.30.470	1.03421907568516	-1.62329725108018	1.91616453725688	0.82613238071828
3.30.470	3.36830633622059	-0.385810650333072	-0.63675731518969	-1.30249411637397
3.30.470	4.86057198630751	-1.19696775365771	2.22413997120172	-1.72495077315677
3.30.470	2.37528394849491	0.552950033821795	0.13550243134623	-0.288391328361283
3.30.470	-4.28706604272969	-3.5311425387702	0.983156257654691	-0.0184962980643179
3.30.470	1.2835107021239	0.324127369862557	0.801905509167096	0.483831512760506
3.30.470	1.73253382741669	-0.67800269463864	-2.03606509638134	0.327643895975308
3.30.470	0.545741441930236	2.19600060888437	0.753733074956758	1.54274331582544
3.30.470	-7.78903653713729	-3.30079185750418	1.07526818983297	-0.100296458238328
3.30.470	1.74452016288158	-0.226128222597371	1.15515462500654	0.154834749075965
3.30.470	0.700717247835981	-1.71691979979138	1.03137270754676	0.612418975429786
3.30.470	4.68917717235098	1.28176075630711	0.651527420784981	0.235732753673315
3.30.470	-7.57083479723994	-2.14390435102387	1.34969739634904	-0.778863541371095
3.30.470	5.91283329548451	0.102837998593885	1.29194624191025	-2.27529488085107
3.30.470	-0.441425353565751	-1.33893459536684	0.426136637842276	0.138742284634604
3.30.470	-0.89554900953356	-2.86793986257459	1.45122306354518	-0.262621148637068
3.30.470	-4.08888044592171	-0.909412056883709	-2.00636404545522	0.516810254895703
3.30.470	0.515529027452379	-1.24897124410857	1.57113353895145	-0.82595346060651
3.30.470	-6.31930642999757	-3.28608880510631	0.042441121839551	0.0270147016311792
3.30.470	-6.78291810430879	-2.15734730304073	1.52301569282497	-0.530274227459102
3.30.470	-0.383278801948416	-0.570621094398477	-1.92629893033728	-0.771680873191358
3.30.470	-0.312661384735149	-0.19616501371102	-1.77281481534406	-0.0738140194798308
3.30.470	0.338954348001632	0.680466460871346	0.487115849799476	0.776592827377882
3.30.470	-6.09824008854442	-0.00620115222272746	1.04266697496708	-1.40087228173725
3.30.470	1.54390192763801	-1.93352355163374	1.54950722750781	0.105264253757532
3.30.470	-1.74118398675801	0.670128494328185	-1.29339327687522	0.47127226949968
3.30.470	-0.456768027634116	-1.84011677383827	-0.0604794475107214	0.440719886653472
3.30.470	0.665213042747135	-3.39963981914841	-1.23168893984793	0.342419458254252
3.30.470	-7.58748595705983	-2.70608513696664	1.16645046092442	-0.786661915866473
3.30.470	3.34121987123162	-0.914764763344285	2.43400868548679	-0.918437595081571
3.30.470	-2.21613065852058	-2.0998014116715	-0.0975321799229014	0.521017282347628
3.30.470	-1.29201527763804	-2.10363125388429	0.974263087385819	0.00887872026468422
3.30.470	-7.45389222664146	-2.62057463334456	0.733597211277306	-0.0769917957906757
3.30.470	-6.07904501924302	-1.96730440666442	1.39848422174426	-0.913079953719376
3.30.470	0.58432114721092	1.02581233540204	-0.703063665168892	0.720352292255532
3.30.470	0.161640032837474	-2.54903378212738	0.595792074984444	1.11351940761784
3.30.470	0.174563448165199	-2.93621369249062	0.617329887372788	0.947190647230594
3.30.470	1.22046108892053	-1.89381901683894	1.46039331372319	0.389203809534256
3.30.470	0.518768416658965	0.204996045941035	0.365054934519389	0.0857913894474363
3.30.470	0.991540826288886	1.04372113193071	0.441005835630534	-0.334663343413155
3.30.470	-5.73795841064923	-3.78906243814462	2.1290648173203	-0.840718084054523
3.30.470	2.65809355419	-1.98029403907083	-0.122148849581029	1.19900559525666
3.30.470	-4.56991989157448	-1.26631038772216	0.0298407539358853	-1.37875884998778
3.30.470	1.44595237971872	1.60220453480053	1.23967459405627	1.17656640122721
3.30.470	-0.771837622484167	0.16987964470014	-0.295522958069654	0.747285685125936
3.30.470	0.112814111293988	-0.33812569931716	0.43663301212376	0.711602093133132
3.30.470	1.33645950398057	-1.37466084439856	-0.570686359178396	-0.118834957224319
3.30.470	-0.819642263660617	-2.40615854485021	0.652264909774015	0.85143592046247
3.30.470	0.756930574832479	-0.184199469295605	1.63498678708531	0.828288958179241
3.30.470	0.511752512892138	-0.356840461393295	0.795728672190023	0.465435091712165
3.30.470	-0.919637149301077	-0.763498987393516	-0.121687037570908	-0.0573993880651718
3.30.505	7.28958612396273	-1.38561482014299	1.08240984611915	-0.203158416843465
3.30.505	2.97634781480886	-1.64917060320394	-1.16217718444055	0.070309864588686
3.30.505	5.87127037805453	-2.68744052638498	-0.0745231933825564	-0.241490552861336
3.30.505	4.51696512971176	-3.49090535520971	-2.10999323183544	-0.464774328490445
3.30.505	4.75814120716998	-4.92082046407426	0.0086081533975956	-0.125409442079357
3.30.505	8.70221229086744	-2.23305097104423	0.152763664974242	-2.5124830174504
3.30.505	6.99721890331405	-2.94981277991333	0.720152992247208	0.123388580830904
3.30.505	3.21016317873748	-3.0124529562831	-1.3097885852261	0.535711600345133
3.30.505	7.87556066414914	-2.91598629614393	0.544281368633223	-1.08756246037031
3.30.505	4.24291639968708	-1.50748557912515	-1.50826473626004	-0.295269985487871
3.30.505	4.31635534167922	-4.9534402583718	-0.669569188346562	0.933266914293767
3.30.505	6.96984205893746	-4.82562421360402	2.20924905358871	1.02150805233493
3.30.505	5.80251461836046	-4.82190509516352	0.821527821328624	1.70683358910235
3.30.505	6.77406990102948	-4.78586379025566	0.354752766209905	-0.509566889334614
3.30.505	8.82976864774255	-5.93939838067954	0.457134548000378	-1.41957432621771
3.30.505	4.39692138995106	-3.56490969331844	-0.238661237435698	0.325011404981441
3.30.505	5.26904979092153	-4.84723342247389	-0.249685992110337	-0.0689077629429977
3.30.505	4.26217926105731	-4.20826012928008	-0.556301977466338	0.244918821134868
3.30.505	7.30142707270038	-2.55931147614399	1.24167312474873	0.0645768309200838
3.30.505	4.1040826959328	-4.32337752967532	-0.384346922389414	0.987422275611463
3.30.505	4.75432826855566	-2.45083267637408	-1.0629377548128	0.120214571949052
3.30.505	2.32611902100425	-2.47659469349221	-1.30127942267514	0.247021535509629
3.30.505	3.49959605065423	-5.29430812577012	-0.356533370130749	0.70478408121853
3.30.505	3.43342272101066	-4.43025783675755	1.45010046820757	1.39281291987914
3.30.505	8.40562758947838	-3.26646921630105	1.38759924370808	0.130107155275709
3.30.505	4.09688111876151	-3.0657570662521	-0.0511288938620558	0.658507662876162
3.30.505	5.29798938621619	-3.41283341454983	0.458647683940233	0.820476460422189
3.30.505	5.29860399513844	-2.20055136034361	-0.252722563568157	-0.773838179776979
3.30.505	4.52718459089287	-4.84687825668795	-0.120831615888671	0.997654536713372
3.30.505	5.58363912041847	-4.10879926613453	-0.644100747410458	-0.445731203746269
3.30.505	6.47638272985871	-3.86261294863688	1.26031744501081	0.919945035863498
3.30.505	8.61330608955225	-3.44511877378535	1.94747615910566	0.248019816739981
3.30.505	4.28986937116312	0.928470822571674	-1.98238332155701	-0.0615091348748276
3.30.505	3.35162477677962	-4.11057550076667	-0.224080128143038	1.85272820956723
3.30.505	2.38897873570788	-2.08586822635759	-1.53751883723717	-0.0348097563834111
3.30.505	7.55980150183333	-4.17957274259328	0.558392781560009	-2.13095562830009
3.30.505	3.54025071424476	-3.28250388877043	-0.698852442266826	0.726192575624746
3.30.505	2.31866426835691	-5.26490276879604	-0.821218122160409	0.08457830167624
3.30.505	4.0173562880201	-3.88049535391848	-1.25059815358595	-0.395287198974146
3.30.505	3.66427532298919	-7.51498483337042	-0.0123342988125412	1.03807195069937
3.30.505	13.7753408664473	-4.07919908830172	4.50150510211867	-0.969737124583434
3.30.505	2.08868126470851	-0.937448425834218	-0.508350136237957	1.1519828820474
3.30.505	4.2787769602596	-3.5050041665422	0.0377289568430196	1.14595229629516
3.30.505	3.82423351683674	-4.039638629153	-0.710907120674041	0.877677527255187
3.30.505	2.45971687642599	-3.98767052539152	-1.31925642468911	-0.0812499431559591
3.30.505	1.14402716790406	-0.347878738207171	-0.532192379416094	0.339117379818104
3.30.505	9.00069227027119	-3.55112604169899	0.976338662781207	-1.34176744433198
3.30.505	3.79177147227054	-2.56792673807975	-0.793275041358443	0.375830518010982
3.30.505	3.10373817272948	-4.47121948410941	-0.454183719367196	1.67582681424109
3.30.505	12.0909071354729	-5.63017918713134	3.43310283008443	-1.76722062987942
3.30.505	4.73764012450068	-5.35838969294632	0.773945856393421	0.801295750890088
3.30.530	-4.81414075113909	-1.64632897326001	1.79571437998156	0.0499852271567504
3.30.530	-0.407291259231789	2.25033028752432	1.01323668367799	0.267820964063423
3.30.530	-1.75922607125191	0.701140110039787	0.600527284243913	0.560272268135714
3.30.530	-1.51314396501038	-0.816302582239436	0.444296992530134	0.894026099493767
3.30.530	-0.247478173829446	0.170374842267193	1.58655578231567	0.179392301071687
3.30.530	-2.30554319269344	-2.81123026548015	1.7914225325324	-1.06885761507914
3.30.530	-7.77268395482539	1.19730226719431	0.453510040993819	0.036342007037605
3.30.530	-3.57869716035844	0.480072734663173	1.87152233309176	0.916118155431294
3.30.530	4.20568151168558	4.3636993496009	2.67221975995922	-0.0865511123246813
3.30.530	0.246989512181784	1.61984507370057	1.26957590927946	0.494772815843247
3.30.530	2.53340122941647	-2.12339374204861	1.91136714703224	0.0603924064920752
3.30.530	1.94084679383984	-0.715986092400289	0.905939014488728	-0.380056848398445
3.30.530	-9.26040587346393	0.972358087775421	0.625480205293449	-0.0312189814409505
3.30.530	2.81067023391323	2.42881102709963	2.64706944441206	-0.352949250324169
3.30.530	0.807420395521341	-0.332361536143724	0.104639292800434	0.117960363954617
3.30.530	2.22523779662539	-0.0445559604916521	2.12189642615994	0.0375428267466391
3.30.530	-3.62011601876393	0.806485135449503	-2.09882346163529	-0.91050029434015
3.30.530	2.37392483258867	2.24885110602333	3.29534753788655	-0.162646270351474
3.30.530	1.41762459581654	-1.04543399233969	1.33197206351847	-0.228397193583131
3.30.530	-4.8638817962727	0.296789068844227	-1.69324598833214	-0.0984119929107806
3.30.530	0.469815867166773	0.760888429749885	1.91825304626289	1.27783381166387
3.30.530	0.106417681316476	0.508413579836541	1.86050327893731	0.718202856506848
3.30.530	2.24625835052326	-2.28174149691612	-1.23240299129253	-0.625034664242634
3.30.530	-1.77415038380957	2.56490390311984	-0.413613083194473	0.920799927163111
3.30.530	2.02352835609424	3.22924034865555	0.586424009276384	1.4211973648358
3.30.530	-4.33798248941607	-2.36711879087788	0.689831470294228	-0.845396783128955
3.30.530	1.79728262623716	-0.49516442540487	2.52168729311396	-0.643392463314095
3.30.530	-1.28691955172759	-1.06535915789212	-1.18538852182839	0.0582296462820678
3.30.530	-2.73763458382229	1.11945334334529	-0.310212052877812	0.432666958794274
3.30.530	-2.65561200323784	0.117053193508069	2.00264953193708	-1.23041359970215
3.30.565	-2.79621806249866	1.38642387035833	1.02050606174648	-0.399187848924354
3.30.565	-4.9420810160461	-0.0126848886709242	1.51570415823312	-0.207865034116895
3.30.565	5.36028598516722	-1.30248568058991	3.59449535171877	-0.0540183955514843
3.30.565	-5.96272240502789	-1.40554661824021	0.225508423270415	0.213652026403134
3.30.565	-2.2631539496601	1.29746862987736	0.819788503187254	0.117813671851186
3.30.565	-3.71366289308493	0.284501499343599	1.31694565028107	-0.260827819083286
3.30.565	-3.18996012794968	4.3089909855579	1.36192948751055	-0.507542436511021
3.30.565	-1.85854960306795	0.0535466409763965	-0.580119828582006	0.0490388073043949
3.30.565	4.77791296744559	-1.89343077069573	0.172394768108606	0.0236783948444024
3.30.565	-4.74130410458142	-1.83058379478435	1.1774593743976	0.219004333043958
3.30.565	-7.65628832152465	0.222113846026658	0.586353045452751	0.264117753921544
3.30.565	-6.82819441008447	1.2185297979734	0.520406163631715	-0.412563835407791
3.30.565	-0.68916059680379	0.171837381143886	-0.00341603136164448	0.0597534708037803
3.30.565	-2.09850352881482	-1.26472587158944	1.46403603553118	0.874007377626551
3.30.565	-4.71924112765106	-1.53192247195022	1.50113532083261	0.614835114402771
3.30.565	2.32958925421026	0.905825939347527	1.85792441378938	0.520845891923672
3.30.565	-5.48306590557223	-0.356932719524768	0.762928792499991	-0.547821105905981
3.30.565	-4.5460660308567	0.174554970343403	1.24510735509938	-0.504589490946245
3.30.565	-7.2953655575967	-0.296555032328411	0.978675505465471	0.546384294813962
3.30.565	-4.15067543826889	-0.745675894261756	1.19235754190298	0.430953526076054
3.30.565	-3.20338860421941	-1.06133907338406	1.96715626160042	-0.290044447508959
3.30.565	-3.32723922802746	1.49153558705782	1.82682676640818	0.378565064127352
3.30.565	-3.58585291936303	2.67687646074124	-0.270061621795675	0.0963091501437128
3.30.565	-5.43262685208357	-0.324800805816704	1.03581490044295	-0.0639269517770861
3.30.565	-4.81507091406602	-0.78900030198077	0.514388280151327	-0.614974787991457
3.30.565	-3.06156800080807	-1.11183248010195	3.18175751950421	-0.858871121642623
3.30.565	-5.89334753873786	-0.408045496195804	0.735150152100995	-0.658637002450434
3.30.565	-7.04978307434274	-2.12988417219488	0.253811589081893	0.456271035872566
3.30.565	0.153201764483235	-3.43857922830819	1.35454874938076	-0.608122262338236
3.30.565	-2.30943464151235	-0.366108772121079	0.434272486311184	-0.159593685985765
3.30.565	-1.97873555191269	3.41561232796384	-0.395795274685188	-0.613039485966039
3.30.565	-4.48705334992492	2.49793821132608	-1.24571095082706	-0.179983003889554
3.30.565	-4.28898750451811	-1.3932944085073	2.03653213436945	-0.448721655561695
3.30.565	0.177970517352563	-0.529386108257931	3.90352958603345	-1.65382872635915
3.30.565	-3.05361363962973	2.77191673000926	-0.894828269609536	0.134399004087714
3.30.565	-5.48846174229318	-2.11957300713579	0.158424160836293	-0.745621154582924
3.30.565	2.8014937450131	-0.748030099218258	-0.00560323782370276	0.324854403210367
3.30.565	-3.40414986440736	-0.775946973191003	1.29844659411368	0.734968587001177
3.30.565	-3.79800643720392	0.701353620413023	1.20332412119918	0.640414157156114
3.30.565	-4.23459995137113	-0.879485021207971	0.918462584432354	-0.318152832858016
3.30.565	-4.379295231649	1.75421768078666	0.626676370569462	-0.823138523756253
3.30.565	-6.09223052979259	-1.02749865250413	0.813214865481166	0.176878015438798
3.30.565	-4.92632795715226	-0.214359770167789	2.36020736337686	-0.179321393872196
3.30.565	-5.24877218272075	-0.673277216775124	1.41081840554189	-0.395861001720539
3.30.565	-5.82050321503175	0.304851216334791	0.460030255456615	-0.197411327283478
3.30.70	-5.41953989480818	0.754990220020278	-1.11973919624759	0.799674202895099
3.30.70	7.19503329259065	-0.437129262567149	-0.383330434388553	-1.01669768922006
3.30.70	0.375435373932821	0.986451859288878	0.346057262712692	0.551893387326378
3.30.70	2.54172049674188	-4.37589764499627	0.725872319108237	-0.368823540436982
3.30.70	3.32059133297999	-3.62579447036691	1.89487548162207	0.649884474351068
3.30.70	-2.85217247981274	-0.123071190912313	0.122562033724633	-0.117811997183812
3.30.70	5.58708811516013	1.9446592541864	-0.169407674932847	-0.605512325790723
3.30.70	1.94828340556632	-3.03587507962504	-2.5299381892466	-0.427892773832666
3.30.70	-1.49268202810823	-2.55499567735395	-0.726771796696207	0.532815383582362
3.30.70	-2.45622267713639	2.25400706562188	0.984117249857324	0.442090633762678
3.30.70	-0.68149013426392	0.609125421537087	0.0334932716979324	0.594607644122167
3.30.70	-3.99579524417005	1.09292006005575	-0.444155646753323	0.123675568934946
3.30.70	-1.20125683232671	1.08786638675573	-0.772957826582519	-0.074927673638416
3.30.70	-0.865799346781025	1.29458691919634	-0.386342551865282	-0.506733211914812
3.30.70	-0.52504462935521	-0.0543672945774848	0.212478638163829	0.588940982907391
3.30.70	-2.90843677067784	2.10005123861984	0.17656837029558	0.352904496874605
3.30.70	4.01311278941067	-2.28004792414453	-1.08168830371461	1.30565386819974
3.30.70	-5.23649297147333	2.11033306440913	0.0101270438611524	-0.672726952211501
3.30.70	7.66895140536799	0.378812328495569	-0.826407932777164	-0.752144818823025
3.30.70	5.33076346482895	0.220638728467459	0.659559870346302	0.7866474441078
3.30.70	4.43931098624149	2.84549621247249	-1.68157855833056	-1.11411628771078
3.30.70	3.06162664862983	1.04803590956783	0.29216658505671	-0.617524813948717
3.30.70	-0.489534247801011	-2.88393316628333	1.27926278248675	0.313972417583194
3.30.70	-7.54958131425142	-0.930385690814383	0.397858511827532	-0.212544094508606
3.30.70	-7.2761200583628	-0.768412793300974	-0.126687185503434	-0.762349046411666
3.30.70	-0.706358718650753	2.32753964012762	0.417476072454189	1.34964745571663
3.30.70	-3.91091166786287	1.16932220790396	0.443061081934407	0.749307302890901
3.30.70	-0.905108825143355	2.6402196711393	-0.193134940430938	0.217617670160747
3.30.70	-2.49941196549139	-0.0362473721122625	-0.818342655815643	0.0694881565564361
3.30.70	7.34404292255934	-5.1868019445159	0.881811026656663	-1.13086662380143
3.30.70	4.35461243571708	-2.23161688104106	-2.07764086985019	-2.08968362574534
3.30.70	4.68289985203679	7.34878843616735	0.340468511361934	0.410173058007938
3.30.70	4.50626997163322	2.16214451617187	-1.36997941691734	-0.187592539085517
3.30.70	3.5975215986573	0.12967817225303	1.07048510351256	0.0669355050423894
3.30.70	7.71860013925436	-0.273066230698598	0.23721684357735	-1.89468248750828
3.30.70	7.79509359883556	1.16398517230235	-0.745862166156193	-2.8611202807557
3.30.70	-0.624418511790615	1.35793499899911	-0.357284353934349	-0.266174041181152
3.30.70	-0.250780614173193	4.78712996952124	0.270235151261169	0.379245889562631
3.30.70	1.37300806930108	-2.31544084595506	-0.357338850209955	2.02037325737408
3.30.70	-0.511424260390698	7.15596259922675	1.54044847354218	0.451427257080158
3.30.70	2.70511990515264	0.50436825291048	-0.409113805475012	1.5033597473596
3.30.70	6.96982865676529	6.65815637157208	-0.0204681291163202	-1.62512383531501
3.30.70	3.5002073616942	0.404364165556661	0.767922080069449	-1.49384172951828
3.30.70	-0.513850566122977	-3.34392294390254	0.721315261572206	-0.244060339450416
3.30.70	0.907787567499393	0.889976565619769	-1.64460655267554	-1.36746321617703
3.30.70	-1.75703521226305	-3.11552846217121	-0.574910563243136	0.40537703841803
3.30.70	-1.62854744254415	4.40155595596213	-1.29564328545808	-0.714279638044139
3.30.70	3.87619697243734	-3.12971670654216	-0.729670409807824	0.349818332505022
3.30.70	2.88966222099265	-1.45486924252651	-1.05365317141067	-0.0351085819888946
3.30.70	4.98097843579705	1.68798856863443	1.4582159948266	1.48243250522321
3.30.70	8.73399698895926	-3.84523038239773	0.935959991810181	-2.55011841798746
3.30.70	6.35016673285785	-3.34157542497689	-0.187950003606493	-1.80941254615313
3.30.70	5.62526268486481	3.89829560632086	-0.315557536783889	-0.0582134015018771
3.30.70	0.507702002644147	-0.926728326867516	0.282336583229226	-0.485938496342887
3.30.70	-2.68745263549686	-1.78377982754545	0.0958968305440711	1.03392595472445
3.30.70	-3.12265636232481	0.480529841889045	-0.923135562585563	0.600673874665122
3.30.70	-2.67607031683696	0.866703278934043	-1.66105922613321	-0.857199882820129
3.30.70	6.81012730704446	6.38012187258864	1.65990984436264	-3.41116488187226
3.30.70	7.60454462103755	0.527622717136301	1.9639238296838	-0.639475810065409
3.30.70	4.1256214119811	0.620978967418794	0.502659110933245	2.01123097548792
3.30.70	2.49949955399689	-2.38840732819109	-0.0563267453547627	1.86568637972664
3.30.70	2.64845142085532	1.00045708302448	0.88448883008896	1.10238258987591
3.30.70	4.56442107682652	0.30527648432403	-0.24829763159717	-0.923857419491541
3.30.70	4.5435389669285	1.98690714821073	0.772445646185054	0.829420085720291
3.30.70	4.7297029657887	4.44884889821733	-2.57936657944906	-1.95651557646976
3.30.70	4.93109869346094	2.49729142708135	-0.218394202848051	0.375974367437458
3.30.70	4.16157021239409	-0.990971065653591	-1.64620554484341	-0.315471945859412
3.30.70	2.31211883610198	3.61580814703458	0.0156744878888228	1.26961838192728
3.30.70	-1.48711859159038	-2.00740700988356	-0.998338099315052	-1.83462030014129
3.30.70	-7.16726090865398	2.30987060647695	-0.97435260777304	1.25869834491755
3.30.70	-1.90276669461047	0.734618625065274	-0.0754770572009161	-0.319183313353482
3.30.70	4.40006461587757	1.84999138374969	0.566810295834366	-1.53728434167087
3.30.70	5.23153059499503	4.91065577229954	0.125143387419444	0.508275964012531
3.30.70	-2.46330411981251	-1.05888412939381	-0.444012195897886	1.20393581129795
3.30.70	4.52099683171578	-2.01105373704432	-1.50206862536485	-0.955767920446671
3.30.70	3.7018112106334	-1.03292355547893	1.05580909953666	-0.150452921961109
3.30.70	2.58053303745253	-3.44213256042102	0.330125686299316	-0.848891753174042
3.30.70	0.767243389459683	2.67428400612076	-2.53848291635388	-0.994043830175408
3.30.70	9.96774616774721	6.7531065458975	3.23724452110432	0.0408493228556603
3.30.70	5.14390141463788	-2.75517312238729	-1.01093767188436	-0.667452775258996
3.30.70	4.29816441039377	-2.13367614673984	-1.20374847234944	-0.718881662890251
3.30.70	-5.46436533655036	3.22039413729812	-0.554223439056275	1.08740668463251
3.30.70	-3.26667595520058	0.11630366119171	-1.44215093968205	0.00778547593376398
3.30.70	10.3587703757889	1.7202703325481	2.10571719434114	0.0190886222562516
3.30.70	4.9556099683369	2.63522334604274	0.539459648415928	-0.738669444299633
3.30.70	7.28737754518486	-3.24325728108844	-0.341259722473737	-0.898252655125323
3.30.70	3.07689541562549	8.71167557150672	-2.52420671539643	-0.523784240464501
3.30.70	1.86155198168986	-4.49796577186572	0.131610813862422	-0.0673138155571631
3.30.70	6.03475131761931	-3.02082738055615	0.0838610614875555	-1.06689633916091
3.30.70	5.58384870344236	1.40004622812026	-1.17149061408952	-1.88103520747192
3.30.70	-1.00658451700805	1.84754549552899	-0.116632774409411	1.30238018783182
3.30.70	1.72763479534852	5.01645393250258	-1.98431493972345	1.22174065314598
3.30.70	3.81544487922246	3.21126192086943	0.26545241498314	-0.554882376134164
3.30.70	2.20822588589659	5.30666109907476	0.366303380181039	1.17823028463418
3.30.70	3.48961572983294	1.34867060459326	-0.361378746260368	1.36915953897613
3.30.70	2.34387301264215	-1.9820761008864	-1.51205379453978	1.23499043052853
3.30.70	7.66033488069091	3.38519214207127	1.20244233680031	-0.456406121830545
3.30.70	4.77745303975168	-1.69454979116848	-0.282333652976794	1.24964310443024
3.30.70	6.50584971644419	5.89960044034344	-0.381762474511422	3.12794881342897
3.30.70	3.89225695255995	-0.577977472736289	0.509273576343206	-0.38875582221881
3.30.70	6.23089853921493	0.57885007797076	-1.12625670249475	-0.100372778257969
3.30.70	-2.48590222864714	2.44235469161337	-1.45174033573512	0.231123262472606
3.30.70	1.71201131163783	-0.374327647839815	1.24994140736761	0.372582538570489
3.30.70	1.55537425298214	-2.01211348369687	-0.742525091766316	2.32086155284264
3.30.70	1.56663460555269	3.29869089069003	-0.58677561995246	0.889551617358581
3.30.70	0.905073810922697	4.36523029120541	-0.72673687107347	1.83447798456442
3.30.70	4.23202782977193	0.790782390708094	1.28623648901863	1.20595721392685
3.30.70	2.92187687621194	0.787913410483921	-1.45463522402638	0.235840166133311
3.30.70	3.70734907006633	-2.38747042894317	-0.352082726903826	1.12488597376553
3.30.70	0.812526410608668	2.23378694878387	0.270340691501533	0.0663887149037414
3.30.70	2.05309476862865	-0.292583846997513	-0.0113253078306632	1.67657326760192
3.30.70	1.90909857824988	1.84625708225265	-1.40032974156319	1.3875327725591
3.30.70	3.09217049213296	2.127861184464	-1.59769304667007	-0.0700804433219773
3.30.70	2.71410403006161	-2.89541639174011	-1.77737076588457	0.0940048377615385
3.30.70	-0.414713531412101	-1.98461600879001	-0.483389542791439	0.15782888253327
3.30.70	-2.04014375067665	1.07621944703853	1.21654893879015	-1.36152126901144
3.30.70	3.20201514994143	2.1043827101595	0.0256698664238451	1.73694283661496
3.30.70	-2.88212377650203	-0.443301827757109	-0.527860548747144	0.308728602437985
3.30.70	-4.72661573107584	0.704220341528206	0.111119564947801	-1.29552386953085
3.30.70	0.500721200602083	-3.79608887940066	-0.798064154911938	0.500653062260157
3.30.70	6.10464994361963	-0.32754740837647	1.19249478901647	-0.449310295833479
3.30.70	4.94060919644536	-2.15901113638835	0.052798838911591	-0.206054863703354
3.30.70	-4.92146793728419	4.16110803825348	-0.679777945987023	1.19714801478148
3.30.70	10.3797466691688	-1.64945909472568	-0.917272742851303	-1.01045648742968
3.30.70	3.54483871244608	-7.23264257139261	-1.38004077355204	1.19529961193174
3.30.70	-2.65891639800651	0.0376767685522673	-0.616365798011285	0.220719536012284
3.30.70	3.91382669444038	-0.826478697677304	1.16316860820376	0.885322606623129
3.30.70	8.11561397404852	1.01485492281985	1.00739858262454	1.58890320833808
3.30.70	1.42791310426721	-3.10221019269296	-0.801902372611855	-1.19959172266323
3.30.70	3.99115583152179	0.220843319935677	-0.0669192107802196	0.170338625241083
3.30.70	5.3313620579674	3.87965272775367	1.56491860112207	-0.136792190438144
3.30.70	4.14585355726879	9.18136881663345	-1.47773408645523	-0.169271413970996
3.30.70	3.53176740748612	-2.11361678805506	-1.12145262575403	-0.379906662845352
3.30.70	2.93736602523478	6.48026511879493	-0.824002871844454	1.18900969650705
3.30.70	1.49091056934243	5.01124509654237	-0.256049918324391	0.634058740354844
3.30.70	2.10315138419459	1.80434223877908	-1.94801430468681	1.69652074464723
3.30.70	-2.61572509419861	-0.264766432921253	-0.457492847759194	-0.270312231707947
3.30.70	1.40109479795429	-0.457630852208917	-1.67630839461609	1.67249341002387
3.30.70	4.71244006057396	-0.203447954763319	-0.223473678815382	-1.65480435399991
3.30.70	1.62629432506677	-3.83034209562928	-0.617646071430261	0.0543376728643837
3.30.70	-5.68737457462377	2.29789399205738	-0.538276235734351	1.57713674904227
3.30.70	5.14512647024061	4.04005423962753	-1.72595570820048	1.91274047616236
3.30.70	1.63256636708309	4.09506523559248	-0.25658426083743	0.437401258950283
3.30.70	0.693367390488803	1.57431748843924	1.13171242638944	-0.60360887526719
3.30.70	-1.33681455461679	-0.629649557055202	0.268340800369591	0.629775642733954
3.30.70	2.14612377923586	-0.453773899891602	-0.113528870198697	3.16222321691601
3.30.70	-0.934845068634572	0.250766144787365	-1.04553538388626	0.312634483177137
3.30.70	-1.81009981922174	6.07819979619759	-0.741821626518558	0.888642110595224
3.30.70	-2.60380216494993	-3.12906795037504	-0.754383499071692	-0.579851852099428
3.30.70	-3.29817819703747	4.38892436358293	-0.418963294847526	2.13757650915177
3.30.70	4.91383860785989	-2.04755521101172	-0.506402401058853	-0.443972579051222
3.30.70	7.41685673200523	1.34020252630813	2.36354497693759	0.926054488417689
3.30.70	0.852788194693813	1.41661450037355	1.2118354314227	-0.093765115026526
3.30.70	3.65407642382293	-1.56554942564698	-0.763877376033595	-0.269974427907257
3.30.70	5.54324856508076	3.25711693084317	0.269043181023518	-0.26096331811549
3.30.70	6.49097666746606	2.76475501430679	1.86931311324626	1.68176765465766
3.30.70	3.34922031170241	-3.26312891541184	-1.65000813741206	-0.839676695813592
3.30.70	-2.13969005071075	-2.76146968078921	-1.24654473155596	1.36167528342926
3.30.70	4.32484002292288	1.31178003041747	0.509080304125786	1.88143786550038
3.30.70	1.91500397531652	0.153599574329089	-1.53115850473536	1.44082435833959
3.30.70	2.74996144434429	-0.84358347717827	-0.928936076845171	1.07890949158271
3.30.70	2.48150652728259	2.29413869852978	-0.0123920578516388	1.89371262683872
3.30.70	-0.517107266746353	0.055033809456521	0.0254704598615871	-0.344005549220105
3.30.70	1.00609546555232	1.60094823995785	-0.311432118297264	0.939681850397093
3.30.70	3.07237030329604	4.20916071691682	0.1718563250546	2.40734663333053
3.30.70	1.51062399735677	-3.72485090894488	0.397818484234322	1.42469696580291
3.30.70	0.478611703671827	-0.494115783280342	-1.20202827484934	1.21439239571804
3.30.70	4.83283026778535	2.81385056618811	-0.502634944567584	0.137213398673121
3.30.70	4.23152212260636	2.40873479382499	-1.98344810975479	-2.03756138518006
3.30.70	8.38138875962486	4.35654731722959	0.0815933208937901	-1.4611971662299
3.30.70	-1.74529333017337	3.02053972172755	1.07996606311281	1.18590779142483
3.30.70	3.92958082293638	0.146221068906552	-1.09202395061846	0.856982098252923
3.30.70	5.16506284512393	0.530100318510565	-0.0511689345423994	0.225315382713743
3.30.70	-4.4802465947533	-2.86920412442812	-1.33492667065041	-0.42281497111313
3.30.70	5.97212747580447	5.55135024876851	0.378867610078443	-0.492509200643463
3.30.70	-2.43108729682254	-0.361037446562999	-0.102640481302669	0.549646480064788
3.30.70	2.41345811304297	2.86305777819282	-2.96884184468241	0.0613490213929382
3.30.70	0.439828238673526	-3.95013937495496	0.471039530742842	0.172437801017774
3.30.70	-0.476308546541269	7.44970280810209	0.899874366776077	-0.0476181164923746
3.30.70	-1.78902240976541	-1.71720021928571	-1.74173992211428	1.77951895449043
3.30.70	3.76633523916349	-0.993055078898891	-0.161393123590376	1.33580233974045
3.30.70	6.567475726417	3.98295691517611	-0.0523594293549681	-1.55846525864631
3.30.70	0.887810218226545	0.65799203782447	-1.56673893317293	0.388371682102061
3.30.70	5.41310220288222	2.58784915892401	1.49938035352237	0.828164738027392
3.30.70	2.15528108706433	-1.91259846082962	-0.385715948551741	-0.198965080889898
3.30.70	5.01987911696495	-2.59180936500068	0.46929719097993	-0.336105385018426
3.30.70	3.54451783698848	-2.38863933312889	-1.22456177102928	-0.743700473710099
3.30.70	5.06470246387428	1.86521461408996	-0.318591591151832	0.532494192008093
3.30.70	4.65340250608637	1.99033780305522	-0.437354458220428	1.37205243534968
3.30.70	4.25327284707449	1.96721038885826	0.481098206428567	0.62920583691643
3.30.70	1.87373046635036	-1.62272371368395	-1.13366237232928	0.97608998422099
3.30.70	5.16720083083679	2.19652219704432	-0.620559969858607	-0.793549111785279
3.30.70	-3.33441366449216	-0.538848313354372	-1.90815374280422	0.666364616616563
3.30.70	1.55031888774159	-0.499453671398779	-0.222391562433843	2.33028294514682
3.30.70	2.33963971552774	0.254760644589508	-0.893520085289271	1.3415005778723
3.30.70	1.17128110402226	-1.1660828384553	-2.78010485815065	1.59897787338858
3.30.70	5.00382593101358	-2.73209286248656	-0.850837420365242	-0.342920746564646
3.30.70	-4.66352813757354	0.893855530388886	1.18468783690516	0.729498110370482
3.30.70	5.50034043653091	0.0647751448669241	2.29460752255518	0.732876066500887
3.30.70	0.49522805370996	-2.48129044986789	-1.51390891534691	2.31062078321619
3.30.70	3.03578898467986	4.36182698547105	0.497601421568	1.27625383638548
3.30.70	-1.99401777790184	-2.96523136862774	0.703999079187915	0.767900190876545
3.30.70	-1.80816260446109	2.1134027428546	-0.166905098739413	0.465348838741823
3.30.70	2.2760699573441	-1.7217314461497	-1.39972072355782	1.23342192631803
3.30.70	1.81218362343572	4.62058595285736	0.26104328154951	0.288475143434087
3.30.70	4.98770719496175	-2.02521155587273	-0.46902083448099	2.64472020690816
3.30.70	-4.96901598419694	0.12155727005086	0.395997068935765	0.724553468105529
3.30.70	1.13757004969852	1.25412754474787	-2.11603859500553	0.33403666000297
3.30.70	-4.64709269539635	-0.268285714339331	-1.26000903205749	0.378926111443341
3.30.70	4.25876669567612	2.5814833366446	-1.62287958711056	-0.671715752408988
3.30.70	-3.23901139936269	0.216636383750625	-1.19463624532211	0.440123172258573
3.30.70	6.0365981974656	-3.6745607673702	0.622584715990416	-0.887829496547162
3.30.70	4.45685033071555	-3.10518555887944	1.19627182008029	-1.19017827327355
3.30.70	6.33690157483652	-2.41573385547854	0.935660609917	-1.11944938783284
3.30.70	8.37515754425443	0.45148707363113	1.83210672972625	0.699873885936277
3.30.70	5.99991973306023	-1.47442197027925	-0.31410368554634	-1.71264044786788
3.30.70	5.12912303146797	-0.217898565369036	-1.43467348227748	-1.74563779173983
3.30.70	4.97144400462853	-2.0508053214726	-0.564413227475029	-1.14768102314579
3.30.70	5.36571652438297	-1.96625326646438	-0.863023209371475	-1.81395574939562
3.30.70	5.60478506732485	-1.57529275035553	-0.814324650345036	-2.03861507576052
3.30.70	6.08406884840215	3.19263849949702	0.246937664838382	3.12679435420664
3.30.70	6.25512970465342	5.76248580932374	-0.867225358370655	2.23803656114902
3.30.70	6.73840530744474	3.87868148015515	0.8863752672974	3.44908810502458
3.30.70	-1.7331097382788	-0.937244929690137	-2.24753509488539	0.515130370429183
3.30.70	5.37916537441183	2.1285756734628	-1.06011826771442	-0.143039062811913
3.30.70	-2.96537851456086	-1.18354507651972	-0.914248576765804	0.189834348912482
3.30.70	6.71449972477321	3.09543752672911	0.729797473694618	-0.535854632788812
3.30.70	5.32338109653239	2.2526961686829	0.932549965807864	0.963711528292586
3.30.70	3.7184072658421	-3.10757799988937	0.259867989173974	-0.681838864949479
3.30.70	6.10459746595123	2.7524819401791	0.83589105666881	3.44133360141235
3.30.70	6.19515814273625	4.88594456375297	-0.498075785631549	2.63163726826068
3.30.70	6.89261200798407	2.50384030192529	-0.305488550136098	0.702438073774541
3.30.70	3.12891119993475	-1.29798119820564	-0.773678207525961	0.686248951800233
3.30.70	0.780229284347089	-0.0460440134077598	-1.94034408889357	-1.22722054416099
3.30.70	1.82306267935065	-1.43133298925645	-0.299673831486121	0.344633222692013
3.30.70	3.6400822558696	-0.745168996440015	0.52702357959844	-0.554796782222727
3.30.70	-0.85815008834076	6.59956917965118	0.173272855093302	1.27945239698839
3.30.70	1.81947399074561	-3.32647837688319	-0.781212295551443	-0.517945272546863
3.30.70	1.45933910253177	-3.72541242140156	-1.40587424955669	0.888874867301168
3.30.930	-10.8165827768704	-1.7966687187543	1.67853534710205	-0.0712832579811571
3.30.930	-10.7634006845233	0.858266508256893	2.18115636344673	-0.416619590010456
3.30.930	-8.51794667442223	-0.950328648005068	2.86114159281867	-0.0168529125023113
3.30.930	-9.87125393942233	-1.63274675252055	1.56990261851631	0.192018306618633
3.30.930	-11.8368469100212	0.990904094220543	0.26033674751733	-0.709491727617813
3.30.930	-11.1545833620615	0.954650577811361	2.02898522140977	-0.00409009757064706
3.30.930	-3.11070396643365	-0.242045699219195	1.39944783822238	-0.124447518588539
3.30.930	-2.26643196888425	4.12966340339632	1.39307769719697	2.45726081096858
3.30.930	-1.88405559468833	2.01345440236575	-0.153925450582728	1.24045045378803
3.30.930	-12.2571433170177	0.129509985245098	1.03806577456166	0.143423273896401
3.30.930	0.965074437643274	5.63873092288086	0.903915568106047	1.62671174687462
3.30.930	0.340390095834423	1.65827390334943	2.62836225363914	2.30395634600675
3.30.930	-9.29874091685336	2.23878301075521	2.87632784632831	-0.35176265631106
3.30.930	-2.763415478024	1.35347800717294	0.854571044411213	-0.958939891313992
3.30.930	-11.1056278021961	0.961241664125396	1.68449159927199	-0.917954855602651
3.30.930	-1.44930620583834	5.86588934554049	1.23691819544939	2.34058416216749
3.30.930	-1.13940258355325	1.42505842774936	0.762788694832112	1.52160532533701
3.30.930	-9.89903698824417	-0.50236019232316	1.21195503288448	-0.413309319929092
3.30.930	-9.11044122001813	0.373890797062181	1.51096301394349	-0.326337775906273
3.30.930	-8.71809064182098	-2.84910054813112	1.56559796315691	0.226391264387259
3.30.930	-9.65811536674634	1.36705959729254	1.5292585696207	-0.632406224556099
3.30.930	-5.02351171409818	-0.865949691564177	0.395466095480216	0.040151761707338
3.30.930	-8.43408589449312	0.341005616077345	1.50780608328856	-1.02898932746956
3.30.930	-8.03743638261692	-1.73279893161166	1.75070887773841	-0.376812557567503
3.30.930	-7.8433669079485	-1.73002649793668	1.77612591467445	-0.651103254092791
3.30.930	-9.06458786778383	1.00175488644812	1.03856226740433	-1.20467291415993
3.30.930	-6.80234315179935	-0.796128162304838	0.917149184054728	-1.60325182076459
3.30.930	-9.349010066828	1.99593646088908	1.3513826751451	-1.11925054394071
3.30.930	-9.0553351053011	-0.61243545414971	1.62440131532508	-1.53610064867233
3.30.930	-8.48702579607535	-1.93498867897811	2.79099071287782	-0.936549583309317
3.30.930	-9.84999501428499	-1.14579738709091	1.72607220576259	-0.528319099159811
3.30.930	-10.4162736005528	1.2390343933943	1.38343204876459	-0.622251228335374
3.30.930	-11.7018693687418	-0.107039833610559	1.07527894552631	-0.0789115075617226
3.30.930	-4.33852895428806	-0.0679051381863335	-0.467002561028432	0.444037804904778
3.30.930	-7.48529518448123	-1.81924583533207	0.122683517810969	-0.0463488906994878
3.30.930	-7.62956250534691	-1.15702827073316	2.06327830886506	-0.831334548550603
3.30.930	-2.01621346046792	-0.123679361803756	1.7774879789103	-0.899457893883921
3.30.930	-5.49460019079889	-0.51807913319376	0.243707648492164	-0.731960463411178
3.30.930	-6.46021551698476	-0.445975890093609	0.956691062992663	-0.179987464159731
3.30.930	-5.28208188758856	-1.98645559743134	0.944293066393421	0.568169922164097
3.30.930	-10.8511731923928	0.043109736355161	1.66075751730347	-0.284986229431659
3.30.930	-4.50492860333596	-1.65560465777133	2.04843213532438	-0.119240186520013
3.30.930	-6.18178821194516	0.26680109580834	0.886558048493842	-0.360147931584263
3.30.930	-11.9958034638847	-0.315875801016259	1.4928788953284	0.0128410136465974
3.30.930	-3.49175309666688	-0.0562814485614773	0.141818002213174	-0.997810376604778
3.30.930	-12.3851664333155	-0.0403124337992867	1.79918817871023	0.389196286754223
3.30.930	-5.78503045743074	-1.77575801598164	1.43606856803171	0.380039545424782
3.30.930	-7.92261777398311	-3.38336995159285	0.414982531307115	-0.103057615586017
3.30.930	-10.2346031359484	1.87728233481466	1.96838767888473	-0.709621906248884
3.30.930	-9.34352628248943	-1.95618451998173	1.6615299190415	0.433073083531672
3.30.930	-10.6449621716781	0.515257233623603	1.42908656726547	-0.398914081508229
3.30.930	-5.66985786194401	-0.539905836359087	-0.268533314943108	-0.690928663562421
