3.30.1330	-1.11883590279206	-0.438281557284244	0.452805688181679
3.30.1330	-3.09863617910818	-0.840025390362406	0.129694133725491
3.30.1330	0.586074109432003	-0.154959203663688	1.83700690164321
3.30.1330	0.526573832842142	-0.440950420752452	0.86590114363774
3.30.1330	-2.80158582145408	-0.0387227410313478	0.487054823653081
3.30.1330	-1.52414368903685	0.0758181847495444	0.161229810013307
3.30.1330	-0.95653165767811	-0.82740562213719	-0.683166231082116
3.30.1330	-2.924375871581	0.0102538539640484	-0.671949929993811
3.30.1330	0.752855296976254	-0.347154659724416	1.44973773979067
3.30.1330	-1.74903415719719	0.608272980081932	-0.287964522722549
3.30.1330	-2.08584921987682	0.843404684284927	-0.533116652658462
3.30.1330	-0.831536504192508	0.0142176222971812	0.35687484953462
3.30.1330	-1.73172003601394	0.917372563684297	-0.267166007103131
3.30.1330	-2.15454564663918	0.27388208559352	-0.328618972346104
3.30.1330	-2.49469696654518	-0.162223720203808	-0.257833528183953
3.30.1330	0.83281227739424	-2.36326076698926	-0.389460044532924
3.30.1330	2.8131255512306	-0.714607555947235	0.952186312575181
3.30.1330	1.0270814564064	-0.547243961365858	1.59279641548729
3.30.1330	-1.18210902574975	-0.961215763582802	0.656059620451775
3.30.1330	-3.22446672495917	0.790981035787291	-0.0823789234464728
3.30.1330	-0.19779704006773	-0.462701448321738	0.731036374816309
3.30.1330	-0.680332215115576	0.0592197372311045	0.626415878439449
3.30.1330	-2.86528220176996	0.131256125555618	0.825151563722546
3.30.1330	-2.79459639654668	-1.01068589190141	0.70382004345906
3.30.1330	-1.75857569750626	-0.982704736122237	-0.0266776056172185
3.30.1330	1.00650953941818	-2.18901476063177	1.11655087253281
3.30.1330	1.12065004310265	-1.77676597151611	0.478415934600984
3.30.1330	-2.3883919524243	-0.454659928367196	0.496413660188119
3.30.1330	-1.69559159456406	-0.946475598184209	-0.125092052244183
3.30.1330	-2.99780422312967	-0.175761872362509	-0.951188421506477
3.30.1330	0.577184859460874	-0.311082429042934	0.55747444010784
3.30.1330	-4.76781770017604	-1.39851147896121	0.86094042257157
3.30.1330	-2.39356381059637	-0.139669448299563	-0.619655949783346
3.30.1330	-4.18912317439756	-1.12348208615778	0.197417005330271
3.30.1330	-1.00287209751929	1.08235227242068	2.32235389071451
3.30.1330	0.22771402586608	-0.451667888360622	0.647810867260144
3.30.1330	0.922558961749221	-0.937704023008555	0.918367529075119
3.30.1330	0.412193830195744	-1.4570070714568	-1.79144284501165
3.30.1330	-2.6181049332991	0.266984040427205	-0.832853070759422
3.30.1330	-0.337108673073147	-0.134256732873445	2.10013591772075
3.30.1330	0.499077215636403	-0.88894512622248	0.21542283146054
3.30.1330	-2.84756438397041	-0.178864104792071	-1.32084528551567
3.30.1330	-0.194766086868609	-0.428820059481904	-0.265526981674255
3.30.1330	0.546611808421829	-0.182760414390152	0.882307407587781
3.30.1330	-3.76882844405827	-0.217268668421768	-0.19736260278237
3.30.1330	-2.34015781035752	0.544937278270704	-0.432575569116313
3.30.1330	-2.22589293820489	-0.301832300955236	0.849276554831661
3.30.1330	-0.0302039764339534	0.0364945304175078	0.958024565319989
3.30.1330	-4.01677490167251	-0.339311984108277	-0.632610676681964
3.30.1330	-2.34848116317192	-0.47899323027558	0.567258951956199
3.30.1330	-2.44484876390277	-1.32290692782643	-1.63868276298183
3.30.1330	0.0902477317602923	-0.0989844692232328	0.816397222578364
3.30.1330	-5.09503523318083	-0.727251842503756	-0.257074246535449
3.30.1330	-1.46602408812465	0.500638034942269	1.34995764719783
3.30.1330	-1.17547433017102	-0.0037263052393276	0.337939274055982
3.30.1330	3.94781849300568	-1.32029537907335	0.649008284357091
3.30.1330	0.565054081241584	-1.03076279770382	-0.667531039703323
3.30.1330	0.182837469426047	-1.40699772785689	-0.72804335803493
3.30.1330	3.46054389700671	-1.3341494164545	-0.31157417825343
3.30.1330	-1.53030639745244	0.386485046797823	1.49385386601152
3.30.1330	-3.4483528143387	-0.133650851122781	0.388367861880532
3.30.1330	0.363786338647704	-0.459495999688248	0.505351808691698
3.30.1330	-3.65168474875238	0.0510257747392107	-0.011655175267406
3.30.1330	2.43042437284186	-0.427359273674022	1.57884960705228
3.30.1330	-2.61972729192242	-0.152675584721381	-0.122599949707007
3.30.1330	-3.53636209506459	0.253942995602838	0.468541221381908
3.30.1330	-2.51109897192422	-0.419513542923689	-0.398405152502759
3.30.1330	-1.66817367160559	0.334535416957116	0.874857283929482
3.30.1330	-3.696324917543	-1.13345428922422	0.00724284585933781
3.30.1330	-0.19982971359612	-0.570101666210971	1.01100863854609
3.30.1330	-3.27833604934132	-0.295205006954443	0.206605509579328
3.30.1330	-4.10158476440019	0.42394548475686	-0.189830680105014
3.30.1330	-4.12416114954808	-1.44591705818268	0.73159016413712
3.30.1330	0.225399349742584	-1.81604088532139	0.141190036892835
3.30.1330	-1.68686968474257	-0.7148397493242	0.271461215210189
3.30.1330	0.309018784854065	0.115464832327244	0.996101377349025
3.30.1330	-2.31014917638647	0.253383771408232	0.715555806728451
3.30.1330	-2.71032598465587	-0.539254362177612	1.08362908297435
3.30.1330	1.37402466567142	0.0286141685302471	1.16654112734036
3.30.1330	0.0582332922032647	-0.368982482941127	1.18962780989849
3.30.1330	-2.91872921266689	-0.449013790205492	-0.28766167351615
3.30.1330	-2.63030399820451	-0.497268138466077	-0.31324570535355
3.30.1330	1.09466191296024	-0.0231737456201336	1.36762235175073
3.30.1330	-2.95388100124871	-0.0439431164952724	-0.876015969756954
3.30.1330	1.31512898732639	0.283831339564053	0.686807750979029
3.30.1330	0.0849552416278438	-0.70833965138202	0.236037960361362
3.30.1330	1.52098500253125	-0.130436829074467	0.74374383818257
3.30.1330	-3.16929536642205	0.197830408787041	-0.796455721116422
3.30.1330	-2.74192808870626	-0.126234953248652	0.188573686061452
3.30.1330	-1.60013445877551	-2.67997388657092	0.350493580369332
3.30.230	-0.48289957954727	-0.836955845970989	-1.98271940796892
3.30.230	0.130092368690146	-0.790620902072199	-0.943734840043977
3.30.230	0.528091665179506	-0.0650879433099212	-1.23453229856645
3.30.230	-1.02336262121881	0.878126475117099	-1.15527379180355
3.30.230	1.1826217092254	-0.426529169560799	-0.16468449566959
3.30.230	-1.75840510836492	0.398569521274082	-0.853541005964816
3.30.230	-0.110371876396887	-0.455376368093742	-0.632454406853418
3.30.230	-1.25181257896656	1.06190499443016	-0.676246083881096
3.30.230	-0.310869412732052	-1.02846490263355	-1.85892455755886
3.30.230	1.58593850740959	-0.0117524111489181	-0.926904696077195
3.30.230	-0.927109942013607	0.267338816542019	-0.662503756963521
3.30.230	0.212334983681556	0.154939106974374	-0.229207667501911
3.30.230	-0.00439955093109118	0.205599835805144	-0.925928164211353
3.30.230	-0.44652744054069	-0.346451826339007	-1.34854847092704
3.30.230	0.537964481697485	-0.886293439521377	-1.58273569336779
3.30.230	-0.236535402857489	-0.104087889610867	-0.877504383654005
3.30.230	-0.235839535235834	0.219730679539971	-0.118639121906581
3.30.230	-1.26824632464566	-0.543874735685739	-0.785760349294332
3.30.230	-1.12684512733189	0.0698077305036893	-0.755737575255538
3.30.230	0.948540717872151	0.341092290594937	-0.530017507873533
3.30.230	0.531076354233369	1.17634315543773	-0.765843044898263
3.30.230	-0.4255504321031	0.00984884682972056	-0.479849221585921
3.30.230	-1.17115285148691	-0.741112461645597	-0.334583551242442
3.30.230	0.670342740873102	-0.0815553591640344	-1.66051206638231
3.30.230	-1.4722147653966	-1.1981261173939	-0.749007505483069
3.30.230	-2.98106931169021	-0.803964127517425	-1.75223193677303
3.30.230	-1.40102941982397	-0.151772559651569	-1.1076439231728
3.30.230	-3.88815938160274	-0.557956472501602	-0.59687659386029
3.30.230	-0.939657360594477	0.679517615695388	-0.777286233917826
3.30.230	-1.81448982893905	0.417304920668479	-0.545801948246499
3.30.230	-2.00425101646851	0.333261303865486	-1.24014634496967
3.30.230	0.0689023921425421	-0.165254657763524	-0.739947907164186
3.30.230	0.389025334892355	0.865805287188759	-0.551833179871049
3.30.230	-0.264041237036541	-0.0139379196422914	-1.32132039275479
3.30.230	-0.790999455729038	0.867910224655975	-0.924513899571986
3.30.230	3.34273528128866	-0.236623733107193	-0.539421250157404
3.30.230	-0.778937625217307	0.841409634071737	-0.824677990750733
3.30.230	0.0915822695994599	0.197145365617747	-0.635118601535683
3.30.230	-1.98867691318256	0.517972533727403	-1.41810141235827
3.30.230	-1.83617803479325	0.276292389058443	-1.38864819514275
3.30.230	-1.52908039074522	0.369862690670825	-0.766483430107067
3.30.230	0.365584645072529	0.0176340002705165	-1.44474711580689
3.30.230	0.796931065709814	-0.258808672042793	-1.32783383535595
3.30.230	-0.848292463205595	0.629121808704513	-0.772688248578786
3.30.300	3.56355532728843	-0.719848325834657	0.616406989105711
3.30.300	4.74490056173066	-0.971410277967436	0.728124437534131
3.30.300	1.62338754983132	0.295995073710822	1.14267558062085
3.30.300	4.61922241267571	-0.0454261894960659	0.299160862071123
3.30.300	3.58804555295753	-0.0934487950284715	0.520649203657467
3.30.300	3.40170069633383	-0.534571579437645	0.419886606026753
3.30.300	1.27005834132636	0.318227813213209	-0.625815233228293
3.30.300	3.49587563753666	0.110739754190813	1.43390886674568
3.30.300	3.6120790682738	-0.437854672786105	0.789682959912485
3.30.300	1.2643996901189	0.110008859598388	-0.160184018541631
3.30.300	2.70481192986911	0.324964207111322	1.64785278949927
3.30.300	2.48142162021112	-0.447023978984893	0.093080414944687
3.30.300	1.8586443017273	0.287231414426515	0.0824017528393183
3.30.300	0.777339091633969	0.987060207600237	0.352181855357678
3.30.300	3.26622976006932	-0.446805566770541	1.972999620035
3.30.300	3.28672524237979	0.295838408500368	1.28003152652289
3.30.300	2.33332730678482	-0.130264284235151	0.969825831484118
3.30.300	1.99474362670908	1.0149281304733	0.12246866097367
3.30.300	0.894609438747886	0.665318086555796	0.790508086377774
3.30.300	2.61697373444572	0.257688804118907	1.29880329461892
3.30.300	2.29335285047073	0.0679689277613827	-0.331114818201097
3.30.300	2.8194155841157	0.00263494339688242	0.458265187923001
3.30.300	1.1676156427609	0.416342473552784	0.819528443298212
3.30.300	2.62842511458545	0.110133528497823	0.507996504802408
3.30.300	3.04068921392668	0.0770423512933118	0.89889668438829
3.30.300	4.40172438940095	-0.916164215660717	0.360339739535314
3.30.300	0.250381950196109	-0.367229005176027	0.153769263839554
3.30.300	1.01291263112254	-0.0839186996705437	0.444468383445842
3.30.300	1.26140316374493	0.322081429736783	-0.267229140348758
3.30.300	1.26045742716521	0.159331525781437	0.157738428631714
3.30.300	-0.29048766450292	-0.430757826568964	0.623715920170371
3.30.360	-1.40665985379526	0.132399311114051	0.324019445368356
3.30.360	-2.14359445123715	-0.191029622507373	0.466820504363656
3.30.360	-0.934897243115774	0.945871519985907	0.345762591371231
3.30.360	-0.0982447193001765	-0.67855291178805	1.16008852643028
3.30.360	-1.41158267625925	0.340065503473636	-0.0649841559302125
3.30.360	-0.0392264900085442	-1.78729422636885	-0.0843321706127019
3.30.360	1.66422182184047	0.428254316557374	0.942939589914242
3.30.360	0.0572509682631337	0.150538842302117	0.536955795837682
3.30.360	-1.44272523887787	-0.097067502860507	-0.688326536206201
3.30.360	-1.83644628523047	0.404331643701164	-0.189720907958464
3.30.360	-1.88215124093757	-0.349733087516899	-0.386325712111287
3.30.360	-1.28680093623578	-0.230108511168795	-0.596166117239848
3.30.360	-1.43771946246872	-1.29233860085019	1.03745755069798
3.30.360	-1.57119431204013	-0.870299480088863	-0.311516668554871
3.30.360	-0.177324872879858	0.114852846706057	0.797070152101933
3.30.360	0.311856594149143	-0.304321376876312	0.432776787567826
3.30.360	-1.41669881154607	0.51995168073418	-0.225466727508763
3.30.360	1.61464565306293	-1.20026906905864	2.02860725777412
3.30.360	0.310763203138646	-0.0640914182507521	0.792146434085885
3.30.360	-1.56819543036385	0.31366320224989	0.0425921725375194
3.30.360	-1.46656130933497	0.160499636662716	0.0805506263966984
3.30.360	-0.132213497269886	0.069624702390582	0.679763785813341
3.30.360	-0.63597470446076	-0.0774944147142715	0.121898969792287
3.30.360	-0.167004447161171	0.0234608309849091	2.16475000378803
3.30.360	-1.17004660419445	-0.192710187152278	-0.196092092627427
3.30.360	-2.34976340092308	0.569509704064669	0.112415215668078
3.30.360	-0.793093987115216	-0.0392948184304006	0.349205478463066
3.30.360	-0.881995995426967	-0.153507492588081	0.266539289854933
3.30.360	-1.19449939112845	-1.7199529963941	-0.223545168929649
3.30.360	-2.00512073625271	-0.543970402098293	-0.466454840493012
3.30.360	-0.141358788387877	0.422218077619041	-0.147504332982552
3.30.360	-1.62041156282504	0.23078510310446	0.150651579732542
3.30.360	-1.92543379999258	-0.0966487474250644	0.551158016363734
3.30.360	-1.40677858660758	-0.128006133060445	0.611553452385964
3.30.360	-1.40446864167459	-1.69666990181072	1.27740772011612
3.30.360	-1.71104396813877	-0.512825729799765	-0.302316975177074
3.30.360	-2.62873776640899	-0.162024188807426	0.0805620387247633
3.30.360	-1.43920886296804	0.337390084443132	-0.173504206827987
3.30.360	-0.957336406765148	0.711314992877655	1.18122121641682
3.30.360	-0.247541302684817	-0.416647840482904	0.291936307988407
3.30.360	-1.43825440900672	-0.356546952315845	-0.299897013288693
3.30.360	-1.16001789081372	0.398402468035756	0.219750219033373
3.30.360	-2.18524385970219	0.940260824326046	0.407804522474192
3.30.360	-1.81538988251717	-0.14152077613414	0.38253003733542
3.30.360	-1.03743490117043	0.237374523682552	0.0391379587434403
3.30.360	-1.54438695350873	0.295984218898538	0.511078339094658
3.30.360	-1.24135157669654	-0.0676223927026078	0.439017688952114
3.30.360	-1.86865358912848	0.138923538589717	0.525029289467606
3.30.360	0.90703587815363	0.24628161918376	0.721334211807133
3.30.360	-0.949773530613628	0.36590803853177	2.12907666979174
3.30.360	-2.40749269149823	-0.892103140091956	1.43752324728112
3.30.360	-1.61182493504334	0.148168377098708	-0.108109872160502
3.30.360	1.20399024306466	-0.510014968471265	2.38464322221784
3.30.360	-2.19736013884902	-0.216839291399415	-0.0504579738172767
3.30.360	-1.92082760024076	-0.155744398763839	-0.600590496023701
3.30.360	-2.00099600281695	0.174753246729695	0.507226386952061
3.30.360	-1.0604777726117	-0.613473578905882	-0.731539118354853
3.30.360	-1.06593352173979	-1.10930462434285	-0.913228577936831
3.30.360	-2.14647959119963	0.52335342189025	-0.371127262804822
3.30.360	-1.79583795949653	0.157831778585245	-0.193804887731428
3.30.360	-1.86124396592865	-0.0217662273172881	-0.352336599587291
3.30.360	-2.03796258165411	-0.263681967093424	-0.282766199559501
3.30.360	-1.39924926491752	-1.0686180813311	1.56633640410481
3.30.360	0.150891122138201	0.89720729194842	1.64859650163531
3.30.360	-1.61983323687488	0.29691189077208	-0.135071494611392
3.30.360	-1.80479879786036	-0.318002704919855	-0.215592213590033
3.30.360	-3.35476459226313	-0.0834562920276969	-0.778153755887359
3.30.360	-1.76144807463911	-1.4830646820438	-0.653796447306606
3.30.360	-1.74484944748247	0.052397255250102	-0.635678511486281
3.30.390	0.483810503104593	0.0607824152507993	-2.06758258873861
3.30.390	2.80172608155077	-1.31421808088157	-0.573773416903646
3.30.390	-0.855746989753324	0.65486471271662	-0.185641868448489
3.30.390	0.159364225742233	0.141120876397664	-0.97515059017682
3.30.390	2.07512622831847	-0.792785795440758	-1.10761377297835
3.30.390	-0.325868896735928	0.376036602549153	-0.452361017437323
3.30.390	0.553846073479584	0.16419568640477	-2.8950337780074
3.30.390	-0.0541159127131943	0.211109855957424	-1.71291051383269
3.30.390	0.695484630626181	-0.184980156272939	-0.854462561955425
3.30.390	1.24064123768906	-0.543475962111924	-2.25842877934503
3.30.390	-0.270760128404022	-0.0550210659151253	0.0323775221057476
3.30.390	-0.101340819674765	0.0945456455406471	-0.106372978304976
3.30.390	0.04170664362009	-0.0749385932378283	-0.565859588500804
3.30.390	-0.0823895103496013	0.55019458460133	-0.264204715958312
3.30.390	-0.948254792541948	0.653574827541731	-2.51304104562184
3.30.390	-0.272275732785939	0.589694237204237	-0.885279870440863
3.30.390	2.15402709660457	-0.063939416324521	-0.668635967959577
3.30.390	0.110768044608825	-0.0671384077607569	-2.44657742037324
3.30.390	-0.281728455815647	-0.487875790083236	-0.859816558802472
3.30.390	2.37507494093674	-0.0871590412073745	-0.517873649732662
3.30.390	-0.148248234541905	0.628510573833589	0.592884199678197
3.30.390	0.558193084873584	0.254624301147405	-2.53927709215539
3.30.390	1.33916565052968	0.353724781028307	-1.49376241221087
3.30.390	1.54634346222044	-0.583149060666664	-1.0442771655118
3.30.390	0.472775861830027	-0.513870457546784	-2.10787165359974
3.30.390	2.32685316525953	-1.13243725439216	-0.758093259424573
3.30.390	2.64177298823745	-0.439983325284018	-1.46141475265993
3.30.390	0.856685574640651	-0.079661985070057	-2.01261517048137
3.30.390	1.00752083158928	0.457568102715535	-0.583305176178893
3.30.390	1.79338497014019	0.0288780274257125	-1.08066235247394
3.30.390	-1.3068777110132	0.552888378450471	0.598466206424675
3.30.390	0.468831272773201	-0.0571690655261805	-0.820100600370221
3.30.390	1.67577790697596	0.441628720342176	-1.47634028579855
3.30.390	2.0561783707551	0.521557277172585	-1.44974996274265
3.30.390	1.66976016990735	0.194046496651259	-0.488798597538153
3.30.390	-1.71560090111682	0.552869739247885	1.0138770908281
3.30.390	0.733182850767953	0.291450990353555	-0.987268546233855
3.30.390	1.56726758903785	-0.225437579382696	-0.980146062840956
3.30.390	2.23282334506906	-0.40507564113076	-0.651145686153635
3.30.390	-0.535978021093732	0.396709988428899	-0.329861712151636
3.30.390	0.00725389087057715	0.141765604354298	-0.976455956880027
3.30.390	0.159339545276723	0.242887474749277	-1.23613786482674
3.30.390	1.20334206457645	-0.366723794975257	-1.34704589426843
3.30.390	-0.199761378967068	0.645051327939348	-0.749903142948373
3.30.390	2.72754035556736	0.0659355384478688	-1.1175775372582
3.30.390	1.46472776994689	0.199602193926623	-0.930594705831205
3.30.390	1.66271906071718	0.344125838410283	-0.999310727473968
3.30.390	0.972594533475424	0.0782323919175487	-0.919685178695893
3.30.390	1.50627122180506	-0.418983189719483	-0.385736751663543
3.30.390	0.555424546615991	0.236906779961129	0.051679407925603
3.30.390	0.367203654063209	0.340601933882901	-0.988537509757742
3.30.390	1.20566143129037	0.214889529550279	-0.955502711764495
3.30.390	2.46678903916274	-0.211244041067562	-0.946410627609175
3.30.390	1.25079821918827	-0.436961243287417	-0.85175982179545
3.30.390	1.38085626116731	0.273874878780418	-1.65474214724847
3.30.390	2.33125042975955	-0.367348463425705	-0.756045819838276
3.30.390	2.03741797076773	0.0941223803993865	-1.13378175393123
3.30.390	2.67347891722707	0.155091968769982	-0.449256841117331
3.30.390	0.841853569754047	-0.225677147729133	-0.641998801583278
3.30.390	-1.07899032731355	0.140144916639413	0.364641866130203
3.30.390	2.62147736519711	-0.418742352312174	-1.48423995474658
3.30.390	-0.304981115026525	1.23146216151316	-1.41004138796273
3.30.390	0.375006178306987	0.0921268772839947	-0.304421056600834
3.30.390	0.000724531711576423	-0.0774586553137793	-1.71072006640312
3.30.390	-0.352751655524534	0.695181346166967	-0.752903321935945
3.30.390	-1.03523001242504	0.45660478305737	0.71732677999083
3.30.390	1.68056855595284	-0.169583673073251	-0.805137401379975
3.30.390	1.02907776153012	0.431936100173862	-1.11069428540471
3.30.390	1.19736991378963	0.265738885353091	-0.0223603925660284
3.30.390	3.78156546480816	-0.360005242336863	-0.361169856638603
3.30.390	2.7694227205729	-0.691092841425714	-1.22959134833064
3.30.390	2.21601014825799	-0.0570111754075854	-0.783003294663052
3.30.390	2.33443817003361	-0.0680862813368652	-0.224044675473587
3.30.390	2.14345406646374	0.698733088662775	-0.546609678371547
3.30.390	0.0806498838617626	0.421069929117694	-1.19397099255691
3.30.390	-0.638410280806541	0.324029799953394	0.0870169496143742
3.30.390	-0.121596688400824	0.505514044342508	-1.45869834730384
3.30.390	2.74827038221655	-0.0994161584911823	-1.48106631563004
3.30.390	2.29629748772998	0.4220839960037	-1.39847203262528
3.30.390	1.78816603118111	-0.353148577605421	-1.00482722767139
3.30.390	2.09500081698814	0.219465938117266	-1.76284816684771
3.30.390	2.40371623141872	-0.0750821232766862	-1.06978601534114
3.30.390	1.84660576487204	0.0651982483118246	-0.920910494413405
3.30.390	1.41074011155112	0.301613697621169	-0.565179371067611
3.30.390	-1.5543185035649	-0.0151623541577665	0.446914503822705
3.30.390	0.360112443161689	-0.281276798146998	-0.400011361520289
3.30.390	1.18284824685839	-0.316757957128053	-1.09339548818838
3.30.390	2.38522322131182	-0.958426679828753	-1.51020252338871
3.30.390	2.03909953904982	-0.466313239137042	-0.452199602548742
3.30.390	-0.28271605997013	0.69095641006371	0.165153877879139
3.30.390	2.37749235543606	-0.653823791512853	-1.11819674034991
3.30.390	0.894556121974609	0.764783521857934	-1.54287968185113
3.30.420	-0.807487205247621	0.946294531128164	0.261568968482969
3.30.420	0.911178508083031	0.564567614797477	0.326192929600547
3.30.420	0.741431412957023	0.348067413035063	-0.863908864828084
3.30.420	1.65156074812507	-0.307462806511505	-0.188614895607234
3.30.420	-1.00287170162529	0.381335163110271	-0.225596020521775
3.30.420	-0.0350217391399151	0.203058868734177	0.125300789875781
3.30.420	1.66250773165034	0.508260222764034	-0.663200248746348
3.30.420	-0.403758129348093	0.595616402418011	-0.634898268479922
3.30.420	0.494640534878817	0.256209395082374	0.52472604823921
3.30.420	0.424108591380469	0.144892955701405	0.209407666737079
3.30.420	0.896664402124898	0.64219029528994	0.144486522653049
3.30.420	0.390340826181487	0.212131743412537	-0.686141965028483
3.30.420	0.250320627026849	0.255034639274868	-0.711454793509466
3.30.420	-0.871870289869088	0.841718713580647	-0.0255078238918857
3.30.420	2.12859416243727	-0.355559477964889	-0.54979589950508
3.30.420	1.14023904584236	2.27694649396142	0.76292135013718
3.30.420	-1.15204992860171	0.706107405563887	-0.805770124922836
3.30.420	-0.0166505462543095	-0.135942508905551	-0.840089243846087
3.30.420	1.99230991582445	0.682798242436181	-0.349392828325741
3.30.420	2.72072945814319	0.121752571440517	-0.622116337677231
3.30.420	0.144307347492394	0.399064915718519	-0.0453284748974709
3.30.420	-0.949456468644662	0.459606504433811	-1.13364592507039
3.30.420	2.0476529964599	-0.815740146431784	-0.418782656483593
3.30.420	1.83957614639751	0.119376017049886	0.0687227154734914
3.30.420	2.01217441206964	0.156444797929177	0.0638135333246766
3.30.420	-0.601111610981294	-0.101910377918144	-0.368058330568763
3.30.420	2.27917000626535	-0.0206858109354259	-0.576238138852815
3.30.420	5.26205243612922	-1.26389142968215	0.753899799977993
3.30.420	0.183077782424364	1.04633001460207	-0.579376909700632
3.30.420	-0.598926840950061	0.327250719398255	-0.500084472306862
3.30.420	1.60033805531124	0.0445294642395359	-0.32203106872475
3.30.420	0.790737588542717	-0.104172308802187	0.772942290769518
3.30.420	0.0151720778785047	-0.0398092073875973	-1.54035533649231
3.30.420	0.681873678589063	-0.242842464621103	1.08527604315553
3.30.420	0.404497307037236	0.626172121195237	0.132758411656466
3.30.420	0.176470782725943	0.703602478223109	-0.583412882588239
3.30.420	0.0649033262714181	0.765670536561935	-0.203678905266562
3.30.420	2.35402918723521	-0.173131768006812	-0.570767355048935
3.30.420	1.77063565723508	0.347333337033612	-0.543526848176332
3.30.420	1.01203124579159	0.471706862704525	-1.18898525200357
3.30.420	0.89637843615377	0.020651437294278	-1.10102186321506
3.30.420	1.01381380790766	0.325058230770206	-1.0585534038032
3.30.420	0.610664313548494	0.507966931692562	-1.05464116065649
3.30.420	-1.06759322545249	-0.473087560389251	-0.461087314051731
3.30.420	-0.100462587534211	0.0322665365882156	-0.707276505028498
3.30.420	-1.3577109193798	1.27088341010874	-0.15031885340421
3.30.420	-0.376637480058469	0.0727338293382826	-0.230647311721713
3.30.420	-0.629614483734567	-0.614095292318247	-0.0464706090672374
3.30.420	-1.21086161632109	0.539052233620755	0.596974856543473
3.30.420	0.210828986273626	0.00713477074064388	0.420606944060844
3.30.420	-0.476242457119904	0.47326705042458	-0.574837659489948
3.30.420	0.0832386714143356	0.511754687744577	-1.2272581845145
3.30.420	0.694745475629314	-0.565299370115015	-1.48197397615018
3.30.420	0.781771215618862	-0.372621610883984	-1.77335156976516
3.30.420	-1.72509822873853	1.21794427606856	1.1531032720548
3.30.420	0.231832713269787	0.430230234052212	0.127449001715024
3.30.420	-0.524891409476461	-0.216080174329307	-0.389953481741952
3.30.420	-1.01695803227464	0.516253877191561	-0.785034396123808
3.30.420	0.455606332489622	0.518794675625912	0.385338849793794
3.30.420	1.93109700936923	0.813981732291331	0.601856890003518
3.30.420	-0.722033345343067	0.0836046543233701	-0.780551021491881
3.30.420	0.791285562944103	0.188585144545424	-0.423340824457447
3.30.420	1.44641764494795	0.0890464755204821	-0.363388635431583
3.30.420	2.45225433643935	-0.262409291747432	-0.0500359384715509
3.30.420	-1.20061883712038	2.14216439906473	-1.42754767664664
3.30.420	0.687735736503816	0.454363274106073	-1.13841153802093
3.30.420	0.408046204025576	0.533500342385279	-1.02079795733341
3.30.420	2.19916363844934	-0.674563526440362	-0.456084785520886
3.30.420	-0.637344426119403	0.282829196740793	0.126161269726009
3.30.420	-0.16328315977179	1.11401938687672	-1.08828610771167
3.30.420	-1.19389536113885	0.665651698274018	-0.0393627456936049
3.30.420	-0.982248907029313	0.907793084980365	-0.0515022537429501
3.30.420	-1.29405316172612	0.82793890148264	0.000877999554639519
3.30.420	-1.1310243821768	0.0731575332171635	0.192681462674206
3.30.420	-0.74733612356475	0.140548171912058	-0.47073975591858
3.30.420	1.03993781650256	0.458082632665383	0.981092098040125
3.30.420	0.178737062733	0.607748843719978	-0.835125439080086
3.30.420	2.22484848806573	0.514133846064344	0.227603816843195
3.30.420	0.156832977602346	-0.286387747654384	0.909966309633365
3.30.420	1.36057788832759	0.99530184048725	0.497599268354356
3.30.420	-0.087483875839848	-0.109973921277259	0.475710847217834
3.30.420	-0.886071876927378	1.05124889918842	0.536505025376331
3.30.420	0.152563079949478	0.569174867948503	0.447098918032804
3.30.420	1.18798932860989	0.572833390782227	-0.332153453157123
3.30.420	0.82876983233372	0.288140856205839	-0.657594674081183
3.30.420	0.223549191472862	-0.0239649576862689	1.66678004073798
3.30.420	0.844672908220507	0.967806373159497	-0.401685596655984
3.30.420	0.657412408781058	0.194685209530766	-1.06230150347289
3.30.420	1.30851880957452	0.75394507893626	-0.267479023697695
3.30.420	-1.37789319280042	0.722100487693383	0.400756786614982
3.30.420	-0.750297968757917	0.365271554216878	-0.749824638820205
3.30.420	1.83100038736163	-0.331943369461416	-0.198422401917603
3.30.420	0.139701499642645	0.0709892466557936	-0.489253172254529
3.30.420	0.918511756783645	0.206017221952501	0.0968619676219389
3.30.420	-1.34915070945733	0.271589776801062	0.24696448709762
3.30.420	0.852401972847825	-0.155566597715138	-0.819566286256227
3.30.420	-0.783614090230553	0.0782345694028074	-0.368039893326821
3.30.420	2.06241920428454	0.471232896216213	0.315295954849626
3.30.420	0.825127821392711	0.248158868768767	-0.984712396918573
3.30.420	1.15335991543375	0.334644173393525	-1.11245483437
3.30.420	0.441171216058656	0.570345661204519	0.465076228455548
3.30.420	2.21590054475915	0.693056515271942	0.480433221142729
3.30.420	1.96617921046602	-0.494275105618999	0.760605672468138
3.30.420	0.730983701049757	0.237118083948857	-1.301962900444
3.30.420	-0.591421746004723	0.161594448662254	-0.72974059523946
3.30.420	2.38820734656857	-0.636704908099619	0.000448796196501788
3.30.420	1.2456924432146	0.60774997582964	-0.273486866369162
3.30.420	0.694508835178996	-0.511741121704788	-1.05442319130033
3.30.420	1.95587531131355	-0.107242521675113	-0.338303263112647
3.30.420	1.30105162700487	-0.0531491690693515	1.04387484598752
3.30.420	0.564252854657281	0.510218404530615	0.697417399494416
3.30.420	1.22408424392001	-0.413564689502479	-0.145652463175747
3.30.420	0.685918885224965	0.404979408155636	-0.821789512900621
3.30.420	1.22048310241563	0.684405628917557	0.12910417914852
3.30.420	-0.565012126283898	-0.16109108846584	0.0986718038020539
3.30.420	-1.26975001327071	-0.0419145993387685	0.429257548546318
3.30.420	-0.196205280404864	0.60753171331171	0.68097017241774
3.30.420	0.29462004326463	0.519069112376948	-0.842075666697887
3.30.420	0.0147547906484264	0.721588950388812	-1.34318136952438
3.30.420	1.32496795453862	0.501050860642609	-1.08539661634712
3.30.420	0.78458958784279	0.604988755905156	-1.07824423214604
3.30.420	0.366798702388139	0.573767443763433	-0.969602549961742
3.30.420	1.47179002836322	0.458004773759442	-1.24326965783085
3.30.420	1.14717645891315	0.550355829201472	-0.886550297078225
3.30.420	-1.26255399356575	-0.30881091233727	0.486522786993209
3.30.420	-1.01626300804125	0.836815469874855	-0.123396694392334
3.30.420	1.68583831099805	0.133006756678581	0.713941853785568
3.30.420	-0.447662939286136	0.593413628764146	-0.356893585089681
3.30.420	0.156876514665332	0.399674817907012	0.143232305387675
3.30.420	0.258508402354061	-0.281364780352927	-0.479189765847299
3.30.420	2.27902762342327	-0.277450277816418	0.126772009337145
3.30.420	2.35252635810503	-0.172810050921355	0.518190757156911
3.30.420	0.278103237535197	0.492350633567812	-0.224281583361986
3.30.420	-0.953856462225245	0.649439361782319	-0.561934501509502
3.30.420	-0.821509926117326	0.414298831709824	-0.451059969097687
3.30.420	1.08241522604643	-0.0814245689967171	0.0628260851064453
3.30.420	0.121706625257107	0.409699446043131	0.0203977089122428
3.30.420	0.0935852263835678	1.18334571695427	-0.0564954294844562
3.30.420	0.702486149565745	0.520768724653196	-1.10310510136445
3.30.420	-0.348219393730962	0.882698737590898	0.646267544349471
3.30.420	-1.87781401722409	0.57878068953749	-0.0241405111817026
3.30.420	0.37252638099318	0.633367230792707	-0.601230691784015
3.30.420	2.27532232758617	-0.816900049316234	-0.0611334022567324
3.30.420	2.81522044380973	-0.0545438255803277	0.37599923526745
3.30.420	-0.829599666051585	0.381315787965421	-0.00584763930735514
3.30.420	1.70206288132602	0.0339096522277604	0.0511896470275467
3.30.420	0.579058311781281	0.413027772159748	-1.11928430209366
3.30.420	0.584275274060807	0.543340953641063	-1.13075954774698
3.30.420	-1.17893860616975	0.705113407238792	-0.449894367610302
3.30.420	-1.65588749217817	-0.351892122227577	-0.36202681818158
3.30.420	-0.819401336844481	0.501078679816801	-0.449182129856894
3.30.420	1.2852694321584	-0.832859003591734	-0.413052917515224
3.30.420	-1.37650135694646	-0.21604238333762	-0.371639324479893
3.30.420	0.0252404852845009	-0.416669574630787	0.131673649307342
3.30.420	0.365289815710405	0.223229794147388	-0.0527136482576344
3.30.420	-1.28229728507126	0.430319363528982	-0.294440203456158
3.30.420	0.277778600769261	-0.476644861539724	-1.46699561880567
3.30.420	-0.524708741546625	0.287788430842762	-0.398701337514375
3.30.420	-0.666128165190902	0.546614307695407	-0.403772582974355
3.30.420	-0.782832595805709	0.0973503278791303	-0.70806664902495
3.30.420	-1.38603103310986	0.00847484300457602	-0.361993859956837
3.30.420	-0.514581188556135	0.642357532362771	-0.590705993967728
3.30.420	-1.825467295842	0.287561346424866	0.118934357657856
3.30.420	0.509099927813474	0.483116899449059	-0.0703841855006297
3.30.420	0.251476641623238	-0.0279151292829387	-1.50496691601771
3.30.420	-0.130653363080388	0.691877094499441	0.431797537216067
3.30.420	1.31627493904157	0.0824677909415915	0.754732734734092
3.30.420	-1.99233119499693	-0.797938558155918	0.0207776394435312
3.30.420	1.73895224783883	-0.426784276229453	-0.135472561470077
3.30.420	-0.988015924882016	0.16197107967709	-0.729521070997204
3.30.420	0.478831865521589	-0.153722146232465	-0.699076311704489
3.30.450	0.329470300667291	0.795338946568404	-0.269610036033586
3.30.450	-0.234333203322884	0.511235915458972	-0.619482520626687
3.30.450	1.00702682228192	0.46016093307389	-0.259533048656319
3.30.450	2.16309756027597	-1.12166882520758	0.519649534239696
3.30.450	-1.36568515908194	0.86754868189115	0.684277878049017
3.30.450	0.505777412883848	0.431154238772095	-0.680948044163507
3.30.450	0.0879160885692244	-0.189547487202664	-0.851197896208724
3.30.450	1.64285604241231	0.0488206216301522	0.725511592549402
3.30.450	0.998340130808348	-0.973679730966617	-0.730128142716024
3.30.450	-1.26901930825868	0.606434256569474	-0.169238346233852
3.30.450	0.213376777788652	0.294085489392158	-0.00332940178883765
3.30.450	0.548836025290213	0.578166256016678	0.534573067671476
3.30.450	-0.522182022765344	0.434063619473094	0.367661671181222
3.30.450	-1.5507959113937	0.268400485859945	-0.666510713537281
3.30.450	0.398074151549077	-1.16087540004558	-0.338646843302833
3.30.450	1.67938077195945	0.551485814197371	-1.11598240609223
3.30.450	-2.13846478583098	0.320371983836609	-0.551899510327957
3.30.450	0.369132677804013	0.235471457915804	0.302735003049466
3.30.450	-1.15730077370368	0.313297331455387	-0.840422399561065
3.30.450	-0.18490779792518	0.424420626309954	-0.156401404020099
3.30.450	-0.0751206267742749	-0.0429166886379513	-0.851839498575715
3.30.450	2.80289556754039	-0.997416098484475	-1.14327852679846
3.30.450	-0.0694489209132499	0.254500815260782	-0.040504075757251
3.30.450	0.31827997830888	-1.77973433084047	-0.705712928136282
3.30.450	-1.55041312771928	0.0773801965268996	0.609305863182322
3.30.450	0.247788702830085	0.691531615293055	-0.340665936187354
3.30.450	0.0809984507521146	0.757747508359644	-0.105808064891646
3.30.450	0.325085269365244	0.202503640855176	-0.0829577726099248
3.30.450	2.13343791158522	-0.685378555787636	0.126095935933867
3.30.450	-0.420630777131415	0.680776683285458	0.607094465317688
3.30.450	-0.349752687641368	-0.240140711127163	0.46410929415261
3.30.450	-0.496035743189692	0.256176410677123	1.02746684052499
3.30.450	0.480743995224162	0.384183237142701	-0.223934723417957
3.30.450	-1.0897174345424	0.432669734558846	1.11346718293708
3.30.450	0.704838882283959	-0.0737501344022864	0.156910633815253
3.30.450	0.911249661218663	0.575026105996817	0.534296121184043
3.30.450	0.675537436793376	0.910263825713327	-0.662073977409321
3.30.450	-1.22482836980618	1.01534321035901	-0.10721980315426
3.30.450	-1.56014654143612	0.461761788672685	0.637213232329481
3.30.450	0.576426940627244	-0.285250899551466	0.198983557732856
3.30.450	-0.253218978810886	0.0722461008791133	-0.572383182738391
3.30.450	-0.685200499846763	0.857577176912852	0.901075115160693
3.30.450	0.469994029888937	0.127076585548496	1.02504739720599
3.30.450	1.04520172325681	-1.18484904075581	0.147012394216013
3.30.450	-0.237348440028002	-0.33594963126438	0.428397428436181
3.30.450	1.96994370967339	-0.0130894791528775	0.642793512588082
3.30.450	-0.93612288578854	0.813729597288177	-0.981044875257096
3.30.450	-0.447651043018631	-1.0442187675464	0.411492874653369
3.30.450	0.967775938392138	-0.176413317413935	0.090088673910426
3.30.450	-0.503738478063327	-0.52570251920147	-0.555832736482305
3.30.450	0.0664839995197318	0.648492483570887	0.119467943718995
3.30.450	-1.58559063927468	0.357757708756432	-0.798445326674415
3.30.450	1.76537685070305	-1.41819656499256	-0.311143903202861
3.30.450	-0.731150643938754	-0.34366429987739	-0.00900908811600476
3.30.450	-1.04942964861666	-0.143049243223442	-0.447926003579423
3.30.450	0.675441797028893	-1.15111445376889	0.652095386706484
3.30.450	-0.543955329045948	-0.286189430011711	0.594292630125322
3.30.450	1.59653874626167	-0.508515465906523	0.46956942419315
3.30.450	-1.16786089206558	0.678886022095175	0.285843740316428
3.30.450	2.49914671110908	-0.09488899134546	0.00978230681203979
3.30.450	0.67910907384124	-0.0683238510648919	0.0736506015903989
3.30.450	0.216977891198809	-0.548325539157174	-0.28400618280557
3.30.450	0.755137581671016	0.467433685082054	0.291369102515365
3.30.450	-0.247287752477734	1.11907627473623	0.566597065704895
3.30.450	0.314464717663726	-0.100332802037375	-0.342623539736336
3.30.450	0.0593237381533588	-0.36001310388301	-0.471391094102925
3.30.450	0.663461602439656	-1.19999133586867	0.241693250838342
3.30.450	0.0594987764460372	-0.107035215926346	0.207672381638441
3.30.450	0.318078538035272	-0.70977000739338	0.0516465392038589
3.30.450	-0.497130158248492	0.839301074133479	-0.179589585955774
3.30.450	-0.507359091244399	1.71954906883115	-0.372299074721537
3.30.450	-1.15227142002818	0.146206586039999	0.200759879316087
3.30.450	-0.361007935738957	-0.272597335882859	-0.0810505050074278
3.30.450	-0.761749332801025	0.282768065916783	0.527635227342926
3.30.450	-1.02424000950054	0.503901918036676	-0.361121702939157
3.30.460	1.74490042126022	0.178632740868127	-0.117892712723177
3.30.460	1.77123047123707	-0.715783002001071	0.0444293180455815
3.30.460	1.43356056755789	0.376466240203698	0.781008200772627
3.30.460	0.996742384873564	0.0355239930123186	0.372013369128472
3.30.460	-0.0970879197549156	-0.280245344978031	0.539129571546587
3.30.460	0.409912645703653	0.486219146260166	0.565232904473608
3.30.460	1.62598301090616	-0.850613632222575	-0.00284944235447604
3.30.460	0.30989720911954	1.00327601061101	1.48841186368489
3.30.460	0.0411270668332052	0.640890521825177	0.0356956268617363
3.30.460	1.83723459501107	-0.0564477104052518	0.27361413730151
3.30.460	0.785043875172652	-0.0252134577139158	0.516848732293787
3.30.460	1.64240000645916	0.334637418146959	-0.189252232891572
3.30.460	-0.160004275557279	0.447609438801888	0.0214018806035845
3.30.460	2.0435767405639	-0.344944751524153	0.216954396975501
3.30.460	0.129678487172717	-0.692323848048195	1.04027015803191
3.30.460	2.32021091177985	-0.856044206812046	0.39515938364864
3.30.460	-0.216670201353334	0.345477767486018	0.187141581801863
3.30.460	-0.0534811079533649	0.0631579482035682	0.20718193024588
3.30.460	-2.00485132590911	0.80828482400591	-1.44760309587835
3.30.460	1.66406466774896	0.311894522276654	1.14375427559759
3.30.460	0.200151247382116	0.260006443981327	0.457659198258047
3.30.460	0.0613196543188486	-0.0603378053174055	-0.705355236639502
3.30.460	-1.62166213067435	1.17568517991771	-1.41681284441537
3.30.460	2.63146297469422	0.276086076486539	-0.122965347551251
3.30.460	1.30764216620105	-0.318067840535371	0.12665946371813
3.30.460	0.381737870558566	0.730042959648378	0.423407800168387
3.30.460	0.227837445411955	0.382840750235317	0.551914767220508
3.30.460	0.224323390308426	0.176366089638499	1.01906984148217
3.30.460	0.376540094299363	-0.238434747461827	0.183723876617865
3.30.460	2.38581532259448	0.493789033789225	-0.234397491471774
3.30.460	1.14639691628221	-0.358144054307907	-1.42204692796587
3.30.460	0.28966415190241	0.143899736909442	0.117614618910898
3.30.460	0.533632959979812	-0.0659911073615655	0.429654662333598
3.30.460	0.623922313571915	-0.102351958094756	0.723803245011628
3.30.460	-0.195321305404569	0.433443757221653	-0.553688115395555
3.30.460	0.101839982612296	0.245136754412918	-0.0392028603104384
3.30.460	0.822605860041148	0.584269442041134	0.348758967432928
3.30.460	0.36981826728908	0.319636063992185	0.29349165287532
3.30.460	0.462404671732859	-0.119364785816153	0.390118706588599
3.30.460	0.341823704880531	-0.176331943560087	0.190455284446624
3.30.460	1.00178064908777	0.654274385420206	0.0169461552351887
3.30.460	1.64153879562137	0.651073800257847	-0.0177305082376302
3.30.460	1.20565707261228	0.514669038436438	-0.226315445921338
3.30.460	1.3018129859916	0.592211474873857	-0.595901326505695
3.30.460	0.894174725323889	0.120080918898918	0.575746814069616
3.30.470	-0.867313486798989	0.236277310804246	-0.439846433690045
3.30.470	-0.697585285739003	0.987598947660537	1.22471089731904
3.30.470	-0.12347248019016	0.783823060191624	0.803051119874058
3.30.470	1.07505705254243	-0.533185113398308	1.09932358880416
3.30.470	-0.51735573728267	0.455599316431478	0.100953239766834
3.30.470	0.911183253068303	-0.0669481169786932	0.57868204698696
3.30.470	-1.36406846246642	0.968985403167836	0.40823048357052
3.30.470	1.43324126134952	0.450387674062499	-0.138109643114072
3.30.470	0.935987706013827	-0.602238776228674	-0.105907732277371
3.30.470	0.169716763177698	-0.928000454077821	0.0743024357133791
3.30.470	-0.0420327686468762	0.483218701657834	1.34714543576568
3.30.470	-1.32124123839504	-0.641691018315593	0.686990910937217
3.30.470	1.73088399598497	0.82238448473004	0.252474797502487
3.30.470	-1.03298056661872	-0.334970418199897	1.04182388253196
3.30.470	-1.95988387206753	1.11878120357473	-0.0489163277322416
3.30.470	0.943563488402233	-1.06099250892712	0.818521394422177
3.30.470	-0.357328139113162	-0.104144368544942	0.249692713352067
3.30.470	1.1970149994935	-0.781813486176028	0.834124879308084
3.30.470	-2.25080778840762	1.47094689461227	0.408600496742591
3.30.470	0.360058231786802	0.180410881492144	0.278653117926537
3.30.470	0.160780371824119	0.428638882830049	0.0988440922208267
3.30.470	1.62977535498812	-0.385254015878055	-0.335681286212641
3.30.470	-1.10426253344809	1.15040848044474	0.0364898659945961
3.30.470	0.745606040265553	0.151327351025809	0.101571387237312
3.30.470	-0.840506419451556	0.589956395234642	0.600894280565751
3.30.470	-2.30727564016032	0.551681344762631	-0.734513803657767
3.30.470	-0.745431451350345	0.0248244768296527	1.62398157595874
3.30.470	-2.09151893338818	0.253305271762936	-0.914878537452277
3.30.470	-2.68299212455483	1.06325307016531	-0.245614937997399
3.30.470	-1.86043126583974	1.20729802897951	0.0641674617220286
3.30.470	-1.38219984756437	-0.578340666854247	0.963781122544933
3.30.470	0.37317389943942	-0.249790225882642	-0.794587542654266
3.30.470	1.00129148226048	-0.313420645835084	1.22413254157481
3.30.470	-0.3282957205596	1.09872936474479	0.242659134973965
3.30.470	-0.322306804219226	0.525691221910238	0.246640909727294
3.30.470	1.38603840873009	-0.401583735894737	-0.397087576378205
3.30.470	-0.682695791134385	0.328634468725818	1.887947869052
3.30.470	-1.22280709401836	0.598942785266077	1.30895835033328
3.30.470	-2.49566714705323	1.03220148170446	0.0820308783630059
3.30.470	0.764695400559942	0.651302274938604	1.24082616086897
3.30.470	-0.229598933052939	0.325107409747509	2.17680461689458
3.30.470	0.381573585228919	0.724695563257047	1.26165627844654
3.30.470	-1.9611964361177	1.22834614992268	0.365031691311972
3.30.470	-2.15096421790445	0.88982377819535	0.242671146311217
3.30.470	0.872686688259604	-0.127276491039627	0.896199318684811
3.30.470	-0.905300653493389	0.30497475649532	1.46196552994852
3.30.470	-0.834819150902932	0.607585384557101	2.22762777568447
3.30.470	0.174365683632428	0.791457847552109	1.04618859502034
3.30.470	0.516255436474523	-0.389475191827147	1.04010973256267
3.30.470	0.959011554060001	-0.701632616441155	0.937128049318483
3.30.470	-1.92779323444047	2.00129294214539	-0.472698669974506
3.30.470	-1.58862526432609	-0.83697547260265	-0.517008211944373
3.30.470	-1.90036894452719	0.792106584679574	-0.447178676251421
3.30.470	1.11942124604318	-0.532457343559378	0.93264696394538
3.30.470	0.28611163125008	-0.319636009000086	0.827439951307506
3.30.470	-0.692878813797691	0.0192718786288529	0.98536537858637
3.30.470	-1.41497453661581	0.0359264449323359	1.30097364340043
3.30.470	-0.734737677205176	0.267525391466276	0.713116617620902
3.30.470	1.11968335071768	-0.157706994780598	0.850992490524644
3.30.470	0.26478885413327	-0.223673256787883	0.662187869906639
3.30.470	-0.0994956604431982	0.407876881867932	0.71534225020386
3.30.505	1.1908539329603	0.969338942806858	1.41376628145294
3.30.505	0.330072808740213	0.692019080825365	1.11096707378446
3.30.505	0.745835788010436	1.07860156914618	0.677955836083987
3.30.505	0.146358822435279	1.27409760747228	0.906862856178401
3.30.505	-0.888306593189388	1.27123482127457	1.44800269780516
3.30.505	1.89840052906992	1.60850451722951	-0.377049732955333
3.30.505	-0.940120929499573	-0.0835385863444655	0.376172146122601
3.30.505	0.0484327484260892	0.969718568589686	0.535810926120226
3.30.505	1.52973644635645	2.04403420832227	0.436393618778523
3.30.505	0.454126895829433	0.604421429471153	0.669990081486071
3.30.505	-0.697280965141986	1.40697577806017	0.422869639750899
3.30.505	0.382862426065911	1.26083921333249	0.80116000854423
3.30.505	0.916363932868324	1.66574832976284	-0.0147269933801177
3.30.505	0.268437231274793	1.86926210792955	0.936415986034055
3.30.505	0.52520015329459	2.68890462522409	0.949185783184108
3.30.505	0.462922272204031	1.29590199024944	1.25728463497794
3.30.505	0.0120893661405961	2.09790036919443	0.486483553277145
3.30.505	-0.283430636573991	1.50106463650859	0.789301310266717
3.30.505	0.378021946673949	1.17063549280899	1.34493291396232
3.30.505	-0.656859811155643	0.976965754998765	1.29867711664499
3.30.505	-0.562629335118154	0.448334420853274	1.25732521149362
3.30.505	-0.644230517155904	0.424765411169664	0.521370244372121
3.30.505	-0.161388712628278	1.48462121320194	0.250756349445593
3.30.505	0.851466475471566	1.74344002439873	0.254917991115064
3.30.505	1.90765242726718	1.6049549140228	-1.30433254044523
3.30.505	-0.481324698737987	0.649550583113628	0.951107330437444
3.30.505	0.608498745133436	1.47512980193936	0.971239275980828
3.30.505	0.25506059433584	0.635200241293872	1.40965690886916
3.30.505	0.0214780689627898	1.15590309825702	0.572664545239103
3.30.505	-0.0582148295930373	1.89943324860142	0.782564409166525
3.30.505	0.820703988123796	1.19718937313255	0.666120283356582
3.30.505	2.63526028662558	1.93078323410704	0.235210061893236
3.30.505	1.77636155098348	0.868732356219291	1.2360632269317
3.30.505	-0.4286616453305	0.821472261094984	0.940112377732532
3.30.505	-0.291893733632607	0.780315877031184	0.926421206907467
3.30.505	0.81870080443945	2.31484111219708	0.440995258202468
3.30.505	0.80180148044276	0.862816774813804	0.706689522817046
3.30.505	-0.890201700952885	1.17323846796123	1.47510755488601
3.30.505	0.161044352607005	1.26317619925397	1.78960345226672
3.30.505	-2.08973317630451	1.5594688590657	0.755719153411137
3.30.505	1.27550401074779	1.95933510108939	-0.22395554749572
3.30.505	0.39800460484012	0.200352148143744	1.2557636728769
3.30.505	-0.0227875312579764	0.974965621752099	1.00270913040485
3.30.505	0.529878384193732	1.20127024059838	0.141472553688633
3.30.505	-0.251896781397395	1.29235250638862	1.46492598348728
3.30.505	1.29092598843136	0.435251293265062	1.17220301877221
3.30.505	1.10488320186307	2.24568599331137	0.717882483667692
3.30.505	1.23683086736597	0.735490668644898	-0.603491812866842
3.30.505	0.0305785341217097	0.999369166146968	0.844538340502296
3.30.505	1.13967461009284	2.51365394331849	0.852150735681094
3.30.505	-0.229357152464903	1.21072895532131	1.06539369055627
3.30.530	0.537031529637321	1.37071671244784	-0.955441990358538
3.30.530	1.49383376670648	-0.238027294125413	-1.11055762452171
3.30.530	1.42502374355165	0.179269055191248	-0.89943441883846
3.30.530	0.469011166529351	-0.0362777076040192	-1.54049508893187
3.30.530	0.864524155468608	0.202490725940065	-0.899469422429137
3.30.530	0.327902282341833	1.91690472930392	-1.78089206041938
3.30.530	-0.0144852589239353	-0.527186236088017	-1.36466502873012
3.30.530	0.374959148832502	0.418520226747631	-0.879657182087232
3.30.530	2.24716163581452	-0.4979119137601	-1.45360997429795
3.30.530	1.997083804516	0.102942768179527	-1.12532837926812
3.30.530	0.826470703918725	1.5231119629492	-0.732459334691947
3.30.530	0.140351409500637	0.204406863791824	-1.19846969225887
3.30.530	-0.739995551616183	-0.0517086511769248	-0.673335668863728
3.30.530	2.09786902734021	0.0610206558941491	-1.41541236130355
3.30.530	0.948319571595007	0.631245110776216	-0.884456783927207
3.30.530	1.17271040497649	0.271990929540011	-1.81352864064045
3.30.530	0.134266386822055	-0.194007920735861	-1.19547974329914
3.30.530	2.8885572070109	0.328060193739239	-0.564450144973853
3.30.530	0.775394293002962	1.18847331924859	-1.18703618539431
3.30.530	0.635878580340972	0.54199637543537	-0.991551029263098
3.30.530	0.897108328463476	0.39429700517946	-1.25187428841453
3.30.530	1.25088563339194	0.562592886893274	-0.734698979049561
3.30.530	-0.150248948337314	-0.0683812494366138	-1.4140926016292
3.30.530	0.695842566894576	-0.477299374247034	-0.167981725436725
3.30.530	1.64715244171218	-0.519206439679483	-0.552179926454492
3.30.530	0.181224931249834	1.73344987440539	-1.79319432467993
3.30.530	1.22080433081086	0.883315803588428	-1.06556685537791
3.30.530	-1.48377506188175	0.0198524982922385	-1.22636458790395
3.30.530	0.837513417921649	0.40450758797532	-0.715802255845292
3.30.530	1.4739599452426	1.40569588073381	-1.16293616847313
3.30.565	1.24792828012163	0.0679727571547798	0.00167346008724532
3.30.565	-0.138106302566922	0.815148922353895	0.452271507383788
3.30.565	1.4964341360249	1.23440349693159	-0.110773469541318
3.30.565	-1.27238826926166	1.0180833336174	0.832424516984388
3.30.565	0.601633300466472	0.367578450808336	0.0386233068884281
3.30.565	0.205659543116951	0.487582211289815	0.0598213789265275
3.30.565	2.4853476323067	-0.277675011018768	0.531615239004842
3.30.565	0.686501260840081	0.616143536628071	-0.499282820902821
3.30.565	0.780054012237231	0.748185633881731	-0.53585510585847
3.30.565	-0.377287379461938	1.36990891650038	0.523030585552222
3.30.565	-0.501397309664653	0.656558957372858	0.043154776788447
3.30.565	-0.485519551957742	0.127143673223584	0.450468565071722
3.30.565	-0.0306098218052678	0.291967632037753	-0.305474614427596
3.30.565	-1.05813604452349	0.620298949491551	0.875471039393621
3.30.565	-1.2164260607133	0.919305585796467	0.713563806920781
3.30.565	2.00587591440445	0.364893542233476	-0.621584286329822
3.30.565	-0.697541519644887	0.594579131440997	0.670116726619382
3.30.565	-0.557440076806358	0.0992766364112171	-0.665631628575318
3.30.565	-0.617042742493053	0.543327946878435	0.124005123383737
3.30.565	-0.322035864050239	0.344595768076232	0.272878647969729
3.30.565	-0.117995321527027	0.913248154626311	0.364571795173728
3.30.565	1.55337760183337	0.0948464480038557	0.667684965955344
3.30.565	1.4825398162878	0.437361036770118	0.450720076415742
3.30.565	-0.578566601573252	0.122916069507734	0.660253865581193
3.30.565	-0.232125392070343	1.38264794986288	0.95355096702082
3.30.565	0.516938191242668	0.768683783788204	0.410326592549435
3.30.565	-1.4870631578992	-0.0862196542279102	-0.117738558690647
3.30.565	-1.89544029960599	0.642877245258976	0.324151631963182
3.30.565	-1.4270519578353	1.13648473449465	0.0215709158687642
3.30.565	-1.07447787768523	-0.0597822084415315	0.31103098753841
3.30.565	1.82040069693351	0.361751009363358	0.0123832911190071
3.30.565	1.36089807079465	0.284818790687078	0.635495133277283
3.30.565	-0.705176063456806	1.11231198069741	0.378029584563961
3.30.565	0.808745050061985	2.1434805043603	1.33738110290713
3.30.565	1.79896909422259	0.308908495993539	0.114185158518
3.30.565	-1.5078649652741	1.18627582162474	0.685225729628359
3.30.565	2.21011560950474	1.21836042437443	-0.498423809059642
3.30.565	-0.940900657499022	0.487297399466365	0.638048532710882
3.30.565	-0.0349673478005527	0.538352534720735	0.665815098024316
3.30.565	-0.922232242276702	0.974569944055597	0.565530019712226
3.30.565	0.579996528810968	0.242744435702678	0.576307915543644
3.30.565	-0.96186307395231	0.475023265566282	-0.056033011788446
3.30.565	0.228907392688118	0.477698973495183	0.26005021576631
3.30.565	-0.620579573734196	0.858169925584157	0.488365055817998
3.30.565	-0.459769229357014	0.522901761501235	0.186219521548835
3.30.70	0.0839691057486362	0.0186525235730029	-0.29045409139831
3.30.70	-0.517465004808742	-0.545425017186862	0.263536494435947
3.30.70	-0.528605302708033	-0.721753994540092	-0.585462040470335
3.30.70	-2.5125977590877	-0.300360801242119	-0.339942538865422
3.30.70	-1.71999309227989	-0.163904466935267	-0.0269115520253229
3.30.70	-2.22919827985654	-0.628828725338908	-0.687990843135028
3.30.70	-1.15107681695205	-0.895025958454507	0.144443466121817
3.30.70	-3.49634660083043	-0.194163462258118	0.634238992354737
3.30.70	-2.73749418421447	0.496346643040911	1.25438274546168
3.30.70	0.596240899157116	-0.878515648034775	-0.230839346724694
3.30.70	0.556286060011714	0.551970354619839	0.567884430313105
3.30.70	0.380754239420245	-0.585237501723609	-0.533722813861554
3.30.70	0.69551820583981	0.251499887491144	0.0685777831235809
3.30.70	-0.83386726741533	-1.2168532399577	-0.672306705758913
3.30.70	-1.02921572424512	0.263389666224389	0.536157813498147
3.30.70	0.583727933079106	-0.110501553912316	0.170837804883972
3.30.70	-1.11137073638058	-0.137390074439297	-0.811294822641469
3.30.70	1.50437671216261	0.137833306722045	0.484022035219016
3.30.70	-0.786258577868747	-1.58111537907897	0.326111547012328
3.30.70	-0.812380913042527	-1.07052004670949	-0.382446008387814
3.30.70	-0.5653940393878	-2.01184994163608	-0.636985990324451
3.30.70	-0.400489749975777	-0.154947431897359	0.474703123012372
3.30.70	-2.33379184502896	0.0642006375167143	-0.845461820096463
3.30.70	-1.41901464872488	0.836617111172909	0.183172258649991
3.30.70	-0.978295976366671	0.588115488595587	-0.113842885526742
3.30.70	1.74019722188032	-0.352411770012547	0.308577359811545
3.30.70	-0.267977705247928	-1.19535490375518	-0.658226617164754
3.30.70	1.22089978837264	0.0833418002732049	0.416806508054773
3.30.70	-1.96175616395546	-0.93420132041271	-0.445172701297537
3.30.70	-0.470788076348424	2.24874406544527	0.813509485453493
3.30.70	-0.793627526351446	0.778281495573863	0.152530740621684
3.30.70	4.83075050664669	-1.71485749373469	1.23435464699663
3.30.70	-0.772639084709678	-1.63432770457846	0.65841323113805
3.30.70	-0.934211791024907	-0.470835015972638	-0.161713571113889
3.30.70	0.813405563615029	0.788362040720275	0.453583369735929
3.30.70	1.52953741454448	0.6152788445251	1.15446487348374
3.30.70	-0.979525192225109	-1.27123164843378	-0.616207884046968
3.30.70	2.85935230855295	-0.953283368720974	1.5520337645761
3.30.70	-1.55028872317461	-0.946439010800166	-0.182119723346383
3.30.70	3.9146187315184	-1.4435060660684	0.819318646882
3.30.70	-0.531028497622571	-1.09102455988963	0.725956887824276
3.30.70	2.84910481751629	-1.7127036953775	0.5539120864085
3.30.70	-0.130112239888098	-0.1112472187627	0.887660915209316
3.30.70	-3.89990605189436	-0.452764496745937	-0.0977754184534072
3.30.70	-1.54746562859615	-0.361154253291582	1.05542531208542
3.30.70	-3.98704349664178	-0.189400129420339	0.300206912273926
3.30.70	1.02764194316291	-0.630946525252767	0.332054614475394
3.30.70	-1.11268104976443	1.02598696749058	0.511977927535985
3.30.70	0.042845407588958	0.14364555891078	0.3561653012641
3.30.70	0.100008830946166	-1.58907570674599	0.824614203031444
3.30.70	0.490444566369017	2.09561355067608	0.994663014980551
3.30.70	-0.40728329232193	1.18454175717742	-0.346714031441978
3.30.70	-0.0645446486332818	-1.82404568377774	-1.03717495684004
3.30.70	-1.62668170361484	-1.02439001888487	-0.0492747262275171
3.30.70	-1.90555420979158	-0.758856877276679	-0.546492465495178
3.30.70	-1.99576043333051	-1.71975778196924	-0.824557911696759
3.30.70	-2.16675952160296	-1.44427580472137	-0.656922782308955
3.30.70	3.47859621099945	-0.86389693493339	0.994222833842451
3.30.70	0.160300898473172	-0.137051792003037	0.716909272912653
3.30.70	-1.12998788367834	-2.00478331721048	-0.166833477681661
3.30.70	-1.68428963023859	-1.08158952321458	-0.372751787270704
3.30.70	1.04390474665233	-1.10500974159895	0.809257785125824
3.30.70	-0.336815601554777	-0.822718190311713	-0.726467447496127
3.30.70	-0.686381619137554	-2.41122400505979	-0.746919219247029
3.30.70	1.06063617474575	-2.27138721376711	0.144243196055207
3.30.70	-1.01660838940588	-1.97280296011407	-0.118619165213354
3.30.70	0.295000364962233	-0.182431400959607	0.268883695221449
3.30.70	3.24223834608832	-1.49334276589771	-0.85705586603362
3.30.70	-2.23330024131404	0.309774266076099	1.17337805324191
3.30.70	1.45465562230121	-0.150082211385128	0.7354781643753
3.30.70	-0.890405267436244	-1.38297114061674	-0.435682238588068
3.30.70	-0.618160060734707	-1.6783154547346	0.328917031314452
3.30.70	1.52770602215168	-2.17935881725574	0.405057994094043
3.30.70	-0.993302694771004	-0.343080429013477	0.250227378337114
3.30.70	-0.708069662287579	0.82802201030294	0.0969022457725664
3.30.70	-0.655458953066694	0.228853641186758	0.666117455702747
3.30.70	-2.45410523197742	-0.245488056742486	0.67771861439327
3.30.70	-0.205076076411758	-0.663319759322477	0.8722938969604
3.30.70	2.41108233145565	-2.70921734279221	0.0246183854450596
3.30.70	-0.753478820233306	1.49332234648562	1.39939985574428
3.30.70	0.0347235288418102	1.21911690629885	0.965412661972299
3.30.70	1.83662549934927	-0.601397138638554	0.241944240411944
3.30.70	-1.88038466080538	-1.14809023748098	-0.560410795260049
3.30.70	2.49553181908699	-1.59183052523854	-0.775106332314104
3.30.70	0.100586984272439	-1.72373687052771	1.21267230457665
3.30.70	-2.88142027370951	-0.426593485260673	0.689939047250301
3.30.70	4.15801815327931	-1.09658343015007	0.517271761105921
3.30.70	-2.88952724772803	-0.328825617603458	0.211956961810165
3.30.70	0.101354274957023	1.6533402190343	-0.0521506295759202
3.30.70	1.2862654526566	0.536046910483823	1.01754134023194
3.30.70	-0.144780795771188	-1.97972351944499	0.374931815639882
3.30.70	-0.108673518047053	-3.18778477732683	-0.364807360644357
3.30.70	2.36221213781841	-0.667677335841927	-0.359059366339283
3.30.70	2.91625041731675	-0.884185362953368	-0.362010026844378
3.30.70	-0.111758578334227	-1.83996935807047	0.448821562018989
3.30.70	-1.03902282058754	-0.882436955908126	0.338555542746335
3.30.70	1.75924280926767	-1.72320314728923	-0.262826238473123
3.30.70	-4.02446736908776	-1.9860052461692	-0.204406245268694
3.30.70	4.19240703540397	-0.746521547705155	1.56260078444585
3.30.70	-3.07523792590064	-1.35073114756807	0.403176633258121
3.30.70	0.496068777890923	-0.84763753333387	0.189333146062954
3.30.70	-1.34514852002199	-1.97502199719439	-0.690155678497109
3.30.70	1.07024931091471	0.0735695425334614	0.339884764452224
3.30.70	-2.42361800218982	-1.25998215110908	0.349559804282454
3.30.70	-0.0695980758492361	-1.85988118260868	1.16373535790723
3.30.70	1.24804341427358	-2.80346029895035	-0.778021333076692
3.30.70	-1.71542688772153	-2.03424092174751	0.912427093912788
3.30.70	-2.66574620935103	-1.20264018081498	-0.187519226939325
3.30.70	-1.82252317629035	-1.21332874320616	0.0168200733075468
3.30.70	-0.520978345672162	-1.53553666829754	-0.360311920628426
3.30.70	-1.47762074038102	-1.3046477807127	-0.338628240527557
3.30.70	-0.695759107835897	-1.41774198831755	0.706294410148044
3.30.70	-0.421449383823546	-1.1558283491021	0.82831836700004
3.30.70	-4.44102959499471	-0.728775882236354	2.04279598173827
3.30.70	-3.0792586963644	-0.0759282571645726	0.950883977453022
3.30.70	1.00723400390782	0.3846205114436	0.612715645033374
3.30.70	3.18488782461444	-1.05798743651123	-0.488797549678915
3.30.70	-1.95597669080826	-1.23890614584931	-0.379881618264492
3.30.70	-0.390541995356326	0.195330386062153	0.0102663001935489
3.30.70	-2.5151709098489	-0.252205593510922	0.106977159066551
3.30.70	0.275132988753496	-0.244619195668974	-0.597409572306112
3.30.70	-2.7158242458409	-1.21504272051182	-0.432546363295464
3.30.70	2.40381006952091	-0.453380851764278	0.130197357131754
3.30.70	-1.54392327552023	-0.251936851646687	-1.00330795255634
3.30.70	-2.72779230157063	0.94347479033748	-0.229826658484904
3.30.70	-1.77727902322597	-1.31327770192875	-0.821991120551337
3.30.70	-1.22473389314214	-1.08416709686819	-0.196048651792934
3.30.70	0.731849894890901	-1.36625488291485	-1.15502260697921
3.30.70	-2.73607544920026	0.190819541963007	0.322384114997012
3.30.70	-0.191196725989256	-0.609756472563482	0.251671552753372
3.30.70	-0.036079610014374	-1.36471553934746	0.558681375554505
3.30.70	4.77976292421617	-1.3186138580121	0.811051194103187
3.30.70	-3.57089597150642	-0.839096394111466	-0.119592858848436
3.30.70	4.10451145242309	-0.461957218943331	0.554035307484841
3.30.70	2.37857133631645	-0.898054363288676	0.0993617987868327
3.30.70	-1.18526827697914	-1.92679157463419	1.45771921494842
3.30.70	-1.93773897930601	-1.09619870193391	-0.759327177824073
3.30.70	-0.629898660911687	-0.845536721141835	0.157130924180707
3.30.70	-0.963337736260169	-0.547939021519378	-1.54960246413159
3.30.70	-2.27898358478512	0.0956995622090607	0.585108167702028
3.30.70	1.52910689110978	-0.254341440159987	0.746219600060146
3.30.70	1.18785001282773	-1.58537390293357	0.91476669205688
3.30.70	2.24225186007068	-0.726037713719916	-0.265927044114992
3.30.70	-0.461722825110786	-0.520047663415969	-0.011999809215444
3.30.70	-2.04801687822716	-0.360620602905609	0.391243524194086
3.30.70	-1.17045788036811	-1.52269047021064	0.17159746019417
3.30.70	-0.872611835432839	-0.39799842772235	0.650498499975363
3.30.70	4.1439645474084	-1.03829623113294	0.989862607120267
3.30.70	-3.13542066964292	-0.144511655795358	0.626346387514813
3.30.70	3.55479088155139	-0.73660366122418	0.84139182487538
3.30.70	0.190562651269684	1.25109704657747	0.565097758687878
3.30.70	0.854099299848045	-1.16120104314861	0.0666679542366321
3.30.70	-0.87267789100583	-0.543089240631727	0.0346951790473627
3.30.70	-0.508965374780481	-0.121552545408686	-0.348152519719496
3.30.70	-1.69839170191257	-1.97609570228976	1.08103226781329
3.30.70	4.27412865806597	-1.4385752113311	-0.559037632370372
3.30.70	-3.66831992660772	-0.247572635193878	1.12305592079164
3.30.70	-3.02980065040541	0.323277601110143	1.17100643543534
3.30.70	-1.8813710626944	-2.10087015071093	0.807257625000817
3.30.70	-2.1064073718837	-1.8663716802705	0.0738604209549057
3.30.70	-2.64088991919907	-2.12945863495371	-0.0307101418163991
3.30.70	0.630420572292191	-1.87186276035137	0.960253741812213
3.30.70	-1.68036605047627	0.0148342426285498	0.793182156020034
3.30.70	0.162329552657343	-1.2712043344121	0.798408013664172
3.30.70	0.950309160140439	-2.49147406962643	0.57157242811726
3.30.70	-0.924073703477795	-0.0215720993255483	-0.777109058028073
3.30.70	-1.02418353151771	-0.823143808439128	-0.280708355644561
3.30.70	0.421598486240063	-1.77061958976064	0.423335656269981
3.30.70	-0.791571765676241	-1.43690663514364	-0.953958132996453
3.30.70	-1.26802748370848	-2.47904266847497	1.36478764961124
3.30.70	-0.540229698715137	-1.14378894584076	0.120932786222934
3.30.70	-0.231141347119821	-1.05246227264928	0.221127243900868
3.30.70	-0.939391783643345	-0.816024670245612	-0.40881321070336
3.30.70	-3.27815177469669	-0.374610496529705	-0.0440633772521533
3.30.70	3.00367997521123	-1.94144453096812	0.222256332896005
3.30.70	-2.13782521763179	-0.27854239625323	0.513403959906178
3.30.70	-0.766536620687163	-1.83540417017662	1.17480662873641
3.30.70	-1.95107068211797	0.703950320695721	0.550966912287782
3.30.70	3.68518680295982	-1.28579082377375	0.790702839245836
3.30.70	-1.36239690560837	-0.20595083294404	0.235143556480483
3.30.70	-2.96912382011803	-1.80161336232687	0.235671142031576
3.30.70	0.265550389637016	-0.995634222649693	0.142034592136465
3.30.70	-1.79226914447759	-0.892681914847029	0.124612862424724
3.30.70	-2.10582251332655	-3.15027863430695	1.44369333204268
3.30.70	-2.54443161152601	-1.43700808555764	-0.238824274005235
3.30.70	-0.0259936106857196	1.2407795202997	0.244173697024427
3.30.70	-0.68549488251137	0.982419373139023	0.508647546462335
3.30.70	-1.28933576550297	-2.08641971313965	1.14166870009825
3.30.70	-1.7426824604383	-1.92670738870711	1.24679769959587
3.30.70	-0.807586837572351	-2.02778146947683	-0.582584158314506
3.30.70	-1.5695242047583	-1.28350728696215	-0.990581460290257
3.30.70	-1.06996387097915	-1.75725010326919	-0.415437927441775
3.30.70	-2.62683400344967	-1.1855684502182	-0.172597049485212
3.30.70	-0.203341969583328	-1.15980352666025	0.214498602410714
3.30.70	-0.363410114209611	-1.27955415831051	0.278729966693316
3.30.70	-2.15638175286356	-1.2529333146117	0.326552503525238
3.30.70	-4.04014089110045	-1.13791837122312	-0.379975548478303
3.30.70	1.2347438712999	0.587257651877104	0.616532962414974
3.30.70	-0.0972495908974143	-1.51244412005911	-0.00116310060020536
3.30.70	-1.18927634830397	-1.30574379816902	-0.356242480419358
3.30.70	4.26575237211788	-1.50475558612371	-0.720553904341219
3.30.70	0.596073577315428	1.05513903178459	-0.807675095792025
3.30.70	1.60686198139183	-0.668279660223323	0.215686439628019
3.30.70	-1.88746143348627	-1.26927602230499	-0.371739616531851
3.30.70	2.50769723117905	-0.866942436448875	-0.403788864969613
3.30.70	-0.973911476274777	-1.52963707944705	-0.0100197217196095
3.30.70	0.566398756004584	0.288125084775067	0.978967171225093
3.30.70	-1.85495448581791	-2.0280847780045	-0.512638887425771
3.30.70	-2.08899952514344	-0.326651680837614	-0.73682829839323
3.30.70	-1.10761749754468	-1.5591390869869	0.28600043055093
3.30.70	-2.47840736766632	-1.52115412495847	-1.0617212908371
3.30.70	-0.136184917527583	1.49771303736084	0.854940398306661
3.30.70	-1.65575199715675	-0.45727782150007	0.576121357982601
3.30.70	-0.0398891624762823	1.33247070394176	1.10320651572962
3.30.70	2.63928209228769	-0.134390891814322	0.195858436908379
3.30.70	0.288758985559748	1.1256704737739	0.893589383470645
3.30.70	1.03056233562451	1.02218988617555	0.342923358073134
3.30.70	-0.419849494988614	1.20066655420543	1.25127515884412
3.30.70	0.498843549322546	1.65332246986429	0.585140198104691
3.30.70	0.161101847738224	1.36759760807256	1.13863473406456
3.30.70	3.70055598302443	-0.264268269240068	1.33157236512785
3.30.70	3.87386877588313	-0.649714455307652	0.987523562607874
3.30.70	3.96118796414699	-0.208587612529481	1.51511717106784
3.30.70	-1.2892840189407	0.142324895095606	0.655586935567862
3.30.70	-3.0215937513654	-3.02029362788921	1.10326578765695
3.30.70	-2.31084830616346	-0.883695240903431	-0.0414610361507428
3.30.70	-1.87376614749446	-3.04482692363828	0.430282921044898
3.30.70	-2.23891881714682	-2.74600624467615	1.47223389930678
3.30.70	-1.85507621364306	-0.319680880032313	-0.554395637417645
3.30.70	3.92843734436819	-0.220709365855061	0.944224652296311
3.30.70	3.59781523552184	-0.733249877249869	1.0877718345032
3.30.70	-1.26460274160443	-1.99364779097413	1.46761766784773
3.30.70	-2.03683167903722	-1.17685049924652	-0.416667759852264
3.30.70	-0.661923303329393	0.447649582117935	0.426898836040799
3.30.70	-0.900388622674084	-0.258463929123782	0.316069206991572
3.30.70	-1.97261187008703	-1.91450873481374	-0.396122812434767
3.30.70	4.83958645228553	-1.20378464312164	1.01379770330972
3.30.70	-1.7858595254143	0.0514743421831896	-0.538995188902416
3.30.70	-2.53129925175881	0.227888646221782	0.638215951850668
3.30.930	-0.962624156830924	1.47479136402785	0.09404595096623
3.30.930	-0.296190700367202	0.930375264632827	0.0100559889468615
3.30.930	-0.632471306288688	0.955836784888747	-0.0998607672871941
3.30.930	-1.1681116354111	1.20075041303092	0.178050438917082
3.30.930	-0.802543321346363	0.750610932632768	0.102567577420574
3.30.930	0.357305819146026	0.937953509279961	0.0460695329904338
3.30.930	0.535095460497514	0.866874105620368	-0.500155275518978
3.30.930	3.13321355894636	-0.970137192339148	0.681011857641715
3.30.930	1.9595926645136	-1.08895556119521	-0.0717824654028418
3.30.930	-0.0313351888147585	0.949101622239754	0.222532367415194
3.30.930	3.2013410840175	-0.717458172353229	0.874855864560821
3.30.930	2.47313406849864	-0.779074143509946	0.149958594480942
3.30.930	1.73447671401219	0.698970764176295	-0.244011361290929
3.30.930	0.246169208437908	0.167829998241639	0.24058398007622
3.30.930	-0.179228868300556	0.893985790118008	0.0159499737710093
3.30.930	3.70776523168351	-1.24586191895466	1.26259442216084
3.30.930	2.13077904995934	-0.663935259381494	0.445452915260427
3.30.930	-0.765685305374469	0.989904650330856	-0.12667891784735
3.30.930	0.365831539857409	0.711808691310688	-0.511821598975107
3.30.930	-1.03473689622984	1.5921171065258	-0.295165429577621
3.30.930	0.518528818564933	0.806830642678515	-0.0258186019599203
3.30.930	0.62987378054367	1.13441483477706	-0.577644879012924
3.30.930	0.376062375557121	0.879703068853196	-0.459617458716672
3.30.930	-0.749819149999794	1.43062442040719	-0.598406603285444
3.30.930	-0.392128595328397	1.40835426778193	-0.102146525891363
3.30.930	0.23098988059582	1.05202559112944	-0.125681137504031
3.30.930	-0.925758030967385	0.781622922584317	0.0674198440881695
3.30.930	-0.104965257894735	0.131149614851511	0.29959234153832
3.30.930	-0.731954909138236	1.15487369888477	-0.272753747213051
3.30.930	-1.0975271557171	1.76684442179469	-0.647040046034977
3.30.930	-1.15605282616527	1.41253242399141	-0.141656181559062
3.30.930	-0.126424054337734	0.757506825901341	0.042438486049267
3.30.930	-0.722349718405583	1.21475102148465	-0.0246432752963504
3.30.930	-0.421875000468403	-0.333642135396759	-0.210988130841866
3.30.930	-1.42666120083002	0.568975841705039	-0.16703347306352
3.30.930	0.244049089494537	1.58977879407357	-0.539405238187236
3.30.930	-0.176700461832908	0.588412499006208	-0.0260091031970229
3.30.930	-0.372052204802748	1.078344355959	-0.0613692250580634
3.30.930	-0.727603035329325	0.758832467371257	-1.01198243715631
3.30.930	-0.749557570489568	0.664953552085507	-0.612649653160629
3.30.930	-0.244462595458177	1.13385094600185	0.119446176964058
3.30.930	0.405490470395604	1.39665771415781	-0.770174259895635
3.30.930	0.195172185043574	0.773799332053633	0.151887368978098
3.30.930	-0.483527968848556	1.09621105464407	-0.155215889653103
3.30.930	0.502553330418279	0.421338998290723	-0.301062285596244
3.30.930	-0.304122614052506	0.920234174236765	0.192019816785612
3.30.930	0.0609695786581449	1.25333087293488	-0.182259633268087
3.30.930	-2.14345247087128	1.27770024194287	-0.27688058676465
3.30.930	0.762994576514015	0.792118033888345	0.517323526892002
3.30.930	-1.07982507652926	1.22614591940854	-0.0415146910589209
3.30.930	-0.252011923470985	0.916178385833583	0.110785917041874
3.30.930	0.0653048925702565	1.04132642557346	-0.557769588470353
