2.40.100	-2.14214848623739	0.74981609503924	0.418123679146082
2.40.100	-3.15697421656981	0.308901585306864	0.558608942696766
2.40.100	-2.6468747802331	0.318247898553209	1.22687675172535
2.40.100	-3.34943008371126	0.265329869156484	1.23458615579975
2.40.100	-2.4432751543432	0.069107247844965	0.467137084008767
2.40.100	-2.40218875774353	0.656668439450389	0.134415889853798
2.40.100	-2.64302037046461	0.432087523304268	1.1772287938485
2.40.100	-3.01804817385827	0.348426402948144	0.872961592292636
2.40.100	-1.90142659283657	0.509939634403274	0.227165302703933
2.40.100	-2.65588148281707	0.576119001715704	1.10089781873987
2.40.100	-2.17673506387786	-0.129183879992151	-0.00411897785160822
2.40.100	-2.73069910787517	0.466134266834156	1.00864479550873
2.40.100	-2.74263354861664	0.427541713749636	-0.10366605139176
2.40.100	-2.90670455866177	0.387522866436992	0.00109807170447612
2.40.100	-0.358918638500393	0.374555652420717	1.06393840761595
2.40.100	-2.17446413531908	0.287155206937815	-0.0114443741302177
2.40.100	-2.09872899622887	0.343437412844573	0.517169083100638
2.40.100	-0.865214990813555	0.830452668123681	-0.139590246041446
2.40.100	-1.8312847556848	0.211651604407602	0.167016536438645
2.40.100	-1.40641210706263	0.622990871560825	0.257750502392381
2.40.100	-2.14295690933827	0.218996747303524	0.655493723059816
2.40.100	-2.3766486606181	0.627314285503802	0.52481487711261
2.40.100	-2.4843914499458	0.133961784247311	0.120716477391113
2.40.100	-1.61435071469191	3.07766081754446	0.50557138468271
2.40.100	-2.35384988662914	0.222909204166479	-0.0621555017157703
2.40.100	-2.59653340846905	0.900771382893991	-0.266736331151076
2.40.100	-2.54407976496097	0.0452358912330855	1.17205993610841
2.40.100	-3.29648977702688	-0.0314625351635083	0.634371096446279
2.40.100	-2.53924449171626	0.339117810658187	0.324495694622295
2.40.100	-1.89852077125413	-0.339332912863925	0.686968397679116
2.40.100	-2.63229093249601	0.452173546998124	0.334856912849512
2.40.100	-2.28042336673758	0.421638062869197	-0.12762551128609
2.40.10	-1.6675510186594	-0.271626072734708	-0.897863933095221
2.40.10	-0.797815548765551	-1.02712698198406	-0.509091146976958
2.40.10	-1.82913431533301	0.0531742153177615	-1.54742763031009
2.40.10	-0.228034915369302	-0.178343831193188	-0.927041062117677
2.40.10	-0.520169219319889	-0.239744456255394	1.19135316969143
2.40.10	-1.42983540346212	0.0755021953098114	-0.11641184219267
2.40.10	-1.3259139266154	-0.00399349238494073	0.174387078622301
2.40.10	-0.238708252757382	0.52802726849853	-0.302564501567253
2.40.10	-0.659818751919799	0.0734125890906592	-1.30312649654211
2.40.10	-1.1635829486304	-0.165847532307414	-0.535410494539948
2.40.10	-0.0516409526221688	0.323229944569515	-1.23908461187606
2.40.10	-0.783389329307701	0.136719219034928	0.255104702787804
2.40.10	-1.08716329570669	0.0920293345581663	-1.54987950118986
2.40.10	-1.98403008720052	0.0883205894643996	-1.57279899867656
2.40.10	-0.553619478586622	-0.828559788099654	-0.605953696997084
2.40.10	-0.783753159233302	0.092037047932088	-1.49759781011952
2.40.10	-0.417608660233823	0.165759172533677	-1.39864798809728
2.40.10	-1.4357292312298	-1.11167259467782	-0.309948143528703
2.40.10	-2.65438408823236	0.72856727233386	0.868251007775051
2.40.10	-0.633516658834944	-0.277667112321437	-0.0904705918864706
2.40.10	-2.40246089168935	-0.94892387742541	0.969481087299148
2.40.10	-1.18665367914591	0.323919260708181	1.16351762133134
2.40.10	-1.29777115952405	0.259555850269696	-0.443671880052774
2.40.10	-1.37258627710903	-0.192302206775868	-1.75017298468443
2.40.10	-1.22876900299015	-0.452131060554599	-0.112982911094493
2.40.10	-1.28975590191548	0.308047836848546	-0.455654124073732
2.40.10	-1.91304584788579	0.150379711080192	-0.0943818395261021
2.40.10	-1.06570817792131	-0.641465410131468	-1.65326771603404
2.40.10	-1.70184445121949	1.47980088803614	0.517181388443812
2.40.10	-0.723351453096287	0.063424988841305	-1.21446931374239
2.40.10	-1.08832391762542	0.0669492459197062	-0.858496755084588
2.40.10	1.99697287445749	-0.978552940976602	-0.552031767661624
2.40.10	0.337613445934839	0.341652967068202	-0.0930039624914595
2.40.10	1.22627603985865	0.156423947760792	-0.917750327049192
2.40.10	1.63880285381255	1.71684080206167	0.926124246637973
2.40.10	1.54144892935992	2.26452988456127	0.157124331616305
2.40.10	-0.431981403846814	0.712460064317326	-0.339125117782405
2.40.10	-0.383229722956982	-0.661431819364143	-0.700355352835639
2.40.10	0.516270140981572	0.662075951264519	-0.510988082042005
2.40.10	-1.47885531093241	-0.461436305538226	-0.631513445577677
2.40.10	-0.271509137196204	-0.0495805612947353	-0.0390192868696998
2.40.10	-0.928396797350927	0.317293577884052	-0.340990898230028
2.40.10	-1.2911780360886	-1.28546684681909	-0.849594230783589
2.40.10	-1.1768675334755	0.0836912830140884	-0.570401918823423
2.40.10	-0.0735366367091084	-0.298121028164443	-0.0108136635623284
2.40.10	-0.440471171259258	0.0686922516888482	-1.09314330510507
2.40.10	0.336568031595208	-0.167636686280607	-0.167038672823118
2.40.10	-1.4390244626443	-0.395576893638572	-0.0474740665156645
2.40.10	0.592485959652811	0.358191869489765	-0.64656236018885
2.40.10	-0.675267117486503	-0.846354476445311	-0.273801144397609
2.40.10	-2.06238934153746	0.0138119217613929	0.653057065638698
2.40.10	-0.55416567135197	0.37496090055156	-1.72381556372221
2.40.10	-0.717606248618321	1.28684547198216	1.76580010892239
2.40.10	-0.833663780967684	-0.139225137798448	-0.91743650309607
2.40.10	-2.20007018599628	0.3968237267677	0.487036134842062
2.40.10	-1.13451871949102	0.503450486759343	-1.5926312984433
2.40.10	-0.364412613774985	0.108164206978019	-0.22766982423901
2.40.10	3.60760299910202	1.77692821587781	-0.696504976649519
2.40.10	-0.1774265384351	0.972565868296912	0.793088283621946
2.40.10	-0.404845682378681	-0.161694688522987	-1.47766490785035
2.40.10	-1.96934469203217	0.105061924988995	-0.336822648096792
2.40.10	2.69072285326973	0.93250975848979	0.00122474145747012
2.40.10	-1.62905252455893	-0.437431597972861	-0.253475382010934
2.40.10	-1.07206283463913	0.0109335184704284	0.137560987313412
2.40.10	-0.888001547168965	0.0201684267503565	1.01898635897042
2.40.10	0.922587500131029	-0.109220440061458	-1.14512961559188
2.40.10	-2.31092545553417	0.194508974189013	0.780571543048587
2.40.10	-0.9249362506856	0.174430009409746	-0.85055487882429
2.40.10	0.885727245884359	-0.772616062458519	-0.21628292587416
2.40.10	-0.622434163531905	0.429901123631659	-0.584291549083815
2.40.10	-1.28314115781093	-0.0927327050857492	0.0584887529740554
2.40.10	-0.250031147947915	0.13553190789627	-0.143101634593946
2.40.10	-0.5204115822371	0.435152941078577	-0.941556707208535
2.40.10	-0.635948704669896	-0.199342875531425	-0.817388543162622
2.40.10	0.59607482674667	0.151404432618374	-0.492864956836492
2.40.10	-0.467701378695699	0.817613913783058	-0.308077458043548
2.40.10	-0.262491927797372	-0.330788181780794	-1.1964869570579
2.40.10	-0.426534989080541	0.591350823434624	-1.25992968701472
2.40.10	-1.1983165152481	0.437662124365782	0.145969440422357
2.40.10	-0.441572822106896	-0.546292983587514	-0.172602954944446
2.40.10	2.98864489234364	1.78525839034049	-0.988537809225821
2.40.10	-2.11550390465288	0.0135186635439345	-1.10791531106301
2.40.10	-0.110972353447204	0.61664732057414	-1.22766808815524
2.40.10	0.484273591268179	-0.273714743099123	-0.484603207796326
2.40.10	-1.58874270978539	-0.859827746020177	0.8255267611345
2.40.10	0.0465879244952483	0.197517369392752	0.0129789995626881
2.40.10	0.220752985775299	1.48192376900178	-0.304583374822232
2.40.10	-1.15177234208545	-0.071051076559726	1.25559993380317
2.40.10	-1.58625520841595	-0.977596420119402	-0.738985281883844
2.40.10	0.121060238506709	-0.243320232689558	-1.57272491293891
2.40.10	-0.548256616719758	0.034445109579101	-0.777572921788042
2.40.10	0.244517655435898	0.176939629582694	-0.801162694676026
2.40.10	-0.83732674395076	0.0719807634016991	-1.41486141160774
2.40.10	2.72122696149804	0.494763813240065	-0.479646263252064
2.40.10	0.563485222450206	-0.427907442075192	-0.88544819494082
2.40.10	-1.01340043122097	0.448728180491239	-1.31492622296655
2.40.10	0.22943637276297	0.333547854907001	-0.213554976267041
2.40.10	-1.37735824326596	0.416755007641026	-1.52830163970652
2.40.10	1.57697553312684	0.742838412148077	0.187737669018507
2.40.10	0.811083371501297	-0.310700278791527	-0.0741485397571193
2.40.10	-0.738116222109924	-0.861837206016107	-0.64102987701357
2.40.10	-0.0283113403600313	-0.214144307928077	-0.149179368975965
2.40.10	-0.266471491313727	-0.346733306728155	-1.60086730195171
2.40.10	-1.91402476636817	0.836714941452608	0.501710453020126
2.40.10	-0.224052157147731	-0.88796370677748	-1.37590814839048
2.40.10	-0.125517004685853	-0.297894779351692	-0.331022736128162
2.40.10	-1.28843311581448	0.0553778259093337	0.152718258572384
2.40.10	-1.39955184144411	-0.112009251907701	-0.694466754004448
2.40.10	0.054376161341042	0.359071644507482	-0.0533666199907962
2.40.10	-1.05280552187092	0.384126820564267	-0.111209278523485
2.40.10	2.64834235536959	0.418561814861499	0.167832841958903
2.40.10	-0.554743775038359	1.53908751525209	1.4449320715456
2.40.10	-0.806049614382942	0.722099513404903	-0.744274086131699
2.40.10	-2.5798444261856	0.786134146856327	0.916889912318103
2.40.10	-0.776501421634235	-0.456137503588684	-0.88114158823747
2.40.10	-0.20475025694484	-0.370366742711451	-0.774006086148885
2.40.10	-0.814665051980467	-0.457011078700302	-0.647825248632415
2.40.10	-2.39015666116889	0.723154260744233	-0.27789545931818
2.40.10	1.23374648664946	1.95558005007881	2.1534473505401
2.40.10	1.37416621662614	1.3426997526881	1.94391273971626
2.40.10	1.84454971034843	0.921129481679327	-0.901783117964991
2.40.10	-0.257462099519952	0.339375270530863	-0.478258257544849
2.40.10	2.69597282343711	0.349220330885298	-0.519279879543715
2.40.128	2.93939267428912	-1.32610320162018	1.57536984071257
2.40.128	2.11311601535362	-0.444259808470164	-0.00460036466340684
2.40.128	0.570282404909943	-0.103691141230462	0.148237387517281
2.40.128	-0.421007908853847	-0.3920751566514	-0.156517154639873
2.40.128	-0.025204872883977	-0.509212172312048	0.788608982956037
2.40.128	1.50327920783834	-0.509955267958469	0.594581710125958
2.40.128	0.78861256240217	-0.251219276751829	1.03545602698932
2.40.128	0.506873730403447	-0.0767469881813723	0.439830364262945
2.40.128	1.2026268588539	-0.764427220148711	-0.439760091897796
2.40.128	0.133049259121616	-0.873345616796712	0.514920000724558
2.40.128	0.234926061271407	-0.642391113235422	0.250583918674011
2.40.128	1.18448758701228	-0.939992369258214	1.06186383729813
2.40.128	0.743543177671223	0.135720889749322	-0.530610979037818
2.40.128	-0.0762813495085722	-0.983818229053471	-0.411350153560698
2.40.128	0.545997506525931	0.119982104497126	0.411703002785359
2.40.128	1.97566654461087	-0.525388739214693	0.435584430246059
2.40.128	1.99730670333915	0.273311853273816	0.190579952991535
2.40.128	1.89636711703604	-0.862789252670446	0.415539416927871
2.40.128	0.0469173375989569	-0.00193366248511345	-0.710474308313646
2.40.128	1.83585948954243	-0.141922046420402	-0.129704957101767
2.40.128	0.442587406640292	0.123905662549557	-0.773224839863402
2.40.128	1.98002395242004	-1.85242463083177	0.320594840802157
2.40.128	1.4521629832432	-0.271097036231918	-0.226306562254092
2.40.128	0.502629692595587	-0.262015424913537	-0.15987301934268
2.40.128	1.68455059031529	-1.66566473373313	0.126493597218896
2.40.128	-2.01728611593298	-0.365599527609697	0.161434928211461
2.40.128	1.63442485543576	-0.340394214021039	0.750257297414621
2.40.128	-0.59304585383807	-0.508027837530942	-0.264249545517113
2.40.128	0.252717850827094	-0.994678547612374	0.92867709226363
2.40.128	0.368174698092569	-0.134421734952343	-0.0639120184889638
2.40.128	2.65724885494315	0.259923999797586	0.0390885033908235
2.40.128	1.7699747567026	-0.307342035810359	-0.301963314436664
2.40.128	1.3563796149246	-0.124544872354841	0.00880306543351033
2.40.128	1.09054754404064	-1.32788102044144	1.35364385642333
2.40.128	1.12929745154016	-0.0158495701264302	0.429522433779693
2.40.128	1.5779691358916	0.569757281423091	0.288576399593612
2.40.128	1.48086876132522	0.57023182714289	0.736458005142436
2.40.128	0.850688225049131	-1.64565646934828	1.0069205570786
2.40.128	-0.026407716435254	-1.80570898919765	0.120872395328596
2.40.128	0.128471393887821	-0.947464014537267	0.314912131875988
2.40.128	-0.915510841215748	-0.493262371426563	0.666535797906228
2.40.128	0.778835605655443	-0.761758003331697	0.290414408682255
2.40.128	3.85498492804077	-0.300911790399218	1.20651598770451
2.40.128	1.12280246277189	-0.0720523461587397	0.87625140775219
2.40.128	1.65010029300163	0.568076471197842	0.668898631105149
2.40.128	1.67747631742197	0.44527802607166	0.476894498743387
2.40.128	1.54441460147834	-2.65068369807088	0.754420523731651
2.40.128	1.86235841201701	-0.56647164087463	0.603337647664237
2.40.128	1.88357178222136	-0.0222816136099948	0.506070351020819
2.40.128	0.653845852277077	-0.715428301590277	0.458216449762786
2.40.128	0.791244158040905	-1.57230777595222	0.407512326328581
2.40.128	0.754449638096163	0.0875503185045889	0.155581577051925
2.40.128	-0.535941759859618	-0.181333044287035	-0.538029450769349
2.40.128	2.26600011688567	-0.177471174994678	0.713614504105574
2.40.128	1.03015971956468	0.331456966172469	0.101542768386399
2.40.128	0.626312088926004	-1.00597844390361	0.0455493338016876
2.40.128	0.64274227367981	1.01409838488169	-0.548357909791694
2.40.128	0.171228691005571	-0.0436854605274823	-0.0582900846342542
2.40.128	0.390556448862307	-1.67259843884848	0.600672289547402
2.40.128	0.00205258308729299	-0.194510462766015	-0.145786220495184
2.40.128	1.6129782415322	-0.0186966009445879	1.18031957243041
2.40.128	0.400206065745347	-1.07341862393879	-0.37160717756401
2.40.128	-1.68125857801089	-0.647502719641432	0.329378350266601
2.40.128	1.00559722895155	-0.690534736484333	0.773204705943253
2.40.128	1.71500568622582	-0.550431533171322	-0.130160238506312
2.40.128	1.67172444330335	0.732923154962023	1.10443954960141
2.40.128	0.750996112129527	-0.53157132362028	0.748267887788604
2.40.128	0.782603200432689	-0.79019603801636	0.261445540985344
2.40.128	-0.627251838736216	-0.473436309762085	-0.83112383278249
2.40.128	4.69073837012654	1.53490833522385	0.0293598838271015
2.40.128	0.635854186384532	-0.3034215399775	0.238685324850299
2.40.128	1.32491782502415	0.656941177309734	1.27783661119052
2.40.128	1.01897075377397	-0.335576683149648	1.77977709601846
2.40.128	4.35088649202737	0.418648733071622	-0.190487387947677
2.40.128	2.0148813002095	-0.224617474932764	-0.0277873850266429
2.40.128	1.82875300824423	0.0423289148131226	0.953812406384852
2.40.128	0.0778347044798359	-2.56001460480731	-0.392183891770502
2.40.128	0.491554018747816	-0.518059702279125	-0.0655284660570106
2.40.128	0.400652015776468	-0.586894021525287	0.234080334240567
2.40.128	0.919574439380371	-1.41973531786032	0.161531512105153
2.40.128	2.03893835212259	-1.73423958557226	0.615753959359074
2.40.128	0.964248269380212	-0.228471153364772	0.949864683524321
2.40.128	1.75978719750123	0.11820840693061	0.0600076252127858
2.40.128	1.03749210604231	-1.90435258700283	0.343724709562546
2.40.128	1.67096224481399	-1.03325788702406	1.2236307246071
2.40.128	1.34772844328369	-1.76776549236439	0.155016354299437
2.40.128	1.61112726707263	-0.344432885569233	0.0609978109960774
2.40.128	1.54575034569133	-0.11624501648776	1.20750171184436
2.40.128	-0.0408597380263543	-0.364769136632099	-0.39118768744976
2.40.128	2.13687447613935	0.305848027450834	0.857129100329722
2.40.128	0.0557940804108767	-1.58761474623644	-0.688771158350075
2.40.128	0.321380562358914	-1.0050947744054	0.222309664256963
2.40.128	-0.259193645554815	-0.600726415342188	0.447609294307068
2.40.128	-0.749076196492925	0.00707229723724828	-0.387016451063238
2.40.128	1.36059171698593	-1.83676585913499	1.01730439083317
2.40.128	-0.0623147364099169	-0.353447204068529	-0.47433315846835
2.40.128	0.841678235984999	-0.681900058179221	-0.445994472665831
2.40.128	1.23826257368164	-0.159230414917412	1.1285874569628
2.40.128	1.8402018176069	0.10103802736606	0.346731693068681
2.40.128	1.27120220203185	-0.336702395141028	1.75694659694752
2.40.128	2.16971034242844	0.637562160670045	0.230139209939353
2.40.128	1.60917591511756	-0.150233649362905	0.381349053470426
2.40.160	1.71843304870572	-2.08277725885364	0.0166078101848063
2.40.160	0.0474203701645787	-1.7072777150679	0.0985089526023258
2.40.160	0.638463613079862	-1.52222523280325	0.257704848686672
2.40.160	0.296399759099114	-1.49380331334656	0.261078943585852
2.40.160	0.526022281259918	-1.99120369182866	0.277345042330265
2.40.160	-0.164764353261498	-2.1105845540283	0.296643126879178
2.40.160	0.841008403894859	-1.43945338643511	0.410453792774136
2.40.160	0.325845401637515	-1.71359329402484	0.549224412028428
2.40.160	2.97640671900671	-1.73031206300339	0.243042173719292
2.40.160	0.27816667185458	-0.982383844354499	0.25601276051489
2.40.160	1.67001411217252	-1.18467380327211	0.219940192608499
2.40.160	2.64313931514041	-3.33954810816658	0.157391275062436
2.40.160	-0.297542228036215	-2.16259857942142	0.894967821366036
2.40.160	1.38812007176131	-1.29301794043563	0.0667914668169807
2.40.160	0.978657135969304	-1.28293670189389	0.50000642277633
2.40.160	0.539077123206822	-1.57892740060507	0.330548097667233
2.40.160	0.325063618443482	-1.09646562521744	0.501137235864547
2.40.160	0.536251959402991	-1.19843528402535	0.339637262403983
2.40.160	0.691963159741345	-0.989379797676305	0.464749493054814
2.40.160	0.404125363684316	-2.05197275734737	0.0668271380662742
2.40.160	0.306551831579045	-1.66252936189387	0.913225476604441
2.40.160	1.29958670824655	-1.03025784604927	-0.259517334069172
2.40.160	0.191059861001138	-1.7340370519617	0.712379763224069
2.40.160	3.63860725462804	-1.30490533684973	0.776028007133477
2.40.160	1.71574495553741	-0.914208214090073	-1.06289091931411
2.40.160	1.68028908713374	1.02745250189102	0.668532754418804
2.40.160	0.269622245971626	-2.17052472672921	0.28674659128507
2.40.160	0.540604488225232	-1.74770607658635	0.440216525627529
2.40.160	1.26809628045146	-1.54099292614009	-0.0567414051949296
2.40.30	-3.1869621757487	1.04783695974668	0.771304062076294
2.40.30	-4.26004438231493	1.32762853317875	0.638524625119678
2.40.30	-1.09992448192343	0.559532822406721	-0.132337875493201
2.40.30	-2.90580284727834	0.303598771444594	0.70681292549649
2.40.30	-1.37855355562477	0.403460454995989	-0.643209416372269
2.40.30	-2.3778273745582	1.23510178494971	1.64393608373067
2.40.30	3.50011520159367	3.09472344621411	-0.112757947503594
2.40.30	-2.25531954262495	1.25538836921612	0.190471583366596
2.40.30	1.43652620420219	1.73135090111009	-0.0749676577009594
2.40.30	0.282407513565472	1.68667704823016	-0.267628523848457
2.40.30	-1.48882095575528	0.242980701306315	-1.47364738081722
2.40.30	-2.02986011655648	-0.0705047123012851	1.66849297483366
2.40.30	0.0469175779563141	1.55963703211679	-0.343628393669486
2.40.30	-4.83668517631983	-0.389091817247963	1.09194113621029
2.40.30	-1.15617233045623	1.00444538387888	-0.0184410579587766
2.40.30	-3.88437518775008	0.789198365826213	0.742555303118236
2.40.30	-0.39857174853893	1.6362549325429	0.788879889117405
2.40.30	-1.11265751337999	1.36718748011671	-0.50527885793714
2.40.30	-1.66169863331593	1.0024864512546	-0.378279050894691
2.40.30	-2.96644448073785	-0.188044479234111	0.996314954386525
2.40.30	-2.72687850023551	0.480799136589071	-0.466352965367523
2.40.30	-1.21537530857339	0.988897906239093	-0.601285762782922
2.40.30	-1.36440212277565	1.63142835489983	-0.172537109255746
2.40.30	-2.68060159497732	0.650703845096079	-1.46212422561876
2.40.30	-1.50549452956877	1.65738065463683	1.44399146017143
2.40.30	-1.32175320504989	0.194771118620098	-0.0302397265652825
2.40.30	-1.40624406909852	1.3093743303383	0.0330728672436165
2.40.30	-0.919781495966223	0.743051983476767	0.720945103540667
2.40.30	-1.25060356999271	0.371354901580676	-1.38024430088654
2.40.30	-0.277484761779008	-0.0207834225602737	-0.242578687916587
2.40.30	-0.138259318948393	0.373787947428376	1.93329073505357
2.40.30	-4.33645392340966	0.948029981891027	0.961917278757752
2.40.30	-4.0356343918889	0.666496996875375	1.39979750227936
2.40.30	-1.1171696689833	1.32897503013223	-0.33826022965919
2.40.30	-1.34595764489307	0.723350280029598	-0.918636120784422
2.40.50	1.10847035610111	0.494673352737667	-0.056669811631261
2.40.50	0.766371045758787	-0.145065943132791	-1.28061380469177
2.40.50	3.07566933924281	1.03096753952874	-0.927985479381769
2.40.50	1.04505918486137	-0.267880576110503	-0.621303805357395
2.40.50	1.52985054701251	0.430517583720439	0.795662739176628
2.40.50	0.977324634049277	0.366379417423673	0.432132974474479
2.40.50	1.96131215778765	-0.942703550868895	0.247466719281149
2.40.50	0.896979337633685	0.876233945559107	0.610033593151509
2.40.50	-0.096018179038012	-0.374279655137782	-0.520500827022962
2.40.50	-2.07780483358533	0.28592274676365	1.34082725366811
2.40.50	0.932582324248368	-0.140674395041421	-1.32177712723341
2.40.50	1.96281516042795	0.823405606215988	0.299677466451902
2.40.50	0.384672716208378	-0.0607681552131271	0.0317519805418725
2.40.50	3.42279438450425	0.346764371136221	1.19790262872047
2.40.50	1.88445637031274	1.11425436918549	-0.931376311529066
2.40.50	-0.51201870061374	0.851353701450857	1.40325949208946
2.40.50	2.12139141781744	0.555162269227611	-0.753335828236241
2.40.50	0.695364050407722	0.668825816666739	-0.785964730872468
2.40.50	1.5329349467888	0.791397835660554	0.0908060640060739
2.40.50	-1.22754613039617	-0.571342088707934	0.887151261475434
2.40.50	-1.99380083636035	1.07779515942309	-0.329794271310101
2.40.50	-0.503224848915651	1.42835059479733	0.30729182284408
2.40.50	0.561503011002775	-0.923647371416013	-0.2183775008206
2.40.50	0.424717749377732	0.0334234573158035	-0.712406343467574
2.40.50	-2.52944949328598	-0.413973002038549	-1.58050662912825
2.40.50	-1.18629005971746	-0.471290493167573	-1.33418077075836
2.40.50	5.32827397888848	-0.0823426016211535	0.167047223923167
2.40.50	9.25890739567541	3.41412241186828	0.576366763854875
2.40.50	2.49691859447141	0.851977274242548	-0.147386903407331
2.40.50	1.01235051264584	0.58993302078933	-0.772309443023784
2.40.50	1.99158730199982	0.0264424884450564	0.725249793687929
2.40.50	-0.0418909127759628	0.226746310819426	-0.248883846562669
2.40.50	0.585656256129747	-0.368227804665243	-0.110717038618908
2.40.50	2.218361166875	0.524252044878231	-1.90702682359778
2.40.50	-0.486140061654035	0.655199466007047	0.180550564757884
2.40.50	1.09883177632049	0.975208580695613	-0.346273981813773
2.40.50	2.39068566645559	2.3153840201136	0.177364354289005
2.40.50	0.609380220635787	-0.25554066449723	0.646019031086088
2.40.50	0.461858983889461	-0.701175981771441	0.41306786624772
2.40.50	1.93114581710888	-0.00859882318746275	-1.0810567497733
2.40.50	2.43545423885907	0.26158412209215	-0.217046843896808
2.40.50	1.17799664446945	1.28484326347771	1.61945207080903
2.40.50	1.85398928178743	-0.337055818410932	-0.773359619022974
2.40.50	-0.237485329928075	0.407866980948168	0.940386929480107
2.40.50	3.33233330918224	0.0840452595898984	-0.212601015305925
2.40.50	0.0969594428321219	0.27178410405819	2.1741257429469
2.40.50	-1.35582283755326	0.0681947490231593	0.81825135349428
2.40.50	-0.430663091783621	0.122088008270293	0.379210542620769
2.40.50	1.07638374723927	0.945245961402381	-0.891057577841184
2.40.50	3.48901041462316	1.90425737053416	0.567856006655949
2.40.50	2.27773131605741	-0.17452037497111	0.504957742668416
2.40.50	0.26371921655256	0.3117758653136	-0.275843110377388
2.40.50	0.935230416532256	-0.419893243166823	0.111938129718675
2.40.50	2.41258627178234	0.287368753617473	0.44702005054325
2.40.50	0.578289518664899	-0.041204317252514	0.0100612371429462
2.40.50	0.954103465696539	-0.0335375510112172	0.04220706655063
2.40.50	1.82494941746659	-0.169436213107624	0.568668558121477
2.40.50	-0.0063288584356668	0.32477348382023	-0.328441496250142
2.40.50	0.75381690562847	-0.18294116998517	-0.13751024705224
2.40.50	0.620708418695474	-0.191184285972281	-1.34888283648568
2.40.50	0.975231464547377	0.153417453875656	-1.31297554823754
2.40.50	1.38095782057517	0.413991264010216	-0.676983546077395
2.40.50	4.61708468204768	1.28103696841013	0.187405517558486
2.40.50	0.985127681552441	0.226256446611905	0.824475232566126
2.40.50	1.80460509178414	0.446983779906417	-0.72107959050059
2.40.50	1.05050898414118	-1.00052016885797	-0.874379869391022
2.40.50	1.26413316426922	-0.469788026913143	0.204631090918114
2.40.50	1.16599759447766	0.844286132118981	-0.264258450627311
2.40.50	1.7803836919712	0.138206374939804	1.01859779015181
2.40.50	2.0044508064716	0.517288527707018	-0.20800477140575
2.40.50	-0.195497789337232	-0.780876314111028	1.6716428200981
2.40.50	0.54984833744035	-0.875367589212526	0.727128230501127
2.40.50	1.3527675564507	-0.0415129034455095	0.447708767098767
2.40.50	2.20758450536439	0.575978335233594	-1.2066856241031
2.40.50	-1.42602061766206	-0.0329563585232964	0.283484410718697
2.40.50	-0.364302477931741	0.287285230481457	-0.197579889603192
2.40.50	1.51805213625096	0.31917366881926	0.346564406273341
2.40.50	1.74313700447714	0.62291499820864	-0.741676410485289
2.40.50	-0.745733748495914	0.746260301203975	0.151799081042393
2.40.50	-0.426270486196996	0.441536498784849	-0.358631317284053
2.40.50	1.09704212216374	-0.491085009539021	-0.233388282329362
2.40.50	0.00211558178221552	0.651004826997805	-0.502800528904067
2.40.50	0.511970348085514	0.292446715411935	-0.160740746132085
2.40.50	3.71898350960426	1.50908479654185	-0.49880711390657
2.40.50	-0.214814133286917	-0.16559833562536	0.847653201308127
2.40.50	1.55972526580009	-0.285242108603084	-2.344077250388
2.40.50	-1.37644394071039	-0.0479355344559892	0.899370778273567
2.40.50	-0.523698310230906	1.02515261705156	1.25548409697709
2.40.50	4.84176067416209	2.44102827233848	-0.600240282591439
2.40.50	1.93674937992093	0.403477034105911	0.106377633735503
2.40.50	1.02576852258912	-0.571557588525091	0.191138281709159
2.40.50	-0.125711333877673	1.14433431201375	-0.134971558669952
2.40.50	-0.33878999890065	0.990296750631954	-0.0154001438317002
2.40.50	-0.439386833798324	-0.137486830142723	0.451517145861907
2.40.50	-0.585663794088744	0.0544062899390193	1.35189416483539
2.40.50	0.793181647552613	1.21997513398031	0.877165543915742
2.40.50	4.78642750123093	1.68064865867928	-1.21450652315829
2.40.50	2.00152223693578	0.765684060966771	0.247136271923535
2.40.50	1.49739774533833	0.842931912441865	-0.166180618227526
2.40.50	0.89346118712548	0.051540920641987	-0.417242077678836
2.40.50	1.47144322711384	-0.442763234676245	0.101922978653829
2.40.50	1.87981903308611	0.804294823039915	0.197484154253388
2.40.50	-1.0732353837096	-0.85264278370041	1.25026226454284
2.40.50	3.83372145492908	1.57059233160528	0.240981812087055
2.40.50	2.98990411501948	0.0266089358780131	0.57952418987468
2.40.50	0.914243394139673	0.503758299113371	0.917609725245799
2.40.50	-0.524020807571014	1.50036736461134	1.20922500915515
2.40.50	-0.210059846437802	0.746611112256743	-1.11647866343487
2.40.50	0.619064285057374	-0.725441013988359	-1.50232105699155
2.40.50	1.64885734826944	-0.398791739242009	0.42355171348111
2.40.50	1.49175881017799	0.638656072457238	0.400137973268945
2.40.50	0.374557240199286	-1.0710690185257	-0.562141929092474
2.40.50	-0.293844437328289	0.0614691517264709	-0.385836974475366
2.40.50	0.0885655291288988	0.754318820582988	-0.751132361245034
2.40.50	0.354992166669073	0.495200600052318	0.851056666847851
2.40.50	0.779371466372461	0.598039582487934	-0.241389968086531
2.40.50	-0.0537367557184852	1.37468786536365	0.200760591920311
2.40.50	1.09511750427985	1.36237016938276	-0.10159285531359
2.40.70	-1.17163635833017	0.0658867036630782	-0.47546453687077
2.40.70	-0.748171428378728	0.28566043090731	-0.496506397201489
2.40.70	-0.98119476715537	-0.469030333421145	0.375300927401753
2.40.70	-1.24193188041811	-0.136703975583904	-0.889806789130801
2.40.70	-1.14201550966175	-0.778898017141004	1.17604060914777
2.40.70	-1.21136524889787	-0.507837045030204	-0.285386440312026
2.40.70	-1.03674930804888	0.298629911041377	0.552492264942892
2.40.70	-1.67561634581861	-0.900491729724137	0.318506082777488
2.40.70	-0.358572220741956	1.16264662900153	-0.0683450918975462
2.40.70	0.0804996840832378	1.0736843910154	0.0439485367892103
2.40.70	-1.16215915754541	0.0444933084768004	-0.246346971670136
2.40.70	-0.964312534075311	0.166728547287172	-0.237065603118044
2.40.70	-0.132205865249959	-0.734031489082444	-0.321772311666773
2.40.70	-0.68501843730861	-0.0226118985383722	-0.212054413153557
2.40.70	-0.345430367828722	-0.148798022589335	-0.310321187725483
2.40.70	-0.656452900472339	-0.963701414159231	0.2788630144504
2.40.70	-1.01535788448325	0.339159179972431	-0.228226787808043
2.40.70	-0.9649596674007	-0.543207015150624	0.241499231051373
2.40.70	-1.99497909312527	-1.18101428046031	-0.210025300157461
2.40.70	-1.1187766120361	0.968169112936168	0.0758553892269066
2.40.70	-0.767495886301939	-1.25764710526613	-0.167277452300969
2.40.70	-0.376683994774154	0.155443329725367	-0.860256652451865
2.40.70	-0.177500472831482	-0.221414836925079	-0.122135003163887
2.40.70	-0.0397171031849051	-0.541171821245638	-0.208810164590262
2.40.70	-1.45532178981209	0.121800761183113	-0.452653997420642
2.40.70	-1.0261205276927	-0.498691626714242	0.102858053759803
2.40.70	-0.672192698947973	0.06256004124886	0.186843193910842
2.40.70	-0.220603340956736	0.29658132580961	-0.806879308454231
2.40.70	-1.63312748798674	0.293142770291155	-0.476384206317652
2.40.70	-1.66756220051592	-0.86115244953001	0.399150190969988
2.40.70	0.53411968127422	-0.41686910396922	-0.87920723333081
2.40.70	-0.495123400184403	0.234008366979612	-0.157768155765025
2.40.70	-1.64298345405651	-1.33135525968455	0.039245489611899
2.40.70	-0.453306282839014	0.194160492660323	0.0639210904050412
2.40.70	-1.20222983559083	-0.322325339530789	-0.323114616374219
2.40.70	-1.638493720023	0.402452041546657	-0.526696299666746
2.40.70	-0.555181504504865	-0.375493699837594	0.127229334965405
2.40.70	-0.0671743653805734	1.26081504731893	0.0468705241348371
2.40.70	-0.763967005196439	-0.66781341180047	0.72112462418224
2.40.70	-1.14697177304397	-0.517078524607021	-0.632818380535411
2.40.70	-1.38354572807385	-0.829028029383719	0.873359635482049
2.40.70	-1.50964382361306	0.797184901558538	0.390657760198929
2.40.70	-0.925411479452544	-0.246514741976046	-0.454707798250161
2.40.70	-0.973710699002157	-0.442152694911386	0.0909351196709932
2.40.70	-0.971337380465971	-0.0361303661698583	-0.740007537343988
2.40.70	-0.957542710260214	0.0888259988599437	0.498249529055735
2.40.70	-1.14379421838359	0.122962390101088	0.366281773763865
2.40.70	-1.41232600490105	-0.545398959071798	0.593220638310985
2.40.70	-0.710268972523383	0.285980626944549	-0.283805081145223
2.40.70	-1.74966925064532	0.212704967042505	0.261245705125655
2.40.70	-1.07836032311695	-0.724735147197857	0.221376448113608
2.40.70	-0.00749515577081272	-0.892206192568645	-0.136074445453811
2.40.70	-1.98133704908386	-0.11498267365844	0.0230110279135734
2.40.70	-0.840072520336596	1.19940177642315	-0.185556289038937
2.40.70	-0.619135482937153	0.30598384228402	-0.115036928911722
2.40.70	-1.32902673594698	-0.265598899954408	-0.20526347480107
2.40.70	-1.66542731595081	1.65517802833745	0.0179694625269867
2.40.70	-1.52338094530091	-0.749498323193203	-0.468232936791758
2.40.70	-1.31086013635887	-0.78625239185862	-0.287837503837783
2.40.70	-2.11162499207367	-0.283201383957685	-0.175471573172256
2.40.70	-0.854726537753674	0.898685771941048	0.589699488046891
2.40.70	-2.05259368479002	-0.775430482588504	-0.0348407601441904
2.40.70	-1.02502571196769	0.523317916267532	1.24727538521863
2.40.70	-0.820139322890369	-0.817882713179725	-0.964308769361746
2.40.70	-1.95737368566526	0.720118987930205	-1.21366817891531
2.40.70	-1.17085850541743	-0.609495653444625	0.933298256246346
2.40.70	-0.983614169671445	-0.384452841868538	-0.0967913078418823
2.40.70	-0.827363651953475	0.804610363538914	-0.507928665315263
2.40.70	-0.781169805008427	-0.148229510562581	-0.371530142437536
2.40.70	-0.492865633840441	0.190014004716737	-0.164857842700961
2.40.70	-1.91342549721989	-0.813024400390322	0.0772544214971589
2.40.70	-0.617499724069938	0.889283465348947	-0.0159050974012194
2.40.70	-0.673813949924556	-0.451101784167807	-1.02113813028671
2.40.70	0.00906056582890438	0.525005372847709	-1.05902322566716
2.40.70	0.638924105756956	-0.534345354984127	0.101047014059392
2.40.70	-0.194756064688536	0.0462099341028422	0.139491400120013
2.40.70	-0.601871853275376	-0.452105390220336	-0.165143615427615
2.40.70	-1.56096830049039	0.500345316522043	-1.03947887239669
2.40.70	-0.429415301002871	0.397002143501228	0.70404076557003
2.40.70	-0.9783362261737	-0.593690457315771	-0.205062760732234
2.40.70	-0.0351959100891958	1.5130142165618	-0.264322972420761
