2.40.100	-1.93630197385564	1.17618312182784	0.130727638085172	-0.716573305736736
2.40.100	-1.86550701595326	1.26775979417589	-0.159447636350156	-1.07056452870555
2.40.100	-1.77264858907792	1.47031367332947	-0.123451597593999	-1.434166956447
2.40.100	-1.89880235407294	1.607709078487	-0.324804380988488	-0.9327900565829
2.40.100	-2.19076997140875	1.48611294035918	-0.0605587215524215	-1.25770389582793
2.40.100	-1.44473196392953	1.64005971924253	0.100391023422547	-0.175532315278534
2.40.100	-1.73508320273369	1.28489378627456	-0.294861721048912	-1.87842139495897
2.40.100	-1.79077688562052	0.851883929503823	0.202914240281315	-1.06006543246992
2.40.100	-1.50161342652108	1.11182171450627	0.00406396562970018	-0.420867797582136
2.40.100	-1.25156605039002	1.36399080984529	-0.140162497077689	-0.918457141061984
2.40.100	-1.65407042597845	1.02337375402496	-0.137124151029725	-1.00981175692481
2.40.100	-1.30296214785659	1.4507516468433	-0.453794326281152	-1.20491192873423
2.40.100	0.97514984981121	2.25797913453548	0.435706275743787	-0.420202628186273
2.40.100	-1.67134511532599	1.17907719386904	0.329524670278423	-1.62278432003563
2.40.100	-1.40362940192622	-1.90890364374508	0.188553346182226	-0.458029130528005
2.40.100	-1.4950438549466	0.989419705754611	0.651713204248829	-1.19708605856384
2.40.100	-1.89548120248348	0.3039118597357	-0.92371623503988	-1.5351134761262
2.40.100	-1.99489203423179	0.263645242093153	-1.14241977091627	-1.49706590204534
2.40.100	-1.27971266721195	0.628582103519963	-0.280614380090587	-1.54159248051868
2.40.100	-1.69638831509916	1.14053988018976	-0.441788549721224	-1.55013774331216
2.40.100	-1.49780749388176	1.54613198768141	-0.0419586944812981	-1.24081591422148
2.40.100	-1.55783714716266	0.762287275101958	0.0538977286219376	-1.3006071859804
2.40.100	-2.00931688780567	0.585543561101758	0.0681186682806564	-1.77000432248666
2.40.100	1.50632863432319	1.86602672116818	-1.54860451856989	0.411610339871551
2.40.100	0.589067325723782	1.40371488496983	-0.933128152290469	-0.396810286344067
2.40.100	-1.18946345967376	1.50526224641865	-0.65633794562242	-1.52577631350033
2.40.100	-1.36820080379768	1.70846361454952	-0.104544596292051	-1.27017276415486
2.40.100	-2.16332366180182	1.17932689935036	0.359188216780814	-1.22331403051684
2.40.100	1.21668608451959	0.612446429431323	-0.0328960930632445	-0.692420658613984
2.40.100	-2.00452977058489	0.976299572800758	-0.190503027908191	-1.56269803166799
2.40.100	-1.507643321006	1.46605418664049	-0.241564610872454	-1.55466716323623
2.40.100	-1.34492434476626	1.63413197598541	-0.138095160669587	-0.612214981109819
2.40.10	1.51837200240262	0.86823909068047	1.07079335545982	0.834865723006517
2.40.10	0.316974235888446	0.409417232685671	1.5160635230114	0.845997121385872
2.40.10	1.73246706849455	0.367171386855528	1.29014873414016	0.833998067532544
2.40.10	1.41145039840816	0.204456807979429	1.13726235061016	0.433293013881657
2.40.10	2.26525221665334	-0.00890319789064209	0.97870473596995	1.76900800113074
2.40.10	1.7901686103291	-0.881036885915714	0.172278493151079	0.168258841029271
2.40.10	1.29313815594926	0.729328920422344	1.17264778946249	0.594163016110577
2.40.10	0.891439756647518	0.338246381095462	0.168616111923295	-0.548011813961974
2.40.10	1.2061900748588	0.794929608290781	0.377303515328271	0.0753177527673263
2.40.10	0.834522513575592	-0.694241122859888	1.37893175624094	1.04800918801103
2.40.10	-0.261661069980901	0.321536951727952	-0.586334514245305	0.786515291578736
2.40.10	0.981738641485534	1.05819158273014	0.989980505973677	0.090825165818809
2.40.10	1.03001904413761	0.850274492652618	0.535286958329955	-0.323875563835983
2.40.10	1.4526960389679	0.611804874523132	0.684381226365671	0.77632605627312
2.40.10	1.50283443596131	0.00382527772013344	1.52340730285216	-0.219798877824269
2.40.10	1.95570001869774	0.185065993440996	0.447574120935875	0.621881062658131
2.40.10	1.70400534008401	0.179272468412705	0.433827067383372	-0.00206920570660019
2.40.10	0.194568599859725	0.140637556289756	2.25608843795842	-0.710706970378525
2.40.10	1.90622526729492	0.940147406116617	0.221929992350035	0.229571772224925
2.40.10	0.505164659078847	-0.248132882372165	1.3085975889537	0.695643475869495
2.40.10	1.29454660329012	0.589938686379161	1.89228817486573	0.098691111645636
2.40.10	2.35756527130486	-0.725050361360216	-0.0179941483713295	-0.51908305752686
2.40.10	0.849994698562505	0.427190712634561	0.464465712025099	-0.0369216242291569
2.40.10	1.99878658135958	-0.863261986045254	1.01201784185577	-0.886206564772857
2.40.10	1.27792305322477	0.705769910048709	1.71668820061006	0.186745916915397
2.40.10	1.65073911724311	0.719667547353685	0.574007370052908	-0.0634562514561822
2.40.10	2.06337494132562	-0.00240061901668887	0.785095708559796	0.334378795573076
2.40.10	0.107463784235894	-0.656933236659544	1.38451170067929	-1.58004479053751
2.40.10	2.15821689076292	0.476857572139061	0.349187451312664	1.00015318808848
2.40.10	1.78472160598037	0.844610149456454	0.512808387361065	-0.094749794712712
2.40.10	1.68267461631596	1.0124339595765	0.982972488100389	1.04315300028141
2.40.10	0.654941739574539	-6.13568134712549	-0.00615100646714106	0.0753604907143455
2.40.10	0.96880167879427	0.9889965090568	0.715133229104205	1.11389898263397
2.40.10	1.79057318651911	-0.563078609246032	-0.206530387534253	-0.26395177739923
2.40.10	1.22369007096368	-0.592115297673017	-0.685769376260225	0.973071180899092
2.40.10	2.52825299815857	-1.79200610894103	-1.16637461094385	1.07985431847752
2.40.10	1.970320279203	1.24892239050664	-0.174797252840245	0.821078988187825
2.40.10	0.767381813847462	0.397552103469766	0.773175050346875	1.29865452226318
2.40.10	1.22990304761971	-0.760784748365804	-0.231989886849421	-0.941112272411865
2.40.10	1.24156499135173	0.932524324015615	0.889421730663712	0.877147536738484
2.40.10	1.70388259259049	1.16383916942486	0.935737721917834	1.42296822069083
2.40.10	1.29244948439699	0.699514795805336	1.00670929047431	0.782662831360974
2.40.10	0.794865506237069	0.916102089153022	1.51697004544352	0.278246449282762
2.40.10	0.604704262288822	0.438699250655155	1.22922291127263	0.307868819945645
2.40.10	0.552791496153686	0.686845757402771	1.90589341499345	0.398613776256609
2.40.10	1.03066808999559	0.376555724259898	1.19582200228523	-0.263811808423871
2.40.10	0.414392909486515	0.470572523702433	0.355136663546582	0.295347973460116
2.40.10	0.676201278481771	-0.329674781325614	1.32616646393375	0.73337805247452
2.40.10	-1.04238054876895	0.503816253527649	-0.894831042719644	0.695879091732934
2.40.10	0.697392635417415	-0.00167541979217128	1.64355444460201	0.712472096855617
2.40.10	2.00725814590543	1.08314248663042	1.43297706814202	1.37295993373034
2.40.10	1.64573236801762	0.0584781588347663	0.384422433708336	0.310982746529611
2.40.10	2.70710426492343	-1.2612855662655	-0.118015676144053	0.619832010404428
2.40.10	1.19435599587771	0.976595310800099	1.74947489256634	0.681553234735256
2.40.10	2.24461615349639	0.00336241729410819	0.717697311071592	-0.415813546938195
2.40.10	2.10280893953994	0.06641298651195	-0.182312270927651	-0.374213286591163
2.40.10	1.28195317728116	0.620083551869043	1.1175054745779	0.263224411410095
2.40.10	1.5231118976267	-2.53512909580559	-0.515040200472535	-0.0676240345582162
2.40.10	-1.0631655280249	-2.23387766614994	0.0141817733378017	-0.0140392629855489
2.40.10	0.0445748620971295	-0.169826212168365	0.783692353684898	-0.708121257651249
2.40.10	1.83838921452333	0.844193448116461	1.08829035924087	0.763228824271699
2.40.10	1.97481729698409	-1.2977020675288	-0.425848591950843	1.099254922134
2.40.10	0.909389547948702	0.436441518101251	1.07563676525031	0.38917725686332
2.40.10	0.95727840316112	0.609914829473132	0.839114890007381	0.362414193241693
2.40.10	0.0354936320256447	-1.67813229943303	-0.329200848465904	-0.00058583801236245
2.40.10	0.808823796565063	-0.831052612001181	-0.371023634899169	-0.316911900946761
2.40.10	2.14123712395105	0.773280192715929	1.4256698142993	0.191737962328326
2.40.10	0.670489798764668	0.545378827215323	0.740217275389656	-0.0786258215328121
2.40.10	0.50504605116475	-0.47742947082841	0.82902187876241	-0.566647866516806
2.40.10	1.66643796294713	1.20269796835283	0.742458473657117	1.01161347657643
2.40.10	2.21850209615533	1.35351822314002	0.967503203636785	-0.100748006737225
2.40.10	0.896343726958458	0.558439299423761	0.774160873608866	0.962833900176484
2.40.10	1.31867463390207	0.221178852400266	-0.0887247359864964	-0.77996480601075
2.40.10	1.57196988475248	0.728411526446563	0.665162957428328	0.450035672439454
2.40.10	2.63561350456956	0.353047048664512	-0.282923924766455	0.896564432221311
2.40.10	0.453125543265124	0.545840510056063	0.527861036384411	-0.270752475912879
2.40.10	1.68637650390693	0.451745529616582	0.905943222525961	0.517783301889281
2.40.10	1.34068972980451	0.344329021610169	0.609066531120249	0.698140870997904
2.40.10	2.39613541632769	1.41862270896408	0.37534071786236	1.38481493920092
2.40.10	0.373061021462201	0.174366059676066	0.552265298794487	-0.747653782962522
2.40.10	1.04802077159186	1.43309957187721	-1.46899283422544	1.63484213833031
2.40.10	1.71274403820741	1.35392648648595	0.555328703954089	-0.05378417398863
2.40.10	2.3802870162284	0.106275892492691	-0.361060305006481	-0.0724183129041047
2.40.10	1.75348526336338	0.49062877288542	-0.109076148446842	0.281881445941807
2.40.10	-0.11042210655609	-2.01788265953626	1.4292411926344	-1.17566588718606
2.40.10	0.877856486370974	0.664938462696868	0.411290112756186	-0.291009002914958
2.40.10	2.8631249621002	0.612957403611665	-1.47562608683519	-0.466112049404784
2.40.10	2.33144065499944	0.850220170657295	0.0856297072845023	-1.63236592729659
2.40.10	0.421278074477889	0.390841296093827	1.79655968665548	0.143076269330537
2.40.10	-1.23412880026551	-1.51392583793128	0.27709094006605	-0.581651858873748
2.40.10	1.31572828383886	0.848285845648749	1.25640794435386	0.137819322679016
2.40.10	1.2419308347934	0.749778521822983	1.00063042840368	-0.11748710160586
2.40.10	0.733100056835982	-0.324795189383385	0.851770635367823	-1.28352805634935
2.40.10	1.85916801541331	-1.23528648306695	0.277537080644279	-0.541488411112928
2.40.10	1.35795298071027	0.733378549242921	0.876723422268758	0.0821199023148368
2.40.10	2.01864234053094	0.540269066609097	0.0330963852069085	0.202891829336611
2.40.10	0.764657996156803	-0.0828847578168723	0.89371126627038	-0.633051684607982
2.40.10	1.70659809961057	0.754215793870043	0.303880092689614	0.378616298811107
2.40.10	1.60733655185	-0.0313805023581885	-0.0859357495676683	-0.394879190501375
2.40.10	0.986916521144922	0.376367515538444	0.855111911104881	0.854508345895509
2.40.10	0.844240528053049	0.450020549277556	1.74380978653546	-0.197599350657707
2.40.10	0.933153876134404	0.87110220401243	1.14377153889514	0.873825601059179
2.40.10	0.219246171914645	-0.520187987322197	0.527114591249665	-0.294522700938253
2.40.10	2.04147151370307	1.03434232403704	0.588430744533326	0.758325523354352
2.40.10	0.396027026214181	-1.14608001298191	0.826130692930315	-0.00941318720297823
2.40.10	1.26935847305615	1.18998252694844	1.79284291923015	0.6739403725365
2.40.10	1.41306466392593	0.17303063788843	0.470358103098442	0.0749496081719891
2.40.10	0.78093776409017	0.69025902986648	0.952265340518199	0.631282144337856
2.40.10	0.649136287796979	0.0210113809442884	-0.27284201158568	-0.382055362487366
2.40.10	0.990300607161341	0.676042446925443	0.409379079817718	-0.466422244179146
2.40.10	1.23715153959737	-0.643513293659045	-0.309749087474831	0.997814543594127
2.40.10	2.173781939705	-1.04193781103162	-0.176333783330647	1.12896899209559
2.40.10	1.02713749619298	0.765032119145343	0.280277345331149	0.753497159073066
2.40.10	2.27220898339799	0.954989611323987	-0.0945250305706658	0.867537329032966
2.40.10	1.5173709728948	0.842565390445331	1.14827727009	0.322759980389293
2.40.10	2.14762075436617	0.451863566694143	0.945476377469629	0.248491584365561
2.40.10	0.877280577310978	0.296354012782413	0.922959515678038	-0.706326903460146
2.40.10	2.19146470171134	1.19636639682092	0.572503175374571	0.454360117150563
2.40.10	2.23911638067278	-2.10030171032674	-0.630823599243029	2.13575284278436
2.40.10	1.89604519063572	-1.91367595123419	0.27012749089192	1.7542310810067
2.40.10	2.20469567861062	0.57163890371909	-0.573979160349061	0.0115701389073129
2.40.10	1.82282519902498	0.0184761602546448	0.107262924307293	-0.366985148696527
2.40.10	2.44145253296519	-0.145079587409714	-0.855846374373967	0.581643826538915
2.40.128	0.784598184689791	-0.966189715329176	0.719527195608765	0.16752654486156
2.40.128	0.212627884431845	0.622322728268551	-0.255512849066365	0.445224692648431
2.40.128	-1.5087779971432	1.09938397353048	-0.507475588146238	0.843400615980378
2.40.128	-1.12198285033542	1.12291572619325	0.182753970747402	-0.350172075874519
2.40.128	-0.64297841984277	1.47054289862513	-0.528197035222285	-0.512065330412703
2.40.128	0.313727446167104	0.61484589201554	-0.334667168711235	0.522552439460017
2.40.128	-0.275085381648351	0.725249841155293	0.28280326865871	0.388381399301762
2.40.128	-0.0376914704608925	1.36650655010627	-0.0328335185070343	-0.386157376870527
2.40.128	-0.531089561522413	0.734317973033522	-0.594296525368944	-0.293216521898215
2.40.128	-0.561067149234242	1.52604081279663	-0.587411376973494	-0.233763930141084
2.40.128	2.49443158970733	-0.652512997980802	-0.759752763650464	-1.24686746044163
2.40.128	-0.180963440708517	0.445835829995416	1.38729533893295	0.601044959879111
2.40.128	-1.35162229101814	-0.823207109764685	0.0651860309827592	-1.16630065724481
2.40.128	-1.24291533839167	1.48267887999863	0.430701663981151	0.159503498716986
2.40.128	-0.654275312788621	-0.376198843017958	-1.33325574588902	0.056687238481094
2.40.128	0.391433971208636	0.599578447976922	-0.621819583255139	0.865182044484548
2.40.128	-0.0473844373409704	0.309099800100003	-0.331563093628409	-0.412266323507507
2.40.128	-0.254322951055296	0.61722371395252	0.838279080949295	1.21207538124379
2.40.128	-0.913593784442519	1.32034368363122	-0.696686728077199	-0.0375029939808921
2.40.128	0.365914314331539	0.848867384429736	-0.590307415944178	0.885750021248081
2.40.128	-1.66034896395588	0.872671081645455	-0.668595617128237	0.54197747080265
2.40.128	-4.76231859440041	-1.61182363673766	0.43899761090818	0.116345582693705
2.40.128	0.287190873308008	1.9609783146111	0.0590917027428383	0.933961967904423
2.40.128	-1.62176664236898	0.0431262109731789	-0.326532021965602	0.150917122195543
2.40.128	1.72705904672223	1.21497685486824	0.653423876978744	0.133333323833648
2.40.128	1.04493173688081	0.587240292835449	1.16190094510551	-0.958363615567881
2.40.128	-0.0235125162850063	1.30892655564087	0.0223324039940105	0.19232283134603
2.40.128	-1.71869323147003	0.256128493797385	-0.0639196398799908	-0.203356678259349
2.40.128	-1.57433823361772	0.310098641959733	0.79419785430242	0.0763550416559163
2.40.128	-1.17292875272531	0.172153066579634	-0.874098591979162	-0.142080439269505
2.40.128	0.190344784725248	0.841999494002518	0.315632120948603	0.268197439415933
2.40.128	0.0593100170529091	1.38142788215768	-0.0103711508692176	0.454189497170814
2.40.128	0.0141006664495041	0.073458917060256	0.0530800602576063	-0.0287009710124552
2.40.128	0.225107694879646	0.82237726744353	0.862203703017082	0.0788785439789627
2.40.128	0.284272450251364	1.34430071904045	-0.150037498243554	1.12976158213912
2.40.128	-1.67267823228758	0.775799415958787	-1.98649169410442	-0.330118610085628
2.40.128	0.7768733059207	1.08148564391394	-0.783678622123716	1.05733922855184
2.40.128	2.43183243507186	1.2367442347335	-0.311740375454133	0.80952988990331
2.40.128	-2.27790405799731	0.0890564273679235	0.842946754679789	-0.789869695223309
2.40.128	-1.80314533094876	0.597455127416744	0.36291478025179	-1.32659763125285
2.40.128	-1.3624160344158	1.09761206134354	-0.241821193001405	-0.382031352566088
2.40.128	-0.367441822374089	0.310060381522597	-0.111925344630873	0.608800236749796
2.40.128	2.17856155564389	0.615322194474883	-0.880217443975146	1.78562499189891
2.40.128	1.79441770255641	-0.178463146972092	-0.877733442369496	0.0192309717051924
2.40.128	0.799067907136694	0.61189825711488	-0.972135037464913	0.570379456815373
2.40.128	-1.74854318589414	0.710282893933852	-1.88085606958218	-0.22299467701214
2.40.128	-4.31950179023403	-1.36615904513966	0.670526530780962	-1.26346144339056
2.40.128	-1.0910669966421	0.727088808570015	-0.390769703010034	-0.400192372818891
2.40.128	-0.0431358604433377	0.831622265653183	-0.318347421321522	-0.107111596898806
2.40.128	0.677748047216816	0.146934013210245	-0.0583475745783265	-0.884792194632449
2.40.128	0.566946034759295	-0.0849569305963435	0.470023400641142	-0.137937622316078
2.40.128	-1.84665176192491	-0.385990696079602	-0.0329444822924353	1.48776707674323
2.40.128	-1.84665011810464	1.4243453440183	-0.276186610624057	0.640978780108266
2.40.128	0.450307093653718	-0.594757497723773	0.205998429203175	0.223560798533286
2.40.128	-1.55449144847917	0.0560624464878893	-0.159566175797717	1.15635232907896
2.40.128	0.766462269887783	0.318263951080544	0.500604208161442	-0.11900342638044
2.40.128	-1.50934952215198	0.654914471647764	-1.90137056148641	1.41767716121168
2.40.128	-0.845680276946164	0.848736677447048	-1.03808242120234	-1.08687506409435
2.40.128	-0.204542970258765	0.647476593043695	1.46455531052381	0.520727123839721
2.40.128	-1.2084534621099	1.62993225824716	-0.226492046566373	-0.698271573448922
2.40.128	-0.135070210148027	0.407875020199847	-1.08461172833482	0.681672408128796
2.40.128	0.561425619005175	-0.518064910490745	0.292812031065495	-0.674530928689438
2.40.128	0.673765250244067	0.622109052956869	1.20338634553488	0.0242358212830975
2.40.128	1.03080951748858	-0.0452053758009388	-0.463590367218174	-0.12113667792811
2.40.128	-0.205122987309729	-0.071662445052021	0.929959651162126	0.229993708942271
2.40.128	0.78502565232289	0.508729868811881	-0.842992550491513	0.780986244569887
2.40.128	-0.308144971757821	1.88670524482256	0.561917827030875	0.449413601193095
2.40.128	-0.770169309338651	0.0382340634377302	-0.356673288791251	-1.25379845825034
2.40.128	-1.93397432099903	0.0492238353001828	-0.239388601184776	-1.25344013731787
2.40.128	-0.0622329391354632	-1.67397777936085	-2.04947910524078	0.583811257666145
2.40.128	-0.347655679534826	-0.242362595810411	0.201545565182041	0.510565855678751
2.40.128	0.220262833343514	-0.82714302616876	-1.21593813697697	-0.267729080191068
2.40.128	-1.20910655391089	1.97036149360291	-0.482958244332029	0.359036901327683
2.40.128	-0.343743698513293	-2.50304484571647	0.897806410846396	1.47523767603399
2.40.128	0.48769855280807	0.6652073732324	-0.626614405552838	1.01639981942852
2.40.128	0.594689651124416	0.806792958949528	-0.00510393340983656	1.17612739875614
2.40.128	-4.35875943883825	-0.117216335299261	1.91383305685862	0.959854615054897
2.40.128	-0.0919022350850983	1.00544723112834	-0.75141254170775	-0.0468999950171857
2.40.128	-0.550995029228218	1.55264529157844	0.375836362006537	-0.104787575904981
2.40.128	0.641970979281905	-0.0341217732777593	0.701862041964515	-0.569537831675387
2.40.128	-3.43592753511972	-0.557983280122063	0.679644988868462	1.42812456785631
2.40.128	-1.38002735092194	1.93497172848311	-1.11051437210093	0.34797376092571
2.40.128	0.26361249397044	0.809164109371127	-0.525037038172697	0.376478945828419
2.40.128	-4.4632024734491	-0.523591279721376	0.561112423876432	0.511824538495997
2.40.128	0.811762324107616	0.0211059021662166	-0.376380165196501	-0.354181594107564
2.40.128	-4.17838433659885	-0.269088956789313	0.451837841474319	-0.0062844740446146
2.40.128	0.294636847854184	1.66842314121599	-0.0527019508339034	0.830922002981485
2.40.128	-1.17632981122484	-0.114676933493009	-0.219933654850122	-0.160726580047466
2.40.128	-1.45481066907269	0.495560679805048	-0.960927797615057	-0.298995183788687
2.40.128	0.425837875249588	0.692955294301394	-1.31648203369831	0.788010724448395
2.40.128	-4.47492344698069	0.956109141647544	0.711391048111733	0.0900808720177655
2.40.128	-0.834894205237762	1.74595147042182	-0.257546170327053	-0.0083458733230134
2.40.128	-1.72072910380807	0.489133817799348	-0.0321929003904866	-0.576728702095686
2.40.128	-0.779909116671197	1.57843540911435	-0.466020949446306	-0.760286834163517
2.40.128	-4.75371210938841	-0.563830356246384	0.394549597307411	-0.813247499513182
2.40.128	-0.765202499992938	1.84930640428424	0.0928710773706082	0.0398426482945317
2.40.128	-0.722545465920406	1.09461429438938	-0.268659549310715	0.349926548413716
2.40.128	-1.14256378683004	2.31166782110226	-0.336917545251672	1.06278828096049
2.40.128	0.179606093363357	0.6320968179808	-0.231731458068414	0.331735273595171
2.40.128	-1.01161709722626	1.65953214000321	-0.823202922279157	0.914544002890377
2.40.128	0.0815920564411401	0.246514283575963	-0.630906237541143	-0.0553259284656982
2.40.128	0.318239163146651	1.14583819103932	-0.469376533527107	0.643274842835136
2.40.160	-4.97051150033951	-0.623345548202738	1.20582341971433	1.92039111926141
2.40.160	-1.33182932219922	0.264096828104398	1.23049291889921	1.30124548997398
2.40.160	-4.79896133436264	-0.400444557507409	0.442029631551122	0.948524831206796
2.40.160	-1.50075752293223	-0.76267315677187	1.20529522489508	-0.36955255632583
2.40.160	-0.911735308438079	-0.315647995202317	1.97413573634929	0.146747875226373
2.40.160	-1.48960840002752	0.900639095349137	1.83675845069516	0.0998654962899742
2.40.160	-2.47269965049642	0.552131704427485	0.710539260207611	0.808574204010816
2.40.160	-4.79879295278691	-0.16295863558867	0.320815838039298	0.0590341154697541
2.40.160	-4.29752403619066	-0.870816511186564	0.449247643620056	0.930298673806721
2.40.160	-4.81678104682788	-0.419450593093463	-0.252426845099358	0.270395350845165
2.40.160	-1.25720176448411	-2.46510842642041	-0.0658812621664342	-0.547245214990518
2.40.160	-4.01632219567184	-7.82143010829862	1.59504140042835	-0.338029061950494
2.40.160	-5.81962947989109	-0.665206232954053	1.16116390223917	-0.478027590010478
2.40.160	-5.12553853597486	-1.04266781465682	0.0594545865624122	0.370283100303478
2.40.160	-4.64526932734262	-1.18391547417288	0.538140336554621	0.970919387856854
2.40.160	-5.16569181983846	-0.630146225647334	0.560677298957264	0.92062594853077
2.40.160	-3.50685474711232	0.760542792996683	1.21026704794263	0.785811710790594
2.40.160	-4.79763037441734	-0.293325693464413	-0.279245883214338	0.203340445502551
2.40.160	-4.80489947897785	-0.0140849289131783	-0.0374515522199553	0.83977838946803
2.40.160	-5.51779571966332	-2.10087874192457	0.55141893221507	0.090662193893936
2.40.160	-5.74345407201783	-1.82642248691522	0.449807977269138	-0.00350168265110762
2.40.160	-0.856174758451452	-0.430152985427736	0.0131917286618799	-0.0685635692790017
2.40.160	-5.91632036447145	-0.378873945634806	0.935328884524074	1.67901713296316
2.40.160	-4.42597087780754	-2.04044348415683	-0.0942391917537277	1.39744254548684
2.40.160	-1.00933004331618	0.0160707952848923	0.353218215802352	0.584517078189294
2.40.160	-0.723706279784848	-0.328029084271518	-1.61713856635323	-0.565855531490179
2.40.160	-5.39706578412372	-1.19730011240498	0.500816318324759	-0.108810140929184
2.40.160	-4.9186750062327	-0.902847412382386	0.494783773302177	0.296660671051158
2.40.160	-4.26184898518825	-0.951973138879649	0.0665433064106353	0.627365748503678
2.40.30	1.45916543156553	0.325582738739251	0.596526933079625	-0.0760280415767603
2.40.30	1.6287882595637	0.841744943221275	0.925948016008876	-0.265776429726957
2.40.30	0.106200730479668	-1.17535029026674	-0.397010013478491	-0.860310662862033
2.40.30	1.72548631737701	0.0455334866773706	0.697500322198331	-0.418685877890246
2.40.30	0.02825550058327	-1.52350273404962	-0.289146988027647	-0.993764986982291
2.40.30	2.22371751717143	0.925893150533493	-0.047662453733752	0.258542550735863
2.40.30	2.79741995700992	-0.468402123149032	-1.90219151198186	0.880992820474081
2.40.30	1.82765631490266	-0.288591248973624	-0.869614088693981	0.180021518502265
2.40.30	2.98430659035165	0.73050650332891	-0.859996733242595	1.19886076252865
2.40.30	1.73049555931086	-0.247306416533376	-0.22782337569965	-0.833986981795815
2.40.30	-1.05592999334396	1.02944602428985	-0.0414139332824748	-0.341210236782024
2.40.30	-0.252670369019734	-0.310917692192267	-0.074964992211534	-0.737817506663506
2.40.30	-0.261779114348071	0.174054565050048	-1.70424359729596	-1.04296915552987
2.40.30	1.02553154846762	-0.00856774810044659	2.07753652338388	-0.648107535296846
2.40.30	1.22399084541128	-0.406793357283778	-0.402160566804973	0.145779891850997
2.40.30	1.39287093287665	1.05632956738073	1.07024958290716	-1.15681046278132
2.40.30	2.15253075242818	-0.504356623384664	-0.0298360957119209	0.408607033230786
2.40.30	1.79586414100573	1.13944476554793	-1.35292340669669	0.585156425419543
2.40.30	0.444655556109571	-0.512388236210605	-0.961053237619675	-0.208261146597128
2.40.30	2.13730984832496	0.221957712639572	1.33621663872127	-1.28524263485828
2.40.30	0.307043088055721	-0.552339408738326	-0.190261726943424	-0.951183147865528
2.40.30	2.0669463841311	-0.289871915977817	-0.0909100389100109	-0.609786302070254
2.40.30	0.587463248644866	-0.119977062942124	-1.25513200284354	1.18212949117076
2.40.30	1.91216712056814	0.396491833636865	0.881032152973323	-0.466537533694099
2.40.30	1.04377667793132	-0.335547145048694	-0.214451955870174	-0.294501129131672
2.40.30	-0.501528507822698	0.245257157656796	0.166891314813734	0.100995021759272
2.40.30	-0.435863276229515	0.472728887250457	-1.20555081207828	-0.657523276023055
2.40.30	0.590070437468801	1.27582772511609	-0.635707671684119	0.727449355164089
2.40.30	2.08381385310855	0.652442633388074	0.511129948626213	-0.498471361013506
2.40.30	-1.24321308998297	-0.0518420366804306	-0.109255679077941	-0.816426389456409
2.40.30	2.17769960437913	0.402659296360169	0.324291385886388	-0.0477561495646376
2.40.30	1.43012630135828	0.740542683781632	1.24360166838848	-0.128287624109056
2.40.30	1.51073853982117	0.544770650715935	1.14669660099447	-0.513079175135905
2.40.30	0.0865694944554539	0.0405667416533228	-1.55725564203726	0.184968397083934
2.40.30	0.381001988643604	-0.942966742759449	-0.898406004657401	-0.627424716860384
2.40.50	2.48652839044955	0.405293040073978	0.509773774055191	-0.583388914026246
2.40.50	-0.170915947885724	-0.664550982535622	-0.504659716435574	-1.00811015014662
2.40.50	2.48720819203745	0.192541261058645	-1.69951956828778	-0.0953766508528702
2.40.50	1.99270259048696	1.03391987765147	1.17116108346462	-0.238546529115375
2.40.50	0.035157065840409	0.716216411381664	-0.977238785137964	0.304377696939516
2.40.50	2.12801462576319	1.49655336261687	-0.384711335885167	-1.67623691905659
2.40.50	-0.972209948707209	-8.47566176181931	-0.400884191975653	0.144420493447516
2.40.50	-0.09599496076753	1.50863913223921	-1.0016822440991	0.116837156311442
2.40.50	1.59072959288305	1.54839705683814	0.956704001600152	-1.231408499314
2.40.50	1.08540462496672	0.685486179612728	0.621840360374409	0.496268944570978
2.40.50	-0.191872291223088	-0.49606098997442	-0.0696373901661475	-1.48778211417045
2.40.50	0.920483404265078	-3.44979852889439	1.18234883178715	-2.23302612025522
2.40.50	2.00659917951237	1.6601262729349	0.465511016316324	-1.09766208117575
2.40.50	1.44592445592415	-2.00560565819392	-0.298644589997087	-0.741731619587016
2.40.50	1.1478934344794	-3.24828216174127	-0.201179143666132	-0.671639817735358
2.40.50	1.67877493212916	0.0303528503179504	-1.05715605186871	0.250454410673507
2.40.50	0.942406052477784	-0.115676513868218	-0.679725990256875	-0.0506750222289699
2.40.50	0.633957942838469	-2.11959262008955	-1.0998294411502	1.30277694659946
2.40.50	2.20137519571032	-1.22101069499562	-0.597214080218193	-0.818978992000334
2.40.50	-1.37462500150964	1.57390008862959	0.444697833793676	1.2910092038586
2.40.50	2.31063779183491	-5.13461384225426	0.231608599560762	0.0660762824182366
2.40.50	2.15908814721091	0.282312566659835	-0.898337847581923	0.278368186168304
2.40.50	1.87729194704431	-0.083554572974743	1.65730743325343	0.184637344331253
2.40.50	0.182584978392787	1.18740030268463	0.0227142293733265	0.265420845482208
2.40.50	1.47873104264743	-0.315540531593863	1.39365176832495	-0.496265742132007
2.40.50	-0.0385111594963633	-1.03092805257194	0.600590956738213	0.456743453324682
2.40.50	-0.974759042651803	-7.8345389189604	1.23650887632437	1.64701144242251
2.40.50	2.39526343880808	-6.76429351472984	-2.57625516229051	2.17843846127498
2.40.50	2.0936221976176	-1.55304041297849	-0.659685033345068	-0.526572420416637
2.40.50	0.938459346595806	0.443520502468001	-1.52208341023716	-0.854900859244936
2.40.50	1.26665730955249	0.761957979589	-0.354383855770712	-0.208512617324489
2.40.50	-1.52175916413688	0.577941022408972	-0.596975784025168	-0.17764803733211
2.40.50	-1.63375773025904	-0.0673829307047942	-0.495259524523697	-0.407911188099377
2.40.50	1.26018793851902	-9.69122555301823	0.899402282737007	0.327667795790167
2.40.50	1.87349501617643	0.447830509371371	-1.17537886794044	0.464048283490977
2.40.50	1.09989956225113	0.284588727106329	-1.90952085934092	-0.745604759912022
2.40.50	2.83860572185939	-2.77533908561111	-1.57193506964242	0.404766418250541
2.40.50	1.94252050957121	1.08574020621148	1.00651472843782	-0.0731035053766517
2.40.50	-1.35929232566641	0.0169483054791864	0.0263466268650493	-0.507612453325292
2.40.50	1.66830894356776	0.124931813595234	-0.338585498550344	-0.586542391979299
2.40.50	-1.77046142942753	-0.246074543133832	-0.92798499130569	0.273771355965838
2.40.50	1.60726186873433	-0.556438174235838	0.127479512496474	-0.500061235015826
2.40.50	-0.19300121441729	-1.05173991020889	0.115156981356869	-1.2744678910037
2.40.50	1.57653711269221	0.309321446018481	0.893310315877579	0.410263869984346
2.40.50	0.138343314471237	-1.22726225752878	-1.35891401701123	-1.03084897453974
2.40.50	2.5014266701553	-0.423207008568178	-0.49589576016244	0.481813431804411
2.40.50	-1.37955814895415	1.33044671905273	-0.445954163668236	0.50963380123167
2.40.50	1.32751326029965	0.705241959424546	0.314256483282757	0.89584599351372
2.40.50	0.48027419433338	1.93458060055838	-0.227446654595297	0.640957089796624
2.40.50	-0.415586905033628	-1.56823289656059	-2.04194286824626	1.23111065771312
2.40.50	1.47214310710738	0.458050266089059	-0.561598119657264	0.325650538728394
2.40.50	-1.55818835689491	0.439375615026396	-0.447939418065504	-0.0136722112274791
2.40.50	-1.47804354185676	-0.121745827849828	-0.692726763224782	0.235820231460351
2.40.50	1.37007335232321	0.184300882188815	-0.55656814228426	0.00272753351671334
2.40.50	-1.57165581854264	0.1993185339095	-0.633991948347634	-0.432011659263854
2.40.50	-1.37432907904856	-0.157902795431718	-0.854272767635726	-0.400223651902694
2.40.50	1.2099477087277	0.626200610416664	-0.130735289744629	-0.0558140383584694
2.40.50	-1.5060279048502	0.504362299388271	-0.518600593471149	-0.200343480576896
2.40.50	-1.41024971500669	-0.190669749130234	-1.05566340180809	-0.277477192823911
2.40.50	1.43243927906505	0.856428347805357	0.962501429062251	0.918204799214028
2.40.50	1.62739222262922	1.67383970564122	0.42082310681646	0.957680945412666
2.40.50	1.71367897589522	-0.0665143493346943	-0.210394585489149	-0.169859830632973
2.40.50	1.11251636027009	-0.688901002460626	-2.73088811879506	-0.0101826066465983
2.40.50	1.86865617167842	-1.23345484739046	-0.059653684883268	-1.30371643436276
2.40.50	-2.10477095601557	-8.26598672449464	0.315256710225264	-0.672268304124216
2.40.50	-1.13836461019728	0.69180100037766	-1.13760731274799	-0.542703986933533
2.40.50	1.70851911545594	-0.551600485114127	-0.154003539203692	-1.1263254624886
2.40.50	1.34645125971936	-3.16078194747663	-0.350451004560046	-0.789304784224892
2.40.50	1.66552327651902	-1.97551259420365	1.22911583839753	-1.65940316094219
2.40.50	0.126828350123597	1.31798776514424	-1.25046683366102	-1.76148410283072
2.40.50	1.24056161718452	-1.2192663011914	0.664853800315602	-0.743469236077338
2.40.50	-0.342748209650509	-1.38039228364652	1.1042515399585	-2.0675787667769
2.40.50	1.14704017953469	-3.9171348661861	-0.327091703533903	-0.629622039192337
2.40.50	1.67729447464602	-2.49106330420593	-1.1357439980499	0.589158418367297
2.40.50	1.25021364702982	1.2799000377798	0.81096074290548	0.0148488246652067
2.40.50	2.08943442160792	0.777805767077004	0.945061190928989	-0.23433300217301
2.40.50	1.58395057121342	-2.89829476026539	-0.145685290874058	-1.17261744181984
2.40.50	2.40582866878402	0.820737622385165	-0.452726554482654	-0.100504964936732
2.40.50	-0.338412660368092	1.18749367423683	-1.01446688600246	-0.549451455760662
2.40.50	-0.680068699267461	0.596670396313693	-0.548217675606489	-0.857735860242238
2.40.50	1.67752865471246	-0.766970493540248	0.28413510384891	0.586266517502787
2.40.50	0.34919978915787	1.07572451266548	0.281997954702271	-0.462330760860317
2.40.50	-0.125641348294239	-1.41845116902089	0.213956265370056	0.356904574005717
2.40.50	1.18494926168001	-3.12772137521639	-2.16358648399744	1.25098243962243
2.40.50	2.06005531108627	-0.454466329492283	-0.230411422590707	-0.657927837295407
2.40.50	0.446441132403753	-2.60759483731725	0.58887278774747	2.75967591651302
2.40.50	0.850655526510325	0.862549069178291	0.882945126710051	0.100685222673785
2.40.50	1.97860054799245	0.505228706914755	-0.735105631423079	0.655284837157188
2.40.50	2.99090448222945	0.0304663200880713	-2.26499230749997	-1.19624937732251
2.40.50	0.513753879168489	-0.204128000743832	-0.533396238064166	-1.43526173248565
2.40.50	1.1157440586024	0.517817374539392	-0.0983554457559631	-0.833695136145699
2.40.50	1.5392207648496	-2.68355624864853	-0.955039712873724	0.0694638045069946
2.40.50	2.01002827971147	-1.18031160823642	-0.821417980679773	0.48377068376522
2.40.50	1.43878510677738	0.504416056071366	0.358926678922047	-0.547651723182196
2.40.50	0.277364983636365	0.00469650622043871	-0.0278430186009868	-1.67020226514323
2.40.50	1.5579687987173	-1.7284927010228	-0.401785732401805	-0.469109472548842
2.40.50	2.92850358680197	0.343017332039427	-2.41398876066097	-0.548805478016495
2.40.50	0.633746018915897	-3.669926109606	-0.0057751729345551	-1.46681828173835
2.40.50	0.133393215935178	1.51524759682994	-1.38991408221524	0.757581607939969
2.40.50	0.253547425872211	0.743792936077368	0.209501216160233	0.00701946400050835
2.40.50	1.46460621217278	-3.83080702695746	0.111098671960371	-1.92182623877369
2.40.50	-0.387273412688762	1.11989059437414	-0.666293402570121	0.396015075113926
2.40.50	1.03860890303436	-0.189368214988691	2.02621009540543	-0.822556851987065
2.40.50	3.07147515043533	0.688682685738925	-1.59711254296013	0.933948502157317
2.40.50	0.773058214950746	-0.319581527740255	0.165445287798869	0.098842681545209
2.40.50	1.74877505245859	-1.450510328634	-0.905125517480339	-0.925709249500842
2.40.50	1.9129548128735	0.168692194055537	-0.00064708588637867	0.126642626099334
2.40.50	0.518550153274479	1.64731732877812	-1.27835971203262	0.554211263187731
2.40.50	0.246891522662736	-0.0776687845586893	0.457638005453475	-0.582492014463725
2.40.50	1.29040070697543	0.32982167455676	-0.218042266472587	-0.772304280934323
2.40.50	1.40488640632677	0.323518706324638	-0.895188562505835	-0.592449278545515
2.40.50	-0.750171661089263	-0.158289489351568	0.713504983668592	-0.654482704830911
2.40.50	-0.803035147851178	0.590528032996266	0.12333550763794	-0.906001125671121
2.40.50	0.682366223004426	1.77675869279421	-0.251903381905853	0.100796873468463
2.40.50	1.42450117473275	0.581142605715604	-0.50022934574411	0.011105856625306
2.40.50	0.186551316469175	0.708446062109715	-0.256507765537666	-0.133785818353598
2.40.50	1.82965409144606	-1.77489478021246	-0.190546739851701	-1.39206650725387
2.40.50	1.60196861372322	-2.67548349483207	0.31208325553942	-1.76200734255718
2.40.70	-1.74259129192624	0.581718947888612	0.457345484220088	0.0579787796320316
2.40.70	-0.636930802685255	-0.145212299060662	-0.8128909958717	0.472712746750337
2.40.70	-3.63625219796183	-1.24834731921859	-0.0365207732578921	0.0261859057423841
2.40.70	-0.581045600663554	0.0363218886754083	-1.24067947361928	-0.611434176825122
2.40.70	-1.21593695245007	0.985423836563444	-0.135381238147937	0.287533992693667
2.40.70	-1.76870240128219	1.23032116234927	0.376198376499903	0.969110782211817
2.40.70	-0.846324425527388	0.258554164193455	-0.638378204516575	-0.121495296551675
2.40.70	-1.79548085620582	0.74817814353322	0.714321784002119	0.477433865607051
2.40.70	-1.11817935772909	-0.405041378943597	-1.544558674761	-0.229210274305826
2.40.70	2.5500761677161	-1.3306122472731	-0.24215557958875	-0.511185153571811
2.40.70	-1.4352043143829	0.951467512684448	-0.396838060161877	0.53465264499414
2.40.70	-0.85612651523228	0.368390591514403	-0.764918102446787	0.12102605332131
2.40.70	-1.5835120807319	0.0278783921174564	-0.0936292680060889	0.415366593113162
2.40.70	-0.77893511302049	0.449878776025305	-0.67683516392284	0.751970174560221
2.40.70	-0.948709936030583	-0.49315396285708	-0.554196320411173	-0.821108328328737
2.40.70	-1.24016746832978	0.829743826623816	0.0554516845241093	0.784775941033418
2.40.70	-0.529010673833107	0.263828528902506	-1.42007179128935	-0.707780024175487
2.40.70	-1.13860248028219	1.03380260108075	-0.599207123559385	0.261151604375614
2.40.70	-1.89298843579801	0.689770077270872	0.740605017165148	0.130497173482552
2.40.70	-0.811595544824402	0.106455895272082	-1.43191552761671	0.0648887439236188
2.40.70	-1.75113330856792	0.57948818867943	0.347875261345664	0.156137420279989
2.40.70	-0.729761181236947	-0.49340496875485	-0.861757486698659	-0.055516890276481
2.40.70	-3.16962770249597	-1.81123438281519	-0.969521997422179	0.108148039025306
2.40.70	-1.47105063203831	-0.958429824059641	-0.962573911245568	0.101136739849126
2.40.70	-0.724686067324764	0.463053926261774	-0.562558062235495	-0.265917834364635
2.40.70	-1.85347180389139	1.04521468122381	0.0592869328915199	0.439196100013927
2.40.70	-1.44573296177409	-0.0231551538295044	-0.732967826473308	0.315023554293655
2.40.70	1.88566202708561	-2.1282880839294	-0.218854941045942	-0.126197127751674
2.40.70	-0.708733088386764	0.328501246774302	-1.10984783582055	-0.053602412218217
2.40.70	-1.58910392795077	0.810183289196442	0.221816861026875	-0.571336498885586
2.40.70	-0.792033490438765	-0.367937014809534	-0.968731043223154	-0.302454951828848
2.40.70	-0.415544234851714	-0.0319207479779118	-1.61564094743589	0.356912762505275
2.40.70	-1.82412300852316	0.674499470193051	0.818310589821549	-0.941816998149013
2.40.70	-0.695251600240618	0.238356142576093	-1.16998372094413	-0.111555816136534
2.40.70	-1.59977691477826	0.830812707459227	-0.0394897071609422	0.77902558088062
2.40.70	-0.748365292795161	0.235465746649325	-0.683850477243278	-0.470953207638009
2.40.70	-1.55373482491495	0.857206055533036	0.0119497474876888	0.931974988161156
2.40.70	-0.364053128047059	0.0893518422209786	-1.790863825804	0.689866054036734
2.40.70	-1.70183250445063	0.92844943128959	0.457858300663178	0.889345063177628
2.40.70	-1.91525246874611	0.0903670983851172	-0.719587739891184	-0.187159137324189
2.40.70	-1.43426576473443	0.685425582756187	0.0473957813070973	0.627245333467732
2.40.70	-0.906045885239863	1.6638364575696	-1.73111408474723	0.991361315444522
2.40.70	-1.70794122450518	0.282118241734329	0.122281986120631	0.821043801448891
2.40.70	-1.16198584763098	-0.310034259142442	0.598552974864042	-0.615436738649728
2.40.70	-0.642921871804407	0.728793007441284	-0.277288292174485	0.534626683228031
2.40.70	-1.19138663862872	0.786031882132895	-0.481280592386105	0.325672210153328
2.40.70	-1.47375135491301	-0.393372657449746	-0.492319905830778	0.417793454549151
2.40.70	-2.0081368011161	1.03179317424381	0.637159188506663	0.453214636794417
2.40.70	-1.38389187095461	0.804528262615962	-0.85733777224644	0.694387974076555
2.40.70	-0.936130981476939	0.306749916227178	-0.406607093579956	-0.219186005635665
2.40.70	-3.13480631395488	-0.170080151861954	0.339728979157232	0.217765333725743
2.40.70	0.253698189539933	0.932040346338628	-0.000116563685225474	0.319963258822507
2.40.70	-1.47366160586956	0.571965798167035	-0.19826687854298	0.34817321348409
2.40.70	-1.1774533740767	-0.503873900444211	-1.90874720031348	-0.828667786530593
2.40.70	-1.42743560706728	0.617367957151625	-0.72634543516257	0.481667121087103
2.40.70	-1.20817318982542	0.332305491451977	0.395187254084672	-0.399656378660907
2.40.70	1.3019634629669	1.32062590624513	-1.20991050458179	0.394222150911511
2.40.70	-3.24153506704943	0.456699866812857	-0.250758716914931	0.368819371488133
2.40.70	-0.0252845039145425	0.801908829222996	0.4313885377399	-0.75979673930973
2.40.70	-1.55243033198907	0.779064922183039	-0.168967614162232	0.0894063209692177
2.40.70	-1.09745703609017	-0.524066760613102	-2.13362369051448	-0.784704445479271
2.40.70	-1.77400955641708	0.79269627906976	0.334593334561449	0.0190851249813448
2.40.70	-1.45357746292131	-0.351167975307535	-0.644508776618432	0.198242234120525
2.40.70	1.13275451489786	-1.1530494136892	0.905022951392134	-0.972821067283994
2.40.70	-0.751490168158208	0.657932103873825	-1.18685750507775	-0.367952341183974
2.40.70	-1.43698615263034	0.836979345122532	-0.246361978307721	-0.111537051037413
2.40.70	-1.71052301233487	0.865615740400266	0.54897684044173	-0.120904132258872
2.40.70	-0.280311545432421	0.389436605537077	-0.981881914565395	0.826503609349588
2.40.70	-1.42930604591186	0.146356077234831	-0.680340977878455	0.174234173468442
2.40.70	-0.606815315898561	-0.218145847090462	-0.844626151586833	0.0605170399783103
2.40.70	-1.93440127759049	1.10103936254531	0.535012759941743	-0.291452369398104
2.40.70	-0.790204882431552	0.0960194763656623	-1.96891585702253	-0.687132347366407
2.40.70	2.37666825824658	-2.33917490223808	0.636711834816218	-1.66621278142414
2.40.70	2.18084714865366	-2.45722955138345	0.0540732497855531	-1.74661384431403
2.40.70	-1.49907659660253	-0.328681914125901	0.209546511042497	-0.0804662145074398
2.40.70	-0.629548473330124	-0.0977330880682784	-0.856898495641235	1.1175422467148
2.40.70	-1.71153759595285	0.595872320264071	0.400734747562316	-0.42310032476163
2.40.70	-0.816530603592218	0.198155100061857	-0.599951369450388	-0.11754099890504
2.40.70	1.38426459309031	-0.655101461008375	0.114604528035088	-1.42360860448159
2.40.70	-1.81130066699787	0.734211740874104	0.64356382196278	0.34433079260342
2.40.70	-0.559142391288448	0.4515182672448	-1.59817839578271	0.883253350504417
