2.40.100	-2.79896706970987	0.501107106327976	-0.15971168016265
2.40.100	-2.88856678649249	-0.648576560989367	-0.556936389503298
2.40.100	-3.24519032720881	-0.712086918814019	-0.692803904256752
2.40.100	-3.45355954387409	-0.90532396785452	-0.848975907556947
2.40.100	-3.48949858609105	-0.539698355728385	-0.606456239962784
2.40.100	-2.47085057264189	0.0924064938586396	-0.362693775995424
2.40.100	-3.17171114091738	-0.227668813719168	-1.03158192629091
2.40.100	-2.60353473920706	-0.653353805967941	-0.528007907035192
2.40.100	-2.16670670948775	0.315086918424202	-0.21771352758053
2.40.100	-2.372265166368	-0.194297717395526	-0.747283035080045
2.40.100	-2.41923204524043	-0.695084893570164	-0.478292420341197
2.40.100	-2.71090612861913	-0.488612785462127	-1.06380181579041
2.40.100	-0.449309818221418	-0.726029786932074	-1.16169872041077
2.40.100	-2.52775247809373	-0.545237476936307	-0.659068744173455
2.40.100	-0.210278183355445	0.595659732552454	1.44251766298772
2.40.100	-2.04491174800017	-0.438030825114077	-0.279249827844376
2.40.100	-3.30713344251447	-0.224015587934768	-0.673727967298293
2.40.100	-3.66146310625956	0.715877110488214	-0.446825523196877
2.40.100	-2.74643897639937	-0.0922385555067083	-0.737174088981788
2.40.100	-3.30259501380748	0.297748726501464	-0.817234902237305
2.40.100	-2.73236090648947	-0.265548084308317	-0.658983328262146
2.40.100	-2.24236918286035	-0.158830533391289	-0.365380606815383
2.40.100	-2.81404159564679	-0.549134144981108	-0.403274757122887
2.40.100	-1.23000783616568	2.66848624255498	-1.40609274420702
2.40.100	-1.10783988870639	-0.973648807143244	-1.55154110072035
2.40.100	-2.9267594701471	0.304475980194844	-1.17895127178137
2.40.100	-2.86872473175282	-0.613906832506897	-1.11825143776553
2.40.100	-2.94892557474875	-1.06437709299819	-0.422681023159817
2.40.100	0.239545655523073	-1.15878756067935	-1.40129522097142
2.40.100	-3.1477242791748	-0.561281281646109	-0.720817384067226
2.40.100	-3.01158530257513	-0.305586919256697	-0.929827861240552
2.40.100	-2.73259547262404	-0.259648044079498	-0.727628516049832
2.40.10	2.29574436477448	-1.44439308605358	0.151847502637016
2.40.10	1.96655222129887	-1.82724320287459	0.828790426412096
2.40.10	3.54585388091647	-1.03021339892482	0.325759516260567
2.40.10	3.19529162132526	-0.156908585203695	0.454206647173107
2.40.10	3.50805742895411	-1.21518082216479	0.64073871528821
2.40.10	2.58695028642695	-1.6679572817438	-0.429822854707678
2.40.10	2.33506765235484	-0.956451934107675	0.2829354270715
2.40.10	0.949085425939116	0.131128447847434	-0.106771438548965
2.40.10	0.947600563235371	-0.757791759903313	-0.54143991027773
2.40.10	3.17216369736303	-1.2254645820012	1.26537532005321
2.40.10	-0.495732833106757	0.365421540645945	-0.289305964727896
2.40.10	1.20619441984315	-0.152037795448194	-0.131513299387815
2.40.10	0.908360482804	-0.650238478530658	-0.52034486841605
2.40.10	2.05560202889559	-1.18090885837082	-0.290068273232634
2.40.10	3.32369300934008	-1.42639873810756	0.0381256510273938
2.40.10	2.61947178353062	-0.783214859321657	0.0267290289499441
2.40.10	2.38855552887118	-0.433786817669955	-0.385445907925506
2.40.10	2.01598448600121	-2.18186595100977	0.194929926844871
2.40.10	1.37233912242361	-0.928279317389938	-1.11441237407975
2.40.10	2.73230625792571	-0.427343878258115	0.718203869499249
2.40.10	2.86406004631349	-2.94075690380393	0.0219902261003299
2.40.10	2.87179346968701	-1.02562246576386	0.0941514822813578
2.40.10	1.10492963329773	-0.72462252830207	-0.240706605870829
2.40.10	3.5990505318373	-1.57625680939202	0.235104034594795
2.40.10	2.57774961046044	-0.659506310622221	-0.154998397691439
2.40.10	1.34783402242584	-0.639231359177322	-0.541574366022145
2.40.10	2.7826232337189	-1.33633977426874	0.13910264886889
2.40.10	1.76603728656901	-1.99937221853455	0.289834878331965
2.40.10	2.01552445331269	0.400627712050503	0.130434274447991
2.40.10	1.66566205150438	-0.616469099587483	-0.669871766364393
2.40.10	2.14163108345201	-0.979908267645355	-0.509010346986441
2.40.10	5.36015095915737	0.335613554730177	0.345448565596177
2.40.10	1.14346662847198	0.561278362236772	0.0257163466681021
2.40.10	1.87044038479014	0.138945405880324	-0.206424766271215
2.40.10	1.16927924174232	2.4550548999869	0.187243947599148
2.40.10	2.53712420986943	1.98398492909871	0.460115565064249
2.40.10	1.53324621019078	0.214453658208697	-0.7862196899614
2.40.10	2.2944059774344	-1.00365035199076	0.373376242243371
2.40.10	1.17893847224706	0.438204030527357	-0.511971836046115
2.40.10	1.77611306742614	-1.52695905681336	-0.0249906906409018
2.40.10	2.39130951723104	-0.116659837840127	0.0906626238995266
2.40.10	2.31732237426859	-0.200517129208092	0.275421582646385
2.40.10	1.94331500310164	-2.41132431082827	-0.0299484871735565
2.40.10	1.34443177283674	-1.04121049647454	0.316385091348376
2.40.10	2.2833713482503	-0.295650102509631	0.694188761890121
2.40.10	2.02790331235763	-0.0833535290264169	-0.0592620213823681
2.40.10	1.05104099857551	-0.166949539074772	0.107860349512181
2.40.10	2.0869090690409	-1.92693459459012	0.68793677073297
2.40.10	-1.86002813662526	0.271027499133122	-0.112930940082482
2.40.10	2.71962864753466	-1.62041631231436	1.11207062141297
2.40.10	2.95429168885186	-1.38638983972394	0.436976258287495
2.40.10	2.80121689462335	-0.135118060478039	0.159709339146835
2.40.10	2.65739885909307	0.78862776161748	0.296077613710281
2.40.10	2.38464534398708	-0.701027511002516	0.476718440732683
2.40.10	2.18536680675528	-1.5868169960424	-0.41894710340029
2.40.10	2.09087758284197	-0.794123314817251	-0.727853856248427
2.40.10	2.34269527027502	-0.180286871226064	0.586453033646122
2.40.10	2.27477663189391	2.99260855611059	0.138768100306947
2.40.10	0.664381449872426	0.986289413921646	1.03434813352089
2.40.10	0.599533555845625	-1.01630706489122	-0.0924016002139207
2.40.10	1.99885009348271	-1.47336542093047	0.013372237063668
2.40.10	3.68820237901404	1.70296442191669	1.46932525218078
2.40.10	2.01768944278668	-1.54082986586871	-0.308914895783082
2.40.10	1.93619546181207	-0.303445766921769	-0.0762331006377224
2.40.10	2.03792397655213	-0.797076693153342	1.01162994738715
2.40.10	1.11514826359191	0.0848550794652251	-0.145589978689733
2.40.10	2.21775422567115	-1.78284534028835	-0.34615772890367
2.40.10	0.895851882654677	-0.744878787639374	-0.156763352812215
2.40.10	1.73786966229872	-0.7318067309544	-0.104206300996457
2.40.10	1.76406061825667	0.340124904489248	-0.335654365906284
2.40.10	1.97326394232019	-0.830337638761012	-0.920962609128751
2.40.10	1.90364236681061	-0.251856383962813	0.643132992349249
2.40.10	1.20813251734713	0.0166266976630929	-0.692753315238403
2.40.10	2.03569578787014	-0.715871071568495	-0.287128580763591
2.40.10	2.17460132243913	-0.321560755963283	-0.598181705600289
2.40.10	0.663670409867361	0.833782042190288	0.106327101665986
2.40.10	2.3622631236457	-0.773228212179845	-0.240623999474248
2.40.10	2.25138633310111	0.612616068456355	0.0802690860657934
2.40.10	1.82352635283395	-0.718950589903748	-0.306180065311834
2.40.10	0.55521561306593	-0.929486982914724	-0.257038188351214
2.40.10	-1.00195308103922	2.73208706094164	-0.530212441062819
2.40.10	0.99977865849105	-1.54615403445731	-0.933822003173738
2.40.10	1.465829317194	-0.283096698877561	-0.928527391575929
2.40.10	1.6008469421008	-0.428983419186863	-0.643999056390848
2.40.10	2.95507252392245	-2.11823862197559	0.927241413898378
2.40.10	0.595490472546129	0.238762333009831	-0.516111862956665
2.40.10	0.624972179547351	1.25581050602951	-1.84510774000719
2.40.10	1.01530617665315	-1.29404249989645	-1.44309595312985
2.40.10	2.25617143826617	-2.50018989168205	0.51290099047359
2.40.10	0.355294725689696	-0.0337700423620592	0.69801818660865
2.40.10	2.03991207243553	-0.219176519458	-0.120288255478284
2.40.10	1.52954023474934	0.140825185366915	-0.242968141583243
2.40.10	1.19633130594938	-0.955240707081748	-0.440212005357657
2.40.10	2.55860665268187	1.70181452566397	0.0956834600564575
2.40.10	1.63917995062607	-0.54146375431681	-0.083492696884795
2.40.10	2.27104484358457	-0.582235221246357	-0.140767953720526
2.40.10	1.42237814862206	0.386541554279622	0.12667418825233
2.40.10	1.3547256628579	-0.583754065672924	-0.626117348998547
2.40.10	1.06654336697274	1.26638119057149	-0.458104824977669
2.40.10	2.49278160795929	0.334598298745404	0.693049495883948
2.40.10	2.00185620332506	-1.53328817765538	0.178077820245924
2.40.10	1.54646496764167	-0.448958755815551	0.420594672847198
2.40.10	1.25690379880155	-1.12887492555839	0.288583231059108
2.40.10	1.51632942591353	-0.309070948016726	-0.478787343340508
2.40.10	2.25700470664562	-1.48346922025679	0.530935415987408
2.40.10	2.26664416313302	0.146234879356709	-0.0145644670999794
2.40.10	1.91794262347782	-1.39158826859647	0.0941154266785897
2.40.10	1.92014865595675	-1.03218062804754	-0.00351716975885591
2.40.10	0.412616837398536	0.515916825476109	-0.500797925197164
2.40.10	0.929284377181007	-0.269998144757032	-0.28440937522963
2.40.10	1.78536711691317	0.916450640266493	0.80851799008553
2.40.10	1.71394794540086	0.455842919197772	-0.0765319166632529
2.40.10	1.3593364006441	0.340167627030522	-0.0435701412379146
2.40.10	1.54342050585114	-0.963320764593217	-0.680282087658996
2.40.10	2.10287124700173	-1.1429871122051	-0.268808422854054
2.40.10	2.66103636654762	-0.965133533068895	-0.336386979261348
2.40.10	1.47377775439836	-1.40684511254363	-0.231391843170027
2.40.10	1.70216242341679	-0.626617384495904	-0.520753899780188
2.40.10	3.51134926815937	1.63787519444513	1.54736249905622
2.40.10	3.40577333141831	1.50079764049773	1.51459051008754
2.40.10	0.901643432311302	0.929505050253119	-0.603792612070577
2.40.10	2.15444440073754	0.0147126806697151	-0.346206081824003
2.40.10	1.37685115279514	0.599427788704317	-0.37916480890768
2.40.128	2.45317812522803	0.190538342566362	0.603656038236747
2.40.128	-0.123531506954715	0.724126546993908	0.141353982145616
2.40.128	-2.45486972368702	-0.0264255183891622	0.0749913212141124
2.40.128	-1.72706744995009	-0.128238143077543	-0.139478888517963
2.40.128	-1.92432063675835	-0.290138741926104	-0.921739966850099
2.40.128	0.351338412827649	0.42813300845512	0.0208653421675243
2.40.128	-0.59416900175486	0.192167605507136	-0.166483537002518
2.40.128	-1.11398685884215	0.459800886455812	-0.534475855226998
2.40.128	-0.976925981685506	0.0416408956736512	-0.481834459910272
2.40.128	-1.768767780164	-0.863177073376465	-0.664723508292101
2.40.128	2.43820331457239	-1.64605299187497	-0.872498316402475
2.40.128	1.21861274176257	-0.441060019787201	0.824517860354659
2.40.128	-1.07214347874277	0.931157427619959	-0.00651261493265698
2.40.128	-1.56177437276244	-0.738574972715626	-0.120652782796132
2.40.128	-1.09941643623099	0.521881155169252	-0.145870561376287
2.40.128	0.229167723885313	0.420736656739943	-0.140550239335585
2.40.128	-0.590617520062724	1.58638488848434	-0.0540103945747785
2.40.128	0.852031828233482	0.0644195295870174	1.1454721228557
2.40.128	-1.93920974951894	0.497529444954641	-0.53080491237533
2.40.128	-0.244183406769007	1.03073126147486	-0.362112889135092
2.40.128	-2.80302630540096	0.729516289426063	-0.342370965428299
2.40.128	-4.55855080286174	-0.088719132059646	2.23723100530954
2.40.128	-1.04914512929506	0.353260783029243	-0.397722773307494
2.40.128	-1.42041219560937	0.504699717273243	0.484030034220879
2.40.128	1.40654030284274	-1.59717481566182	-0.801128411768289
2.40.128	1.18625527313009	-2.08929626249198	-0.659451975875757
2.40.128	-0.804435197724568	0.602292687344917	-0.417920568824419
2.40.128	-1.99139987846203	-0.621277172774037	0.158367810131555
2.40.128	-0.782748799726326	-0.604391836312756	0.611081086730801
2.40.128	-1.70908653619762	0.341512489547972	-0.103493220560437
2.40.128	0.603271135379047	2.24716564484986	0.544434857934895
2.40.128	-0.708019302782507	0.672273215475337	-0.360760800220875
2.40.128	0.504348507584806	0.860717552961757	0.189205306624026
2.40.128	0.590313502602855	-0.739434499685417	-0.0956910249540797
2.40.128	-0.289699741924493	1.04327057145591	-0.249854777352901
2.40.128	-3.94432728371752	1.52995749659771	-0.772717051448177
2.40.128	-0.166757450783048	1.36606055271537	-0.405005501963526
2.40.128	1.71185062931905	-1.82023194895214	-1.07947092233042
2.40.128	-1.51306363927031	-1.69215149162262	0.492786682827021
2.40.128	-2.68079402171318	-0.52082307102945	-0.584084814476101
2.40.128	-2.1180993167642	-0.81053754422564	-0.243243358556994
2.40.128	-0.0951080957478136	-0.281183504175908	0.491678362561113
2.40.128	2.27121074036598	1.83343444340499	0.125981590542727
2.40.128	1.1093228446239	0.709050905342417	-1.78105062140458
2.40.128	0.169302020623072	1.3178170993701	-0.154828597446759
2.40.128	-3.93822106740638	1.45913584300796	-0.815664971822901
2.40.128	-3.87063854144193	-0.768504678920742	1.39310165135238
2.40.128	-1.84130880594527	0.193190911511599	-0.0187974263400028
2.40.128	-0.705707347423752	1.045394065159	-0.260456499822413
2.40.128	0.35344653699871	-0.726503253244939	-0.777841413009124
2.40.128	1.57466190180236	-1.63760224624176	0.182416017047224
2.40.128	-1.57026379100439	0.882989652627175	1.38023207120753
2.40.128	-2.89386623886103	-0.216036730423402	-0.061228769506505
2.40.128	1.06793955390623	0.891849455220242	0.181700953158521
2.40.128	-1.21310737686266	1.51423081869429	1.08913906439844
2.40.128	0.928999584878761	-1.32776997805772	-0.0925606211549914
2.40.128	-3.20435783051536	1.27111513741187	0.0861392497138869
2.40.128	-2.30087794696148	0.710838248747884	-1.01740651933497
2.40.128	1.58911647387407	-1.41895567047485	0.755367739267412
2.40.128	-2.62687711600519	0.16670941530185	-0.596396472196625
2.40.128	-0.985963208919941	1.38154170432662	-1.07953962568583
2.40.128	1.10718667059641	-1.34182961835304	-0.304314905826335
2.40.128	1.43180142929407	-2.01299970153224	-0.0494904912029722
2.40.128	0.708577643601599	0.0773119716854015	-1.71487071492741
2.40.128	0.563244566477253	0.741910896032016	0.582997997908878
2.40.128	0.139375925992546	1.47323326796376	0.0594992535669449
2.40.128	-1.35055076866726	-0.150478909061928	-0.35694044371228
2.40.128	-0.997403660552999	-0.427647092718036	-0.212802209140558
2.40.128	-2.44953704982684	-0.418467916573653	-0.154856339728452
2.40.128	0.944144249554005	3.97650611764756	1.34516343686276
2.40.128	0.597654267880665	-0.259377168847654	1.06581319306589
2.40.128	-0.0141656642040424	1.61217321599358	-0.133499267841108
2.40.128	-2.88244884120258	0.185582448613207	-0.406040840558483
2.40.128	3.58600533336784	2.87359627318021	2.82088224416134
2.40.128	0.00235965085074444	0.757808385319483	-0.0872565367942787
2.40.128	0.541117763574489	0.953015202334855	0.304867344988906
2.40.128	-3.12762018598064	-1.68989694373216	1.87945656114447
2.40.128	-1.21041710591605	-0.475590101440901	-0.545878544567506
2.40.128	-1.37109933241871	-0.299040580142544	-0.448596943849502
2.40.128	1.08631893576483	-1.18451819368883	-0.461963085297121
2.40.128	-2.45777440765154	-0.0414574623856974	2.06245288068099
2.40.128	-3.58768495851508	0.457102652107308	-0.686663911741023
2.40.128	-0.515246181294422	1.40199753289496	-0.458624733441666
2.40.128	-4.44761915122114	-0.665783862434889	1.49106192811246
2.40.128	0.611973540293448	-0.174174142930946	-0.881344498596613
2.40.128	-4.39568372038449	-0.0373984328831676	1.13815098121315
2.40.128	-0.965006464335089	0.13610137717924	-0.461306537318668
2.40.128	-1.38256651128883	0.975094331018566	-0.0872403646059275
2.40.128	-2.40212520071741	-0.23312714294652	-0.348124415733299
2.40.128	-0.887078483296798	1.30016019944762	-0.818006144480867
2.40.128	-5.52096725350636	-0.575075870468797	0.909068946178638
2.40.128	-2.00144737845196	-1.1197943346736	-0.392408909159726
2.40.128	-2.11981417936041	-0.572183544611228	0.00617179577333141
2.40.128	-2.1841094675165	0.12944814357493	-1.14201286916538
2.40.128	-5.2982873265118	0.243233054656065	1.16944956345628
2.40.128	-1.65992572128458	0.24378600749948	-0.708142912451402
2.40.128	-1.42755727233664	-0.289340093443685	-0.0651901128506296
2.40.128	-2.93575707605784	0.470842175649711	-0.346451674877482
2.40.128	-0.714580468332776	1.2245821750407	-0.406845197283495
2.40.128	-2.62206352316945	0.313299519599696	-0.398069560053418
2.40.128	-1.17583672964831	2.19134208694661	-0.495242082655018
2.40.128	-0.634948570187728	0.571015511348763	-0.233611808518825
2.40.160	-4.62638833497262	-0.22863769988436	3.19994891811971
2.40.160	0.147171355523467	-1.90629280482109	1.00779337479206
2.40.160	-5.30091204388929	-0.160705782618763	2.11122339112387
2.40.160	0.325864360484923	-1.37070610598709	0.846381478423827
2.40.160	1.24130130501677	-2.29624312086798	1.11187627028796
2.40.160	-0.298943497771577	-2.44352741585289	0.24940396454239
2.40.160	-2.34802726736385	-0.808963618640607	0.460647484564732
2.40.160	-5.74404171404738	-0.572445082289072	1.50584526715237
2.40.160	-4.08210785350706	0.45260657542809	2.64522265764614
2.40.160	-6.24780379806975	0.124561943857943	1.43767102250668
2.40.160	1.07706539624078	-0.458940559466065	1.12600412747587
2.40.160	4.4376064574709	-2.86016144577886	4.24421762688031
2.40.160	-6.76810612956812	-1.01707893991593	1.71258586208554
2.40.160	-5.93573247198388	0.699025846767084	1.97788907623409
2.40.160	-4.35387195729162	0.0151969943805783	2.58205954879144
2.40.160	-5.76271077654322	-0.197053625480388	2.38581789968819
2.40.160	-3.7113947573178	-0.563512602161784	0.72726132560959
2.40.160	-6.33625563673503	-0.164360580650834	1.41382149912104
2.40.160	-6.25112951446691	0.320367405497769	1.67225597165084
2.40.160	-5.47142838986592	-0.594204678164496	2.28103761434065
2.40.160	-6.43094432244078	-0.213031101438142	2.41011993784686
2.40.160	-0.321983576494942	-0.470039466595658	0.531182018761054
2.40.160	-6.99230444805011	-0.113800215104534	2.35917678823922
2.40.160	-3.87335313140969	1.22000197106784	3.02894895415458
2.40.160	-0.465737691764574	-0.318769929157781	0.781985926704854
2.40.160	-1.61022898089655	2.28274757553602	-0.155523607922325
2.40.160	-5.9972765231313	-1.03912056912509	2.13685185829342
2.40.160	-5.08457993258889	-0.586643440027419	2.3688002561576
2.40.160	-4.2640950768535	-0.0457406835521702	1.74113319715392
2.40.30	1.34752357550158	-0.909292388995352	-0.169590721024293
2.40.30	1.66295692855745	-1.01368604707569	-0.609073441548306
2.40.30	0.561353660748773	-0.187344643155631	0.0776116549620659
2.40.30	2.45136871092699	-1.44927656882937	-0.102310073097373
2.40.30	1.03281449374129	-0.654099979981078	0.151693494265533
2.40.30	1.28858132451353	0.279587629311659	-1.10537136303769
2.40.30	1.21285240322366	3.9493302398371	-0.371846151060707
2.40.30	1.54816002494608	-0.410591294848639	-0.373546903161246
2.40.30	1.24460064860901	1.47887869156642	-0.68455102743493
2.40.30	1.36160516154517	1.34421176622266	-0.305599223785332
2.40.30	-1.85994998246483	-0.367774891816326	-0.579424903442004
2.40.30	0.0782071189881065	-0.854910856617819	-0.197443708493285
2.40.30	-1.75130471234086	1.64579150097517	-0.856456787505597
2.40.30	3.34038677840083	-2.98357212413521	0.304034965558785
2.40.30	1.79550111348484	0.229691246767383	0.193368394546748
2.40.30	1.19855187471187	-1.34213695507692	-0.655395107651391
2.40.30	1.46701820924767	1.69784706320194	-0.792638529228866
2.40.30	-0.140655165509458	0.858589816499089	-1.50435154293322
2.40.30	0.145951075902469	-0.290427440622504	-0.312502899115518
2.40.30	2.01359301785646	-1.80159097250569	-0.459267722752836
2.40.30	0.553869139289332	-0.87755117370438	-0.592660702697174
2.40.30	2.2748211172206	0.518987491994186	-0.333136587206012
2.40.30	0.339585811958108	0.972227455510879	0.117906433270732
2.40.30	2.3057327524332	-1.3153552121478	-0.199941250133046
2.40.30	1.14677400138136	0.798629165737367	-0.174843911936948
2.40.30	-0.620348705906842	-0.235754333129933	-0.261405299558637
2.40.30	-2.18893147745039	0.777574131147008	-1.3570637992695
2.40.30	-0.955017921910985	0.210045881698474	-1.0275905129223
2.40.30	1.76034499485808	-0.481786367656674	-0.543874946503561
2.40.30	-1.51264020470327	-0.20097494714357	-0.221767390322962
2.40.30	1.39594101410103	-0.0067862515807783	-0.800386445297144
2.40.30	2.205317662192	-1.30191275720058	-0.0171107203009074
2.40.30	2.37283347287854	-1.33271725005123	-0.0538220451530809
2.40.30	-0.948700228169403	0.670658612507333	-0.45699414662596
2.40.30	0.135683417290582	-0.158140912460686	-0.354134007095272
2.40.50	0.679338057080095	0.489863057687444	-1.3240509458369
2.40.50	0.42705200363384	0.565824628431821	0.0340721469619517
2.40.50	0.629284762218973	1.72814667351474	-1.16130322683722
2.40.50	1.13363912047168	-0.0636920226754954	-0.579122525380443
2.40.50	-1.29021070338484	0.948413109889983	-0.594665108783927
2.40.50	-0.160141487715781	0.815942179097159	-1.63724638750537
2.40.50	2.95433798103959	-0.586920411373038	0.751623407786387
2.40.50	-2.2275046170494	1.16582244604349	-1.00272116192738
2.40.50	0.581826769327351	-0.440754058206942	-0.979849187084701
2.40.50	1.09805439308632	-1.03864716998662	0.0997101646564203
2.40.50	0.0717116925382993	0.647882081523449	-0.00863720947671715
2.40.50	2.46229163573156	2.2110694908123	-0.150648268034706
2.40.50	0.070780691335998	-0.00285839777086543	-1.40395197548465
2.40.50	1.80786176356311	1.36258801837359	-0.165981126803802
2.40.50	3.27594639484496	1.94736371035208	1.37142196117762
2.40.50	0.932544214265817	0.87002541548168	-0.98256984150938
2.40.50	0.259627401158429	1.74788522935004	-0.43012431139024
2.40.50	1.18519033084283	0.749676150564412	0.0676364914672937
2.40.50	1.25935288515266	0.638351265497962	-0.981742183827683
2.40.50	-1.62807045057353	-0.578273415641092	0.277258556646001
2.40.50	2.8283670054798	-0.229594036844134	-0.959466471891886
2.40.50	0.740961023777053	0.985282540570578	-1.06672579540219
2.40.50	4.14118991572372	-1.25513012843881	1.04138692724105
2.40.50	-0.231354161871459	0.116284175560543	-0.349125531207114
2.40.50	2.79255604179225	-2.10748884249121	0.155717770445716
2.40.50	2.37302390238905	-1.0303061826382	0.691908294223967
2.40.50	8.15794989000321	3.1613357019532	6.01243055568838
2.40.50	7.53136795034026	9.9170168997734	4.16237745700484
2.40.50	1.51713949966024	1.25644389651407	-0.637999934627013
2.40.50	-0.550785385779743	0.580920744829884	-1.0382635084604
2.40.50	0.56231014156355	0.503782291544102	-0.50421232152662
2.40.50	-2.51735377122274	0.149734724039879	-0.0101273800635802
2.40.50	-2.07588583168314	0.120678037607283	-0.00509612308599261
2.40.50	6.40196235678364	1.56955765889566	0.648329923806121
2.40.50	0.988918954858822	0.496385363483802	-1.0177711508897
2.40.50	-0.97358010835314	1.10397559802299	-1.08208177039905
2.40.50	2.88357617573437	2.80614168878764	0.0685003336256144
2.40.50	1.40458361389696	-0.135786686739971	-0.629173155375271
2.40.50	-1.20821566700265	-0.244899432595593	-0.124480859786912
2.40.50	0.74007857611738	0.581281874123137	-1.11063059191136
2.40.50	-2.35255467890777	2.06338721914284	0.422026383786699
2.40.50	2.79700195264078	2.83438643955142	0.516430692101632
2.40.50	1.30926324369676	0.666230533344145	0.190022315985562
2.40.50	2.30327049359807	0.197773365914243	0.356944254037683
2.40.50	0.299736342548725	1.77626208149024	0.210529734689214
2.40.50	2.05609759203804	0.569456391770505	-1.02617298586379
2.40.50	-2.26467968691278	0.0631967659734224	-0.206085836192867
2.40.50	1.3566149771405	0.108798637542082	-0.253781709148567
2.40.50	-0.604744130310119	1.64677163649487	-0.539376206045457
2.40.50	-1.7970164871392	2.79861142548966	-0.0800293816420592
2.40.50	1.06299900872318	0.554223649290408	-0.48219909849424
2.40.50	-2.36121894623506	0.284849526831801	0.0970001383542504
2.40.50	-1.69777608131807	-0.0589058942072713	0.341975845048698
2.40.50	1.17531541084087	1.338724135647	-0.191952096517625
2.40.50	-2.34730857596588	0.0841444727330692	0.0532369162269193
2.40.50	-1.58558302800083	0.875412868445498	0.105837745263143
2.40.50	1.13858550520215	0.351557679113129	-0.195795739976888
2.40.50	-2.35946243781608	0.234021043377234	-0.0979770350892392
2.40.50	-1.88889834139473	0.65266940981105	-0.0271260563876032
2.40.50	2.04050363586205	0.127438775852859	-0.170520426170804
2.40.50	0.88550716793608	0.544960446714516	-0.65748567914601
2.40.50	1.88994898801209	1.35336451949073	-0.250769899044513
2.40.50	-0.0740731437434784	2.86675594420645	-0.491074876105668
2.40.50	2.18752308583671	0.271189199077757	-0.45774843627914
2.40.50	2.52662629420183	1.79266189118276	1.5352505798303
2.40.50	-2.56048332168934	-0.0390468007991397	-0.859969647299635
2.40.50	0.991066106662264	-0.17337134751432	-0.642532479341134
2.40.50	1.83643748804691	0.554974093735206	-0.155541092147705
2.40.50	3.0105128170941	0.81498867462183	0.135801963097117
2.40.50	-2.18346403089104	1.83800440376862	-1.59173561764013
2.40.50	2.16878617016801	-1.08603928610676	-0.371952999662888
2.40.50	1.13311471970729	0.073954383192964	-0.486913391752101
2.40.50	3.02682046609225	-0.28727802609599	0.789615152149808
2.40.50	3.39806379789861	1.35289361113695	1.08321739981052
2.40.50	1.40386575714597	-1.02864541068716	-0.347217783585261
2.40.50	2.16073978060661	0.428346737397936	-0.270393565205749
2.40.50	2.3678399609639	0.294799789366609	0.209448282625734
2.40.50	1.23543876571627	1.5251047252424	-0.480418456421116
2.40.50	-1.62340101979488	0.727200003892125	-0.753951351095161
2.40.50	-1.96297557246174	-0.11238661784642	-0.557155760316449
2.40.50	3.51532591451969	-0.334613810341007	0.629388671933162
2.40.50	-0.961955077422275	0.763042495621245	-0.994579945836881
2.40.50	1.50830162810006	-0.0720753774100189	1.27433696581084
2.40.50	1.69297462312821	2.08849072966465	1.11983497536635
2.40.50	1.25266050878282	-0.839178861703514	-1.18827492360906
2.40.50	3.89827142615563	0.432359350524007	1.68040779454982
2.40.50	1.37157203306883	-0.694840418135324	0.168687732153358
2.40.50	1.22903678932215	0.810912573338242	-0.777685465449481
2.40.50	0.0944517577227931	4.64933418440253	-1.77288139605622
2.40.50	-0.581474517569051	1.25178484747048	-0.878803482364483
2.40.50	0.359868724551336	-0.451852654585043	-0.663117469124218
2.40.50	1.44149923961077	0.637171562314025	-0.254714787727794
2.40.50	1.83311280993866	0.502334475041355	-0.22657616188012
2.40.50	1.29566951095273	-0.592884653539221	-0.483659393705342
2.40.50	-0.545316790440521	-0.331725161375293	-1.11150955402393
2.40.50	2.01221121988886	0.985523252960558	0.526681084520546
2.40.50	0.330214768116909	3.94977212298975	-1.67368735818225
2.40.50	2.12344774260678	1.64152707519091	0.572935648592607
2.40.50	-1.89391839089891	1.79249724211928	-1.07813891546266
2.40.50	0.0876807797737144	0.254062691547711	-0.250534544636998
2.40.50	2.96680393805452	-0.796261512550657	0.161262582045961
2.40.50	-1.75779466142705	2.0197751723556	-0.752173807937995
2.40.50	2.85619404465324	-1.72521078682258	0.337532081664976
2.40.50	0.712560845156769	3.02908022593043	-0.895499805521483
2.40.50	1.32349000278788	1.30910842279079	0.212991619015209
2.40.50	1.84009830162359	0.649926784606677	-0.0859659460868108
2.40.50	0.582421627707425	1.39066210594555	-1.22030516476031
2.40.50	-1.3454655584417	0.403264322877069	-1.17472022464565
2.40.50	0.985768349621783	-0.298095229254861	0.00458378846309855
2.40.50	0.608536075139491	0.111801520369438	-0.575272066931893
2.40.50	0.343189086761934	1.44940620468788	-0.737114941882571
2.40.50	-0.182975270512457	-0.995874798649287	-0.178443374263929
2.40.50	-1.5891330315783	-0.432883242972756	-0.317901716987848
2.40.50	-0.964453366205664	0.527433535766143	-1.02255394283704
2.40.50	0.335479453359214	0.436858632226925	-0.784022718527383
2.40.50	-0.634654528457461	1.27543258304496	-0.449602751677269
2.40.50	1.20656692845893	1.09263603957262	-0.581032534367921
2.40.50	2.37101815787269	1.58316670982268	0.228032568384116
2.40.70	-1.76868835113947	-0.0758078355824474	0.470504198730614
2.40.70	-0.215184629050103	-0.254861836489159	0.409878174509159
2.40.70	-3.76703514716824	-0.518879080854764	0.829773109640334
2.40.70	-1.63399157068716	-1.04217367043166	-0.916225041148325
2.40.70	-1.53260697644112	-1.23314565504538	-0.203705106044336
2.40.70	-2.02607188820229	-0.906180993265943	0.392222540136012
2.40.70	-1.29609820351837	-0.22228287473194	-0.0114136813160181
2.40.70	-1.32946960029817	-1.24598480116346	0.522874344451197
2.40.70	-1.95525435601193	1.49431640717097	0.0842542577106748
2.40.70	2.56885495713075	1.96707836422589	-0.566133800436107
2.40.70	-2.18013114998591	-0.0050836578688378	-0.0298774064832975
2.40.70	-1.47236622193654	-0.489260819908781	0.0145188334295952
2.40.70	-1.01340678587031	-0.311383119040899	0.440693188524418
2.40.70	-0.846040100773259	-0.882626144271071	0.467600980585535
2.40.70	-1.0494289119014	-0.278693097506698	-0.0779983945245485
2.40.70	-1.2708760682464	-1.02692044233076	0.130884804806276
2.40.70	-1.68535371578423	-0.145188965415487	-0.897175391266042
2.40.70	-1.69992094850379	-0.774313219817409	-0.219555751455945
2.40.70	-1.384335352314	-1.73678821659736	0.353431597037968
2.40.70	-1.89554976800615	0.471380175010336	-0.313074288343282
2.40.70	-1.50219774538918	-1.26584264106236	0.211770921187127
2.40.70	-0.489259558588019	0.204062255952376	0.404146833790861
2.40.70	-3.41413469409183	-0.035455549421144	0.998532985458831
2.40.70	-1.2000416180278	-0.619974404412814	0.26199759403713
2.40.70	-1.43026335674602	-0.722037578199063	-0.181487018715458
2.40.70	-2.16686309854406	-0.388634098427022	0.146969973691963
2.40.70	-1.69125510729151	0.0677080514888902	0.307607639702458
2.40.70	3.0794785224217	-0.0707961886615728	-0.114429499958803
2.40.70	-1.60696214119403	-0.758682383215305	-0.694950206426168
2.40.70	-1.69618174323477	-1.41241914836523	-0.175703464661695
2.40.70	-1.02279724750223	-0.193341902370608	-0.370903348026772
2.40.70	-1.23828883161136	0.0728933671512614	0.00168960374563264
2.40.70	-1.75872033954722	-1.76960709723599	-0.10802266904607
2.40.70	-1.37445670320005	-0.235180401632352	-0.247228344683521
2.40.70	-1.73636119270404	-0.500819343199932	0.395272437423991
2.40.70	-1.45599203132099	-0.560612474523871	-0.141644164236808
2.40.70	-1.43081642751174	-0.0321153198752593	0.457633638263117
2.40.70	-1.27492669581298	1.07813603642845	0.0213393628382134
2.40.70	-1.70490078758131	-0.623375941353812	0.567655654188647
2.40.70	-2.31098890205308	-0.578660712357414	0.132036388408198
2.40.70	-1.54946450643312	-1.08545773496141	0.0809880115429303
2.40.70	-3.13257666211133	0.416868737120076	-0.873085692970075
2.40.70	-1.18686093012389	-0.331883110422627	0.752751576533044
2.40.70	-0.508263810221911	-0.828387773207639	0.600884961356435
2.40.70	-0.823420216422725	-0.228140223296305	-0.154595252789165
2.40.70	-1.88993010288057	0.0684607065042513	-0.129358013857138
2.40.70	-1.03322414643975	0.0249122214991247	0.557133106400886
2.40.70	-1.85844147947082	-0.584547244337051	0.201718425820823
2.40.70	-2.37186229348207	0.19550412652987	-0.037481877338617
2.40.70	-1.30208829664718	-0.60938799485455	-0.0458471088037071
2.40.70	-3.15286195328263	-0.570780648282294	0.700871649968472
2.40.70	0.274375305058858	-0.941448884912607	-0.143130917387473
2.40.70	-1.96328018489165	-0.500836952046495	-0.11325859558869
2.40.70	-2.40722194658754	1.09781632443699	-0.305572811496966
2.40.70	-2.15621387486159	0.322861142924376	0.0745975790566857
2.40.70	-1.13498722287846	-0.859762340374196	0.180045383581971
2.40.70	-0.47547204113093	0.783131918337089	-1.00211534079375
2.40.70	-4.09286469425879	-1.05829980372311	0.590213878657432
2.40.70	0.125316857917249	-1.22516790721411	-0.503661678127968
2.40.70	-2.07428683021673	-0.875435075877203	-0.155830294238914
2.40.70	-2.41220597923055	0.805955300767742	-0.51802200901569
2.40.70	-1.80526036467802	-1.21735180600507	0.0729084593588113
2.40.70	-1.67587943270006	0.206041483524298	0.46966394672341
2.40.70	2.2492928426039	-1.09610463921884	0.0191929412234593
2.40.70	-1.86734583067783	-0.263205750733857	-0.739118092146403
2.40.70	-1.80490306312846	-0.788701459347739	-0.288170930590319
2.40.70	-1.54580844539573	-0.509521297190627	0.401895557052193
2.40.70	-0.688596753071921	0.319118694342534	-0.0813667512535173
2.40.70	-1.58909334100304	-0.0860187288642564	-0.0727111519159858
2.40.70	-0.605478733561458	0.0466100602181655	0.15309693269438
2.40.70	-2.07017813144454	-1.32412068956765	-0.0883077991774606
2.40.70	-2.48604720590266	1.30215139724933	-1.01126528498025
2.40.70	3.85770512865795	-1.1978505319162	-0.3614983434642
2.40.70	3.5931367377577	0.258335061245166	-0.1789134586497
2.40.70	-0.773957772089657	0.505028584689246	0.628792598909135
2.40.70	-0.559386009152333	-0.578530713478347	0.541861554330587
2.40.70	-1.94345060789533	-0.319306040383531	0.0998639605825643
2.40.70	-1.21420881083439	-0.34768843017766	-0.00435211480765153
2.40.70	0.905370931203934	0.822257393300097	-1.13376619461631
2.40.70	-1.35589526804962	-0.615069904949155	0.70708524358283
2.40.70	-1.49223993511433	1.39145457762468	0.195564080429764
