2.40.100	0.784752	0.641093	0.929009	0.764586	0.508507	0.855197	0.701216	0.535287
2.40.100	0.783339	0.635806	0.931007	0.774587	0.524404	0.855171	0.696005	0.528615
2.40.100	0.782604	0.636781	0.930803	0.77461	0.538967	0.854671	0.702207	0.530518
2.40.100	0.782789	0.636245	0.931469	0.779895	0.536279	0.857865	0.700079	0.529321
2.40.100	0.783924	0.638165	0.931524	0.775714	0.532222	0.856901	0.70179	0.53371
2.40.100	0.783322	0.637506	0.928395	0.767157	0.5137	0.853266	0.698828	0.531641
2.40.100	0.781271	0.636542	0.930913	0.773091	0.523224	0.857618	0.703722	0.534063
2.40.100	0.783024	0.634849	0.92931	0.774635	0.524684	0.85362	0.695394	0.52693
2.40.100	0.783702	0.637596	0.927583	0.765144	0.503986	0.852856	0.697124	0.529992
2.40.100	0.781461	0.635	0.928524	0.770425	0.51503	0.854892	0.696671	0.528524
2.40.100	0.782948	0.633952	0.930649	0.774214	0.518948	0.850826	0.694838	0.527293
2.40.100	0.780438	0.634681	0.930122	0.77522	0.520556	0.856447	0.696854	0.530099
2.40.100	0.776066	0.623564	0.926216	0.763636	0.50628	0.84865	0.690064	0.504902
2.40.100	0.782129	0.634306	0.929878	0.771618	0.523011	0.853993	0.695529	0.527977
2.40.100	0.787621	0.637704	0.9219	0.746183	0.497249	0.840459	0.682355	0.516364
2.40.100	0.782766	0.634354	0.928946	0.766377	0.52082	0.84973	0.693831	0.525358
2.40.100	0.783041	0.63921	0.931575	0.77499	0.522975	0.854701	0.702204	0.538982
2.40.100	0.783923	0.645647	0.930571	0.766361	0.521444	0.856076	0.707283	0.550782
2.40.100	0.781906	0.63593	0.929045	0.7664	0.525092	0.856364	0.700501	0.53211
2.40.100	0.78201	0.64042	0.929283	0.769184	0.526102	0.856088	0.705981	0.54462
2.40.100	0.782248	0.635996	0.930076	0.767626	0.523929	0.856104	0.69759	0.530473
2.40.100	0.782828	0.636355	0.928176	0.767499	0.518004	0.852219	0.693401	0.5312
2.40.100	0.783672	0.636301	0.931293	0.771941	0.524222	0.852726	0.697555	0.529802
2.40.100	0.77512	0.640458	0.92038	0.747201	0.474599	0.856333	0.70735	0.548157
2.40.100	0.77556	0.625106	0.926952	0.77577	0.511543	0.850699	0.690618	0.513892
2.40.100	0.780111	0.637291	0.929924	0.770151	0.509692	0.85816	0.705633	0.536055
2.40.100	0.780797	0.63349	0.930188	0.776092	0.525594	0.857323	0.697908	0.530962
2.40.100	0.784254	0.634517	0.931307	0.777195	0.532584	0.854114	0.694819	0.525269
2.40.100	0.774133	0.619992	0.925271	0.770303	0.504957	0.843735	0.67651	0.513502
2.40.100	0.782994	0.635731	0.931299	0.775278	0.525287	0.855987	0.702854	0.528139
2.40.100	0.781375	0.63594	0.930677	0.771129	0.526674	0.856214	0.701675	0.534008
2.40.100	0.782023	0.636038	0.928901	0.771752	0.523687	0.854655	0.699547	0.5325
2.40.10	0.778032	0.615598	0.919394	0.754684	0.496735	0.835995	0.665739	0.473892
2.40.10	0.781704	0.617889	0.920164	0.756241	0.505441	0.835225	0.666381	0.464596
2.40.10	0.776962	0.613908	0.918292	0.750788	0.45901	0.833933	0.661078	0.457427
2.40.10	0.778113	0.618356	0.918019	0.743183	0.456104	0.835339	0.66246	0.476688
2.40.10	0.777492	0.615691	0.91615	0.746501	0.480164	0.833379	0.661801	0.450956
2.40.10	0.774136	0.614651	0.919956	0.760136	0.494215	0.834672	0.66023	0.476998
2.40.10	0.778253	0.618554	0.919064	0.750052	0.487799	0.837446	0.66612	0.474617
2.40.10	0.777788	0.627206	0.921596	0.746678	0.49188	0.841154	0.678834	0.504823
2.40.10	0.776357	0.622186	0.921066	0.757713	0.503631	0.842312	0.675905	0.497436
2.40.10	0.780997	0.618003	0.919071	0.743999	0.484925	0.827749	0.661896	0.462515
2.40.10	0.780635	0.633236	0.92206	0.763279	0.489366	0.848434	0.682543	0.52345
2.40.10	0.778085	0.62366	0.921238	0.7506	0.484578	0.841447	0.679082	0.494607
2.40.10	0.776669	0.621994	0.921765	0.757772	0.494407	0.843002	0.681904	0.489725
2.40.10	0.776599	0.616961	0.919839	0.761223	0.482491	0.839338	0.668353	0.476762
2.40.10	0.776133	0.611647	0.919427	0.753111	0.475222	0.832818	0.656996	0.469745
2.40.10	0.776545	0.617907	0.918191	0.750336	0.482271	0.836778	0.663419	0.479794
2.40.10	0.775052	0.618988	0.918676	0.752541	0.472907	0.839537	0.667	0.485081
2.40.10	0.778732	0.613908	0.92216	0.7613	0.499072	0.836993	0.670133	0.454951
2.40.10	0.773507	0.617907	0.920091	0.763945	0.492484	0.843385	0.674974	0.491517
2.40.10	0.780581	0.619964	0.916131	0.751266	0.46437	0.837193	0.666545	0.47005
2.40.10	0.776475	0.607932	0.920497	0.766827	0.50255	0.831779	0.665269	0.44211
2.40.10	0.77508	0.616288	0.91839	0.74153	0.494631	0.835348	0.671056	0.460402
2.40.10	0.777495	0.622243	0.920097	0.756155	0.500192	0.841476	0.680066	0.486658
2.40.10	0.775598	0.61114	0.918405	0.745087	0.488759	0.831737	0.658064	0.458996
2.40.10	0.777012	0.615215	0.919581	0.75435	0.462141	0.838447	0.669392	0.475333
2.40.10	0.775718	0.620628	0.920761	0.75367	0.49515	0.842512	0.675769	0.49025
2.40.10	0.776335	0.614548	0.91777	0.747845	0.495168	0.836212	0.670299	0.457276
2.40.10	0.778798	0.617391	0.924249	0.756746	0.514784	0.831365	0.660375	0.488089
2.40.10	0.77709	0.625099	0.918199	0.739944	0.480642	0.837667	0.673891	0.497761
2.40.10	0.774844	0.619305	0.920416	0.755491	0.485328	0.842109	0.673497	0.488481
2.40.10	0.775557	0.617523	0.917447	0.765458	0.482267	0.838032	0.666585	0.487911
2.40.10	0.774608	0.611787	0.912737	0.73748	0.408952	0.834069	0.656737	0.447326
2.40.10	0.77922	0.627747	0.917126	0.750374	0.482735	0.841874	0.67718	0.511305
2.40.10	0.775721	0.623731	0.918005	0.745556	0.488407	0.836745	0.675548	0.501322
2.40.10	0.778568	0.637665	0.914944	0.736814	0.459091	0.841387	0.684892	0.530475
2.40.10	0.775792	0.634176	0.9145	0.726785	0.464657	0.831949	0.67684	0.514577
2.40.10	0.774449	0.62369	0.917767	0.756287	0.471317	0.844732	0.678785	0.494435
2.40.10	0.77974	0.619155	0.919509	0.759649	0.474839	0.835787	0.660982	0.483181
2.40.10	0.775481	0.626947	0.920051	0.748703	0.484348	0.84086	0.678329	0.512042
2.40.10	0.778179	0.616686	0.919787	0.758857	0.502509	0.839232	0.668824	0.475366
2.40.10	0.777743	0.620699	0.917682	0.749572	0.465668	0.839953	0.668765	0.482392
2.40.10	0.778311	0.621456	0.917809	0.746465	0.474289	0.839437	0.66916	0.480567
2.40.10	0.778125	0.61271	0.921887	0.763963	0.507198	0.838585	0.663556	0.462391
2.40.10	0.779524	0.62236	0.918959	0.755007	0.507405	0.838564	0.677983	0.476915
2.40.10	0.780372	0.622246	0.920238	0.745643	0.473897	0.834082	0.666698	0.488379
2.40.10	0.777302	0.621364	0.919807	0.748168	0.470574	0.839889	0.672346	0.488265
2.40.10	0.779303	0.626323	0.92182	0.752716	0.485946	0.839784	0.675402	0.501256
2.40.10	0.780194	0.618084	0.920628	0.755619	0.511955	0.832718	0.662126	0.471715
2.40.10	0.782697	0.640094	0.925113	0.765381	0.515351	0.849338	0.688378	0.538124
2.40.10	0.78149	0.617132	0.92019	0.748925	0.495176	0.830426	0.660239	0.465258
2.40.10	0.777919	0.614681	0.918333	0.749958	0.487851	0.833278	0.66542	0.461011
2.40.10	0.776704	0.620138	0.917694	0.744825	0.46476	0.837895	0.667774	0.475844
2.40.10	0.776552	0.624353	0.915593	0.732675	0.47097	0.836723	0.676599	0.48716
2.40.10	0.77903	0.619343	0.919008	0.745791	0.484329	0.836839	0.668329	0.474449
2.40.10	0.774242	0.614807	0.918744	0.753573	0.510433	0.837805	0.674144	0.464759
2.40.10	0.773363	0.618184	0.920763	0.754448	0.486905	0.838423	0.667245	0.491206
2.40.10	0.778884	0.622241	0.919106	0.736582	0.480921	0.839276	0.671739	0.472018
2.40.10	0.775553	0.636311	0.909702	0.72352	0.458524	0.840087	0.681585	0.525038
2.40.10	0.783994	0.635975	0.919227	0.746761	0.476463	0.838429	0.682333	0.511671
2.40.10	0.778794	0.624676	0.923003	0.760661	0.509873	0.83854	0.676413	0.500014
2.40.10	0.77708	0.616657	0.918992	0.753758	0.507358	0.837311	0.673661	0.4677
2.40.10	0.779428	0.630504	0.911046	0.716238	0.458427	0.832911	0.665977	0.484895
2.40.10	0.777009	0.615124	0.919595	0.767404	0.489282	0.836099	0.667406	0.481667
2.40.10	0.777879	0.620659	0.919858	0.752803	0.469682	0.841276	0.670594	0.486023
2.40.10	0.781509	0.623666	0.919283	0.745856	0.491406	0.836752	0.669609	0.468617
2.40.10	0.777849	0.626229	0.921363	0.753016	0.482278	0.838275	0.678517	0.507314
2.40.10	0.775048	0.614173	0.919851	0.757811	0.508997	0.834926	0.667605	0.474845
2.40.10	0.778072	0.623414	0.919596	0.757962	0.505076	0.840843	0.683835	0.486252
2.40.10	0.777747	0.62094	0.920471	0.756134	0.489922	0.837711	0.662855	0.50184
2.40.10	0.776648	0.622932	0.918084	0.75171	0.464195	0.842363	0.679588	0.491341
2.40.10	0.773754	0.615394	0.91949	0.756586	0.484457	0.843507	0.6705	0.484457
2.40.10	0.780215	0.624365	0.917032	0.745698	0.488281	0.83909	0.674602	0.477609
2.40.10	0.775174	0.623483	0.921623	0.751284	0.481453	0.84359	0.677178	0.501841
2.40.10	0.776469	0.618529	0.918772	0.753171	0.48421	0.842637	0.66699	0.481948
2.40.10	0.773831	0.620284	0.916925	0.753874	0.483096	0.839208	0.672434	0.488901
2.40.10	0.779605	0.630457	0.920758	0.742879	0.482724	0.843229	0.684691	0.51053
2.40.10	0.776011	0.61746	0.918994	0.755652	0.476038	0.837687	0.669779	0.478495
2.40.10	0.777783	0.624231	0.917091	0.747485	0.452102	0.840896	0.674708	0.487928
2.40.10	0.775752	0.619855	0.917892	0.752216	0.49769	0.840284	0.675709	0.480228
2.40.10	0.778488	0.622523	0.922586	0.756075	0.509879	0.8436	0.680357	0.491389
2.40.10	0.778059	0.645554	0.918262	0.744101	0.484162	0.850529	0.698767	0.554518
2.40.10	0.77476	0.616453	0.920586	0.765244	0.514305	0.842468	0.680699	0.482437
2.40.10	0.773101	0.621751	0.917734	0.75276	0.499881	0.8432	0.676137	0.49793
2.40.10	0.775089	0.621329	0.921117	0.75789	0.477782	0.840922	0.671452	0.496432
2.40.10	0.780216	0.613702	0.920872	0.748915	0.49676	0.833492	0.658076	0.448363
2.40.10	0.777119	0.626276	0.920139	0.751703	0.491743	0.845545	0.685195	0.505117
2.40.10	0.769965	0.627265	0.917823	0.752106	0.474335	0.850745	0.697026	0.511773
2.40.10	0.771304	0.616134	0.923178	0.759575	0.510545	0.842307	0.685958	0.484126
2.40.10	0.779619	0.613537	0.92165	0.761898	0.511248	0.830579	0.663262	0.463645
2.40.10	0.783511	0.631091	0.923209	0.754584	0.484852	0.840912	0.679888	0.501812
2.40.10	0.777081	0.620868	0.920074	0.748044	0.473739	0.841287	0.667548	0.48978
2.40.10	0.776738	0.624216	0.920035	0.748495	0.478147	0.840975	0.676825	0.497279
2.40.10	0.77631	0.620757	0.921267	0.758061	0.505533	0.838114	0.675012	0.497385
2.40.10	0.775794	0.627851	0.91487	0.729295	0.457523	0.838091	0.677336	0.505061
2.40.10	0.777335	0.621589	0.920633	0.752358	0.490193	0.836855	0.674185	0.493302
2.40.10	0.775547	0.619907	0.920353	0.748217	0.479324	0.838073	0.672247	0.475662
2.40.10	0.778492	0.626404	0.919846	0.743615	0.483501	0.838843	0.676422	0.505881
2.40.10	0.775529	0.620791	0.919737	0.757907	0.488913	0.843142	0.678371	0.486869
2.40.10	0.775764	0.630208	0.918644	0.741954	0.478248	0.841954	0.682847	0.522126
2.40.10	0.780129	0.623662	0.917379	0.73921	0.464102	0.83921	0.667493	0.484004
2.40.10	0.778571	0.61634	0.921469	0.751843	0.502589	0.838349	0.662404	0.477505
2.40.10	0.779902	0.62376	0.919795	0.749798	0.491757	0.837212	0.675081	0.488583
2.40.10	0.779482	0.623421	0.923471	0.756826	0.499333	0.835738	0.669833	0.490849
2.40.10	0.775753	0.621326	0.918722	0.752719	0.489506	0.84177	0.6792	0.489506
2.40.10	0.779844	0.617734	0.921266	0.754853	0.496302	0.832031	0.658616	0.485499
2.40.10	0.777855	0.620266	0.918535	0.749221	0.45648	0.840447	0.67447	0.483797
2.40.10	0.777081	0.618871	0.921041	0.752535	0.505062	0.835543	0.671061	0.474132
2.40.10	0.777965	0.619205	0.920319	0.759088	0.480477	0.839344	0.67034	0.474697
2.40.10	0.777676	0.628326	0.920024	0.751806	0.487243	0.847549	0.684276	0.510705
2.40.10	0.777409	0.624397	0.922132	0.751611	0.492361	0.841942	0.68036	0.497017
2.40.10	0.77971	0.632078	0.916059	0.73705	0.487231	0.83286	0.67779	0.507225
2.40.10	0.775779	0.627143	0.915895	0.741421	0.495909	0.83834	0.679787	0.499131
2.40.10	0.778304	0.626378	0.91876	0.75022	0.475235	0.842578	0.677099	0.498622
2.40.10	0.774714	0.618872	0.919581	0.759884	0.494172	0.841484	0.678279	0.479518
2.40.10	0.77642	0.616366	0.919484	0.757547	0.487576	0.838823	0.670235	0.47613
2.40.10	0.774769	0.615288	0.918509	0.753223	0.481316	0.83679	0.668503	0.473725
2.40.10	0.777079	0.618284	0.921328	0.757894	0.506554	0.838888	0.671847	0.482375
2.40.10	0.77531	0.618689	0.919526	0.752583	0.490405	0.841254	0.678822	0.481745
2.40.10	0.779427	0.632594	0.910967	0.718987	0.468939	0.828021	0.667006	0.495038
2.40.10	0.780274	0.630504	0.910389	0.718821	0.472441	0.831986	0.665685	0.492029
2.40.10	0.77442	0.630274	0.918663	0.746635	0.491219	0.837594	0.690204	0.51971
2.40.10	0.775144	0.620836	0.918513	0.745072	0.475371	0.841217	0.674781	0.484995
2.40.10	0.774808	0.628479	0.918052	0.746244	0.492996	0.835395	0.681554	0.516284
2.40.128	0.779509	0.622702	0.914951	0.742331	0.469433	0.839815	0.678517	0.46802
2.40.128	0.781232	0.633519	0.921291	0.749647	0.491136	0.845876	0.688408	0.514639
2.40.128	0.784655	0.64119	0.925793	0.771	0.521072	0.85078	0.69857	0.526135
2.40.128	0.783141	0.63424	0.926523	0.763471	0.512305	0.850941	0.695672	0.518046
2.40.128	0.779718	0.632798	0.927539	0.771002	0.510778	0.853421	0.696715	0.52148
2.40.128	0.780355	0.630389	0.920783	0.753712	0.480443	0.846552	0.684744	0.502394
2.40.128	0.780807	0.632178	0.92158	0.759882	0.502298	0.846738	0.692696	0.512578
2.40.128	0.779642	0.633164	0.924566	0.756729	0.501498	0.849746	0.698897	0.518647
2.40.128	0.780326	0.632363	0.925729	0.764641	0.492548	0.850182	0.689506	0.516078
2.40.128	0.780369	0.631222	0.928578	0.770525	0.522948	0.85015	0.691877	0.517189
2.40.128	0.771492	0.613025	0.920527	0.754902	0.499229	0.838579	0.672207	0.461761
2.40.128	0.782793	0.626121	0.91913	0.749121	0.500514	0.839154	0.669709	0.49567
2.40.128	0.782438	0.637405	0.924187	0.754663	0.489509	0.849668	0.691246	0.528477
2.40.128	0.783326	0.632132	0.927787	0.76993	0.513786	0.849133	0.686937	0.517163
2.40.128	0.781946	0.636723	0.923987	0.763558	0.491765	0.848492	0.689101	0.527439
2.40.128	0.779697	0.630827	0.920552	0.758197	0.482795	0.844216	0.686495	0.509915
2.40.128	0.780626	0.637566	0.920399	0.74264	0.488941	0.850832	0.697552	0.521322
2.40.128	0.784231	0.63102	0.920476	0.747301	0.488333	0.838362	0.682439	0.489351
2.40.128	0.781573	0.637297	0.927247	0.766107	0.493962	0.853088	0.699133	0.527118
2.40.128	0.779682	0.633364	0.919173	0.757504	0.480456	0.848508	0.693436	0.518344
2.40.128	0.784108	0.642922	0.926219	0.772206	0.502609	0.855484	0.701067	0.541045
2.40.128	0.798791	0.6543	0.930057	0.768677	0.539404	0.855731	0.708626	0.517591
2.40.128	0.780135	0.633881	0.922076	0.758958	0.510203	0.849023	0.695859	0.520059
2.40.128	0.785699	0.639056	0.925289	0.763109	0.488883	0.848133	0.69338	0.520136
2.40.128	0.774564	0.616631	0.921494	0.765416	0.501068	0.841529	0.675449	0.47551
2.40.128	0.775325	0.615703	0.92326	0.764718	0.515256	0.840944	0.675486	0.4708
2.40.128	0.779872	0.633867	0.923196	0.758032	0.494568	0.848227	0.693236	0.523132
2.40.128	0.784952	0.635568	0.927171	0.772213	0.518804	0.847692	0.695519	0.516081
2.40.128	0.78557	0.632713	0.925722	0.764419	0.505455	0.844775	0.677977	0.513467
2.40.128	0.782979	0.637531	0.92605	0.764456	0.500011	0.849763	0.697666	0.522878
2.40.128	0.781514	0.637753	0.920993	0.733698	0.451815	0.843461	0.69181	0.518744
2.40.128	0.779896	0.633976	0.922716	0.757553	0.491513	0.84774	0.695402	0.519255
2.40.128	0.780825	0.631522	0.919844	0.749951	0.475765	0.843487	0.68691	0.509719
2.40.128	0.77983	0.623646	0.921954	0.761067	0.49663	0.842494	0.680319	0.493976
2.40.128	0.78038	0.633833	0.921266	0.755461	0.474617	0.849426	0.690856	0.517998
2.40.128	0.782919	0.649593	0.92793	0.769351	0.509337	0.859483	0.713961	0.55986
2.40.128	0.778671	0.635164	0.918543	0.751575	0.481512	0.849493	0.693172	0.520566
2.40.128	0.773356	0.613217	0.920639	0.768652	0.495792	0.843656	0.672395	0.468694
2.40.128	0.786176	0.630499	0.928966	0.773324	0.527136	0.846352	0.682743	0.500836
2.40.128	0.782664	0.635623	0.93043	0.773343	0.521919	0.853268	0.696652	0.529859
2.40.128	0.783093	0.634302	0.929358	0.77222	0.521671	0.849893	0.692738	0.518654
2.40.128	0.782878	0.630719	0.922592	0.753944	0.499128	0.847035	0.688797	0.485392
2.40.128	0.777295	0.628935	0.912322	0.735802	0.44934	0.843942	0.683147	0.493887
2.40.128	0.77143	0.62265	0.917251	0.767276	0.450011	0.850272	0.691527	0.498128
2.40.128	0.778817	0.634949	0.919232	0.747464	0.479005	0.846438	0.692313	0.514765
2.40.128	0.782802	0.64912	0.927773	0.771745	0.508152	0.858978	0.715348	0.558173
2.40.128	0.794912	0.644957	0.932512	0.777516	0.525214	0.854053	0.699338	0.518071
2.40.128	0.782754	0.638707	0.926617	0.760266	0.515138	0.849176	0.696106	0.524634
2.40.128	0.780007	0.635964	0.922165	0.750824	0.490715	0.850059	0.695287	0.51956
2.40.128	0.77585	0.62336	0.923468	0.760753	0.498522	0.845027	0.690961	0.485456
2.40.128	0.778675	0.61884	0.923927	0.758645	0.492621	0.837995	0.675384	0.462214
2.40.128	0.789461	0.643735	0.92098	0.751963	0.507987	0.848612	0.698676	0.513425
2.40.128	0.78544	0.640516	0.927908	0.775497	0.520444	0.853274	0.698989	0.529111
2.40.128	0.779445	0.631009	0.918594	0.747384	0.471114	0.842549	0.681226	0.505464
2.40.128	0.78761	0.644045	0.922356	0.750245	0.480144	0.84786	0.699028	0.519316
2.40.128	0.77792	0.621767	0.923153	0.759835	0.504017	0.839144	0.684644	0.472369
2.40.128	0.785765	0.64968	0.924708	0.768383	0.509151	0.854436	0.706839	0.547035
2.40.128	0.779921	0.636933	0.927434	0.765815	0.496079	0.856984	0.705036	0.530971
2.40.128	0.782436	0.6202	0.922596	0.759406	0.48653	0.836581	0.671166	0.470007
2.40.128	0.781965	0.63777	0.928118	0.765788	0.518621	0.854722	0.704527	0.528622
2.40.128	0.77829	0.635796	0.920833	0.770714	0.459788	0.854729	0.699747	0.525983
2.40.128	0.777115	0.619923	0.923383	0.762783	0.495001	0.83913	0.683213	0.473103
2.40.128	0.77817	0.616847	0.921957	0.762925	0.508815	0.84002	0.673013	0.4639
2.40.128	0.772775	0.621667	0.919794	0.77379	0.458625	0.850084	0.689662	0.497129
2.40.128	0.78252	0.631897	0.921624	0.74661	0.473617	0.842289	0.685126	0.504516
2.40.128	0.779663	0.636413	0.918793	0.744229	0.482773	0.84534	0.692026	0.518793
2.40.128	0.780832	0.632888	0.925	0.762373	0.515464	0.848462	0.697363	0.51485
2.40.128	0.781037	0.631528	0.92662	0.7607	0.511077	0.848083	0.687717	0.511714
2.40.128	0.784172	0.636472	0.928636	0.767817	0.523554	0.853721	0.695732	0.521627
2.40.128	0.783522	0.649564	0.91543	0.720066	0.437298	0.841806	0.686933	0.539493
2.40.128	0.783766	0.631047	0.920323	0.744866	0.505815	0.842668	0.68142	0.482187
2.40.128	0.779318	0.635543	0.918369	0.742683	0.479952	0.850164	0.697322	0.511229
2.40.128	0.782863	0.640788	0.927748	0.766716	0.527098	0.853728	0.703256	0.535074
2.40.128	0.787477	0.638293	0.905226	0.716608	0.443143	0.827815	0.667075	0.505885
2.40.128	0.780194	0.633141	0.919787	0.755243	0.485882	0.845672	0.687662	0.516763
2.40.128	0.780768	0.633256	0.918682	0.747387	0.481336	0.84345	0.685923	0.509689
2.40.128	0.796205	0.64099	0.93038	0.782123	0.527529	0.852134	0.693582	0.488362
2.40.128	0.779747	0.631129	0.925219	0.765722	0.516945	0.848584	0.693731	0.512023
2.40.128	0.780671	0.631915	0.925572	0.764677	0.51344	0.849341	0.696912	0.512214
2.40.128	0.77686	0.619014	0.922097	0.76176	0.494242	0.842362	0.683852	0.473239
2.40.128	0.794639	0.645887	0.926931	0.761116	0.512137	0.849677	0.697637	0.501526
2.40.128	0.78301	0.643481	0.92879	0.771433	0.524164	0.857866	0.708023	0.543936
2.40.128	0.779446	0.635469	0.920546	0.755783	0.473217	0.849729	0.698541	0.521513
2.40.128	0.795407	0.649142	0.931506	0.778243	0.537053	0.855746	0.709248	0.512906
2.40.128	0.775699	0.624028	0.922497	0.762124	0.475393	0.846547	0.688626	0.490715
2.40.128	0.79439	0.65005	0.931905	0.779583	0.517158	0.857028	0.704723	0.531566
2.40.128	0.779676	0.633117	0.921441	0.764176	0.511431	0.846616	0.696633	0.518768
2.40.128	0.782557	0.638769	0.922392	0.76068	0.491752	0.850329	0.699387	0.525172
2.40.128	0.783041	0.637334	0.927311	0.770067	0.519358	0.854439	0.697007	0.522343
2.40.128	0.778077	0.636827	0.919036	0.761982	0.484117	0.852146	0.69997	0.525337
2.40.128	0.795049	0.651348	0.934249	0.786407	0.543186	0.860096	0.708971	0.538646
2.40.128	0.781719	0.632495	0.929226	0.772371	0.532633	0.847521	0.693153	0.517371
2.40.128	0.784209	0.636001	0.92833	0.770664	0.519014	0.849252	0.69555	0.517439
2.40.128	0.779371	0.634243	0.927557	0.771174	0.503104	0.856474	0.699868	0.527481
2.40.128	0.796023	0.653796	0.933281	0.779196	0.523239	0.860984	0.712801	0.53782
2.40.128	0.78075	0.63364	0.926529	0.768176	0.493542	0.852751	0.698406	0.522325
2.40.128	0.782675	0.634003	0.925044	0.765202	0.516801	0.847581	0.692386	0.518586
2.40.128	0.783308	0.642304	0.926318	0.766429	0.52541	0.854102	0.704703	0.538817
2.40.128	0.779811	0.635977	0.920524	0.755225	0.486746	0.849632	0.69608	0.526597
2.40.128	0.782682	0.640593	0.925988	0.767215	0.519882	0.854913	0.702278	0.530085
2.40.128	0.779743	0.64092	0.921002	0.747985	0.476724	0.853636	0.704324	0.535304
2.40.128	0.780145	0.633927	0.921071	0.75393	0.504285	0.848598	0.691918	0.518608
2.40.160	0.803924	0.657613	0.931035	0.771425	0.533783	0.851709	0.703504	0.517321
2.40.160	0.78586	0.625727	0.922536	0.770602	0.514028	0.841493	0.679357	0.467795
2.40.160	0.799931	0.656581	0.931893	0.777036	0.538047	0.859087	0.710819	0.523164
2.40.160	0.783978	0.626269	0.925452	0.757538	0.502268	0.843352	0.681713	0.46591
2.40.160	0.783842	0.620547	0.922934	0.759839	0.516464	0.837322	0.670287	0.455331
2.40.160	0.78303	0.622513	0.925999	0.777324	0.520548	0.844049	0.682359	0.467644
2.40.160	0.787047	0.637222	0.926449	0.772109	0.526381	0.852946	0.69697	0.502942
2.40.160	0.797914	0.654476	0.933665	0.783801	0.548685	0.860583	0.712107	0.529451
2.40.160	0.799392	0.65606	0.927975	0.757864	0.534681	0.854247	0.708312	0.515264
2.40.160	0.798243	0.659356	0.932623	0.783828	0.54474	0.86279	0.718497	0.540927
2.40.160	0.783832	0.629172	0.922034	0.752803	0.476955	0.840328	0.681685	0.466669
2.40.160	0.793122	0.620024	0.919549	0.744237	0.469533	0.822262	0.643921	0.387855
2.40.160	0.801049	0.6571	0.936658	0.793647	0.557724	0.862158	0.715787	0.532119
2.40.160	0.800423	0.661735	0.932448	0.77612	0.528149	0.862012	0.716829	0.540372
2.40.160	0.800198	0.655525	0.92923	0.767343	0.536054	0.854289	0.703929	0.519476
2.40.160	0.801984	0.659328	0.933126	0.778938	0.541731	0.859212	0.712147	0.526154
2.40.160	0.790143	0.644092	0.929486	0.773115	0.540552	0.854279	0.706252	0.518559
2.40.160	0.797969	0.658803	0.933345	0.785098	0.552456	0.861659	0.719424	0.538584
2.40.160	0.799101	0.660794	0.932441	0.77922	0.546395	0.862219	0.71898	0.542297
2.40.160	0.801687	0.65605	0.933438	0.785207	0.534505	0.858297	0.708704	0.520125
2.40.160	0.803345	0.661439	0.934715	0.781472	0.549825	0.860198	0.714425	0.536113
2.40.160	0.783198	0.631297	0.92476	0.756527	0.50429	0.843045	0.688934	0.49407
2.40.160	0.804634	0.663988	0.935632	0.789798	0.543815	0.861754	0.716149	0.54469
2.40.160	0.80069	0.660033	0.925298	0.75177	0.525538	0.853466	0.708108	0.521764
2.40.160	0.784478	0.633665	0.923499	0.754489	0.51308	0.842481	0.686387	0.502702
2.40.160	0.781654	0.645017	0.923098	0.747342	0.477284	0.853424	0.705196	0.538432
2.40.160	0.801291	0.655994	0.934988	0.786837	0.554646	0.858625	0.712832	0.519477
2.40.160	0.80063	0.655473	0.933297	0.777606	0.541328	0.855341	0.706064	0.520106
2.40.160	0.796617	0.652131	0.929225	0.775998	0.522416	0.857505	0.706952	0.515806
2.40.30	0.777111	0.620568	0.919329	0.752239	0.508921	0.840402	0.679419	0.4813
2.40.30	0.775038	0.617822	0.921128	0.756296	0.492832	0.841308	0.673253	0.482484
2.40.30	0.77949	0.628156	0.922532	0.752828	0.493717	0.841793	0.682608	0.497312
2.40.30	0.775862	0.614651	0.921444	0.753203	0.484461	0.836732	0.67395	0.456437
2.40.30	0.779068	0.625369	0.923166	0.75407	0.491652	0.839712	0.676821	0.487778
2.40.30	0.773866	0.621729	0.917406	0.757306	0.474409	0.846566	0.684628	0.497465
2.40.30	0.773868	0.644349	0.913396	0.725436	0.448628	0.840964	0.692493	0.551562
2.40.30	0.775671	0.622429	0.918909	0.750206	0.497983	0.841082	0.673973	0.492941
2.40.30	0.773353	0.632323	0.917463	0.740251	0.480184	0.841645	0.680701	0.525544
2.40.30	0.775254	0.630599	0.919223	0.73712	0.479673	0.837097	0.681878	0.525519
2.40.30	0.781273	0.633375	0.926463	0.771257	0.517469	0.849912	0.694621	0.525955
2.40.30	0.779962	0.625333	0.926226	0.764404	0.493504	0.842279	0.682724	0.498296
2.40.30	0.778603	0.641347	0.924761	0.754909	0.49046	0.853125	0.700232	0.547087
2.40.30	0.77786	0.604828	0.921214	0.758342	0.497579	0.833502	0.654517	0.440421
2.40.30	0.778021	0.625549	0.918064	0.740495	0.484495	0.842671	0.671319	0.491178
2.40.30	0.775332	0.61713	0.923294	0.756345	0.506468	0.840978	0.678933	0.481478
2.40.30	0.774468	0.628503	0.915098	0.746328	0.454517	0.846072	0.687458	0.511361
2.40.30	0.774076	0.628918	0.91802	0.762476	0.484554	0.852691	0.693985	0.519578
2.40.30	0.778159	0.628549	0.921457	0.756709	0.506914	0.844764	0.685174	0.501258
2.40.30	0.775407	0.611328	0.92223	0.753656	0.508535	0.836621	0.672505	0.473555
2.40.30	0.777152	0.622096	0.923037	0.759708	0.498464	0.846975	0.68065	0.487127
2.40.30	0.775166	0.621977	0.918979	0.739146	0.465407	0.842243	0.671077	0.494476
2.40.30	0.780223	0.634108	0.919677	0.750217	0.479833	0.844222	0.684843	0.515654
2.40.30	0.775456	0.615879	0.920818	0.751178	0.499	0.835031	0.667098	0.479087
2.40.30	0.776988	0.628959	0.917884	0.74292	0.481913	0.844435	0.685044	0.498586
2.40.30	0.780809	0.630124	0.924008	0.764699	0.498726	0.846539	0.68979	0.50953
2.40.30	0.777666	0.636804	0.923733	0.768269	0.506067	0.856602	0.707469	0.533292
2.40.30	0.777592	0.631423	0.921595	0.767765	0.504838	0.850058	0.691805	0.527281
2.40.30	0.774907	0.619131	0.920968	0.747345	0.49051	0.841319	0.673184	0.49051
2.40.30	0.782145	0.634762	0.926198	0.766845	0.515006	0.846587	0.687692	0.53214
2.40.30	0.774304	0.621512	0.917473	0.751628	0.49724	0.840574	0.680643	0.505929
2.40.30	0.777012	0.616028	0.921645	0.753696	0.487053	0.836358	0.671444	0.469406
2.40.30	0.776641	0.614775	0.922449	0.751613	0.483784	0.836416	0.669368	0.468151
2.40.30	0.779278	0.635698	0.922343	0.75547	0.501081	0.851341	0.694958	0.517658
2.40.30	0.778291	0.628233	0.92185	0.755562	0.500485	0.846747	0.685769	0.49966
2.40.50	0.772327	0.625018	0.918303	0.750533	0.501511	0.84486	0.689018	0.51673
2.40.50	0.779955	0.63058	0.923799	0.748083	0.471809	0.846423	0.684168	0.501547
2.40.50	0.772484	0.632929	0.917615	0.746873	0.479087	0.842994	0.691331	0.535036
2.40.50	0.775559	0.622949	0.920277	0.747618	0.498907	0.841827	0.679158	0.505317
2.40.50	0.779371	0.638254	0.923136	0.760206	0.498654	0.849189	0.693301	0.539117
2.40.50	0.772124	0.62757	0.923787	0.748109	0.491973	0.85063	0.696368	0.520243
2.40.50	0.779007	0.620377	0.91703	0.744073	0.481183	0.832795	0.661064	0.477175
2.40.50	0.778661	0.640636	0.924304	0.761168	0.508981	0.853796	0.704884	0.54491
2.40.50	0.774646	0.621019	0.923448	0.75053	0.502524	0.846314	0.687164	0.494899
2.40.50	0.778997	0.621669	0.920835	0.754967	0.509834	0.838093	0.679498	0.48547
2.40.50	0.779999	0.631355	0.923487	0.744271	0.485065	0.848052	0.68891	0.503879
2.40.50	0.774987	0.627609	0.914939	0.726484	0.445475	0.840151	0.687324	0.503209
2.40.50	0.773231	0.624028	0.923734	0.75272	0.50229	0.848404	0.691005	0.509869
2.40.50	0.775279	0.630127	0.914803	0.737501	0.475054	0.840577	0.68271	0.505147
2.40.50	0.779744	0.630369	0.912258	0.712994	0.46119	0.833305	0.675503	0.489165
2.40.50	0.774943	0.626183	0.917637	0.752141	0.47269	0.849676	0.681987	0.511318
2.40.50	0.777661	0.63488	0.920375	0.745837	0.466165	0.846182	0.690325	0.527786
2.40.50	0.778651	0.629965	0.916211	0.750787	0.476105	0.842234	0.683886	0.499833
2.40.50	0.772111	0.626395	0.918675	0.744799	0.491603	0.841062	0.68575	0.509964
2.40.50	0.785519	0.633552	0.926257	0.76959	0.510702	0.849192	0.692919	0.508893
2.40.50	0.771549	0.614651	0.913981	0.747693	0.481211	0.8419	0.672525	0.47991
2.40.50	0.773792	0.628309	0.917982	0.752355	0.476322	0.846966	0.691108	0.50989
2.40.50	0.778454	0.613369	0.91825	0.737119	0.479808	0.82646	0.649243	0.464442
2.40.50	0.779289	0.631005	0.924128	0.758864	0.494555	0.844574	0.681445	0.52286
2.40.50	0.77686	0.610945	0.921706	0.753986	0.492907	0.833993	0.66772	0.449072
2.40.50	0.780884	0.619821	0.921185	0.755604	0.466117	0.837346	0.662931	0.467418
2.40.50	0.793325	0.634033	0.89968	0.670532	0.398258	0.808048	0.639017	0.439554
2.40.50	0.783231	0.656199	0.890645	0.626441	0.328099	0.822941	0.676935	0.523094
2.40.50	0.773234	0.628922	0.915813	0.736592	0.488072	0.841935	0.683489	0.513709
2.40.50	0.775557	0.633008	0.924876	0.756956	0.493407	0.847495	0.688937	0.528953
2.40.50	0.776235	0.629834	0.922433	0.749935	0.48802	0.841383	0.682524	0.518617
2.40.50	0.784071	0.64085	0.927337	0.763992	0.525616	0.850366	0.698625	0.534165
2.40.50	0.784163	0.638756	0.926896	0.766886	0.510269	0.850296	0.693562	0.530443
2.40.50	0.772396	0.615129	0.908844	0.715385	0.402237	0.828677	0.657685	0.452316
2.40.50	0.774543	0.625188	0.91963	0.75438	0.471483	0.849367	0.679054	0.505497
2.40.50	0.775696	0.635432	0.922278	0.751158	0.504454	0.850949	0.698682	0.531657
2.40.50	0.774432	0.633065	0.906516	0.725232	0.464021	0.835878	0.676226	0.52846
2.40.50	0.775359	0.621445	0.919823	0.752307	0.489124	0.840161	0.677789	0.503799
2.40.50	0.782637	0.633387	0.92619	0.768826	0.500432	0.847156	0.687091	0.521614
2.40.50	0.773781	0.626208	0.919333	0.754026	0.484612	0.844998	0.686235	0.51508
2.40.50	0.786499	0.649155	0.925243	0.755972	0.481084	0.852203	0.698571	0.554594
2.40.50	0.778093	0.630948	0.915	0.72008	0.425234	0.839113	0.67903	0.51057
2.40.50	0.77945	0.629287	0.922706	0.747779	0.461411	0.83907	0.670546	0.515724
2.40.50	0.778279	0.622888	0.91639	0.741156	0.48105	0.836689	0.6727	0.490789
2.40.50	0.780212	0.63777	0.922502	0.740722	0.466897	0.841877	0.683996	0.534443
2.40.50	0.77315	0.620646	0.916232	0.753137	0.455364	0.846429	0.678609	0.491402
2.40.50	0.783978	0.637449	0.927438	0.770246	0.50359	0.853425	0.700002	0.520956
2.40.50	0.777749	0.623703	0.918652	0.752206	0.477575	0.844221	0.677884	0.49451
2.40.50	0.778502	0.637577	0.922349	0.750529	0.474644	0.849403	0.695565	0.531788
2.40.50	0.78086	0.651264	0.917805	0.747372	0.498168	0.849056	0.708299	0.556973
2.40.50	0.775948	0.628342	0.921416	0.752049	0.472127	0.840721	0.680454	0.511169
2.40.50	0.784312	0.641576	0.92613	0.764066	0.523037	0.849129	0.697508	0.535898
2.40.50	0.784885	0.638944	0.926385	0.766308	0.51032	0.846794	0.6888	0.526312
2.40.50	0.776862	0.631542	0.920309	0.742514	0.462326	0.841419	0.683183	0.514211
2.40.50	0.784052	0.640395	0.926735	0.763689	0.526203	0.849651	0.696955	0.532092
2.40.50	0.783875	0.64012	0.926043	0.760256	0.488752	0.849259	0.69331	0.533502
2.40.50	0.776997	0.62795	0.922603	0.748198	0.478604	0.838711	0.676985	0.511127
2.40.50	0.783503	0.640639	0.926853	0.765745	0.518978	0.84994	0.698085	0.53438
2.40.50	0.783848	0.639882	0.92684	0.763083	0.493325	0.851839	0.694642	0.53036
2.40.50	0.777267	0.622005	0.917275	0.754696	0.466088	0.838685	0.672884	0.496864
2.40.50	0.776353	0.626537	0.918181	0.754457	0.48209	0.844562	0.680919	0.514557
2.40.50	0.776038	0.627214	0.919061	0.739031	0.450264	0.841925	0.679915	0.50446
2.40.50	0.776296	0.643553	0.918643	0.737965	0.468923	0.846294	0.692273	0.55094
2.40.50	0.773874	0.622096	0.918912	0.742874	0.474528	0.838384	0.6778	0.491266
2.40.50	0.782932	0.631117	0.912444	0.71641	0.471492	0.838855	0.674494	0.494498
2.40.50	0.781391	0.635999	0.928722	0.773729	0.508808	0.855507	0.700227	0.530282
2.40.50	0.775313	0.622524	0.919598	0.747929	0.504266	0.843619	0.685024	0.495968
2.40.50	0.775107	0.6265	0.915947	0.739053	0.493364	0.83842	0.680858	0.497776
2.40.50	0.775288	0.62159	0.914498	0.729613	0.473601	0.834876	0.675607	0.490138
2.40.50	0.776025	0.63975	0.926529	0.756896	0.486978	0.856327	0.709505	0.552044
2.40.50	0.775537	0.615721	0.919637	0.753716	0.485976	0.841204	0.673543	0.466827
2.40.50	0.777604	0.621885	0.922143	0.754305	0.468686	0.843804	0.680396	0.499891
2.40.50	0.777953	0.621574	0.914968	0.73562	0.495748	0.830523	0.666504	0.479982
2.40.50	0.778873	0.627587	0.911331	0.722916	0.459437	0.837419	0.669547	0.477283
2.40.50	0.776747	0.619727	0.924018	0.757617	0.493511	0.836461	0.669681	0.499087
2.40.50	0.775753	0.620915	0.919899	0.737343	0.470029	0.84134	0.673733	0.494686
2.40.50	0.776072	0.623821	0.915071	0.735795	0.494865	0.834875	0.678287	0.488832
2.40.50	0.775211	0.629258	0.918837	0.732448	0.474571	0.845608	0.685124	0.513082
2.40.50	0.779473	0.636748	0.927937	0.76088	0.490633	0.851291	0.696626	0.533701
2.40.50	0.780394	0.636199	0.927156	0.764543	0.526469	0.848188	0.694576	0.534914
2.40.50	0.777717	0.618905	0.917669	0.742248	0.45925	0.832411	0.658428	0.473016
2.40.50	0.777375	0.633056	0.922747	0.75848	0.497071	0.85151	0.694945	0.529209
2.40.50	0.783061	0.630474	0.919416	0.744045	0.495626	0.832181	0.670795	0.498732
2.40.50	0.780167	0.640201	0.909537	0.725617	0.491752	0.838702	0.682339	0.507967
2.40.50	0.772781	0.618545	0.920781	0.760248	0.498155	0.843019	0.677876	0.493488
2.40.50	0.783469	0.624163	0.908027	0.748601	0.441484	0.832176	0.659056	0.467549
2.40.50	0.779061	0.621758	0.922081	0.748492	0.493938	0.840553	0.675942	0.482738
2.40.50	0.774849	0.62645	0.9184	0.750741	0.467481	0.846053	0.683039	0.504229
2.40.50	0.769851	0.643296	0.914541	0.726632	0.446828	0.853331	0.708036	0.56578
2.40.50	0.776516	0.634766	0.923419	0.750955	0.487365	0.847577	0.69438	0.53508
2.40.50	0.77637	0.624535	0.923234	0.755434	0.507501	0.84228	0.683245	0.508286
2.40.50	0.776163	0.62726	0.916564	0.746154	0.485109	0.840378	0.682843	0.503076
2.40.50	0.776065	0.625049	0.916242	0.748702	0.476091	0.838392	0.681082	0.498002
2.40.50	0.77595	0.620934	0.922598	0.750216	0.496139	0.841393	0.67332	0.497073
2.40.50	0.776016	0.626679	0.924149	0.762689	0.507775	0.848553	0.692863	0.509847
2.40.50	0.777563	0.629414	0.915475	0.728389	0.490886	0.836632	0.682223	0.494416
2.40.50	0.770622	0.640036	0.916867	0.734126	0.44088	0.850938	0.701031	0.559112
2.40.50	0.778254	0.629984	0.913382	0.723691	0.480198	0.838837	0.683798	0.499896
2.40.50	0.778591	0.641339	0.922698	0.761832	0.484708	0.85557	0.701927	0.550194
2.40.50	0.779111	0.630739	0.921529	0.756735	0.494594	0.843918	0.682298	0.5183
2.40.50	0.775013	0.617156	0.917375	0.740275	0.502492	0.828893	0.668568	0.481612
2.40.50	0.779736	0.642636	0.921962	0.757035	0.482148	0.855066	0.702776	0.546858
2.40.50	0.77782	0.61302	0.920978	0.748244	0.494657	0.834762	0.657166	0.466583
2.40.50	0.773359	0.638089	0.91468	0.734738	0.463587	0.845918	0.696688	0.540972
2.40.50	0.778602	0.632371	0.918823	0.743604	0.462632	0.838448	0.683233	0.511647
2.40.50	0.775898	0.626189	0.919935	0.736644	0.476618	0.839296	0.677474	0.498991
2.40.50	0.773756	0.629049	0.917227	0.752895	0.469688	0.848422	0.694609	0.516886
2.40.50	0.777027	0.634178	0.924479	0.76641	0.501057	0.852092	0.693027	0.531913
2.40.50	0.7793	0.624536	0.923805	0.752106	0.482297	0.841513	0.675266	0.498372
2.40.50	0.776245	0.626144	0.921883	0.750736	0.496917	0.841773	0.684409	0.511356
2.40.50	0.775893	0.632346	0.921708	0.747065	0.468892	0.845378	0.690521	0.525538
2.40.50	0.780765	0.625926	0.92404	0.767266	0.510079	0.843247	0.678783	0.507937
2.40.50	0.781112	0.634167	0.927503	0.763483	0.528482	0.845316	0.687211	0.534116
2.40.50	0.77667	0.633248	0.924333	0.760264	0.500529	0.848166	0.694601	0.530535
2.40.50	0.775973	0.62842	0.920927	0.753525	0.493006	0.845405	0.683342	0.519726
2.40.50	0.77933	0.635989	0.923288	0.752918	0.479468	0.848313	0.692529	0.531779
2.40.50	0.774527	0.627626	0.917031	0.736646	0.490668	0.843987	0.687936	0.508506
2.40.50	0.775727	0.628343	0.914343	0.720896	0.479438	0.839274	0.681678	0.49824
2.40.70	0.786027	0.637303	0.925517	0.761841	0.514526	0.850361	0.693145	0.515698
2.40.70	0.782802	0.632935	0.923762	0.758355	0.499073	0.845285	0.677207	0.507477
2.40.70	0.791202	0.645272	0.929413	0.777672	0.537451	0.852362	0.700852	0.530946
2.40.70	0.778995	0.629662	0.926737	0.774002	0.527658	0.850742	0.691078	0.514927
2.40.70	0.782849	0.630729	0.928105	0.775558	0.517488	0.849032	0.68547	0.50905
2.40.70	0.786371	0.635344	0.926955	0.770389	0.529165	0.849977	0.687362	0.515765
2.40.70	0.782428	0.634692	0.926196	0.761113	0.514322	0.848087	0.687136	0.520291
2.40.70	0.786276	0.63087	0.927613	0.772065	0.51362	0.846296	0.687651	0.498625
2.40.70	0.783641	0.643727	0.925308	0.752606	0.490482	0.853134	0.702841	0.532078
2.40.70	0.773985	0.623677	0.914648	0.73209	0.437376	0.844966	0.684361	0.497099
2.40.70	0.784659	0.637771	0.927045	0.768613	0.508492	0.852889	0.694888	0.523984
2.40.70	0.782988	0.63483	0.926044	0.764984	0.522605	0.848009	0.684126	0.523717
2.40.70	0.7854	0.633794	0.924904	0.766396	0.49665	0.848997	0.684757	0.507707
2.40.70	0.783662	0.633663	0.926349	0.764629	0.519581	0.84188	0.679675	0.512612
2.40.70	0.781909	0.632821	0.925407	0.763205	0.507384	0.847377	0.690788	0.511325
2.40.70	0.784286	0.630911	0.925552	0.773373	0.512327	0.849072	0.687713	0.50091
2.40.70	0.779052	0.633519	0.927268	0.768411	0.507812	0.852328	0.694111	0.522885
2.40.70	0.782918	0.632755	0.928031	0.773382	0.510812	0.849636	0.691427	0.511951
2.40.70	0.785824	0.628247	0.928056	0.775517	0.522416	0.847228	0.685396	0.4952
2.40.70	0.781791	0.639094	0.925889	0.76296	0.505785	0.851856	0.697354	0.527317
2.40.70	0.785175	0.630961	0.928117	0.774124	0.514523	0.849145	0.684864	0.503393
2.40.70	0.783252	0.634048	0.924186	0.753432	0.495842	0.846661	0.685243	0.510113
2.40.70	0.791141	0.647335	0.928095	0.773203	0.52703	0.851345	0.698387	0.533818
2.40.70	0.784121	0.634509	0.926314	0.768399	0.50786	0.847979	0.68235	0.511627
2.40.70	0.781755	0.632301	0.926678	0.765473	0.522939	0.847882	0.692304	0.510082
2.40.70	0.785755	0.636663	0.928459	0.773197	0.506253	0.850575	0.694503	0.518679
2.40.70	0.785146	0.638166	0.926894	0.765378	0.503031	0.848177	0.689955	0.525214
2.40.70	0.775127	0.617265	0.913513	0.744369	0.473516	0.837854	0.671326	0.474945
2.40.70	0.779975	0.632053	0.925908	0.774766	0.517816	0.8506	0.693292	0.512116
2.40.70	0.78322	0.629989	0.929947	0.774626	0.519708	0.849297	0.687866	0.505019
2.40.70	0.780907	0.632697	0.924731	0.766483	0.503419	0.849698	0.684873	0.519385
2.40.70	0.782336	0.635132	0.924872	0.757851	0.510841	0.849625	0.691444	0.5159
2.40.70	0.784028	0.627796	0.929753	0.776989	0.528995	0.847803	0.688666	0.503956
2.40.70	0.781309	0.634818	0.926156	0.767135	0.50933	0.846797	0.692829	0.518454
2.40.70	0.786032	0.635883	0.927043	0.768162	0.511055	0.850319	0.687578	0.51394
2.40.70	0.781737	0.633285	0.926681	0.763958	0.521938	0.847081	0.694592	0.511349
2.40.70	0.785991	0.636531	0.925963	0.76542	0.496029	0.85024	0.688556	0.513452
2.40.70	0.782102	0.641386	0.922782	0.755204	0.49661	0.850887	0.69025	0.53149
2.40.70	0.786786	0.63536	0.926565	0.768371	0.515854	0.847955	0.689539	0.512369
2.40.70	0.785659	0.636465	0.92932	0.773462	0.512376	0.850188	0.696379	0.516532
2.40.70	0.784568	0.631097	0.925946	0.775296	0.513515	0.850674	0.69298	0.49618
2.40.70	0.781958	0.640829	0.926923	0.775034	0.5147	0.857881	0.705399	0.539841
2.40.70	0.786802	0.636067	0.925628	0.764072	0.503307	0.848065	0.682513	0.511159
2.40.70	0.784412	0.629849	0.924765	0.759857	0.517307	0.841573	0.684644	0.503253
2.40.70	0.781873	0.631466	0.924374	0.766496	0.496686	0.848264	0.689004	0.509359
2.40.70	0.783618	0.637045	0.926433	0.76922	0.50096	0.851907	0.6957	0.520132
2.40.70	0.785524	0.636278	0.926138	0.763055	0.49203	0.846468	0.684265	0.517137
2.40.70	0.785804	0.634922	0.928474	0.773941	0.503855	0.849374	0.688784	0.517872
2.40.70	0.784608	0.640102	0.926254	0.768294	0.51401	0.852712	0.694819	0.532628
2.40.70	0.782429	0.632375	0.925891	0.764579	0.518886	0.847948	0.691434	0.509115
2.40.70	0.790339	0.641844	0.929214	0.778512	0.522684	0.85213	0.693138	0.529144
2.40.70	0.779802	0.624643	0.924905	0.763218	0.497059	0.842463	0.681211	0.493744
2.40.70	0.784321	0.633969	0.926274	0.773805	0.511156	0.851633	0.696263	0.513408
2.40.70	0.78238	0.642704	0.926541	0.759222	0.501607	0.853374	0.7079	0.532797
2.40.70	0.784741	0.640215	0.926308	0.76632	0.506789	0.851907	0.69446	0.529928
2.40.70	0.783352	0.630998	0.925789	0.76345	0.522746	0.846793	0.689313	0.503991
2.40.70	0.776072	0.632082	0.921551	0.755596	0.492341	0.850884	0.694979	0.518424
2.40.70	0.790807	0.643689	0.932339	0.783485	0.543306	0.853032	0.698463	0.532251
2.40.70	0.778703	0.621893	0.927025	0.764916	0.498577	0.84455	0.680462	0.493914
2.40.70	0.784098	0.633064	0.927652	0.77511	0.5183	0.851595	0.695535	0.509722
2.40.70	0.781641	0.640799	0.926848	0.762267	0.504196	0.85483	0.705703	0.530505
2.40.70	0.785116	0.630771	0.927936	0.774469	0.520296	0.850264	0.690269	0.505397
2.40.70	0.785249	0.639282	0.925379	0.758988	0.512738	0.848818	0.692685	0.521033
2.40.70	0.777778	0.614475	0.919068	0.74766	0.494027	0.840303	0.670254	0.470714
2.40.70	0.780103	0.634412	0.926899	0.76965	0.513182	0.853063	0.694799	0.520255
2.40.70	0.783	0.632718	0.928234	0.773867	0.5094	0.852467	0.690529	0.509962
2.40.70	0.785381	0.63509	0.928131	0.765281	0.509484	0.847708	0.688471	0.513048
2.40.70	0.781334	0.635298	0.923282	0.762493	0.491973	0.847229	0.685764	0.519885
2.40.70	0.783762	0.635814	0.926648	0.77025	0.495987	0.851471	0.687982	0.52062
2.40.70	0.782258	0.633522	0.92463	0.758708	0.496681	0.845861	0.686464	0.512634
2.40.70	0.784506	0.631592	0.929403	0.777522	0.521007	0.850683	0.692595	0.505326
2.40.70	0.780097	0.640477	0.926364	0.764827	0.48802	0.858292	0.709364	0.536448
2.40.70	0.772489	0.608424	0.91936	0.74483	0.47175	0.830402	0.664573	0.462639
2.40.70	0.773259	0.616419	0.916184	0.732661	0.4662	0.834342	0.665851	0.483855
2.40.70	0.785553	0.635955	0.923706	0.757114	0.484716	0.847733	0.690323	0.510682
2.40.70	0.783685	0.634167	0.923737	0.763821	0.513312	0.841843	0.679506	0.511926
2.40.70	0.784659	0.635538	0.926921	0.76495	0.517426	0.851683	0.693832	0.516327
2.40.70	0.782236	0.633889	0.925743	0.764406	0.510974	0.846496	0.693299	0.510334
2.40.70	0.774111	0.623243	0.919866	0.748361	0.470879	0.84811	0.693031	0.502713
2.40.70	0.786811	0.634179	0.92621	0.764659	0.512415	0.847003	0.688699	0.506094
2.40.70	0.782902	0.643852	0.923523	0.755804	0.490443	0.847097	0.700439	0.532974
