c.2.1.1	106.89	-77.617	64.239	113.25	-3.0179	105.46	65.064	39.751	74.707	45.512	-7.7977	34.724	30.483	-20.679	-33.876	29.375	-0.28932	-32.635	28.836	21.381	10.064	19.283	3.5621	-23.516	-15.631	16.615	-36.735	16.999	10.316	0.48223	-19.677
c.2.1.1	107.09	-79.38	63.192	109.92	-6.7889	102.46	63.166	40.763	72.621	44.044	-9.8432	35.001	31.619	-21.684	-34.442	30.93	2.8422	-31.389	28.594	22.423	7.3251	17.894	-0.98035	-23.653	-16.528	16.386	-39.387	17.056	12.413	-0.25404	-19.286
c.2.1.1	106.69	-77.769	64.338	112.35	-3.2634	105.02	63.832	41.441	74.828	48.156	-11.719	35.83	31.159	-21.115	-36.048	30.935	-2.7811	-34.433	29.956	22.232	11.223	21.183	4.0071	-23.885	-17.915	15.948	-37.756	20.129	12.365	-1.028	-21.363
c.2.1.1	105.86	-82.902	67.376	115.08	-0.64362	107.61	66.092	44.905	74.069	55.974	-10.125	34.733	37.575	-23.744	-43.549	35.348	-13.885	-38.927	30.927	51.809	11.803	30.201	-14.123	-26.25	-14.769	18.041	-43.699	16.214	13.51	-1.4184	-24.939
c.2.1.1	106.69	-80.294	61.437	110.75	-6.4358	103.21	59.153	40.602	71.316	49.517	-7.5384	35.731	28.678	-23.082	-37.525	31.383	-4.6525	-33.193	31.47	37.301	8.7927	22.359	-3.1296	-23.158	-17.87	15.771	-43.127	18.301	14.916	-3.2511	-20.346
c.2.1.1	109.67	-69.569	61.823	110.04	-12.814	98.604	67.996	45.006	69.439	47.698	-13.203	30.142	35.454	-19.296	-38.438	33.632	-17.283	-41.605	21.098	43.94	11.046	32.44	-21.218	-22.83	-14.273	14.657	-23.027	15.27	11.402	-20.482	-28.41
c.2.1.1	106.28	-82.03	61.132	110.36	-7.7749	100.2	63.905	41.396	70.361	47.086	-11.637	30.28	35.102	-22.58	-37.697	31.445	-7.5125	-35.202	33.171	37.77	7.4289	27.179	-7.9408	-23.399	-11.029	14.119	-42.041	17.945	18.053	-7.3751	-20.272
c.2.1.1	104.18	-78.514	54.54	109.33	-2.4089	102.59	62.393	48.98	75.006	54.637	-9.5054	32.851	50.704	-23.819	-37.997	38.459	-13.49	-33.964	37.649	57.513	6.5202	22.927	-23.48	-22.005	-4.6578	18.817	-49.915	8.1505	17.294	0.13908	-8.1301
c.2.1.1	106.69	-75.625	64.605	112.98	-3.6203	103.81	65.111	40.214	74.601	44.975	-8.118	31.544	33.25	-20.17	-31.05	29.414	-3.3383	-33.821	28.093	21.15	3.2269	21.745	-6.0035	-27.9	-15.388	20.28	-34.189	17.348	11.096	1.7857	-23.096
c.2.1.1	105.24	-78.22	65.671	112.82	-1.5437	104.31	65.582	49.275	75.158	54.633	-6.2855	36.714	43.438	-21.94	-43.953	38.058	-15.042	-43.613	28.85	43.85	11.457	34.474	-13.141	-26.195	-15.08	16.019	-39.62	19.255	13.79	-2.452	-28.783
c.2.1.1	110.82	-63.586	60.559	113.73	-4.5764	104.91	56.49	30.439	79.408	28.018	-8.2967	35.112	19.371	-17.181	-10.549	18.675	4.2313	-22.115	22.129	12.608	-20.944	13.138	-2.7263	-22.975	-7.5187	11.561	-22.608	21.197	9.6354	0.058816	-25.11
c.2.1.1	105.03	-81.102	63.948	114.63	-0.65439	105.6	67.935	45.539	74.058	56.105	-10.019	34.107	38.496	-22.704	-37.381	35.177	-13.677	-37.374	31.809	40.417	3.833	29.11	-15.906	-26.75	-15.942	17.137	-40.671	21.593	15.411	-5.4887	-19.569
c.2.1.1	107.3	-96.626	60.057	118.14	2.5976	112.46	79.655	50.98	77.543	65.857	-7.0069	38.565	54.004	-28.027	-64.605	43.38	-7.7256	-47.687	24.392	69.82	22.979	33.862	-37.329	-24.548	-15.793	20.378	-42.733	15.951	-7.2748	-7.3631	-15.833
c.2.1.1	106.69	-75.852	62.965	111.87	-4.409	104.18	63.761	39.619	73.611	45.687	-8.8355	33.857	29.538	-20.366	-33.873	29.038	-2.17	-33.418	28.57	21.308	11.257	20.155	4.8864	-23.298	-16.134	15.894	-35.324	17.825	10.483	-2.6181	-19.918
c.2.1.1	105.45	-87.933	65.943	116.43	1.1445	108.03	73.061	47.529	75.492	57.432	-4.0785	37.057	43.451	-26.772	-45.819	38.48	-12.02	-38.863	35.247	68.425	9.9333	27.17	-24.624	-33.565	-6.8056	16.093	-53.372	15.074	20.969	-11.635	-24.969
c.2.1.1	106.07	-90.927	63.966	115.87	0.8199	108.38	67.692	42.316	76.371	50.628	-9.0534	32.773	45.36	-25.299	-41.562	34.542	-5.387	-34.021	30.686	58.759	11.781	21.199	-24.98	-28.314	-9.9601	20.644	-47.248	15.521	16.47	-1.6099	-24.705
c.2.1.1	108.5	-82.027	45.93	105.35	-15.003	97.47	61.056	49.109	67.221	51.14	-12.984	35.056	45.106	-26.976	-42.834	40.35	-14.175	-32.926	35.713	87.526	14.238	16.721	-46.78	-23.228	-11.839	15.571	-55.647	16.326	25.714	-2.742	-9.1458
c.2.1.1	107.7	-73.46	56.004	104.84	-12.929	97.308	61.645	45.145	69.827	47.355	-14.865	33.762	34.113	-21.341	-40.604	34.008	-9.4674	-36.545	31.852	36.998	7.812	29.16	-7.174	-22.179	-0.47431	6.993	-40.244	12.485	17.337	-5.8518	-16.054
c.2.1.1	105.45	-93.51	59.885	112.67	-1.989	106.15	66.878	48.655	73.404	60.131	-9.6434	34.262	51.886	-27.926	-50.116	40.637	-9.9202	-39.985	30.233	71.908	13.064	27.295	-39.748	-27.605	-15.172	21.402	-48.637	18.278	17.51	-10.878	-24.546
c.2.1.1	104.6	-75.014	70.678	125.18	15.08	117.59	97.278	63.355	88.64	71.681	-0.77621	50.871	67.294	-19.977	-50.159	51.763	-29.482	-56.374	23.032	66.918	24.55	36.492	-29.367	-30.022	-21.902	19.297	-31.375	16.133	-13.796	-0.73036	-14.548
c.2.1.1	107.09	-78.515	62.792	108.9	-8.2437	101.33	63.112	41.969	71.495	45.234	-8.748	34.744	32.308	-21.201	-35.759	31.7	0.77649	-32.794	29.631	21.659	10.736	18.721	4.1552	-23.464	-16.463	16.709	-40.215	17.556	11.55	2.2674	-18.819
c.2.1.1	103.96	-83.879	70.561	118.47	7.2898	112.1	74.254	51.732	80.402	64.125	-3.9472	40.014	47.109	-24.587	-48.694	40.188	-19.038	-42.634	37.577	60.551	14.549	33.689	-16.194	-25.285	-5.3576	12.42	-48.862	13.622	10.941	-4.3173	-14.477
c.2.1.1	108.3	-105.44	54.087	113.75	-5.8782	108.8	64.676	35.428	69.216	52.768	-10.624	26.39	37.274	-29.65	-54.102	31.155	6.7852	-36.777	31.049	93.898	18.346	28.781	-40.231	-36.952	0.59879	20.039	-53.31	15.375	19.83	-15.044	-29.061
c.2.1.1	106.28	-81.042	60.37	112.1	-2.4077	105.17	66.15	50.739	75.503	58.517	-10.91	35.67	49.399	-22.626	-47.653	39.572	-16.044	-41.44	29.655	42.029	13.948	33.64	-11.197	-19.315	-16.351	10.891	-37.253	16.114	17.727	-13.32	-15.123
c.2.1.1	104.39	-96.956	62.236	118.3	7.2408	113.84	74.147	51.511	79.995	67.093	0.8988	38.686	58.029	-29.4	-64.738	44.53	-9.8251	-49.361	25.289	82.854	18.859	38.414	-43.552	-40.595	-11.63	19.702	-45.774	19.682	8.373	-11.993	-30.671
c.2.1.1	106.69	-72.436	56.81	108.33	-10.4	99.156	62.708	46.919	68.691	51.76	-11.663	32.451	37.03	-22.157	-38.638	36.19	-15.032	-36.782	34.562	51.055	9.8959	26.805	-15.757	-24.12	-8.5306	16.225	-43.161	15.625	15.719	-2.3099	-17.224
c.2.1.1	106.69	-74.416	64.171	112.91	-3.9431	103.2	64.285	40.054	74.502	44.503	-6.6327	31.127	33.194	-19.89	-29.507	29.237	-3.0761	-32.785	27.821	20.235	0.97924	21.016	-7.7648	-26.276	-15.39	20.449	-33.424	18.363	11.701	0.61285	-22.681
c.2.1.1	108.3	-70.964	55.822	106.07	-13.76	97.37	59.807	47.391	68.767	48.237	-13.924	35.941	34.823	-21.091	-35.4	36.515	-10.641	-34.365	28.766	35.334	2.241	22.635	-13.196	-22.866	-12.778	15.078	-38.728	17.17	12.048	-1.3541	-16.003
c.2.1.1	107.09	-76.457	63.09	111.9	-4.8498	104.4	64.666	38.846	73.375	44.563	-9.404	33.512	28.973	-20.5	-33.167	28.425	-1.3912	-32.266	29.31	21.76	10.149	19.539	6.5199	-24.309	-15.29	16.015	-37.41	16.42	10.082	1.5867	-19.001
c.2.1.1	107.09	-73.012	62.702	109.97	-6.8167	101.92	63.464	39.662	72.964	43.673	-7.9928	34.137	28.148	-19.718	-31.871	28.626	-1.6974	-32.008	29.384	20.155	9.0685	19.208	6.9702	-23.387	-15.392	15.004	-35.959	17.542	10.242	2.1787	-18.018
c.2.1.2	125.76	17.393	81.015	105.81	-33.997	79.384	22.122	51.809	65.91	36.495	-16.075	40.014	20.357	20.346	-19.871	29.87	5.4738	-37.736	17.433	14.704	-5.1042	23.992	15.675	-16.946	-18.391	5.7695	0.44733	23.169	-10.152	3.0498	-12.092
c.2.1.2	119.58	26.362	84.374	111.78	-20.319	90.92	26.54	53.936	73.593	43.152	-9.4873	48.432	19.991	27.411	-26.206	29.713	9.3743	-37.836	18.098	16.424	12.09	26.313	19.701	-12.063	-14.277	5.3538	4.4767	4.8636	-10.02	0.75379	-1.799
c.2.1.2	123.05	15.827	86.045	115.74	-18.306	92.009	19.439	46.538	74.791	41.487	-7.4628	47.353	12.811	21.76	-20.55	24.485	4.4519	-37.84	12.385	11.927	12.4	18.92	15.66	-14.949	-17.023	9.1897	0.022441	13.384	-16.803	14.498	-5.3085
c.2.1.2	133.51	23.109	63.159	126.59	0.71938	102.75	-33.98	33.089	81.014	22.879	-3.8637	57.786	0.63355	20.997	-22.542	7.9226	20.817	-61.03	1.3426	-16.194	34.469	2.5808	33.185	19.469	-24.711	7.0488	-22.422	-4.5321	-35.845	16.28	36.91
c.2.1.2	119.09	17.329	76.17	109.02	-23.357	86.69	28.443	56.991	72.663	43.715	-11.761	49.645	24.967	22.537	-26.528	34.852	3.7951	-40.355	16.539	14.75	1.8646	30.726	17.067	-13.068	-17.194	9.6852	0.56584	3.0486	-11.012	5.4827	-5.7383
c.2.1.2	127.5	28.955	92.009	117.52	-11.207	98.547	29.604	54.406	79.242	44.292	-8.5396	45.39	29.874	25.249	-29.684	31.813	0.97008	-52.056	5.6501	20.457	16.181	33.929	11.237	-17.43	-29.373	9.3008	-1.7692	3.7701	-16.596	9.9478	-1.63
c.2.1.2	132.72	53.754	75.423	122.26	0.10143	98.593	59.392	51.384	85.48	27.314	-0.31381	57.019	22.31	16.299	-7.0828	29.095	0.74469	-35.381	23.818	-3.2652	-17.074	12.945	26.758	-10.099	-14.384	-15.202	3.9689	33.099	-13.449	6.9582	9.0818
c.2.1.2	130.03	47.344	71.396	120.61	-12.296	93.758	46.866	51.032	75.837	27.167	-8.344	51.748	21.6	18.3	-10.396	28.415	5.5211	-35.867	23.967	-2.7315	-7.378	13.22	27.962	-15.552	-16.502	-12.29	6.9066	24.455	0.20654	-2.7018	16.182
c.2.1.2	120.55	21.468	81.008	113.82	-17.805	91.725	23.698	50.126	76.305	40.527	-7.2341	50.887	16.445	25.211	-25.374	26.778	9.0313	-40.238	13.833	13.709	15.184	24.245	16.087	-12.861	-14.958	5.3796	1.2691	11.745	-13.204	2.0134	-4.8431
c.2.1.2	123.05	23.393	79.991	109.79	-25.223	86.319	23.774	43.565	71.363	30.121	-8.1091	39.011	16.198	21.759	-19.538	21.41	9.46	-30.742	12.168	12.116	7.6099	17.052	16.185	-14.139	-11.143	4.6875	2.077	5.3942	-10.382	2.327	-9.8289
c.2.1.2	119.41	20.439	81.555	109.84	-22.804	86.405	23.742	54.896	73.332	40.472	-13.631	47.309	24.666	23.146	-21.565	32.484	7.0048	-37.149	14.29	14.536	-2.2139	26.547	10.449	-15.403	-15.017	8.1493	1.0061	9.3756	-7.5865	2.8376	-8.1316
c.2.1.2	134.16	51.138	94.957	135.68	13.38	109.72	56.539	46.095	89.468	28.559	-3.53	53.687	20.927	10.012	8.3037	24.209	-8.746	-34.938	22.284	-4.0171	-32.562	8.599	27.259	-16.337	-22.318	-10.473	13.065	27.789	-13.533	-5.8246	11.234
c.2.1.2	123.82	37.796	79.557	130.68	5.9122	107.41	52.384	62.606	92.983	47.341	2.4759	68.342	37.885	21.644	-19.974	39.208	1.949	-48.94	14.279	8.6321	14.518	14.463	26.785	-20.147	-18.193	-4.4804	-5.6055	9.4017	-7.2596	-16.938	11.983
c.2.1.2	118.09	16.99	61.687	106.15	-23.018	86.297	27.809	40.713	74.296	30.105	-15.2	53.4	-1.7941	36.948	-19.705	8.9888	4.5249	-59.078	17.547	12.635	71.153	-16.279	11.532	-9.4676	5.8342	-9.7357	5.1439	31.004	7.5137	-20.363	0.2969
c.2.1.2	121.18	26.5	84.076	112.98	-19.925	91.061	30.718	56.217	74.166	45.382	-11.082	50.827	21.706	26.796	-27.285	32.346	6.8293	-42.042	18.824	16.903	10.583	30.358	16.209	-10.853	-15.556	7.3235	2.0505	8.045	-13.321	7.3421	-3.3609
c.2.1.2	123.82	29.61	90.54	114.2	-18.837	93.532	31.96	48.661	74.072	39.59	-11.238	47.013	12.564	31.017	-20.395	22.813	18.086	-34.787	19.331	13.31	15.871	18.329	11.412	-11.315	-8.7014	-0.64836	7.7264	18.612	-8.1274	-0.44972	-0.080809
c.2.1.2	122.13	12.901	74.907	109.65	-25.104	87.152	23.076	48.782	70.999	40.783	-14.11	40.763	19.991	18.068	-22.414	27.549	-0.87019	-35.393	17.391	15.447	5.304	23.844	17.199	-11.2	-15.849	6.0693	-1.4338	8.5132	-11.274	5.8468	-3.1723
c.2.1.2	121.18	14.599	84.063	112.09	-21.303	88.594	18.245	46.397	73.95	35.087	-15.854	46.754	14.92	23.08	-17.918	24.039	8.6271	-34.274	11.32	12.54	9.0024	17.793	9.4753	-14.754	-11.077	5.9043	-0.060131	12.263	-8.623	0.91376	-8.947
c.2.1.2	136.7	54.525	93.237	136.2	12.383	108.41	68.809	52.848	85.997	33.994	-1.9341	61.357	21.474	18.807	-1.0874	29.638	-4.9791	-42.32	19.923	-5.742	-34.472	19.312	28.984	-14.091	-19.207	-11.008	8.682	27.677	-17.131	6.0066	10.73
c.2.1.2	121.97	21.396	88.296	115.34	-17.846	94.34	27.054	45.691	74.247	34.712	-7.9369	44.444	16.132	16.565	-14.173	24.57	2.6046	-25.746	16.796	14.531	-21.905	20.257	18.067	-10.225	-17.855	6.6024	-0.7716	3.1653	-13.877	10.483	-2.5473
c.2.1.2	120.87	13.974	78.315	112.4	-18.476	93.569	25.656	55.141	75.132	47.011	-11.289	50.789	24.038	18.872	-28.725	33.422	-2.5266	-40.558	18.319	18.961	-2.6275	33.302	20.401	-11.331	-17.923	5.0166	-2.9882	5.5678	-14.088	3.8304	0.25525
c.2.1.2	112.68	28.72	112.35	132.71	15	109.65	-46.477	43.582	102.08	54.341	1.7599	84.509	-10.161	34.434	-27.228	9.2405	13.171	-40.253	27.377	21.547	33.378	-5.4794	36.535	39.431	-25.275	-15.703	-6.307	1.3728	-39.096	-16.379	64.822
c.2.1.2	118.09	3.5952	83.407	120.12	-6.2143	99.195	-3.8243	45.915	84.641	49.999	-3.8236	63.493	5.7517	23.214	-19.593	22.71	3.5086	-42.815	16.295	16.482	9.1268	26.366	-6.1678	-10.845	-13.035	8.2592	5.5775	26.671	5.5585	-12.292	-15.224
c.2.1.2	120.87	15.386	77.371	108.71	-23.276	88.226	28.288	65.191	73.09	50.233	-10.967	50.212	33.759	19.374	-29.952	41.902	-5.0649	-46.987	21.025	20.826	-14.195	42.793	17.137	-13.33	-20.921	4.8108	0.40254	12.314	-10.576	3.7912	-0.78748
c.2.1.2	139.86	42.435	99.102	136.53	10.253	108.19	67.188	52.866	80.168	36.01	-1.1312	53.551	26.483	18.618	-16.659	30.228	0.62571	-48.995	20.208	5.0282	6.3865	14.511	25.505	-12.704	-19.162	-7.7119	0.61491	24.623	-13.701	1.8932	6.5801
c.2.1.2	121.66	14.989	79.313	110.71	-23.946	87.668	22.131	46.263	71.601	36.591	-15.732	42.223	16.336	20.395	-17.967	24.536	4.7823	-32.85	15.233	12.502	9.1333	17.181	14.052	-12.931	-13.19	4.6289	0.016222	11.764	-9.7547	3.8431	-5.8822
c.2.1.2	121.81	17.944	84.495	114.28	-17.499	92.868	33.157	48.313	76.279	38.668	-12.712	48.254	15.793	24.423	-21.167	25.271	6.9905	-38.308	14.686	14.073	18.44	19.733	5.9272	-14.603	-10.815	5.7032	-1.2888	11.836	-8.7354	6.6194	-5.6622
c.2.1.2	124.72	20.824	85.016	106.44	-33.052	80.293	21.417	53.062	66.38	37.205	-12.991	41.481	20.214	23.404	-21.777	30.228	8.938	-38.851	17.346	15.353	-3.7277	26.529	17.182	-17.517	-18.874	5.979	3.1053	21.43	-7.0296	-0.49491	-12.422
c.2.1.2	121.34	11.101	76.308	109.2	-24.971	87.492	19.749	47.716	70.996	38.656	-13.815	43.348	17.162	21.797	-19.713	25.906	4.8005	-33.912	12.64	13.345	12.337	18.471	12.6	-12.12	-12.069	8.4542	-0.90202	0.44256	-10.725	4.1004	-2.9745
c.2.1.2	136.07	45.668	85.315	128.34	0.37307	99.957	68.203	55.882	78.6	34.47	-9.082	56.321	26.014	22.213	-19.333	32.887	0.25196	-51.153	17.06	3.8053	4.6727	19.509	21.988	-14.554	-15.795	-10.408	4.3695	27.502	-16.944	0.54126	7.9966
c.2.1.2	121.18	0.54375	95.113	118.48	-11.127	98.815	22.563	50.836	79.906	51.05	-3.9788	58.435	11.934	22.057	-16.063	26.609	0.39108	-40.315	30.61	16.954	6.3073	21.564	15.819	-14.267	-12.6	-4.9739	4.3544	41.82	16.423	-8.6571	-11.384
c.2.1.2	120.06	21.734	81.653	111.66	-22.54	87.056	24.54	49.578	72.693	37.609	-8.4362	46.618	16.473	24.98	-19.581	26.485	8.1993	-36.063	13.236	13.06	13.112	19.128	11.765	-13.965	-15.49	7.1861	3.1919	14.148	-12.081	1.466	-9.2187
c.2.1.2	127.64	45.355	71.012	120.92	-12.739	94.109	52.792	51.446	77.615	26.259	-4.1582	54.076	21.986	19.903	-10.868	28.66	5.3209	-36.27	19.266	0.15223	-8.2476	12.713	21.769	-9.7143	-11.51	-4.1115	2.6786	14.2	-16.186	-5.1452	17.377
c.2.1.2	126.2	31.104	79.556	111.93	-20.731	90.378	33.724	48.994	73.856	39.99	-12.969	46.997	12.699	28.772	-31.57	24.666	20.21	-48.489	15.331	20.213	30.291	23.175	11.696	-13.379	-17.251	4.7253	-1.1217	22.187	-9.1596	-15.272	-1.7216
c.2.1.2	132.19	45.36	84.735	122.26	-5.1272	96.423	56.967	56.971	80.521	35.184	-7.3067	55.34	28.038	22.431	-17.265	33.646	3.1991	-49.725	20.955	5.6864	6.9534	16.3	26.631	-18.403	-25.043	-9.5504	5.376	34.231	-13.681	1.2344	8.8445
c.2.1.2	119.41	16.639	81.003	112.72	-19.051	90.928	21.203	52.887	74.867	44.776	-9.5522	49.772	20.107	22.74	-24.24	29.915	0.88851	-39.928	17.971	17.338	10.424	26.161	17.363	-12.749	-15.962	4.6724	-0.49175	13.461	-10.154	2.9543	-6.7569
c.2.1.2	116.92	52.633	100.48	113.14	-15.731	92.587	78.249	69.565	77.015	34.605	-7.8034	39.385	49.607	39.6	-36.51	40.111	19.89	-65.182	7.2811	31.334	33.423	37.4	14.599	-34.286	-38.855	13.42	-0.54528	18.153	-19.781	4.4022	-11.798
c.2.1.2	117.76	15.862	80.005	108.75	-22.991	87.479	17.741	57.332	71.887	45.232	-9.4849	52.686	22.517	25.196	-25.735	34.609	11.475	-37.868	13.985	14.602	-6.8955	30.358	18.147	-14.643	-17.052	8.714	0.54123	1.7631	-11.349	2.3837	-5.8136
c.2.1.2	121.81	20.427	79.546	107.91	-28.254	86.095	29.536	53.346	68.215	40.674	-9.9884	38.687	26.061	18.905	-25.157	32.022	-0.31015	-36.076	17.594	18.185	-7.5824	31.323	12.829	-12.041	-14.148	9.2975	0.094185	4.2185	-8.4195	2.2291	-5.7267
c.2.1.2	134.16	48.379	93.904	131.58	4.9696	102.95	59.111	60.833	83.601	39.871	-8.2527	66.787	27.416	28.105	-27.314	36.353	2.4479	-61.226	13.232	12.138	20.345	25.128	21.216	-21.444	-15.914	2.0938	6.0122	4.4592	-17.907	5.8772	6.6949
c.2.1.2	117.93	9.1089	75.545	114.8	-12.434	93.606	5.4533	46.033	81.555	46.25	-4.0513	57.195	8.2043	20.989	-20.578	23.533	0.39441	-40.308	16.532	19.09	10.102	24.54	-1.5351	-10.669	-11.14	5.6259	2.0608	19.277	1.2755	-8.6889	-14.478
c.2.1.2	133.12	44.142	78.734	131.62	5.0461	104.14	67.899	53.857	84.257	32.212	-5.6471	58.129	28.457	23.356	-20.943	29.794	16.99	-49.74	20.469	-6.5013	11.172	14.85	29.904	-9.1648	-11.463	-9.6841	3.7338	20.029	-17.686	-5.215	16.938
c.2.1.2	123.05	21.935	78.901	108.32	-27.704	84.103	24.041	44.626	70.017	31.079	-9.9794	39.313	15.699	22.561	-19.513	22.273	8.737	-32.384	12.494	12.509	11.442	16.626	16.215	-14.416	-12.215	5.4908	2.5036	6.2956	-11.498	2.6122	-9.6306
c.2.1.2	119.41	14.48	77.986	109.51	-22.747	88.776	26.206	57.094	72.361	45.843	-11.253	50.449	24.429	21.665	-28.506	35.089	1.3792	-40.305	18.182	16.354	1.1772	33.358	19.127	-11.489	-17.192	10.469	0.39074	-2.7505	-12.069	6.8781	-2.5925
c.2.1.2	119.25	16.321	78.645	109.51	-22.824	88.129	20.515	53.691	72.468	42.672	-13.453	46.529	23.025	21.876	-21.999	31.525	4.8522	-34.469	14.375	14.61	-4.0631	25.839	14.16	-11.988	-15.383	7.3536	1.2999	1.026	-8.8699	0.79118	-2.3514
c.2.1.2	121.66	19.328	82.738	115.19	-17.107	93.282	27.62	49.329	76.054	41.153	-8.1002	45.887	19.753	21.415	-24.142	27.348	2.4307	-39.925	12.699	15.118	15.41	22.956	15.853	-12.494	-18.001	9.564	-1.9443	3.1619	-13.879	6.5087	-4.8842
c.2.1.2	128.92	36.79	72.712	117.06	-11.798	92.661	54.599	62.413	80.482	32.598	-9.5881	60.698	33.78	26.084	-15.724	37.342	8.5991	-48.933	25.827	10.588	-6.4067	20.341	19.667	-21.819	-17.46	-0.89251	7.129	40.268	-9.0762	4.4422	12.499
c.2.1.2	129.61	39.462	72.367	118	-11.392	92.959	55.645	60.26	79.499	30.833	-8.7745	58.258	32.916	25.946	-13.199	35.456	8.4324	-45.759	27.077	10.515	-6.8542	17.249	20.492	-22.041	-15.944	0.82295	10.235	36.515	-10.179	6.3539	14.352
c.2.1.2	130.98	50.26	92.962	132.38	5.4589	104.58	73.458	62.382	86.833	38.654	-4.8721	65.3	32.945	24.744	-21.33	37.681	6.7685	-57.837	20.31	1.5365	-0.50733	23.724	27.311	-18.596	-24.601	-16.872	1.5415	48.364	-14.454	-2.3208	7.1224
c.2.1.2	134.55	28.729	76.756	125.99	1.125	104.31	41.723	52.226	79.902	42.746	-6.5588	55.32	23.157	19.182	-18.929	30.129	8.6053	-41.309	18.298	-0.6997	-9.2253	19.061	27.035	-15.616	-14.652	-5.8677	3.5233	18.756	-12.518	-0.88753	12.701
c.2.1.2	130.85	46.134	87.384	126.56	0.49242	100.74	62.063	56.626	85.114	35.491	-10.825	56.998	30.538	20.34	-15.823	33.753	1.7981	-48.824	19.843	3.8577	-0.10849	15.886	26.694	-19.246	-25.387	-13.427	3.8646	39.322	-10.702	-2.9879	5.7047
c.2.1.2	133.51	58.105	90.693	130.2	4.6311	106.13	61.881	61.259	82.83	41.923	-6.9688	60.721	30.423	28.689	-14.885	35.38	8.6746	-44.48	25.866	7.0939	-14.565	17.628	32.179	-15.946	-18.899	-7.3193	10.414	19.198	-13.747	7.8894	15.263
c.2.1.2	121.02	8.6645	92.791	117.95	-11.847	97.281	22.655	50.093	80.024	49.37	-5.0972	56.062	12.258	23.872	-12.24	25.723	3.992	-38.583	27.799	15.785	5.852	19.153	13.243	-15.23	-14.132	-3.8248	7.0775	43.649	16.564	-10.818	-13.035
c.2.1.2	118.92	8.9364	78.462	116.86	-11.266	95.413	1.1744	46.153	81.621	49.154	-7.9342	55.193	10.106	23.969	-20.856	23.433	9.3218	-38.3	12.719	12.221	11.742	21.892	10.195	-12.388	-15.562	4.9313	2.6294	23.141	-6.9289	-1.9263	-8.2534
c.2.1.2	118.26	21.206	82.833	111.68	-18.698	90.665	26.286	57.045	75.429	46.029	-8.95	48.469	27.727	23.379	-23.118	34.786	4.2831	-37.343	18.009	15.716	-0.5371	29.601	8.6555	-12.738	-15.269	11.212	2.7287	7.6308	-6.8002	7.1781	-5.6444
c.2.1.2	133.12	52.281	84.863	124.93	3.0732	100.83	63.071	51.93	86.462	28.195	-3.0331	59.77	21.017	16.384	-4.6585	29.567	-3.8004	-39.208	21.354	5.6529	-24.318	16.03	27.251	-17.311	-25.052	-12.729	3.9703	35.724	-11.022	-1.7367	7.472
c.2.1.2	118.92	22.29	82.042	113.33	-17.782	89.221	24.563	48.246	77.196	35.361	-7.7975	51.153	14.685	25.966	-23.181	24.836	9.7206	-40.054	9.1204	13.45	17.13	20.991	13.181	-18.289	-16.198	4.194	2.2601	18.302	-10.217	-1.2854	-12.502
c.2.1.2	133.12	47.59	93.372	136.79	12.146	110.19	58.791	47.178	88.309	29.774	-4.1306	59.053	18.012	10.409	9.545	25.868	-9.7354	-38.011	16.765	-3.6498	-36.091	14.963	25.65	-18.117	-30.369	-13.313	6.5885	36.23	-14.355	-1.3811	9.5371
c.2.1.2	118.09	18.949	80.367	112.84	-17.122	91.276	24.87	55.133	76.706	45.217	-8.9459	51.186	23.689	23.154	-24.793	32.513	3.882	-39.586	14.368	16.023	6.2365	27.82	13.645	-13.332	-15.697	5.0982	-2.3966	9.626	-8.2766	0.65066	-7.89
c.2.1.2	118.76	23.915	88.346	116.25	-12.024	96.527	29.452	50.463	80.142	41.033	-5.9496	48.822	20.926	23.357	-26.444	27.645	4.3591	-38.359	11.711	14.877	15.475	23.266	19.681	-15.946	-17.902	8.173	-0.15788	-3.4458	-13.617	5.7158	-1.7279
c.2.1.2	116.57	20.378	87.868	113.43	-16.173	93.157	23.401	53.502	75.395	44.204	-6.367	49.661	20.971	22.033	-21.449	30.349	6.7388	-30.407	19.257	16.082	-18.073	28.32	19.639	-12.499	-16.959	1.6664	-4.765	10.004	-9.9972	3.0638	-1.3808
c.2.1.2	124.57	45.132	76.271	124.84	-7.3761	97.752	53.906	51.719	82.418	25.998	-1.7415	58.395	23.407	17.792	-7.6114	29.081	3.7731	-32.78	21.785	1.4652	-18.681	13.12	25.825	-12.223	-9.7591	-3.5403	4.6172	11.132	-15.744	-8.7362	18.032
c.2.1.2	120.55	15.727	86.457	115.41	-16.311	94.032	28.377	54.092	76.325	44.979	-12.988	47.48	26.276	19.709	-26.817	32.465	-0.3494	-40.298	14.182	15.397	4.938	29.793	17.11	-14.1	-17.623	9.3458	-1.6451	-1.5589	-12.308	7.1528	-5.8152
c.2.1.2	126.2	8.0693	65.941	107.16	-30.828	87.647	21.885	46.73	64.58	41.78	-13.012	37.594	17.826	16.546	-20.617	26.234	-3.8186	-32.999	15.737	14.58	9.7827	18.581	14.169	-8.0993	-14.263	6.9448	-2.104	0.92145	-12.889	7.9501	1.1152
c.2.1.2	124.27	15.455	78.822	109.29	-22.929	88.23	13.262	47.803	73.793	40.978	-15.654	47.181	14.245	24.25	-26.728	25.372	15.929	-39.085	10.427	17.294	11.44	25.152	10.247	-10.389	-17.191	8.6365	-1.3835	4.2038	-1.6939	-11.894	-8.6654
c.2.1.2	134.8	31.314	76.949	127.7	2.569	104.67	49.449	53.003	80.539	41.563	-8.5538	55.967	24.68	19.054	-20.293	30.79	6.6996	-43.634	18.279	0.3421	-5.1511	19.132	27.526	-15.243	-13.723	-3.8357	2.9468	12.762	-14.219	-0.076479	13.421
c.2.1.2	118.09	20.569	80.087	111.34	-19.256	89.661	24.934	54.137	75.194	42.981	-9.8793	46.544	25.265	22.48	-22.706	31.641	3.1467	-34.269	17.688	15.141	5.5811	24.802	16.611	-12.826	-13.792	7.9075	4.6602	-0.70209	-6.402	1.6109	-1.4628
c.2.1.2	121.02	22.42	79.959	109.49	-25.092	89.602	37.47	54.045	69.433	47.284	-11.833	40.133	21.708	26.853	-24.208	29.844	12.752	-38.719	21.847	13.354	8.0358	26.742	21.032	-15.132	-15.662	0.51617	4.749	25.253	-11.767	8.4476	-0.63722
c.2.1.2	131.39	47.337	88.155	125.48	1.0096	99.685	44.449	62.37	86.194	35.407	-0.52056	74.046	27.177	30.614	-26.934	36.704	15.232	-57.32	20.382	12.47	17.276	26.376	26.642	-22.909	-21.321	-1.4474	7.766	23.041	-0.086003	6.6178	6.8842
c.2.1.2	124.12	15.719	70.523	106.61	-29.761	83.52	18.176	47.58	68.767	36.458	-16.55	39.982	18.828	19.57	-20.233	26.713	4.326	-32.659	12.522	11.762	4.988	20.787	11.655	-11.026	-15.197	6.884	2.1699	5.0794	-10.413	5.1111	-3.7077
c.2.1.2	123.82	15.97	72.232	107.4	-27.983	85.105	19.47	47.201	69.784	36.7	-15.51	40.176	18.634	19.445	-20.38	26.2	4.2317	-32.252	14.106	12.755	3.6629	21.11	12.053	-10.816	-14.979	7.873	2.6226	2.6034	-10.665	6.6977	-3.3244
c.2.1.2	124.12	4.1909	80.211	109.59	-27.174	89.209	29.538	50.529	67.442	42.291	-15.024	40.738	20.879	15.804	-18.899	29.101	0.50412	-26.551	27.869	15.108	-19.16	25.336	25.623	-7.891	-6.0021	-8.4858	4.3278	19.399	8.1539	-8.2762	-5.294
c.2.1.2	123.36	32.438	95.375	112.14	-23.345	93.44	31.399	55.433	68.76	45.957	-12.254	41.382	22.413	31.239	-19.366	29.464	19.315	-18.361	32.004	16.926	-23.138	26.801	33.122	-3.1275	-8.8379	-10.881	16.477	11.489	11.774	-12.95	-0.24182
c.2.1.2	133.64	39.695	82.262	126.09	-0.64045	100.66	57.231	55.067	80.549	43.871	-5.5814	47.117	30.699	26.126	-20.249	31.279	12.273	-42.292	23.048	6.6957	14.344	20.056	22.146	-11.491	-15.001	-3.6337	5.7068	27.258	-7.0699	-0.73132	14.535
c.2.1.2	122.75	1.512	83.472	110.74	-24.794	90.509	29.721	51.569	69.142	43.406	-12.197	42.198	22.575	14.781	-21.281	30.148	-1.1474	-28.014	28.381	15.777	-17.215	26.494	27.495	-9.316	-8.4612	-6.774	2.3697	16.372	6.7342	-6.538	-3.9092
c.2.1.2	119.25	31.187	77.593	105.39	-30.206	82.021	88.169	73.865	67.869	36.458	-12.27	39.865	47.684	34.052	-34.765	47.529	18.906	-61.021	17.358	7.927	26.515	42.619	-8.1232	-15.573	-5.1612	19.082	10.016	15.14	-15.671	3.0236	-12.844
c.2.1.2	120.39	18.058	79.506	109.28	-25.6	86.658	23.142	50.882	70.087	40.111	-14.664	45.863	16.64	23.513	-21.376	27.822	7.2946	-37.29	16.87	14.852	9.7788	21.219	16.209	-14.657	-16.159	5.6854	-1.1512	16.648	-12.657	5.589	-5.5922
c.2.1.2	118.26	19.371	80.897	117.02	-11.191	95.656	10.643	43.577	81.129	45.677	-8.5685	55.596	0.66327	32.707	-20.947	16.811	8.1838	-41.49	13.843	7.0759	42.562	4.2484	10.657	-11.562	1.9495	3.6313	4.4997	19.77	-12.9	1.8428	-2.2819
c.2.1.2	127.5	22.619	69.293	115.87	-18.585	90.28	30.327	46.755	74.218	36.848	-10.11	40.658	22.049	19.16	-14.682	25.397	5.0365	-31.587	17.212	9.1853	-0.36601	15.84	18.879	-12.278	-15.607	7.4323	-2.4793	10.868	-13.655	7.7132	7.3455
c.2.1.2	132.32	39.546	73.211	137.98	12.393	110.89	-35.699	35.715	88.59	27.809	-2.4937	63.459	1.3621	24.539	-29.676	8.2281	18.201	-67.108	10.331	-16.817	52.305	-0.91544	41.138	19.918	-17.305	-2.4032	-26.96	-11.044	-36.861	23.662	42.497
c.2.1.2	121.5	22.434	72.785	104.98	-31.577	82.118	29.913	54.969	67.497	40.415	-10.21	38.814	26.798	22.129	-22.77	33.419	4.4375	-36.534	14.539	15.55	-3.4688	29.942	8.0847	-12.287	-15.19	9.866	2.5614	10.539	-8.5865	0.025223	-6.1433
c.2.1.2	133.77	46.326	87.403	121.94	-5.5556	96.956	58.138	62.476	78.053	39.465	-6.9421	63.37	25.371	27.453	-20.429	37.075	8.9305	-53.147	25.769	5.5098	10.364	21.735	26.125	-15.079	-24.242	-9.3863	10.804	35.683	-5.4343	4.0155	10.247
c.2.1.2	128.21	-2.058	63.987	109.99	-22.001	86.19	6.475	22.457	74.235	27.589	-5.8869	34.864	-11.702	8.9551	-14.103	0.52604	-5.3563	-28.004	21.466	10.666	17.554	13.452	16.464	-8.5938	-11.559	-12.38	3.3713	25.467	6.2185	-4.0261	-7.2337
c.2.1.2	121.97	18.46	82.47	110.51	-23.164	89.294	28.992	52.046	72.061	41.058	-14.604	44.27	21.394	21.054	-21.726	30.043	2.6836	-38.7	14.57	14.875	5.6528	24.92	10.144	-15.309	-14.539	10.638	-1.7164	4.4679	-8.2015	4.1164	-7.7143
c.2.1.2	120.55	17.942	81.115	112.18	-19.283	91.784	27.75	57.535	74.96	47.666	-13.751	47.732	29.343	21.548	-26.99	35.953	0.0155	-40.508	15.628	17.529	2.4581	31.874	13.593	-12.003	-15.79	8.5022	-2.8728	1.228	-12.86	3.8462	-2.9841
c.2.1.2	120.71	19.808	73.803	106.73	-26.587	84.74	20.13	57.649	71.311	43.928	-13.14	46.223	27.625	21.384	-22.874	35.95	0.43148	-45.37	13.635	15.223	1.4816	30.239	8.3137	-14.678	-20.3	1.2945	-0.56142	18.206	0.52917	-7.9018	-4.8845
c.2.1.2	113.23	32.39	80.668	114.53	-6.9291	99.374	20.76	52.092	82.302	47.332	-4.5266	60.137	11.594	35.877	-28.007	23.965	19.766	-44.223	18.655	10.96	37.345	14.869	10.938	-11.431	-5.3036	3.1547	8.1302	23.432	-14.542	10.227	4.8276
c.2.1.2	118.26	14.347	81.348	114.43	-17.276	91.591	20.34	47.38	75.457	39.37	-10.365	44.908	18.979	16.291	-16.034	26.502	1.3295	-27.006	18.471	15.709	-14.517	21.87	14.762	-10.871	-14.909	4.1678	-5.2264	10.908	-7.8078	0.30975	-2.0461
c.2.1.2	121.81	24.756	81.718	111.07	-23.037	89.448	24.985	53.17	71.76	43.451	-14.168	44.516	21.171	26.146	-22.932	29.595	9.2052	-39.168	16.501	15.809	8.1659	26.239	14.426	-13.74	-16.549	6.4179	2.8417	14.159	-8.4087	1.5442	-5.4415
c.2.1.2	119.58	18.339	83.286	110.25	-21.358	89.529	27.87	57.459	73.694	46.363	-10.976	51.441	23.522	26.527	-26.866	33.843	8.2627	-42.942	19.602	16.683	10.65	29.77	17.051	-13.881	-15.228	8.6397	1.8908	11.666	-12.526	8.5632	-5.0867
c.2.1.2	128.21	52.853	95.855	132.37	5.9447	106.8	64.802	63.112	90.08	40.71	5.3118	71.783	30.791	25.891	-19.572	37.453	7.0621	-54.512	24.986	4.9142	-10.189	24.186	27.227	-21.021	-24.765	-12.268	7.8349	42.904	-4.8755	-7.9212	8.9692
c.2.1.2	118.76	23.888	85.481	106.2	-28.834	84.494	33.141	58.753	67.516	44.515	-9.9594	42.708	24.79	26.061	-23.047	35.085	12.05	-40.612	21.096	15.136	1.5213	28.012	17.994	-19.063	-16.762	-0.65578	2.7492	28.919	-9.6367	4.2467	-9.7326
c.2.1.2	123.05	16.175	72.79	108.01	-27.416	85.751	20.181	46.673	69.743	36.545	-12.01	42.387	15.523	20.995	-20.045	24.856	2.2343	-33.516	16.399	12.64	14.045	18.394	15.212	-8.3994	-13.477	6.2553	1.4466	5.4538	-12.291	8.167	-2.7426
c.2.1.2	117.25	32.484	76.906	108.55	-17.619	93.514	32.563	58.358	76.505	48.241	-8.6079	53.556	21.519	28.567	-29.573	32.997	9.9701	-42.187	26.67	16.964	20.239	23.784	26.735	-12.663	-12.004	-0.67002	1.0563	18.364	-13.37	7.1134	8.2561
c.2.1.2	132.06	45.027	88.99	126.48	0.3304	101.23	66.831	66.467	83.176	45.467	-3.7429	66.815	31.294	27.035	-22.417	40.037	9.244	-60.389	23.427	2.4055	13.965	21.359	24.903	-15.296	-22.206	-9.3987	7.4437	29.597	-1.7672	-8.6666	11.362
c.2.1.2	119.74	9.9994	75.45	111.57	-20.296	90.581	28.826	51.949	74.031	45.134	-7.9914	42.17	25.543	17.438	-22.792	30.738	-3.5409	-34.786	17.957	16.039	4.2843	24.941	16.371	-10.637	-15.206	11.739	-4.0525	-5.0256	-11.98	10.831	-1.3361
c.2.1.2	136.32	24.104	84.786	138.01	15.653	114.32	60.165	44.543	86.572	39.916	-0.44094	53.351	18.92	7.3666	-8.0177	25.381	-2.6842	-37.508	17.925	-3.5205	-13.758	14.18	23.44	-15.234	-19.77	-4.2093	-4.0265	25.143	-13.95	5.5666	12.183
c.2.1.2	118.76	19.562	81.317	113.15	-17.367	91.234	24.841	52.06	76.706	42.912	-11.809	49.539	20.168	23.943	-22.331	29.164	7.1641	-37.802	14.934	14.982	6.5979	25.249	13.216	-14.24	-15.592	5.6874	-0.48655	16.141	-9.3939	2.5965	-8.7024
c.2.1.2	116.92	15.975	84.968	114.61	-15.049	92.292	18.318	50.119	77.427	43.278	-5.9866	48.601	19.336	24.922	-23.34	27.268	3.3733	-34.297	11.501	13.715	17.972	20.848	15.611	-13.08	-10.91	10.979	3.9811	-13.934	-10.373	7.8368	-7.2294
c.2.1.2	113.41	-134.19	84.604	130.63	9.8337	128.95	13.492	13.747	78.104	54.814	6.4457	39.763	-5.5613	-20.008	-13.87	7.7002	2.5092	-35.739	21.308	12.591	25.969	7.0401	15.575	-24.123	-23.379	1.6453	-43.267	34.231	-14.182	22.453	5.6588
c.2.1.2	119.9	32.516	87.135	113.1	-16.107	92.547	38.597	61.74	78.695	44.697	-6.2037	48.081	34.372	30.373	-29.489	36.488	15.61	-44.973	20.656	14.421	11.82	31.887	23.685	-19.923	-15.213	5.1704	4.2641	17.551	-13.403	4.7313	3.2124
c.2.1.2	121.02	12.328	80.663	111.67	-18.253	91.035	14.521	54.791	77.464	51.051	-13.605	54.151	19.384	23.004	-21.034	31.904	1.6416	-44.896	18.523	17.421	1.6039	29.712	9.9377	-16.124	-18.988	2.3056	2.2005	30.697	7.1971	-5.5298	-12.516
c.2.1.2	118.43	32.854	86.911	112.39	-17.833	93.14	41.332	58.638	75.014	43.18	-6.5916	50.717	25.365	31.411	-29.914	34.195	17.752	-45.532	10.643	14.014	11.917	34.497	-0.36521	-15.347	-7.7553	14.13	4.341	-3.1966	-12.42	5.4322	-9.6236
c.2.1.2	125.76	28.794	96.353	118.93	-10.87	97.176	29.45	50.034	80.623	40.639	-10.176	45.976	22.189	25.518	-24.79	27.266	6.0589	-48.124	2.2695	17.538	17.101	24.903	5.9547	-19.68	-26.044	12.477	-3.0161	9.0756	-15.172	4.3562	-11.416
c.2.1.2	124.12	21.621	77.023	112.24	-20.215	88.454	21.372	42.875	75.998	37.134	-13.166	45.207	7.845	22.223	-21.793	20.244	5.4398	-39.602	12.057	12.998	18.802	18.18	15.985	-13.887	-19.948	5.7889	-1.4415	19.176	-14.209	7.667	-6.2536
c.2.1.2	115.01	20.846	79.052	109.72	-19.237	88.355	15.484	36.296	73.72	31.572	-2.6127	45.443	-7.3651	25.32	-11.781	8.5765	10.566	-14.973	23.875	8.9022	15.693	-3.545	23.777	-12.032	-4.877	-16.003	0.61899	25.058	-7.8155	1.4098	0.46459
c.2.1.2	120.71	-40.747	67.651	127.92	7.5364	106.9	-77.348	20.819	97.923	32.355	2.1067	72.753	-20.655	29.413	-7.8814	-21.62	-19.959	-55.976	33.671	21.08	53.659	-16.014	36.562	16.465	-14.285	-21.794	14.747	43.435	-9.6618	-52.74	13.018
c.2.1.2	122.59	22.806	80.685	109.04	-26.495	85.132	24.138	45.977	70.609	32.576	-9.0105	40.622	15.964	23.46	-19.365	23.43	9.3083	-32.774	12.647	12.972	9.9582	17.51	15.971	-14.815	-13.009	5.754	2.3898	8.4911	-10.489	1.9933	-10.44
c.2.1.2	121.5	18.07	83.553	108.48	-25.669	85.716	18.97	51.248	71.409	37.729	-16.07	46.521	18.449	25.452	-21.203	28.122	10.281	-37.181	11.467	14.492	7.9918	21.912	13.416	-16.791	-14.759	7.4986	1.3167	7.2081	-9.928	1.6848	-8.0267
c.2.1.3	98.754	67.807	116.55	115.57	16.098	103.92	98.133	119.28	96.002	69.197	-1.9789	80.102	103.87	57.588	-62.592	95.535	35.85	-102.65	41.344	18.586	30.762	86.358	20.494	-45.393	-19.469	18.655	21.306	25.312	-5.923	-2.0591	-11.454
c.2.1.3	98.754	65.874	116.96	116.41	17.469	104.56	92.421	117.23	98.054	68.288	-2.0596	81.163	104.7	53.889	-58.056	94.117	31.944	-98.035	37.863	19.028	22.663	84.874	18.795	-43.332	-20.706	21.705	18.212	16.127	-5.8624	-5.4404	-10.609
c.2.1.3	108.1	64.377	88.483	109.71	-12.809	90.018	67.867	56.503	72.561	22.684	-9.1514	31.093	35.047	28.703	-10.839	30.401	3.6332	-19.465	28.159	19.858	-11.162	18.639	5.4744	-18.075	-1.8369	0.6206	11.365	1.7953	3.6358	-2.9211	4.0229
c.2.1.3	96.559	66.972	135.74	121.42	18.591	103.19	87.379	88.929	93.092	39.313	-0.46682	59.452	73.989	34.793	-16.046	55.484	0.097508	-44.709	70.354	35.372	-9.2277	23.757	8.5683	-31.683	-19.051	19.828	13.469	10.212	-18.21	25.11	12.593
c.2.1.3	100.86	81.093	102.23	128.12	28.861	117.06	96.944	77.778	109.52	31.745	5.0848	50.433	101.42	34.124	-30.094	46.453	5.9977	-57.087	24.519	16.759	25.448	17.303	9.1836	-30.928	-12.86	16.852	18.247	6.4388	-5.131	-11.808	-10.308
c.2.1.3	95.038	68.986	113.57	113.78	8.3117	94.762	87.59	94.76	84.257	48.018	-2.233	56.411	62.07	48.217	-29.064	59.675	25.934	-37.585	63.479	21.299	-10.113	43.309	30.249	-32.675	-13.845	-4.2713	24.84	13.255	8.5104	12.363	8.2281
c.2.1.3	101.31	65.262	64.681	113.13	4.3807	98.475	57.624	53.977	82.888	22.285	1.6046	26.396	55.468	28.988	-18.066	22.259	13.666	-15.561	53.77	19.437	5.3886	5.0587	24.282	-18.009	-6.4309	7.0301	20.446	-17.972	11.47	15.339	11.469
c.2.1.3	93.732	67.04	114.59	112.7	3.6237	95.307	78.293	92.185	80.215	50.592	1.0369	55.447	50.508	46.965	-31.628	56.694	25.958	-40.32	49.415	21.546	-12.971	44.658	26.956	-44.146	-16.39	-1.3266	20.085	21.657	-4.4897	10.156	-7.9255
c.2.1.3	100.4	73.554	109.41	126.59	28.69	116.04	86.183	77.507	110.05	31.6	7.3492	55.31	96.09	31.571	-28.493	47.19	4.1897	-54.984	25.476	16.272	16.954	21.966	6.2616	-29.812	-14.194	21.073	16.02	-3.425	-12.45	-3.0539	-1.6871
c.2.1.3	109.28	81.899	123.1	118.62	1.0287	103.8	79.929	84.14	84.282	45.235	1.2959	44.128	69.228	49.819	-44.488	49.657	33.295	-61.368	22.998	24.364	19.102	53.761	27.503	-38.941	-24.194	-11.647	8.9347	34.839	-20.622	19.921	-11.772
c.2.1.3	104.18	42.056	78.458	99.454	-18.527	78.631	66.65	72.768	67.217	35.859	1.1712	37.404	38.326	32.491	-19.798	41.952	11.863	-34.042	34.655	12.91	-6.906	23.666	17.146	-22.665	-15.965	-2.391	11.547	19.375	-6.4991	5.6735	-3.894
c.2.1.3	100.86	74.847	103.79	126.24	26.272	114.88	97.657	79.748	107.26	33.85	8.6448	49.846	101.19	34.557	-30.361	49.085	8.5283	-57.143	26.359	16.069	27.736	17.611	10.787	-30.835	-13.1	16.451	17.556	7.9499	-1.6391	-12.571	-9.2052
c.2.1.3	104.81	83.189	97.334	125.59	23.241	116.31	87.701	66.196	106.49	18.419	5.2798	41.223	89.821	28.416	-25.846	36.701	10.194	-50.586	26.731	16.67	22.668	5.9851	0.29079	-25.787	-10.838	20.934	18.489	-3.4684	-8.8171	-7.6337	-0.030401
c.2.1.3	91.006	59.627	104.95	110.83	-2.0802	91.223	72.324	91.712	83.958	47.335	6.2538	54.941	60.202	44.854	-31.751	58.328	24.382	-41.378	43.186	18.291	-2.0696	42.734	25.305	-51.699	-15.763	3.7091	16.445	29.877	-5.5475	12.01	-17.474
c.2.1.3	104.6	79.459	95.785	126.04	24.371	116.75	77.937	62.002	107.65	15.01	5.1306	40.234	86.708	23.303	-20.155	34.296	2.6358	-46.894	25.694	15.951	16.11	1.1386	-3.9246	-24.506	-11.884	22.201	18.489	-6.5308	-9.397	-7.7838	2.018
c.2.1.3	96.057	60.54	112.32	110.12	4.997	91.846	74.543	92.162	78.557	48.574	0.050626	51.69	55.738	45.382	-33.174	57.766	24.477	-43.733	50.525	22.893	-14.394	49.829	29.933	-42.162	-26.066	-9.7036	18.19	27.784	-5.4957	6.1065	-0.84697
c.2.1.3	97.301	59.655	96.428	113.17	13.886	96.271	89.582	97.01	94.973	43.079	-1.1627	57.845	97.128	39.004	-30.718	68.954	10.942	-62.698	43.128	17.072	25.434	28.301	18.482	-25.219	-8.5268	6.754	14.209	18.574	9.5093	-16.126	0.27657
c.2.1.3	97.055	63.992	113.27	116.97	17.172	100.85	96.102	104.94	96.142	55.234	-1.2665	69.286	93.195	50.674	-55.178	76.712	33.297	-81.574	32.676	19.359	29.593	69.174	18.231	-45.5	-11.78	19.73	11.081	16	-12.715	-5.3952	-14.957
c.2.1.3	101.99	74.27	110.62	125.89	25.139	114.1	94.339	80.494	107.35	35.51	7.4237	55.575	93.435	33.634	-29.991	50.164	5.1329	-58.431	27.252	17.071	20.133	24.114	5.5551	-28.555	-13.889	21.324	14.797	-1.6971	-11.585	-6.0804	-5.7258
c.2.1.3	129.89	50.62	64.883	109.45	-12.977	95.631	78.354	25.06	79.966	7.3505	8.7474	-15.053	41.981	28.88	3.4278	-8.2503	8.6446	10.559	18.14	25.543	-36.904	15.381	-9.3003	-16.367	-5.8774	15.469	10.534	-21.7	-17.073	19.827	2.4478
c.2.1.3	97.546	62.134	98.106	111.97	11.142	95.252	80.283	93.115	91.251	40.389	-1.1988	54.288	87.843	38.517	-28.448	63.919	11.331	-56.074	39.303	16.612	17.614	30.22	14.373	-26.625	-1.3616	14.544	12.501	5.2849	2.0086	-7.5204	4.4011
c.2.1.3	95.55	63.879	103.44	106.88	2.1289	94.813	63.293	87.13	73.315	50.126	-7.6735	47.639	47.001	47.544	-28.512	51.94	32.231	-33.13	37.555	4.8874	-11.423	34.507	28.46	-45.286	-26.46	18.672	24.682	15.711	-7.5392	12.163	-3.5684
c.2.1.3	95.295	58.413	104.89	105.34	-0.38017	91.39	61.356	84.293	72.841	45.041	-6.3977	46.623	44.883	43.719	-24.956	49.92	29.901	-28.871	45.402	2.6347	-13.511	31.664	31.122	-38.166	-26.029	14.069	23.953	18.502	-8.3009	15.117	7.7585
c.2.1.3	100.86	74.668	110.43	126.45	27.401	115.79	94.832	79.507	108.54	33.455	8.5669	53.493	97.704	30.61	-25.713	49.44	0.013604	-55.73	29.23	15.575	18.524	17.361	4.9893	-26.484	-13.954	23.891	16.023	-8.5576	-10.344	-6.0271	-2.9523
c.2.1.3	97.055	56.228	111.24	111.93	5.831	94.588	73.563	86.356	79.768	46.818	-5.4625	52.647	51.2	38.237	-22.324	53.305	14.974	-38.375	51.315	17.343	-13.224	34.788	20.75	-34.081	-19.198	8.1305	13.718	16.669	-3.9021	12.303	1.9085
c.2.1.3	97.546	58.884	95.672	110.05	10.55	94.057	85.808	98.702	92.075	43.742	-2.4368	59.018	91.984	41.147	-34.86	70.79	16.184	-65.495	44.494	18.647	25.976	37.557	17.62	-26.22	-9.7127	10.056	12.593	19.449	3.4131	-10.468	4.7873
c.2.1.3	95.038	61.171	107.33	109.59	3.6592	91.408	67.892	86.081	79.305	43.349	-6.7451	50.702	50.263	41.241	-28.755	52.074	22.514	-40.369	39.522	15.587	-13.209	40.239	25.483	-45.06	-21.786	-3.9483	12.177	30.909	4.3465	5.7629	-15.591
c.2.1.3	116.57	55.251	86.251	111.68	-15.326	92.875	75.529	74.969	78.155	41.77	-9.4097	43.132	54.196	45.694	-42.223	44.466	29.229	-64.518	5.4844	17.286	38.616	45.287	21.198	-24.933	-28.673	-14.497	10.262	37.925	-15.898	-0.2753	-14.578
c.2.1.3	101.31	82.523	111.96	129.15	29.264	117.98	99.804	82.021	109.8	35.086	4.9698	56.79	102.16	36.276	-34.223	50.547	10.451	-63.471	26.349	17.781	25.9	24.886	7.4736	-33.461	-14.459	21.027	17.941	3.6943	-12.469	-5.426	-7.0804
c.2.1.3	99.932	67.595	106.08	114.36	14.885	99.301	94.076	103.91	100.07	49.589	1.7208	69.931	98.746	48.062	-46.365	77.171	24.757	-78.644	35.927	20.58	35.897	52.301	15.827	-31.612	-9.383	12.91	11.124	20.539	-10.957	2.66	-4.4526
c.2.1.3	128.49	50.964	63.271	108.93	-16.652	93.459	80.254	34.02	78.138	21.602	8.4785	-12.775	51.304	36.79	4.9113	-1.0871	6.6113	-10.055	16.059	33.931	-45.239	31.242	-2.3687	-17.404	-12.154	14.623	10.008	-13.537	-15.732	12.263	-0.065097
c.2.1.3	93.996	61.623	102.03	107.03	-1.6617	90.245	68.834	85.11	75.167	42.078	-3.0735	46.208	46.955	41.609	-25.942	49.591	20.787	-33.631	50.464	15.905	-13.855	36.089	23.574	-36.414	-16.429	-6.0734	19.604	21.831	8.1727	6.2144	-5.1331
c.2.1.3	95.295	59.53	116.41	114.72	8.7666	96.673	72.979	84.078	81.853	43.436	-1.5098	48.28	56.507	36.31	-22.285	51.335	12.417	-40.434	42.786	13.723	-9.871	32.512	22.156	-39.825	-24.582	4.0455	11.51	26.419	-4.2455	7.404	-6.2798
c.2.1.3	89.868	45.651	82.653	102.58	-15.798	79.344	63.254	79.293	71.927	37.331	-3.6375	44.408	40.238	36.864	-25.456	46.879	17.191	-32.013	38.346	16.275	-2.0595	36.071	22.078	-29.528	-12.493	-20.525	15.31	30.94	9.0074	2.377	-8.1477
c.2.1.3	96.057	58.749	109.88	109.26	3.9826	93.722	66.933	83.146	75.632	43.032	-4.7518	46.359	48.123	38.313	-24.963	49.693	19.465	-38.057	41.595	12.868	-9.9269	33.278	26.486	-42.217	-23.228	6.8465	12.266	22.741	-5.4761	12.181	-8.8462
c.2.1.3	101.31	80.925	102.54	127.47	27.56	116.59	98.037	78.598	108.46	32.798	6.1477	51.625	98.983	35.2	-32.084	47.203	9.2459	-58.789	23.755	17.082	26.008	20.077	10.515	-32.238	-11.686	16.859	17.466	7.8156	-4.1794	-14.192	-15.451
c.2.1.3	101.54	63.796	103.06	112.84	9.3184	96.465	97.877	99.146	94.136	46.439	2.9237	60.732	91.339	45.21	-40.133	70.667	21.93	-73.653	39.695	21.153	37.661	38.33	13.871	-28.928	-10.685	24.027	14.935	11.321	-11.655	7.9611	-2.8579
c.2.1.3	98.992	65.599	115.7	113.58	13.412	102.35	88.091	116.34	93.21	67.75	-2.7979	78.382	95.602	55.306	-57.098	91.738	34.614	-91.641	42.189	19.52	18.786	86.179	20.199	-39.319	-17.926	21.476	20.723	15.917	-6.5161	-1.0905	-5.055
c.2.1.3	101.54	63.173	104.83	113.63	10.029	96.427	90.115	101.43	95.061	47.863	-0.35546	64.96	94.314	46.134	-44.019	75.06	21.34	-78.354	33.455	21.43	34.671	50.457	15.032	-31.623	-13.546	14.719	14.528	23.289	-11.318	1.894	-10.871
c.2.1.3	101.08	83.655	109.15	126.69	26.825	115.4	96.121	80.686	107.99	32.638	4.833	50.833	102.4	36.239	-33.332	49.359	9.3443	-59.23	26.708	17.982	29.017	21.37	8.2661	-29.987	-8.8952	16.46	18.271	6.8554	-2.9853	-14.005	-9.672
c.2.1.3	95.804	68.6	117.51	123.15	27.348	107.72	109.63	96.964	107.74	43.757	5.4951	63.045	111.71	39.731	-34.172	68.937	10.571	-69.008	35.818	22.89	34.796	20.987	6.5071	-40.013	-13.481	18.371	10.954	20.55	-12.724	-7.9072	-7.7786
c.2.1.3	95.55	71.87	122.22	121.01	24.362	106.37	100.03	99.937	104.85	46.151	6.4167	65.647	105.38	41.021	-34.848	71.266	7.0799	-69.88	40.763	25.257	18.609	39.318	15.292	-42.108	-12.032	14.408	13.22	17.526	-6.8499	-2.4967	-9.4319
c.2.1.3	102.43	58.916	94.719	106.39	-7.6847	87.486	68.388	78.275	73.649	37.847	-7.4042	45.96	41.13	39.351	-27.985	45.681	26.868	-33.537	36.732	16.147	2.8155	26.307	28.908	-36.851	-18.477	-11.758	9.6369	28.745	-3.6465	11.569	-0.13802
c.2.1.3	101.08	63.973	107.03	114.57	12.25	97.929	98.66	101.47	97.324	48.016	1.5418	66.01	95.224	46.542	-44.96	73.982	23.716	-79.08	37.286	20.772	41.749	43.497	15.864	-33.584	-11.897	19.116	14.016	18.798	-13.692	5.976	-4.3943
c.2.1.3	100.86	71.836	109.49	127.19	27.814	116.04	92.317	76.735	108.77	31.561	5.5013	52.712	95.008	30.664	-25.707	46.245	2.132	-52.831	28.838	16.759	18.116	17.006	4.4385	-26.533	-13.759	21.127	17.199	-0.13101	-12.257	-4.0417	0.11432
c.2.1.5	98.992	51.26	90.513	109.61	-1.9931	86.667	57.913	55.602	74.731	25.732	-8.6108	39.105	23.579	29.327	-18.319	26.959	20.135	-15.651	25.617	2.1039	-18.156	17.763	18.571	-33.051	-13.704	-1.6168	15.829	14.517	-0.63351	-1.2367	-9.2967
c.2.1.5	102.87	57.322	100.37	110.63	-7.2191	85.798	61.368	53.984	73.548	23.895	-7.3488	35.444	22.865	31.998	-18.061	24.675	21.595	-6.862	29.018	16.484	-16.889	15.528	20.2	-33.162	-12.409	-7.5978	11.005	8.065	-15.31	17.043	6.1174
c.2.1.5	108.3	39.204	76.995	116.4	-6.5837	92.959	90.214	47.721	77.533	34.787	-5.8071	25.182	28.755	22.063	-14.948	22.933	-0.80894	-12.792	28.3	21.893	-3.9477	14.276	22.963	-30.185	-19.622	-12.444	-5.4622	13.775	-22.375	32.448	18.531
c.2.1.5	98.274	54.194	107.03	115.54	6.2465	91.631	71.496	65.028	82.617	36.05	-5.4893	41.73	33.242	35.286	-23.116	32.929	22.957	-18.937	35.018	11.712	-21.697	27.693	26.191	-38.909	-20.605	-3.5686	17.313	13.488	-5.1366	2.3786	-0.6006
c.2.1.5	99.699	53.154	91.722	109.82	-2.7357	86.33	60.501	57.294	75.072	28.438	-9.5173	40.131	23.474	33.785	-20.255	28.163	24.333	-13.658	25.328	4.6672	-19.03	19.302	21.459	-28.047	-14.124	-6.6213	14.612	16.662	-6.7752	2.2059	-3.5763
c.2.1.5	98.754	56.169	96.107	113.58	3.4945	91.034	63.822	57.162	79.813	28.646	-3.3157	43.434	23.393	34.462	-21.047	27.212	26.193	-12.007	26.352	3.1658	-20.424	18.539	22.837	-29.308	-14.575	-8.9396	16.111	18.222	-7.2708	1.6982	-3.0082
c.2.1.5	100.4	43.57	83	106.67	-8.8928	81.735	46.556	50.596	69.963	25.515	-7.7165	36.858	17.886	29.181	-15.101	23.107	18.357	-8.654	21.848	6.2129	-13.797	14.112	17.853	-23.929	-13.413	-2.7917	15.488	10.067	-5.0404	2.3207	-1.0299
c.2.1.5	98.992	57.776	101.58	110.39	-0.39759	87.962	62.284	62.665	76.767	29.012	-7.9445	44.776	25.577	35.845	-23.274	30.327	24.896	-13.248	35.898	11.659	-20.321	22.042	23.562	-31.117	-12.081	-11.069	17.874	7.6276	-9.0439	8.2281	2.7329
c.2.1.5	103.75	47.841	91.106	104.7	-15.315	79.076	54.289	48.432	68.649	25.211	-6.6217	28.344	16.946	33.968	-20.47	15.796	23.382	11.381	31.277	18.75	-22.239	15.904	22.438	-21.212	-10.851	-13.358	16.515	-11.684	-14.191	10.878	9.2447
c.2.1.5	103.75	47.728	90.659	104.66	-15.917	78.401	54.479	48.202	67.934	24.688	-3.9952	28.57	16.084	33.805	-20.306	15.747	23.518	11.185	30.444	18.449	-21.509	15.075	22.325	-21.737	-11.4	-14.19	16.234	-7.6763	-14.259	10.136	7.9987
c.2.1.5	101.08	51.86	106.88	114.13	1.4745	88.64	69.488	64.37	81.934	29.046	-7.1025	53.186	26.763	33.782	-22.43	32.682	23.849	-13.769	38.49	14.239	-15.777	17.588	25.244	-29.014	-11.94	-17.644	17.699	5.9559	-8.8122	9.2004	12.212
c.2.1.5	101.08	60.341	105.92	112.71	-0.28384	88.918	69.848	62.841	79.435	30.346	-2.8483	42.356	28.268	38.556	-28.218	30.16	27.932	-14.17	33.867	18.662	-19.878	28.191	27.04	-30.368	-17.511	-10.01	18.294	5.9015	-13.121	7.9252	4.9362
c.2.1.5	99.932	50.963	98.474	109.72	-2.9796	85.064	60.483	57.939	75.994	25.909	-7.4059	42.064	23.705	32.924	-20.487	27.951	23.041	-12.185	32.959	12.557	-20.84	20.174	23.465	-34.196	-15.726	-10.855	15.97	14.575	-9.6115	8.2051	4.1807
c.2.1.5	100.16	42.677	83.667	107.03	-7.0953	83.716	43.36	52.077	71.558	28.738	-8.5334	38.249	19.354	32.165	-17.819	23.837	23.176	-11.127	19.976	0.99318	-12.084	14.066	19.881	-26.739	-15.098	-1.9843	13.881	15.552	-7.1636	4.5709	-2.0552
c.2.1.5	98.754	47.471	92.265	109.37	-2.7779	85.342	45.577	49.151	73.487	22.599	-7.9539	37.797	15.421	28.776	-18.326	19.743	20.291	-5.7279	20.748	4.0284	-15.167	11.593	18.535	-31.031	-13.226	-4.0151	14.76	9.5984	-11.052	1.4362	-6.9838
c.2.1.5	106.07	40.381	72.317	97.022	-23.173	77.046	37.493	39.334	65.905	9.9556	-14.564	31.691	10.655	26.852	-19.62	8.3324	22.687	-2.8255	27.837	5.3008	0.4502	5.3989	18.844	-23.25	-8.171	-11.813	14.487	10.275	-8.9299	10.673	0.79867
c.2.1.5	100.4	60.228	103.88	110.79	-1.6801	87.175	65.724	58.439	77.619	25.353	-1.6912	43.679	20.981	37.15	-26.55	25.403	28.625	-0.52582	38.191	16.257	-20.41	19.16	26.329	-23.814	-10.65	-17.436	21.12	-0.095868	-12.643	13.297	7.1539
c.2.1.5	105.03	47.633	87.391	103.77	-16.157	82.291	55.89	57.288	68.684	26.011	-11.217	36.158	27.814	32.223	-22.537	29.084	21.585	-21.245	27.5	10.082	-9.9097	20.482	20.961	-30.448	-13.444	-6.1236	12.342	14.996	-12.889	9.1851	2.8394
c.2.1.5	101.54	54.136	95.253	108.09	-5.984	86.347	61.255	53.454	74.441	20.75	-5.243	39.165	19.526	33.226	-21.589	21.084	26.795	-2.8945	37.785	7.1493	-18.549	15.417	25.393	-24.465	-13.61	-16.008	20.453	11.141	-5.7274	9.2897	9.7592
c.2.1.5	103.96	42.277	86.045	101.98	-16.307	81.425	38.689	50.692	67.786	24.299	-8.27	36.318	18.625	28.663	-17.348	22.73	19.266	-7.4474	24.655	7.9572	-14.131	12.98	18.34	-23.936	-9.5206	-4.5723	12.272	-1.8889	-16.751	19.692	10.882
c.2.1.5	104.18	45.233	80.892	99.827	-19.141	77.226	49.041	54.678	66.86	21.362	-16.451	33.77	26.241	27.819	-18.678	27.201	14.891	-17.699	27.204	10.315	-10.458	17.052	17.517	-25.15	-7.8645	-2.6619	10.628	3.3279	-13.098	10.848	-1.4466
c.2.1.5	97.546	60.479	108.72	113.55	4.4744	89.515	69.535	68.195	80.048	34.324	-7.3268	47.331	29.237	38.456	-23.837	34.447	26.474	-13.91	37.687	13.546	-23.085	26.194	25.377	-31.55	-13.157	-9.4532	18.926	10.929	-9.5241	9.408	4.5363
c.2.1.5	108.69	41.667	72.695	101.36	-19.498	83.486	47.095	38.656	71.071	4.7318	-4.4127	32.321	15.207	22.329	-18.855	7.5546	23.789	-15.095	30.401	-3.7376	-6.5886	8.7212	18.661	-28.96	-12.982	-9.2772	12.335	26.943	-1.7277	0.12854	-3.2968
c.2.1.5	97.055	60.112	116.66	116.59	9.1453	92.417	68.302	65.508	84.732	30.558	-0.96478	51.667	27.656	35.616	-22.589	31.8	24.217	-12.216	38.123	12.185	-24.768	22.703	24.909	-38.218	-16.052	-11.277	19.442	9.7155	-7.9872	6.0574	2.4493
c.2.1.5	102.21	49.606	96.585	108.2	-8.9611	82.368	46.305	48.351	72.586	22.216	-9.1935	33.923	17.064	28.915	-15.637	19.154	20.096	1.2442	25.987	13.937	-15.231	8.747	19.263	-31.245	-12.294	-7.6469	10.636	-2.1604	-16.09	18.928	10.397
c.2.1.5	100.4	44.205	84.398	108.35	-6.1229	84.928	46.299	47.722	72.195	23.964	-4.6169	35.335	18.136	29.226	-15.976	19.784	20.229	-6.9704	19.828	5.8262	-12.174	11.813	17.513	-24.714	-13.033	-4.136	12.207	12.298	-6.1065	1.5653	-3.2023
c.2.1.5	103.53	49.078	92.207	104.92	-15.106	78.461	55.14	51.821	68.735	25.793	-5.9574	31.758	18.524	35.003	-21.94	19.599	24.045	6.7236	31.407	19.586	-21.418	17.33	22.433	-22.801	-10.315	-13.58	16.604	-9.66	-13.297	8.5118	6.3181
c.2.1.5	102.43	56.349	98.344	109.8	-7.3435	85.227	61.906	54.837	73.301	24.874	-4.9948	36.009	23.216	32.458	-17.174	25.288	21.569	-3.8843	32.805	15.996	-16.6	15.627	20.972	-28.805	-11.673	-12.235	14.421	5.0079	-13.34	14.525	11.406
c.2.1.5	104.39	41.565	91.155	118.77	0.89753	92.305	90.698	47.721	82.132	31.061	-3.1903	24.353	29.326	23.194	-9.6439	20.265	2.5836	-10.047	32.042	18.074	-17.266	16.759	19.262	-32.535	-16.466	-4.4899	-8.3104	2.4383	-22.387	32.524	17.923
c.2.1.5	103.09	47.84	92.641	106.28	-12.545	79.653	54.6	50.342	70.798	25.982	-4.4362	31.878	17.845	34.469	-21.735	17.805	24.26	6.3847	29.514	19.202	-21.912	16.454	21.9	-22.565	-10.724	-12.742	16.097	-10.628	-14.424	7.9646	7.0339
