c.2.1.1	-0.665710924505944	-0.817094751952861	0.664078308842512
c.2.1.1	-0.163083801290385	-1.44887370968466	2.07852966911412
c.2.1.1	-0.378478525274572	-0.923927982320788	1.53137854238037
c.2.1.1	-1.09905413931894	0.100437133012173	0.215399672365137
c.2.1.1	-0.798046606193105	-1.24308080279212	0.495792486150852
c.2.1.1	-0.52952549981236	0.212452383337401	0.194380231455257
c.2.1.1	-0.727159441442437	0.0667658716194908	0.904969196453425
c.2.1.1	-1.75998552400009	0.877783847590797	-0.832686736176773
c.2.1.1	-0.741210865529783	-0.929956534396952	0.898554302365533
c.2.1.1	-1.00858329011671	-0.00735871499213717	0.715517052943726
c.2.1.1	-0.14135935554401	0.267860663265755	-0.269059641986869
c.2.1.1	-0.977732711994587	-0.130295477688143	1.30186280293394
c.2.1.1	-0.41356358526062	0.201861968125205	1.28593637465728
c.2.1.1	-0.954078928783452	-1.06257207067098	-0.0253748000235539
c.2.1.1	-0.936846527336971	-1.57160784451883	1.22602001742715
c.2.1.1	-0.878970267216387	0.13584116980972	0.825832822519092
c.2.1.1	-0.737881507173886	-0.804148249221265	0.227312223986816
c.2.1.1	-0.567405245458786	-1.01192547099227	0.925138447432976
c.2.1.1	-1.16764852887544	0.157776667998033	0.593882048446642
c.2.1.1	-0.372156728744605	0.157277792942245	2.05848369817436
c.2.1.1	-0.5583344519769	-1.00743832354843	1.01306772730096
c.2.1.1	-1.36674589575842	0.0754780283154556	0.934354486814653
c.2.1.1	-0.6788191384356	1.42586615546908	0.0301763911186663
c.2.1.1	-0.884463054933164	0.348379555346686	0.11533422314378
c.2.1.1	-0.836714169123473	-0.946549539766544	1.53491251391822
c.2.1.1	-0.947234647211153	-0.110642933444428	0.566784100108479
c.2.1.1	-0.923465394223361	-1.44722840756355	0.19189159059997
c.2.1.1	-0.401971136121692	-0.527293809036283	1.05575666733721
c.2.1.1	-0.477769698587186	-0.716460912502275	1.13453722236826
c.2.1.1	-0.413028009512494	-1.53423315856906	0.99345630802565
c.2.1.2	1.91347730217221	-0.069626945164722	-0.814590792074821
c.2.1.2	1.13549747557318	0.468405587374858	-0.376085249443103
c.2.1.2	1.74037109343732	-0.995805355898351	-0.0652076003725506
c.2.1.2	2.88464213921068	-0.665926853924118	-0.066734645897707
c.2.1.2	1.08392224673316	1.58357530795866	-0.515153875279043
c.2.1.2	1.65038688380539	-0.489969956486628	-1.30974434246411
c.2.1.2	3.24534986768336	-0.291543420637346	0.182148597535321
c.2.1.2	2.54726456487872	0.20954030321908	-0.258667510927067
c.2.1.2	1.41039108189535	-0.882735175235227	0.216149934725188
c.2.1.2	1.30019222054405	-0.333864299642873	-0.620986140437121
c.2.1.2	0.615629452936816	1.18057635971941	-1.68394607976802
c.2.1.2	2.99404741291414	0.97915430339308	-0.147905172814251
c.2.1.2	2.01788268979802	0.818001904825318	0.766937172743618
c.2.1.2	0.563645463655825	-0.528942310931818	-0.338646262006253
c.2.1.2	1.39153256576217	0.605930581115946	-0.375051515949464
c.2.1.2	1.96398169155384	-0.639180950775236	0.588003865439419
c.2.1.2	1.18838205852345	-0.286378615154155	-0.72211054043192
c.2.1.2	1.34129551782592	1.592954452731	-0.555673890780521
c.2.1.2	3.15072258571931	0.0315421579989877	-0.106545297247186
c.2.1.2	1.31436282355773	0.106895386482685	-0.499295893461457
c.2.1.2	1.36777649635291	0.542398954827685	-0.341571826281826
c.2.1.2	0.749177644811665	0.309602370756624	1.62285662309561
c.2.1.2	1.07484697914613	-0.00331037633672818	-0.0198514649245588
c.2.1.2	1.30391542922568	0.216061941754079	-0.348672524681454
c.2.1.2	3.5740489693058	0.981596720952499	0.241218473100425
c.2.1.2	1.51768913463639	1.17068827513532	-0.190499301739855
c.2.1.2	1.77955111553957	0.691520636731874	0.416654234259751
c.2.1.2	1.64843966408372	0.579772388623811	-1.37293873348616
c.2.1.2	1.08067255055985	0.706085629584982	-1.26514276885244
c.2.1.2	3.2465765679809	1.07479843412173	0.093714645658713
c.2.1.2	1.63822636642307	-0.561323347876228	0.6513030960539
c.2.1.2	1.44550680060631	0.0842627915101803	0.305851337390188
c.2.1.2	2.55472525502294	-0.28460290722271	0.238863211967218
c.2.1.2	2.19313313950421	-1.29812527573918	0.383333150507516
c.2.1.2	3.22988827539365	0.784152519959575	0.559540634312288
c.2.1.2	1.37108197174778	0.469241308054549	0.623066519787315
c.2.1.2	0.56880393399758	-0.531619841506491	-0.460115860255347
c.2.1.2	0.523258143995111	-0.0528456488972617	-1.05185054974526
c.2.1.2	1.42990593558689	-0.000471363223625981	-0.0503070267828977
c.2.1.2	3.02897190705073	1.11032566214495	0.0910840430794847
c.2.1.2	0.974397393272655	-0.063328121105141	-0.255361847078702
c.2.1.2	3.09810898279138	1.19187670417487	0.313583508029171
c.2.1.2	1.46959792983451	-0.803901130493688	-0.194671439886903
c.2.1.2	0.839382317497639	0.459248805427191	-0.732594714620398
c.2.1.2	0.997323034596392	1.08363644255319	-1.05742529936274
c.2.1.2	1.23120819850496	0.117517147867102	-0.590742417227863
c.2.1.2	2.48420901851126	0.345423656204085	-0.365325013337331
c.2.1.2	2.85980316319263	0.722496996803857	0.314809271259502
c.2.1.2	2.74729913248464	1.65023985368542	0.0951792847652503
c.2.1.2	3.00407754373708	0.707854504288988	0.0897714315743164
c.2.1.2	3.10949171038324	1.26133198197351	0.829821713713933
c.2.1.2	3.00411655656104	0.589571925583877	0.361486944323965
c.2.1.2	1.594922407733	-0.0397792707482161	0.535270931757016
c.2.1.2	1.2628244056677	-0.488090988448491	0.359333642358033
c.2.1.2	0.820597495351332	0.771276884496566	-0.774005563477632
c.2.1.2	3.34486910012745	0.974957682965192	0.510333475402659
c.2.1.2	1.05522825012256	0.395636616030843	-0.211205180774721
c.2.1.2	3.15978641956726	0.675475417436335	0.270090910056925
c.2.1.2	1.00932197378137	0.460959298382534	-0.603987316113725
c.2.1.2	1.15010571404671	0.517588951968272	-0.277318151193318
c.2.1.2	0.501841321473901	-0.299700660275205	-0.314986791831047
c.2.1.2	2.1756238562019	0.396538771013933	0.0903725529796118
c.2.1.2	1.7618739687953	2.06886048746232	0.352327261022713
c.2.1.2	1.83703910453794	-0.926434132113364	-1.09047517844729
c.2.1.2	2.27438727952818	0.00495284170255528	1.03200889257028
c.2.1.2	3.17521531306288	1.54750169054165	0.231887697864009
c.2.1.2	0.853588684084262	1.04375769636618	-0.359164145043005
c.2.1.2	1.44707779889317	1.24431908232685	-0.313733109852091
c.2.1.2	2.66388141998848	0.0516063551588813	-0.139454685474191
c.2.1.2	1.49518774656872	-0.34658956436509	-0.948597082991762
c.2.1.2	1.86116162080756	0.106719926089551	-0.079973102176472
c.2.1.2	1.843573588842	-1.41950158190055	0.449655514452014
c.2.1.2	1.70206104983168	-0.957272629490507	0.45356237113837
c.2.1.2	3.2548814470308	-0.104272118973607	0.93253344516209
c.2.1.2	1.85279736822033	-1.37372390282613	0.881577667832189
c.2.1.2	1.49701651009976	0.54557832016122	0.160776777616547
c.2.1.2	1.34841289418721	0.168049363288052	-0.23648455426186
c.2.1.2	1.06750059657765	0.403622510221453	0.0755100115165565
c.2.1.2	1.81382483661781	-0.759778693012392	-1.11785944754219
c.2.1.2	2.77500729029003	1.10448160728017	-0.0300032345066628
c.2.1.2	1.59255670894718	-0.268163437272117	0.329922619836447
c.2.1.2	3.33589440144473	0.823084078262465	0.669139408309299
c.2.1.2	2.80936722230322	-2.76226737699529	-1.11081533495169
c.2.1.2	1.56297211806192	1.96658004096684	-0.83059927729005
c.2.1.2	1.58041321316422	0.808422219897831	0.381223857939466
c.2.1.2	1.3628626443746	0.57955087310769	-0.0557832792354694
c.2.1.2	0.708655235226385	-0.0556440659436642	1.58606509948458
c.2.1.2	0.715915618515366	0.251574539724684	-0.629488094256775
c.2.1.2	1.33500573731469	1.00214875216878	-0.482354166840685
c.2.1.2	1.28184386479366	1.67149790278166	-0.128240624593276
c.2.1.2	2.71694290612085	0.0446414225368085	0.627532312958514
c.2.1.2	1.24617411490814	-0.0974542425542437	0.443671976706425
c.2.1.2	1.44729403175029	-1.08460351150332	-1.0458527610333
c.2.1.2	0.593523531593718	-0.663652975327356	-0.59419590236304
c.2.1.2	3.1148005061723	0.929965727757792	0.633965258246838
c.2.1.2	1.40251856345658	-0.0320018245708321	0.0980970157382257
c.2.1.2	3.65355965669637	0.931826145167772	1.02797129151875
c.2.1.2	0.981512868687398	0.754359799942291	-0.405793503142817
c.2.1.2	0.897068822677537	0.756886359644999	-0.030181665456329
c.2.1.2	0.299859244961865	-1.03095014304815	0.552003869480461
c.2.1.2	0.925730572856238	-1.59706666371435	-0.65863145103587
c.2.1.2	1.72207043969311	1.42245481708052	0.469430305385504
c.2.1.2	1.2079156539524	-1.08094503585059	0.423655480089734
c.2.1.2	1.85699454998829	-0.547290994816646	-0.0692446736150504
c.2.1.2	1.75973231961736	-0.602329097107279	-0.166877520027339
c.2.1.2	0.589311709184312	-2.03517432938831	0.75859311671252
c.2.1.2	1.73517374301389	-1.1805191727448	0.665135520651979
c.2.1.2	1.56432790159426	-0.446627545716961	0.168623178440964
c.2.1.2	1.34426614733929	0.873181298440867	-0.858193764994101
c.2.1.3	-3.22751808012522	1.51375299602536	-1.10195654658632
c.2.1.3	-3.03038445125791	1.93077875098662	-0.643997443651307
c.2.1.3	-1.32848473666951	0.71728994885841	-1.08220338687579
c.2.1.3	-3.78162590102513	-0.258743311488197	-0.693562957131645
c.2.1.3	-1.94328338573867	-0.621450479534946	0.578082226584508
c.2.1.3	-3.89758232472385	0.0697081289545792	0.409338381011424
c.2.1.3	-1.95346661316556	-1.63649968178447	0.50142872369349
c.2.1.3	-4.37563568171722	-0.343158406480235	0.73416212848466
c.2.1.3	-2.01637772395189	-0.191170519999811	0.236497588567816
c.2.1.3	-0.16622925349904	-0.664855268655082	0.514461739700778
c.2.1.3	-1.31443158557452	-4.46566992559329	-1.67430342363804
c.2.1.3	-1.8033954044852	-0.196564290825172	0.554535965597692
c.2.1.3	-1.01110100851235	-1.25448603987874	0.67800350302985
c.2.1.3	-4.73626381056219	-0.0663135122905606	1.27985360368257
c.2.1.3	-1.06092181938588	-1.07191810347912	0.785226958820944
c.2.1.3	-3.84708629482288	-1.2059659373672	0.879164453703992
c.2.1.3	-3.13170293393966	0.0966641757772646	0.377596044407452
c.2.1.3	-3.20966743110043	0.741789802747714	0.431269505263517
c.2.1.3	-1.61625142547303	-0.771884776914206	0.717549992681956
c.2.1.3	2.73781303524094	-4.55230083780892	-2.72735042601188
c.2.1.3	-2.92119689240613	0.151988905058278	0.662791024991494
c.2.1.3	-3.36307213497494	1.47423444236112	1.28827663518009
c.2.1.3	-3.57191723119842	1.31254410137756	0.720173644361241
c.2.1.3	-1.73152103189556	-0.343392707272781	0.231420495347582
c.2.1.3	-3.19577387185841	0.779732941765614	0.730160724735765
c.2.1.3	-3.23646338586036	-0.400608584664263	0.226235902796315
c.2.1.3	-4.25514892270262	0.715283870740517	-0.930445259811792
c.2.1.3	0.75790098992739	-1.02224469738452	-0.453097571967394
c.2.1.3	-1.75873033175372	-0.361227341371231	0.7572369688005
c.2.1.3	-2.86967100917066	1.54931694943077	-1.65080923553206
c.2.1.3	3.03006402414899	-4.45523621498571	-1.90584229223295
c.2.1.3	-3.94073345983969	0.425519107497693	0.579005435408779
c.2.1.3	-3.87924134526705	1.10431439044136	-0.705278204982758
c.2.1.3	-5.76377867700623	0.268846352328257	0.997236953730994
c.2.1.3	-3.33141962175645	-0.0303091230020301	0.670416824660162
c.2.1.3	-1.96968352345342	-0.122529814925819	0.263923438091732
c.2.1.3	-2.39718571725243	-0.133184495539091	-1.32164999796262
c.2.1.3	-3.08058024199775	2.0354051275223	-1.3702968190256
c.2.1.3	-1.80567885960247	1.1864230391898	-0.239191756357494
c.2.1.3	-2.23431606874713	0.631134061917089	-0.331659904786346
c.2.1.3	-3.37245655693024	-0.418023505765496	0.768334374618769
c.2.1.3	-3.79571068145287	-0.332081593582091	0.11196005550633
c.2.1.3	-2.46404461411185	-0.602803969552223	-0.842048339739071
c.2.1.3	-3.07647047481083	0.323110990274521	-2.16504407874303
c.2.1.3	-1.44198687752375	-0.820218921765392	1.14962780295477
c.2.1.5	-2.93406573469534	0.356866569971641	-0.579582985258175
c.2.1.5	-1.99770924867426	2.14354442002342	-1.35531917063378
c.2.1.5	-0.51500264597164	-1.56063169660095	0.734869641069436
c.2.1.5	-3.03479206354806	1.65803153659729	-0.364430643377482
c.2.1.5	-2.55826448807125	0.931458659857855	-0.434345463200434
c.2.1.5	-2.7127569006973	0.0191373730030959	-0.361975853163293
c.2.1.5	-2.37574671699184	-0.526889011866898	0.0365163310310791
c.2.1.5	-2.66345503151966	0.120224566858549	0.184529799131805
c.2.1.5	-2.20865807226696	-1.69738940094764	-2.3468548783718
c.2.1.5	-1.74341249349242	-3.13091242790125	-1.52294664772528
c.2.1.5	-2.17685925235984	0.196512039245489	-0.196836927051106
c.2.1.5	-2.13269157263399	-1.82839263722022	0.663888977512778
c.2.1.5	-2.45579759915263	0.849297823374477	-0.534671740466499
c.2.1.5	-1.89834847735595	-0.0384315630062962	1.24239031625285
c.2.1.5	-3.12281375441652	1.4055128157538	-1.8464150522868
c.2.1.5	-0.80343492071461	0.000977610309011577	-0.168155658521762
c.2.1.5	-1.54886882687416	-0.474757569403464	0.922931557886121
c.2.1.5	-1.39980168898075	0.972498091113172	-1.2605793798651
c.2.1.5	-1.9566370940225	0.58049169777045	-0.127480062420546
c.2.1.5	-1.28703543819353	1.42821362955854	-0.418962457473759
c.2.1.5	-1.34685783689555	1.10369640140302	-0.234901795148863
c.2.1.5	-3.18192916466412	1.98929258354302	-0.232961328504364
c.2.1.5	-0.479161826533256	-0.655364755588707	-1.55632050124923
c.2.1.5	-3.59177275554277	0.816488677001012	-1.11520823931906
c.2.1.5	-1.86721680865463	0.920924832533798	-0.234220844963089
c.2.1.5	-2.39341782717651	0.266265026498981	-0.564511525011184
c.2.1.5	-1.84983949748974	-3.40159739436205	-1.14527455718128
c.2.1.5	-1.90206688520928	-0.375402243120019	-0.442903928949357
c.2.1.5	-1.11357713022697	0.625534634836905	0.272516414983772
c.2.1.5	-1.84818314998157	-2.10410516902028	-0.794470688794881
