c.2.1.1	0.0676021	0.0199759	0.0219698	0.0280641	0.173162	0.0545858	0.015913	0.00891581	0.0115868	0.0358513	0.0551501	0.0436386	0.0136935	0.0130163	0.00263336	0.04646	0.0107215	0.037958	0.0325408	0.00662102	0.00398766	0.000451433	0.00282146	0.0570311	0.0173426	0.0160635	0.00970582	0.00838914	0.00195621	0.00259574	0.0108344	0.00902867	0.0174178	0.0209164	0.0576706	0.00297194	0.00767437	0.0027086	0.0291174	0.0067715	0.00263336	0.0118501
c.2.1.1	0.061823	0.0204915	0.0212517	0.0261291	0.164629	0.0547602	0.0181162	0.0113384	0.0146006	0.0387977	0.0558054	0.0438335	0.0158358	0.0145373	0.00307215	0.0461456	0.0093748	0.036264	0.0328118	0.00775955	0.00361057	0.000696776	0.00275543	0.0527333	0.0180528	0.0172927	0.0118769	0.01042	0.00275543	0.00329385	0.0113701	0.0115601	0.0175144	0.0203649	0.0547602	0.00326218	0.00813961	0.0027871	0.0266992	0.00788624	0.00376892	0.0110217
c.2.1.1	0.0637534	0.0201221	0.0210946	0.0269971	0.168053	0.0539942	0.017305	0.00928969	0.0133141	0.0377624	0.0550003	0.0423234	0.0156617	0.0135824	0.00338722	0.0462808	0.00878664	0.0375277	0.0332014	0.00704273	0.00375612	0.000536589	0.00231404	0.0554363	0.0181099	0.0171373	0.0107653	0.0108324	0.00264941	0.00278355	0.0113354	0.00985982	0.0179422	0.0206587	0.0559058	0.00338722	0.00791468	0.00332014	0.0281038	0.00771346	0.00348783	0.0115702
c.2.1.1	0.0693036	0.0192657	0.0199092	0.0292203	0.184595	0.0573429	0.0121877	0.00669947	0.00942468	0.0376609	0.0509084	0.0415594	0.00987888	0.0120363	0.00181681	0.0446253	0.00628312	0.0369796	0.0347843	0.00598032	0.00344436	0.000302801	0.00219531	0.0605223	0.018698	0.0177139	0.00870553	0.00889478	0.0016654	0.00249811	0.00889478	0.00828917	0.0166162	0.0210068	0.0624527	0.00348221	0.00628312	0.00230886	0.0323618	0.00692657	0.00264951	0.013626
c.2.1.1	0.0709539	0.020019	0.0208858	0.0301729	0.179098	0.0556404	0.0120939	0.00759483	0.0116812	0.0368184	0.0543196	0.0413588	0.0128782	0.0139101	0.00189871	0.0441243	0.00862674	0.0359516	0.0316176	0.00590251	0.0033021	0.000371486	0.00247658	0.0583646	0.0179139	0.0174599	0.00941099	0.00870929	0.00160977	0.00272423	0.00908078	0.0090395	0.0171709	0.0210509	0.0601808	0.00284806	0.00598506	0.00227019	0.0326495	0.00594378	0.00231147	0.0135799
c.2.1.1	0.0643834	0.0190754	0.020857	0.0277377	0.170296	0.0561511	0.0150822	0.00817079	0.010536	0.0385501	0.0580556	0.042482	0.0146521	0.0150515	0.00202734	0.0428813	0.0109046	0.0376286	0.032806	0.00660421	0.00313316	0.000399324	0.0019659	0.0572569	0.0187068	0.0166487	0.0125326	0.0102903	0.00211949	0.00276455	0.00989095	0.00869298	0.0170788	0.0205191	0.0582092	0.00313316	0.00820151	0.00236523	0.0290585	0.00755644	0.00310244	0.0124405
c.2.1.1	0.0646625	0.0184088	0.0211237	0.0275138	0.173989	0.0541999	0.0144357	0.00867463	0.00999901	0.0363209	0.0533391	0.0429096	0.0138728	0.0151641	0.00221832	0.048472	0.00884018	0.0376453	0.0321491	0.00589345	0.00324471	0.000397312	0.00228454	0.0566831	0.0184088	0.0150647	0.0116876	0.00966791	0.00182101	0.00314538	0.0118862	0.0096017	0.0199318	0.0212231	0.0597623	0.00341026	0.00728404	0.00258252	0.0300632	0.00731715	0.00231765	0.0123829
c.2.1.1	0.0698933	0.0204755	0.0188065	0.0301229	0.185256	0.0638281	0.0114793	0.00753073	0.0100138	0.0392412	0.048156	0.0420907	0.0103395	0.0113979	0.00166897	0.0391598	0.00545469	0.0351706	0.035252	0.00740861	0.00272735	0.00048848	0.00166897	0.0608565	0.017341	0.0191321	0.00895547	0.00960677	0.00187251	0.0018318	0.00744932	0.00956607	0.0162827	0.0204755	0.0630953	0.00236099	0.00635024	0.00195392	0.0313441	0.00777497	0.00223887	0.013881
c.2.1.1	0.0660804	0.0192227	0.0198832	0.027913	0.175925	0.0544355	0.0154338	0.00907258	0.0111235	0.0357341	0.0530451	0.0426516	0.0116101	0.01672	0.00135567	0.044181	0.00729978	0.0372289	0.035178	0.00583982	0.00264182	0.000243326	0.00208565	0.0598582	0.0182147	0.0164766	0.0109149	0.010324	0.00218993	0.00260706	0.0100459	0.0104978	0.0164766	0.0211346	0.0589892	0.00326752	0.00796023	0.00288515	0.0306591	0.00733454	0.00264182	0.0126182
c.2.1.1	0.0662776	0.0186586	0.0212521	0.0282761	0.172754	0.0558317	0.012283	0.0108422	0.0114185	0.0362366	0.0554355	0.0413155	0.0124991	0.0144082	0.00190908	0.0450256	0.00886103	0.0380736	0.0342555	0.00479072	0.00266551	0.000324184	0.00208919	0.0589655	0.017614	0.0152006	0.0112384	0.00907716	0.00180102	0.00288164	0.0114905	0.00835675	0.0191269	0.0219365	0.0608025	0.00324184	0.00839277	0.00262949	0.0291406	0.00684389	0.00248541	0.0132915
c.2.1.1	0.0674154	0.0206558	0.0215916	0.0291454	0.174872	0.0529095	0.0149738	0.00718607	0.0120325	0.0358635	0.0557839	0.041345	0.0139376	0.0139376	0.0022728	0.0438183	0.0099268	0.0345934	0.0317524	0.00685183	0.00324209	0.000401083	0.00250677	0.0576222	0.019018	0.0180487	0.0104616	0.00985996	0.00217253	0.00294127	0.010261	0.010729	0.0166449	0.0211905	0.0579565	0.00337578	0.00795481	0.00267389	0.0288445	0.00775427	0.00277416	0.012701
c.2.1.1	0.0629763	0.0189332	0.021283	0.0271241	0.171171	0.0562959	0.0164155	0.00950015	0.0107422	0.0366914	0.0550874	0.0440767	0.0142334	0.0148041	0.00184632	0.0453523	0.00953372	0.0373628	0.0318238	0.00614321	0.00278626	0.000335694	0.00218201	0.0561281	0.0179261	0.016684	0.0120514	0.0107758	0.00174561	0.00305482	0.0106079	0.00852664	0.0180604	0.0231629	0.0587129	0.00308839	0.0076874	0.00298768	0.029239	0.00715029	0.0032898	0.0124207
c.2.1.1	0.0615175	0.0216995	0.019302	0.0259788	0.166313	0.0615478	0.0146889	0.0131108	0.012261	0.0435812	0.0515023	0.0442185	0.0132322	0.0132625	0.00242792	0.0437329	0.00698027	0.0335964	0.0371775	0.00995448	0.00312595	0.000546282	0.00215478	0.0545675	0.0203338	0.0204552	0.0101669	0.0104097	0.00291351	0.00212443	0.00965099	0.0108042	0.0169651	0.020698	0.0567223	0.00251897	0.00704097	0.00245827	0.0265554	0.00825493	0.00364188	0.0118058
c.2.1.1	0.067524	0.0207678	0.0209597	0.0291747	0.172092	0.056238	0.0160461	0.00882917	0.0119002	0.0382726	0.0525912	0.0429175	0.0130518	0.0115931	0.00234165	0.0424184	0.00821497	0.036238	0.0342418	0.0062572	0.00326296	0.000383877	0.00253359	0.0578887	0.0183877	0.018119	0.00982726	0.00894434	0.00203455	0.00272553	0.0107486	0.0102879	0.016929	0.0200384	0.0589251	0.00337812	0.00786948	0.00276392	0.0294818	0.00763916	0.00353167	0.0126296
c.2.1.1	0.0677196	0.0211285	0.0215869	0.0285464	0.176529	0.0562177	0.0164194	0.0105018	0.0107935	0.0347975	0.056176	0.0434239	0.0147108	0.0116686	0.00187531	0.0419653	0.0082097	0.0354226	0.0347975	0.00787631	0.00350058	0.000250042	0.00208368	0.0570095	0.0191282	0.0172112	0.00925154	0.0101267	0.0023754	0.00291715	0.00912652	0.00887648	0.0164194	0.0212952	0.0575513	0.00266711	0.00829305	0.00245874	0.0265044	0.00750125	0.00283381	0.012252
c.2.1.1	0.0654464	0.0184356	0.0202792	0.0280485	0.179714	0.0557677	0.0154727	0.00790097	0.0102383	0.0353569	0.052739	0.0399328	0.0108309	0.0152752	0.00207401	0.0457927	0.00720964	0.036542	0.0309455	0.00447722	0.00263366	0.000296287	0.00204109	0.0598499	0.017876	0.016592	0.0110614	0.0114235	0.0019094	0.00289702	0.0106005	0.00878983	0.0172175	0.0231104	0.0621214	0.00362128	0.0080985	0.00299579	0.0309455	0.00747301	0.00309455	0.012872
c.2.1.1	0.0689106	0.0178336	0.0199806	0.0292957	0.186647	0.054332	0.0118429	0.00696032	0.00879562	0.0359443	0.0528776	0.0420736	0.0128472	0.0143015	0.00065794	0.0460212	0.00844934	0.0363252	0.0320659	0.00519427	0.00315119	0.000277027	0.00197382	0.0611884	0.0170026	0.015375	0.00990373	0.00917654	0.00148902	0.00173142	0.0102846	0.00727197	0.0167948	0.0222315	0.0634047	0.00249325	0.00789528	0.00221622	0.0318235	0.00713346	0.00228548	0.0135397
c.2.1.1	0.0654561	0.0190928	0.020261	0.0294069	0.176808	0.054608	0.0142194	0.009513	0.0121166	0.035148	0.0552088	0.0413899	0.0143863	0.013919	0.00166895	0.0443272	0.0084115	0.0332454	0.0306753	0.00517374	0.00263694	0.000267032	0.00200274	0.0598485	0.0191929	0.0169899	0.0108482	0.0101138	0.00180246	0.00303748	0.010748	0.00947962	0.0171234	0.0204947	0.0604493	0.00343803	0.00814446	0.00310424	0.0305417	0.00814446	0.0027037	0.0138523
c.2.1.1	0.0639078	0.0187882	0.0219661	0.0277981	0.168849	0.0521041	0.0136895	0.00838135	0.0104767	0.0365636	0.0536057	0.043129	0.0154706	0.0147721	0.00244456	0.0473896	0.0108958	0.0394273	0.0313602	0.0054828	0.00258425	0.000593679	0.00206042	0.0571329	0.0185787	0.016623	0.0135499	0.0111053	0.0018858	0.00282871	0.00977824	0.00883534	0.019347	0.0232932	0.0590187	0.0029684	0.00796228	0.00265409	0.0297538	0.00743845	0.00275886	0.0127466
c.2.1.1	0.0603885	0.0208117	0.0208117	0.0247158	0.158937	0.0585624	0.0155222	0.0123107	0.0119014	0.0407418	0.054123	0.0453701	0.0139479	0.0150184	0.00201505	0.0459368	0.00947703	0.0358301	0.0362079	0.00900475	0.00377822	0.000692673	0.00207802	0.0542174	0.0195838	0.0183244	0.0116495	0.0123107	0.00327446	0.00289663	0.0119014	0.0114291	0.018104	0.0220711	0.0553194	0.00330594	0.00774535	0.00333743	0.0249362	0.00815466	0.00286515	0.0103901
c.2.1.1	0.0624598	0.0202199	0.0210235	0.0267134	0.16642	0.055677	0.0188055	0.0106082	0.014755	0.0379002	0.0562556	0.0410827	0.01453	0.0122477	0.00315032	0.0442973	0.00845442	0.0351678	0.0336569	0.00755433	0.00315032	0.000546483	0.00234666	0.0551948	0.0191591	0.0171339	0.0124405	0.0110261	0.00279671	0.00247525	0.0119583	0.0113476	0.0174875	0.0214414	0.0557091	0.00318246	0.00893661	0.00273242	0.026842	0.00826154	0.00356821	0.0112833
c.2.1.1	0.0618993	0.0202299	0.0196922	0.0265139	0.167115	0.0594798	0.0151556	0.00974528	0.0117279	0.0382754	0.0544391	0.0456012	0.013845	0.0131729	0.00265475	0.0402581	0.00742657	0.0358559	0.0373681	0.0075946	0.00332684	0.000436857	0.00178103	0.0570939	0.0210028	0.0178103	0.0106526	0.0118624	0.00315881	0.0030244	0.0112239	0.0109214	0.0164998	0.0204315	0.0578668	0.00329323	0.00809866	0.00299079	0.027354	0.00772901	0.00346125	0.0119296
c.2.1.1	0.0623451	0.0197708	0.020354	0.0263027	0.165748	0.0594874	0.0163299	0.00933135	0.0104394	0.0373837	0.05488	0.0449654	0.0117517	0.0149302	0.00209955	0.0440906	0.00831073	0.0365381	0.0353133	0.00694019	0.00259528	0.000554049	0.00212871	0.0576502	0.0195375	0.0182545	0.0121016	0.0115475	0.00166215	0.00306185	0.0112559	0.0106144	0.017438	0.0212288	0.0594874	0.00317849	0.00868982	0.0026536	0.025982	0.00868982	0.0026536	0.0117225
c.2.1.1	0.0667683	0.0214169	0.0192894	0.0284732	0.175307	0.0630806	0.0128005	0.00847458	0.013687	0.0403517	0.0542515	0.0438976	0.0131196	0.0114885	0.00170201	0.0383306	0.00762357	0.032019	0.0356712	0.00992837	0.00404227	0.000390043	0.00191476	0.0570881	0.0200695	0.0196085	0.00914829	0.00989292	0.0023048	0.00237572	0.00872279	0.00914829	0.014538	0.0192894	0.0586838	0.00297851	0.00680803	0.00251755	0.0301752	0.00719807	0.00280122	0.0126232
c.2.1.1	0.0643436	0.0198091	0.0211828	0.0270749	0.167474	0.0562464	0.0119289	0.00874783	0.0101576	0.0427993	0.0559572	0.0472455	0.0111336	0.0148207	0.00093985	0.0446429	0.00809717	0.0380278	0.0335093	0.0064705	0.00350636	0.000325333	0.00151822	0.0570055	0.0182186	0.0185801	0.010266	0.0104106	0.00191585	0.0027111	0.0109529	0.0101576	0.0190139	0.0225564	0.0584514	0.00328947	0.0084225	0.00227733	0.0276171	0.00694043	0.0028557	0.0123988
c.2.1.1	0.0642271	0.0194905	0.0197194	0.0277642	0.172308	0.0586023	0.012852	0.00804474	0.010759	0.0368227	0.0560515	0.0428399	0.0127866	0.0146506	0.00245266	0.0457831	0.00794663	0.0345008	0.0362667	0.00670395	0.00327022	0.000327022	0.00199483	0.0579156	0.0188038	0.0172995	0.00997417	0.00981065	0.00192943	0.00340103	0.010432	0.00990876	0.0174957	0.0195886	0.0609569	0.00376075	0.00693286	0.00268158	0.0290722	0.00814284	0.00284509	0.0128847
c.2.1.1	0.0721615	0.0196727	0.020563	0.0304842	0.182524	0.0552446	0.0138218	0.00826762	0.00903078	0.0351056	0.05092	0.0423556	0.0106843	0.013949	0.00139914	0.0432884	0.00758925	0.0368439	0.0339184	0.00487577	0.00262868	0.000127194	0.00275587	0.0597388	0.0192911	0.0164504	0.00898838	0.00831001	0.0022047	0.0021199	0.0086492	0.0085644	0.0169168	0.0212838	0.0614771	0.00292546	0.00720767	0.00241669	0.0331129	0.0065717	0.0022047	0.0133554
c.2.1.1	0.0637856	0.0189462	0.0195477	0.0273968	0.173132	0.0547035	0.0152773	0.00899194	0.0118188	0.0362986	0.0601768	0.0421027	0.0118188	0.0144954	0.00264646	0.0436966	0.00757849	0.0337423	0.034013	0.00718754	0.00300734	0.000300734	0.00213521	0.0587032	0.0199387	0.0164802	0.0107963	0.0109166	0.0023758	0.00273668	0.0110369	0.00998436	0.0166907	0.0205702	0.0598761	0.00360881	0.00805967	0.00309756	0.0293817	0.00821003	0.0023758	0.0123602
c.2.1.1	0.0633347	0.0199326	0.0215853	0.0268412	0.166039	0.0538477	0.0165278	0.0103795	0.0127925	0.0391379	0.0549055	0.0444599	0.0154039	0.0139164	0.00267751	0.0473027	0.0105117	0.0377826	0.0321301	0.00634669	0.00353696	0.000429724	0.00257834	0.0548724	0.0181806	0.0169576	0.0123959	0.0108423	0.00267751	0.00254529	0.010677	0.0093217	0.0179162	0.021354	0.0563269	0.00310723	0.00786725	0.00304112	0.0275354	0.00740447	0.00333862	0.0112389
c.2.1.1	0.0657014	0.0202634	0.0216458	0.0279758	0.170584	0.0522774	0.0183353	0.0103318	0.0138242	0.0357611	0.0542419	0.0431825	0.0137515	0.0130966	0.00316502	0.0450015	0.00891298	0.0364159	0.032596	0.00760332	0.00323778	0.000509313	0.00261932	0.0563155	0.0171347	0.0165527	0.0118233	0.0108411	0.0028376	0.0028376	0.0112413	0.0100407	0.0176804	0.0204453	0.0563882	0.00312864	0.0076397	0.00291036	0.0289217	0.007094	0.00331054	0.0118233
c.2.1.2	0.0670839	0.020415	0.0189238	0.0286272	0.18405	0.0528438	0.01361	0.0094304	0.0100185	0.0411241	0.054041	0.0426573	0.0147232	0.0113837	0.0020583	0.0409981	0.006742	0.0308746	0.0375536	0.00707805	0.00327648	0.000525078	0.00193229	0.0601529	0.0209821	0.0180207	0.00903134	0.0102705	0.00254138	0.00306645	0.00964043	0.00915736	0.0148492	0.0179367	0.0588927	0.00264639	0.00575485	0.00222633	0.0317147	0.00682601	0.00298244	0.013337
c.2.1.2	0.0675603	0.0201924	0.0191181	0.0281277	0.187347	0.0513966	0.012721	0.0107188	0.00866784	0.0413615	0.0566706	0.042387	0.012721	0.0107677	0.00161149	0.0410196	0.00629944	0.0324983	0.0379432	0.00585995	0.00256373	0.000219748	0.00224631	0.0601133	0.0211446	0.0179705	0.00927825	0.0107432	0.0020754	0.00239281	0.00900967	0.00908292	0.0154312	0.0175798	0.0597715	0.00273464	0.00673894	0.00246606	0.0305694	0.00737377	0.00300322	0.0125012
c.2.1.2	0.0616603	0.0198618	0.020023	0.0255222	0.174284	0.0559998	0.0148259	0.0120057	0.0116028	0.0411941	0.0571077	0.0442358	0.0150877	0.0129122	0.00191366	0.0423826	0.00880285	0.0359769	0.038938	0.00860141	0.00344459	0.000463308	0.00217553	0.0566243	0.0191971	0.0174446	0.0105352	0.0103338	0.00207481	0.00308201	0.0103539	0.0100921	0.0171223	0.0185323	0.0550329	0.00312229	0.00660718	0.00265899	0.0268719	0.00674818	0.00328344	0.0112604
c.2.1.2	0.0639	0.0185385	0.0200547	0.0253224	0.185666	0.0542087	0.0129582	0.0108324	0.0106448	0.0389215	0.061524	0.0428761	0.011567	0.0121766	0.00201641	0.0440016	0.00867526	0.0360297	0.0374209	0.0063306	0.00322001	0.000265729	0.00206331	0.0582884	0.0204142	0.0149277	0.0109261	0.0101915	0.00204767	0.00292302	0.00923798	0.00867526	0.016569	0.0198984	0.0569129	0.00298554	0.00681516	0.00237593	0.0266823	0.0074873	0.00229777	0.0111293
c.2.1.2	0.0650701	0.0205142	0.0196556	0.0275225	0.177852	0.0535134	0.0147591	0.0111854	0.00918964	0.0411445	0.0569711	0.0412374	0.0155945	0.0111622	0.00143878	0.0419567	0.007542	0.0319085	0.0379189	0.00654414	0.00255268	0.000324886	0.00192611	0.0592917	0.0220459	0.0187738	0.0100483	0.0112782	0.00206535	0.00290077	0.0104196	0.00900399	0.0161747	0.0175903	0.0570408	0.0030168	0.00656734	0.00294718	0.0296807	0.00772765	0.00336489	0.0125777
c.2.1.2	0.0663645	0.0210025	0.0198066	0.0276956	0.177273	0.0526426	0.0128407	0.0112671	0.0117496	0.0417322	0.0571956	0.0425715	0.0156522	0.0110153	0.0015946	0.0399488	0.00843457	0.0334026	0.0387529	0.00818279	0.00297938	0.000524538	0.0019303	0.0586014	0.0211494	0.018212	0.00956757	0.01026	0.00228699	0.00258073	0.00879125	0.00946266	0.0160718	0.0175196	0.0574264	0.0027276	0.00683997	0.00251778	0.0285768	0.00774218	0.00295839	0.0121483
c.2.1.2	0.0611306	0.0197143	0.019833	0.024387	0.177992	0.0570365	0.0151603	0.0113925	0.0109771	0.0401555	0.0572887	0.0428552	0.0128759	0.0128314	0.00194325	0.0430184	0.00805483	0.0367585	0.037604	0.00689778	0.00302612	0.000370848	0.00182457	0.0570958	0.0202632	0.0175485	0.0109474	0.0119562	0.00241793	0.00274428	0.0112886	0.0105914	0.0158575	0.0204115	0.0554937	0.00307062	0.00824767	0.00277395	0.0249655	0.00792132	0.00269978	0.0105766
c.2.1.2	0.0602043	0.020275	0.0201318	0.0255427	0.172449	0.0538545	0.0155643	0.0123655	0.0135591	0.0434942	0.0538704	0.0441308	0.0131612	0.012461	0.00248265	0.0423802	0.00905532	0.0338819	0.0354574	0.00894392	0.00294417	0.000413776	0.00173467	0.0559552	0.0200522	0.0177923	0.0123178	0.0117926	0.00334203	0.00332612	0.0114584	0.0119199	0.0167579	0.0186836	0.0546502	0.0033102	0.00776625	0.00315106	0.0267999	0.00787765	0.00315106	0.011538
c.2.1.2	0.0647474	0.0198342	0.0198571	0.0268197	0.180706	0.054899	0.0132152	0.0111997	0.0107645	0.0429664	0.0564564	0.0429664	0.0125739	0.0113829	0.00132839	0.0406303	0.00677935	0.0360726	0.0363474	0.00758096	0.0028858	0.000366451	0.00217581	0.058678	0.0201319	0.0171316	0.0101919	0.0107874	0.00217581	0.00281709	0.0102377	0.00872612	0.0160093	0.0182997	0.0581283	0.00300032	0.00721451	0.00274839	0.0287893	0.00751225	0.00309193	0.0117723
c.2.1.2	0.0659152	0.0201575	0.0180277	0.0274718	0.1897	0.0564065	0.0139403	0.0104552	0.00851906	0.0424017	0.0537174	0.0397556	0.0138973	0.0095947	0.00111866	0.0380561	0.0055503	0.0323337	0.0408958	0.0067335	0.00264607	0.000344204	0.00187161	0.061505	0.0205232	0.0195981	0.00905688	0.010068	0.00200069	0.00253851	0.00920747	0.0103261	0.0141769	0.016866	0.0593322	0.00277515	0.00645383	0.00223733	0.0306987	0.00705619	0.0032054	0.0128646
c.2.1.2	0.0705653	0.0185523	0.0189628	0.029894	0.198147	0.0512432	0.010341	0.0090067	0.00846784	0.0355392	0.0553745	0.0380283	0.0123682	0.0114187	0.000898104	0.037977	0.00623541	0.0336917	0.0366426	0.00500372	0.00289959	0.000256601	0.00207847	0.0648174	0.0198866	0.0163455	0.009135	0.009135	0.00146263	0.00233507	0.00905802	0.00754407	0.0154987	0.0184753	0.0638423	0.00259167	0.00651767	0.00228375	0.0334351	0.00710785	0.00279695	0.0141387
c.2.1.2	0.0621981	0.0198799	0.0209032	0.0247408	0.17454	0.0546133	0.0139505	0.0118136	0.0129874	0.0419269	0.0586465	0.0426192	0.0127466	0.0139505	0.00215203	0.0431158	0.0086382	0.036449	0.0387064	0.00749447	0.00305497	0.000466523	0.00189619	0.056344	0.0201056	0.0173517	0.0109106	0.0109106	0.0025433	0.00305497	0.0113169	0.00991738	0.0167948	0.0195187	0.0545381	0.00311517	0.00716339	0.0026336	0.0256738	0.00726873	0.00246806	0.0108805
c.2.1.2	0.0609223	0.0194106	0.0200787	0.0242317	0.173522	0.0554693	0.0151313	0.0133076	0.0114478	0.0388032	0.0605973	0.045466	0.0128381	0.0136868	0.00216677	0.0431368	0.00937128	0.0351558	0.0398866	0.0088657	0.00335849	0.000361128	0.00218483	0.0567693	0.0202051	0.0162508	0.0111408	0.0104366	0.00258207	0.00303348	0.0108158	0.00987686	0.0162869	0.0191217	0.0550901	0.00297931	0.00740313	0.00314182	0.0254234	0.00706006	0.00250984	0.0104727
c.2.1.2	0.0640255	0.0199872	0.0187751	0.026808	0.17834	0.0553509	0.0147111	0.0112413	0.00824679	0.0408061	0.0575136	0.0458445	0.0144735	0.0108135	0.00116453	0.0410438	0.00808042	0.0325831	0.0389286	0.00765264	0.00287568	0.000451553	0.00197257	0.0579176	0.0219122	0.0190365	0.0100292	0.0107897	0.00213894	0.00275685	0.00955391	0.00964898	0.0159232	0.0182523	0.0577513	0.00256672	0.00603655	0.002234	0.0287806	0.00791406	0.00266179	0.0124058
c.2.1.2	0.0669616	0.0195197	0.0202219	0.0277817	0.183776	0.0523101	0.0132238	0.00968965	0.0107897	0.0414268	0.0552825	0.0426672	0.0140664	0.0113046	0.00201283	0.0424098	0.00788747	0.0362777	0.0350372	0.00655339	0.00299583	0.00018724	0.00203623	0.0595656	0.0198474	0.0167345	0.010462	0.010228	0.00182559	0.00241071	0.00828535	0.00763001	0.0176941	0.0180452	0.0587932	0.00313626	0.00545335	0.00266816	0.0306605	0.00641296	0.00308945	0.0126387
c.2.1.2	0.0657582	0.01969	0.0192524	0.02642	0.188399	0.054361	0.0148977	0.0100013	0.00950119	0.0430262	0.0548819	0.0411926	0.0123349	0.0111472	0.00135434	0.0425053	0.00685502	0.0348585	0.0382339	0.00527149	0.00297954	0.000416719	0.00225028	0.0596533	0.020961	0.017398	0.00977205	0.0101888	0.00158353	0.00241697	0.00966788	0.00906363	0.0156686	0.0180856	0.0583198	0.00291703	0.00618827	0.00264616	0.0282327	0.00720923	0.00268784	0.0117515
c.2.1.2	0.0680353	0.018259	0.0192912	0.0282372	0.193463	0.0489506	0.0127996	0.00917536	0.00954238	0.0390412	0.0579883	0.0399587	0.0131896	0.00988645	0.00190389	0.0414268	0.00802844	0.0346829	0.0378484	0.00506939	0.00298199	0.000344076	0.0019727	0.0625072	0.0198647	0.0163321	0.00988645	0.00922124	0.00190389	0.00311962	0.0091983	0.00731735	0.0158963	0.017502	0.0600298	0.00268379	0.00591811	0.00213327	0.032045	0.00644569	0.00279849	0.0131208
c.2.1.2	0.0643903	0.0182704	0.019922	0.0268585	0.18353	0.0516319	0.0126964	0.0104048	0.0104874	0.0386465	0.0585066	0.0396375	0.0141828	0.0115196	0.00173414	0.0439109	0.00772105	0.036355	0.0359834	0.00582176	0.00274572	0.000371601	0.00173414	0.0609633	0.0198187	0.0163092	0.0119119	0.00993002	0.0017135	0.00280765	0.00990937	0.00823716	0.0169904	0.0194265	0.0596214	0.00313797	0.00722558	0.00274572	0.0301616	0.00675076	0.00268379	0.0125932
c.2.1.2	0.0607324	0.0201233	0.0209739	0.024279	0.171627	0.0546243	0.0133458	0.0115608	0.014057	0.042422	0.058278	0.0453924	0.0139594	0.0143499	0.00202209	0.0457411	0.00924583	0.0362024	0.0374993	0.00892509	0.00333296	0.000502036	0.00175713	0.0546383	0.0195794	0.0175294	0.0116026	0.0100965	0.0024544	0.003068	0.0107101	0.0101523	0.0174876	0.0197607	0.0532577	0.00310983	0.00711218	0.00252413	0.0253668	0.00725163	0.00287276	0.010473
c.2.1.2	0.0669426	0.0204349	0.0199829	0.0278333	0.183628	0.0516224	0.0127986	0.0120373	0.0110144	0.0417024	0.0555476	0.0418451	0.0133457	0.0102769	0.00202208	0.0400847	0.00839756	0.0338995	0.0391331	0.00632791	0.00278333	0.00028547	0.00230755	0.0591398	0.0204824	0.0172709	0.0100866	0.00920639	0.0024027	0.00335427	0.00899229	0.0094205	0.015677	0.0174374	0.058212	0.00304501	0.00616139	0.00259302	0.0294747	0.00725569	0.00321153	0.0123228
c.2.1.2	0.0662605	0.0208383	0.0203878	0.0272865	0.179935	0.0528662	0.0138685	0.0106681	0.0113793	0.0413209	0.0599545	0.041155	0.0157413	0.0120431	0.00146982	0.041558	0.00815514	0.0325494	0.0387843	0.00689868	0.00365085	0.000450429	0.00206249	0.057726	0.0207672	0.0177327	0.00986203	0.010265	0.00189654	0.00282111	0.00988573	0.00865298	0.0158836	0.0174008	0.0555924	0.00272628	0.00666161	0.00251292	0.0284244	0.00744393	0.00272628	0.0117349
c.2.1.2	0.0600531	0.0227325	0.0197943	0.0242274	0.161112	0.0572953	0.0151293	0.0168046	0.0136859	0.0469342	0.0540736	0.0440991	0.0126807	0.0147426	0.00386608	0.0413155	0.00804144	0.0332741	0.0401041	0.0117787	0.00296399	0.00033506	0.00247429	0.0522436	0.0214954	0.0201294	0.0101034	0.011624	0.00396917	0.00322173	0.011392	0.0142272	0.0148715	0.0171654	0.0531972	0.00311864	0.00724245	0.00296399	0.0241759	0.00817031	0.00337638	0.00979407
c.2.1.2	0.0689463	0.0201082	0.0187818	0.0280136	0.194769	0.0510134	0.0127334	0.0110622	0.00827674	0.0410919	0.0543824	0.0380412	0.011858	0.00960314	0.00156515	0.0389166	0.00657895	0.0339028	0.039288	0.00649936	0.0028385	0.00026528	0.00196307	0.0610144	0.0219121	0.0171106	0.00912564	0.00970925	0.00172432	0.00222835	0.0092848	0.00949703	0.0144047	0.0173758	0.061545	0.00310378	0.00607492	0.00252016	0.0300297	0.0074809	0.00278544	0.0125743
c.2.1.2	0.0646097	0.0197994	0.0189272	0.0268426	0.182795	0.0544265	0.0131705	0.0101177	0.0107283	0.0416703	0.0569341	0.039577	0.0150022	0.0101614	0.00167902	0.040471	0.00654165	0.0352159	0.0392717	0.00630179	0.00281291	0.000261666	0.00207152	0.0584605	0.0202791	0.0177279	0.0104448	0.0112298	0.00228958	0.00252944	0.010423	0.00918011	0.0159616	0.0184693	0.0591147	0.00263846	0.00686873	0.00242041	0.0295028	0.0075229	0.00335805	0.0121893
c.2.1.2	0.0578608	0.019878	0.0210329	0.023226	0.167155	0.0547461	0.0144185	0.0125404	0.0130653	0.0401409	0.0581641	0.0478635	0.0156667	0.0157601	0.00239142	0.0485401	0.0105456	0.036093	0.0369796	0.0088891	0.00298636	0.000454954	0.00173816	0.0527513	0.0192247	0.016565	0.0120154	0.0109656	0.00289304	0.00362796	0.0115838	0.0113388	0.0181515	0.0207179	0.0522963	0.00334799	0.00781587	0.00277638	0.0234593	0.00779254	0.00253141	0.010009
c.2.1.2	0.0654536	0.0190853	0.0193395	0.0267746	0.186638	0.0514521	0.0126671	0.00968036	0.00925671	0.0393569	0.0582516	0.0404372	0.0140439	0.0112479	0.0018005	0.0436357	0.00724438	0.0361795	0.0380012	0.00569807	0.00292317	0.00044483	0.00218179	0.0593955	0.021479	0.0172425	0.010337	0.0112479	0.00171577	0.00269017	0.00963799	0.00823995	0.0165646	0.0173696	0.0590989	0.00254189	0.00633354	0.0022877	0.0293376	0.00775276	0.00269017	0.0122434
c.2.1.2	0.0634682	0.0194709	0.0198364	0.0260695	0.181979	0.052342	0.0161005	0.0113293	0.0100501	0.041297	0.0567681	0.0416421	0.0136641	0.0114105	0.00174609	0.0438146	0.00718738	0.034739	0.0382312	0.00570524	0.00294398	0.000324853	0.00231458	0.0588797	0.0204861	0.0167096	0.010578	0.0106796	0.00194912	0.00261913	0.0103141	0.00907559	0.0167909	0.01874	0.0581081	0.00322823	0.00629403	0.00292368	0.0276937	0.00755284	0.00308611	0.0118571
c.2.1.2	0.0677156	0.0198536	0.0186367	0.0286702	0.185343	0.0548214	0.0121256	0.0091369	0.00975599	0.0409666	0.054245	0.0423969	0.0136627	0.0112717	0.00202805	0.0393442	0.00612685	0.0330252	0.0371881	0.00695942	0.00311679	0.000555046	0.0015157	0.0610764	0.0208356	0.0178042	0.00853916	0.0100122	0.00234827	0.00292466	0.00877399	0.00856051	0.0151143	0.0187648	0.0600517	0.00241231	0.00627628	0.00222018	0.032705	0.00683133	0.00273253	0.0135559
c.2.1.2	0.0687579	0.01988	0.0190819	0.028248	0.189006	0.0548031	0.0124553	0.00892425	0.0104237	0.0416465	0.0542711	0.0412837	0.0119716	0.0111251	0.00157202	0.0388411	0.00662668	0.0373416	0.0373416	0.00689272	0.00350682	0.00029022	0.0022492	0.0601964	0.0197349	0.0172923	0.00892425	0.00977073	0.0017655	0.00203154	0.00834381	0.00766663	0.0154058	0.0189852	0.0599787	0.00220083	0.0061188	0.00220083	0.0304005	0.00638483	0.00297475	0.0130841
c.2.1.2	0.0593012	0.0200746	0.0201136	0.0237647	0.169523	0.0568975	0.0137209	0.0123436	0.0127854	0.0414485	0.059821	0.0463469	0.0129543	0.0149552	0.00202695	0.046152	0.00931616	0.0355885	0.0382132	0.00906929	0.00353417	0.000389798	0.00196198	0.0547276	0.021179	0.017359	0.0111482	0.0104206	0.00265062	0.00285852	0.0100048	0.0112652	0.0171511	0.019269	0.0534543	0.00350818	0.00692541	0.00275457	0.0248691	0.00743214	0.00233879	0.0103816
c.2.1.2	0.0657927	0.0196972	0.019607	0.0262178	0.184811	0.0549401	0.0158616	0.0110331	0.0105142	0.039778	0.0575799	0.0401164	0.0121387	0.0117777	0.00160195	0.0423953	0.00656574	0.0351301	0.0392365	0.00692674	0.00333927	0.000315877	0.00200808	0.0583922	0.0209833	0.0161774	0.0103337	0.010988	0.00239164	0.00241421	0.00970195	0.00870919	0.0152298	0.0179824	0.0577153	0.00291058	0.00618217	0.0028429	0.0284741	0.00715237	0.00275265	0.0112813
c.2.1.2	0.0643786	0.0200093	0.0186621	0.0266569	0.183904	0.0550145	0.015018	0.0103359	0.00940833	0.0424258	0.0540869	0.0422492	0.0149076	0.0105126	0.00172265	0.0402394	0.00625014	0.0332384	0.040129	0.00761943	0.00295943	0.000463791	0.00218644	0.0600941	0.0206056	0.0188608	0.00951876	0.0107335	0.00196559	0.00258398	0.00834824	0.00918748	0.0150401	0.0177787	0.0584598	0.00302569	0.00631639	0.00229687	0.0301464	0.00726606	0.00306986	0.0123236
c.2.1.2	0.0646101	0.0190008	0.0214042	0.025757	0.181718	0.0508706	0.0135882	0.0114307	0.010598	0.0385693	0.0591408	0.0444739	0.0134936	0.0135693	0.00264951	0.045212	0.0096707	0.035863	0.0369985	0.00541257	0.00334974	0.000397426	0.00230886	0.0563399	0.0197956	0.0149697	0.0115064	0.0104656	0.00249811	0.00306586	0.00987888	0.00798637	0.0181491	0.0195496	0.0559992	0.00295231	0.00624527	0.00251703	0.0276684	0.00675625	0.00244133	0.0111279
c.2.1.2	0.0681347	0.0196909	0.0193733	0.0277154	0.192632	0.0550074	0.0135931	0.0107982	0.00937963	0.0399534	0.054097	0.0417743	0.0126826	0.00969723	0.00124921	0.0421978	0.00616134	0.0329028	0.0361423	0.00584374	0.00283718	0.000296422	0.00163032	0.0590938	0.0204954	0.0175101	0.00908321	0.00980309	0.00122803	0.00175736	0.00906204	0.00829981	0.016642	0.0191192	0.0597078	0.00247724	0.00673301	0.00209613	0.030595	0.00709295	0.00296422	0.0124497
c.2.1.2	0.0594899	0.0185134	0.0204745	0.0236012	0.176426	0.0531404	0.0152359	0.0120954	0.0113549	0.0388371	0.0612178	0.0436917	0.0127811	0.0143993	0.00201591	0.0463522	0.00955842	0.0375343	0.036972	0.00666484	0.00316786	0.000342841	0.0022079	0.0564866	0.0200082	0.0156061	0.0113549	0.0103812	0.00222161	0.00298958	0.0107926	0.00990126	0.017718	0.0213247	0.0549232	0.00337356	0.00811849	0.0026056	0.0253977	0.00770708	0.00263302	0.0103812
c.2.1.2	0.0624605	0.0194685	0.0202097	0.0257254	0.175042	0.0512111	0.0135822	0.0112058	0.0101376	0.0398308	0.0604984	0.0400924	0.0168305	0.0126229	0.00244174	0.0450849	0.0090257	0.0367569	0.0379777	0.00627875	0.00292136	0.000348819	0.00196211	0.0582747	0.0216268	0.0166125	0.0114892	0.0112712	0.00235453	0.00329198	0.0107262	0.00957073	0.0169395	0.0188799	0.0556367	0.00298677	0.00647496	0.00268155	0.0274259	0.00752142	0.00298677	0.0115328
c.2.1.2	0.069258	0.0207684	0.0204088	0.0287401	0.179453	0.0517262	0.0106389	0.0117478	0.0115979	0.041387	0.0563714	0.041387	0.0154339	0.0100995	0.00188804	0.0425857	0.00725246	0.0318868	0.0406677	0.00815152	0.00347638	0.000269719	0.00191801	0.060597	0.0204987	0.017292	0.00833134	0.00881084	0.00194797	0.00272716	0.00893071	0.00842124	0.0165728	0.0169624	0.0592784	0.0031767	0.00593383	0.00254735	0.0294294	0.0069228	0.00200791	0.012497
c.2.1.2	0.0717141	0.0202907	0.0199879	0.0307087	0.188643	0.0542701	0.0105694	0.00963053	0.0092974	0.0419746	0.055421	0.0420957	0.0121744	0.00963053	0.00145366	0.0385524	0.00754088	0.0309509	0.0380376	0.00578437	0.00293761	0.000211993	0.00230164	0.0612053	0.0187765	0.0181708	0.00872199	0.00805572	0.00184737	0.0021805	0.00878256	0.00784373	0.0156269	0.0175651	0.0601757	0.00272562	0.00596608	0.00242277	0.0330406	0.0059358	0.00269534	0.0140824
c.2.1.2	0.064831	0.0204082	0.0187237	0.0264334	0.182421	0.0550265	0.0136486	0.00952381	0.00881114	0.0411619	0.0577691	0.0409891	0.0163481	0.0102365	0.00220279	0.042436	0.00775294	0.0318324	0.0405788	0.00751539	0.00300184	0.000259151	0.00187885	0.0576828	0.0218551	0.0181622	0.00963179	0.0113379	0.00207321	0.00328258	0.00997732	0.0101717	0.0150092	0.0172983	0.0576396	0.00259151	0.00604686	0.00256992	0.0288522	0.0074506	0.00272109	0.0118562
c.2.1.2	0.0590249	0.0196929	0.0205691	0.0237232	0.169432	0.0543477	0.0132904	0.0111202	0.013196	0.0402755	0.0618555	0.0471633	0.0133578	0.0155818	0.00226449	0.0469342	0.00955667	0.03576	0.0386715	0.0085053	0.00349108	0.000283061	0.00219709	0.0542668	0.0197199	0.0174015	0.0114303	0.010945	0.00277669	0.00338325	0.0108911	0.0106889	0.0171858	0.0190594	0.053175	0.00362587	0.00725175	0.00301932	0.0242893	0.0076696	0.00261494	0.0103115
c.2.1.2	0.0682769	0.0206579	0.0187775	0.0273584	0.190317	0.0534986	0.01356	0.011865	0.0100906	0.0404682	0.0558822	0.0403888	0.0112029	0.0101171	0.00209227	0.0370782	0.00625033	0.0342444	0.0422692	0.00672705	0.00304571	0.000317813	0.00246305	0.0589809	0.0209492	0.01793	0.0081837	0.00982573	0.00209227	0.00256899	0.00879284	0.00924307	0.0148048	0.0185126	0.0591133	0.00301923	0.00590603	0.00214524	0.0296626	0.0066476	0.00275438	0.011918
c.2.1.2	0.0602267	0.0190922	0.0206656	0.0242059	0.172026	0.0538767	0.0150883	0.0121943	0.0128827	0.0410784	0.0608027	0.0437476	0.0129529	0.014723	0.00276759	0.0452649	0.00986218	0.0364704	0.0368919	0.00726317	0.00341383	0.000421461	0.00175609	0.0558576	0.019317	0.0161419	0.0119273	0.0107192	0.0027114	0.00324525	0.0113654	0.00997457	0.0172237	0.0198227	0.0543403	0.00302047	0.00788132	0.0026833	0.025667	0.00682766	0.00287998	0.0107192
c.2.1.2	0.0670648	0.0202682	0.018026	0.0275496	0.193136	0.0537229	0.0138747	0.00998979	0.00759224	0.0425565	0.0534343	0.0404919	0.0136749	0.0095236	0.00124317	0.0395374	0.00521689	0.0309905	0.0413133	0.00699285	0.00281934	0.000266394	0.00215335	0.0620477	0.0212006	0.0193136	0.00883541	0.00892421	0.00202016	0.00273054	0.00830262	0.00992319	0.0142077	0.0171602	0.0593837	0.00268614	0.00583848	0.00217555	0.0311015	0.00688185	0.00313013	0.0126981
c.2.1.2	0.0661844	0.0196745	0.0203099	0.0282286	0.178976	0.050567	0.0129778	0.0107049	0.0089696	0.0393245	0.0580213	0.0418174	0.0160084	0.0106804	0.00131978	0.0424773	0.00777202	0.034192	0.0359517	0.00615896	0.00244403	0.000268843	0.00227295	0.0600254	0.0214097	0.0177192	0.0107782	0.0103383	0.00168638	0.00359273	0.0114136	0.00914068	0.016986	0.0179881	0.0578502	0.00312836	0.00681885	0.00281064	0.0296461	0.0075765	0.00293284	0.0128556
c.2.1.2	0.0669897	0.0197974	0.0196513	0.028369	0.18575	0.053621	0.0118833	0.00983782	0.0109093	0.0404714	0.0553499	0.0405688	0.014708	0.0103735	0.00194808	0.0388886	0.00735402	0.0343593	0.0372327	0.00513807	0.00280037	0.000316564	0.00192373	0.0606098	0.0206253	0.017411	0.00978912	0.0103735	0.00175328	0.0022403	0.00956996	0.00891248	0.0159743	0.0176302	0.0603419	0.00311693	0.00694005	0.0023377	0.030244	0.00769493	0.00326304	0.0129304
c.2.1.2	0.0674836	0.0208253	0.0195012	0.0279276	0.183215	0.052942	0.0130489	0.0122304	0.00955797	0.0426377	0.056457	0.0432878	0.0150713	0.0105451	0.00182974	0.0380393	0.00830605	0.0326223	0.0378226	0.00671706	0.00296129	0.000361133	0.00180566	0.0601406	0.0214272	0.018803	0.00999133	0.010834	0.00170936	0.00240755	0.00777639	0.00861903	0.0151194	0.0175029	0.0575164	0.00221495	0.00597072	0.00228717	0.0296369	0.00724673	0.00300944	0.0125915
c.2.1.2	0.0632752	0.0194967	0.0193101	0.0258938	0.180629	0.0529584	0.0148643	0.0106562	0.00941747	0.0431846	0.0592028	0.0446269	0.0113349	0.0126924	0.00125566	0.0424889	0.00675343	0.0345477	0.039248	0.00604076	0.00293554	0.000288463	0.00183259	0.0584901	0.0206675	0.0179017	0.0105204	0.0116064	0.00179865	0.00320703	0.0102829	0.00970594	0.0153734	0.0185295	0.0564879	0.00320703	0.00705886	0.00271495	0.0275567	0.00753398	0.00296947	0.0114537
c.2.1.2	0.0632123	0.0201928	0.0195633	0.024185	0.177495	0.0561556	0.0154386	0.0127551	0.00992248	0.0421747	0.0598165	0.0438477	0.0127882	0.0121919	0.00124238	0.0448582	0.00819971	0.0363935	0.040866	0.0065929	0.00347866	0.000281606	0.0024682	0.0570501	0.0215512	0.0174927	0.00927644	0.0105519	0.00215346	0.00256759	0.0102041	0.00972369	0.0147429	0.0184038	0.0551948	0.00296515	0.00674198	0.00233567	0.024682	0.00760337	0.00260072	0.0100384
c.2.1.2	0.0608021	0.019473	0.0207249	0.0243299	0.172979	0.0548592	0.0132585	0.0116295	0.0134697	0.0395795	0.0603798	0.043637	0.0127004	0.0159434	0.00215696	0.0460202	0.00880885	0.0365175	0.0381616	0.00772282	0.00292623	0.000301673	0.00242847	0.0550402	0.0202573	0.0162752	0.01172	0.0108451	0.00277539	0.00289606	0.0111166	0.010287	0.0169238	0.0199707	0.053562	0.00343907	0.00749657	0.00283572	0.0253858	0.00734573	0.00273014	0.010287
c.2.1.2	0.0595153	0.0188904	0.0195783	0.0235468	0.174326	0.055388	0.0142075	0.0113633	0.0103183	0.0410747	0.0589729	0.045202	0.0129243	0.012792	0.00238114	0.0436146	0.010014	0.0382835	0.0380453	0.00767257	0.00281768	0.000317486	0.00181231	0.0563801	0.0210466	0.0171442	0.0120512	0.0112707	0.00219594	0.00306903	0.0108474	0.0104506	0.017422	0.0193137	0.0563801	0.00294997	0.00748737	0.00244728	0.0253195	0.00789745	0.00284414	0.0104241
c.2.1.2	0.0564024	0.018132	0.0200247	0.0229521	0.168829	0.0522258	0.0155958	0.012782	0.0123025	0.0383587	0.0618407	0.0442008	0.0138798	0.0156968	0.00220815	0.0476581	0.00916065	0.0374628	0.0365417	0.00668753	0.00268763	0.00025236	0.00180437	0.0563393	0.0202392	0.0163277	0.0135769	0.0119114	0.00257407	0.00341947	0.0129082	0.0106748	0.0172488	0.0214506	0.0538031	0.00369707	0.00869379	0.0032302	0.0244915	0.00847928	0.00290213	0.0103467
c.2.1.2	0.0597	0.0192059	0.0205285	0.0241023	0.170292	0.0558448	0.0144642	0.0110733	0.0123396	0.0398328	0.0617965	0.045264	0.0134652	0.0152381	0.00232159	0.0454187	0.010412	0.0365967	0.0372861	0.00809039	0.00337686	0.000281405	0.00181506	0.054494	0.0198531	0.0165466	0.0118612	0.0105667	0.00261706	0.00334872	0.0111718	0.00962404	0.0174049	0.0206692	0.0543533	0.00303917	0.00759793	0.00292661	0.0250732	0.00678186	0.00263113	0.0106934
c.2.1.2	0.0628539	0.019113	0.0203549	0.0253015	0.177426	0.0544341	0.0154714	0.0100617	0.0112194	0.0397415	0.0606858	0.0408782	0.0141874	0.0114299	0.00235755	0.0443093	0.00894605	0.037405	0.0388995	0.0065464	0.00317848	0.00046309	0.00195761	0.0559917	0.0201654	0.0160397	0.0119772	0.0115983	0.00265224	0.00328373	0.00987223	0.00823037	0.0170501	0.0187972	0.0563706	0.00290484	0.00696739	0.00263119	0.0269644	0.00724104	0.00292588	0.0111142
c.2.1.2	0.0669654	0.0204892	0.0189634	0.0270526	0.186801	0.0564059	0.012836	0.0126907	0.0099782	0.0416324	0.0543473	0.0428191	0.0139501	0.00903366	0.00169533	0.0414386	0.00603052	0.0339065	0.0386534	0.00784694	0.00285783	0.000169533	0.00239767	0.0596512	0.0208283	0.0171712	0.00835553	0.0095907	0.00254299	0.00251877	0.00922742	0.00925163	0.0148946	0.0165658	0.0587794	0.00266408	0.00578833	0.00239767	0.0291112	0.00695084	0.00273674	0.0120126
c.2.1.2	0.0677307	0.0201762	0.0184697	0.0293357	0.189992	0.0533765	0.0133253	0.0102136	0.00795503	0.0428618	0.0507165	0.0409295	0.0137519	0.00943562	0.00122964	0.0377425	0.00642425	0.0302141	0.0366132	0.00687596	0.00268514	0.000200758	0.00180682	0.0612061	0.0208537	0.018269	0.0101132	0.0118447	0.00210796	0.0019072	0.00878316	0.00888354	0.0152325	0.0178674	0.0612061	0.00278552	0.00604783	0.00255966	0.033376	0.00772918	0.00326232	0.0139025
c.2.1.2	0.0585775	0.0191972	0.0205827	0.0229008	0.17043	0.0549672	0.0152805	0.0121631	0.0132422	0.0397799	0.0622677	0.0438298	0.0131356	0.0148675	0.00205161	0.0461213	0.00977845	0.0386875	0.0373819	0.00831302	0.00350372	0.000293087	0.00218483	0.054714	0.0199965	0.0162663	0.0121764	0.0112439	0.00283762	0.00302413	0.0110307	0.00991167	0.0172255	0.0213421	0.0530088	0.00319731	0.00796664	0.00269107	0.0236601	0.0078201	0.00278433	0.0095653
c.2.1.2	0.0654005	0.0203158	0.0199788	0.0268631	0.18005	0.055026	0.0138648	0.0119391	0.0103505	0.0405835	0.0568795	0.0399336	0.0170181	0.0101098	0.00211824	0.043809	0.00799153	0.0344935	0.0383208	0.00695648	0.00341806	0.000361063	0.00194974	0.0578423	0.0209898	0.0168977	0.0103264	0.0109522	0.00226266	0.00298479	0.00852109	0.00861737	0.0160312	0.0171385	0.0572646	0.00291257	0.00599365	0.00238302	0.0287406	0.00734161	0.00310514	0.0119632
c.2.1.2	0.0603399	0.0193196	0.0205601	0.0242244	0.174005	0.0544371	0.0142295	0.0117914	0.0116631	0.0422608	0.0595985	0.043159	0.0122334	0.0153416	0.00188206	0.0439717	0.00875442	0.0358446	0.0379976	0.0070292	0.00282309	0.000441998	0.00189632	0.0558772	0.0200895	0.0168102	0.0115918	0.0109929	0.00242386	0.00319379	0.0121478	0.0108931	0.016967	0.0200325	0.0550074	0.00335063	0.00789894	0.00299418	0.0252652	0.007571	0.00253793	0.0105509
c.2.1.2	0.0667813	0.0195475	0.0190873	0.0281465	0.186561	0.053241	0.0128137	0.0120386	0.0100039	0.0399186	0.0549365	0.0420017	0.0129348	0.0103188	0.00113846	0.0383684	0.00685496	0.0356797	0.036697	0.0057165	0.00278558	0.000242225	0.00218002	0.0605077	0.0204195	0.0180457	0.00966476	0.0100765	0.00198624	0.00247069	0.0101008	0.00910764	0.0156235	0.0174644	0.0605319	0.00305203	0.0061525	0.00273714	0.030811	0.00714563	0.00297936	0.0131286
c.2.1.2	0.0668651	0.0214379	0.0194116	0.0280919	0.179983	0.0538823	0.0141585	0.011732	0.0103062	0.0434761	0.0552582	0.0430508	0.0152592	0.00985591	0.00240144	0.0400991	0.00855513	0.0298929	0.0388733	0.0073294	0.00285171	0.0005003	0.00175105	0.0594857	0.0222884	0.0192616	0.00923054	0.0102812	0.00217631	0.00280168	0.00855513	0.00955573	0.0143086	0.0158845	0.0570342	0.00265159	0.0060036	0.0020012	0.0302682	0.00745447	0.00297679	0.0127577
c.2.1.2	0.0679113	0.0197893	0.0191615	0.0282509	0.193116	0.0544546	0.0141118	0.00963533	0.00933508	0.0385959	0.0550278	0.039988	0.0119282	0.0100448	0.00152855	0.0391145	0.006742	0.0362758	0.035648	0.00586854	0.00278415	0.00024566	0.00199258	0.0596681	0.0203625	0.0171689	0.00906212	0.00917131	0.00207446	0.00240201	0.0098264	0.00947156	0.016159	0.018561	0.0597773	0.00281144	0.00625068	0.00264767	0.0306256	0.00701496	0.00259308	0.0128016
c.2.1.2	0.0609955	0.019432	0.021965	0.0252006	0.170784	0.0496062	0.016141	0.0133121	0.0117775	0.0383278	0.0603114	0.0440225	0.0143475	0.0132567	0.00258847	0.0475724	0.0112414	0.0332988	0.0366453	0.00737714	0.0032171	0.000295825	0.00190437	0.0555597	0.0206523	0.0150871	0.0129978	0.011833	0.00299523	0.00375328	0.0113708	0.00937396	0.0178789	0.0191547	0.0544503	0.00358688	0.00687794	0.00343897	0.0257923	0.00813519	0.00255149	0.0108901
c.2.1.2	0.063024	0.0200697	0.0194216	0.0252542	0.181113	0.0547815	0.0143586	0.0122929	0.0104297	0.0413342	0.057151	0.0423063	0.0161003	0.0117866	0.00180242	0.0419215	0.00779699	0.0346916	0.0405241	0.00755397	0.00342258	0.000324031	0.00230872	0.0568877	0.0203532	0.0176799	0.0100652	0.0110778	0.00190368	0.00249099	0.00919438	0.00929564	0.0156345	0.0183077	0.0564219	0.002572	0.00676415	0.00249099	0.0272591	0.00761473	0.00293653	0.0112803
c.2.1.2	0.0658475	0.0193493	0.0187509	0.0275079	0.186611	0.0517843	0.0154196	0.0113503	0.00967465	0.0406335	0.0562127	0.0421695	0.0123676	0.00975444	0.00195488	0.037801	0.00720113	0.0346093	0.0374618	0.00644312	0.00273284	0.000398955	0.00215436	0.0608206	0.0211845	0.0172747	0.0100537	0.0111508	0.00225409	0.0022142	0.00935549	0.00871716	0.0159382	0.0186511	0.0594044	0.00259321	0.0066027	0.00251341	0.0299017	0.00728092	0.00327143	0.0126269
c.2.1.2	0.0634059	0.0195646	0.0193761	0.02586	0.185769	0.057431	0.0147017	0.0109886	0.0107247	0.0400151	0.0552069	0.0438036	0.0139289	0.00965036	0.00177175	0.0421072	0.00725662	0.033682	0.0369051	0.00591839	0.00290265	0.000358119	0.0017529	0.0576006	0.0201866	0.0175855	0.00965036	0.0103666	0.00150787	0.0022618	0.0105362	0.00982	0.016775	0.0193384	0.0578833	0.00295919	0.00725662	0.00199793	0.0284045	0.00789746	0.00301574	0.0118745
c.2.1.2	0.0593117	0.0188099	0.020045	0.0239177	0.1723	0.0544612	0.0141911	0.0111032	0.0117851	0.0409521	0.0589128	0.0455323	0.0136764	0.0137022	0.00223866	0.0450949	0.00954648	0.0379929	0.0368865	0.00735928	0.00295915	0.000295915	0.00191702	0.0562753	0.0204953	0.0165584	0.0123126	0.0113606	0.00249598	0.00297202	0.0104214	0.00953361	0.0187327	0.0199292	0.0553876	0.00307494	0.00725635	0.00257317	0.0257446	0.0080283	0.00297202	0.0108845
c.2.1.2	0.0649293	0.0195274	0.0190642	0.0270558	0.186565	0.0530924	0.0136669	0.00998379	0.00956683	0.0403753	0.0579106	0.0416725	0.0125319	0.00998379	0.00145935	0.038082	0.00683345	0.0357656	0.0379199	0.00609219	0.00240908	0.000231642	0.00261756	0.0594626	0.0210795	0.0182766	0.0101691	0.0105629	0.00148251	0.00301135	0.00986796	0.00947417	0.015798	0.0184619	0.0594394	0.00282604	0.00687978	0.00257123	0.0302293	0.00752838	0.00287237	0.0126708
c.2.1.2	0.0641936	0.0194885	0.0196999	0.0269499	0.181716	0.051617	0.0139294	0.0100824	0.00976538	0.0420207	0.0571972	0.0416402	0.015557	0.00906785	0.00183893	0.0450856	0.00760938	0.0345593	0.0373917	0.00695413	0.00319171	0.000718664	0.00202917	0.0572395	0.0203762	0.01803	0.0104418	0.0103149	0.00207144	0.00281124	0.00987106	0.0102727	0.016952	0.0178609	0.0566265	0.0034665	0.00612978	0.00259987	0.0305644	0.00663707	0.00291693	0.0125132
c.2.1.2	0.063425	0.0195441	0.0198528	0.024288	0.179699	0.0552207	0.015775	0.0111774	0.0111774	0.0402093	0.0611343	0.0418664	0.0138742	0.0127695	0.00191705	0.0420126	0.0086592	0.0384222	0.0402417	0.00695336	0.00360665	0.000308677	0.00246942	0.0571702	0.0210063	0.0151414	0.00937404	0.0103488	0.00201452	0.00250191	0.0108362	0.00945527	0.0157913	0.0188455	0.055237	0.00268062	0.00770068	0.00217699	0.024483	0.00804185	0.00256689	0.0100239
c.2.1.2	0.067178	0.01952	0.0187443	0.0286767	0.190826	0.0523764	0.0128625	0.00945835	0.00825182	0.0414746	0.0552204	0.0399233	0.0138105	0.00928599	0.00135735	0.0398802	0.00678675	0.0317361	0.0368854	0.00659284	0.00288706	0.000387814	0.00196062	0.0614254	0.0210497	0.018335	0.0104494	0.0111604	0.00172362	0.00232688	0.00855345	0.00859654	0.015728	0.017387	0.0599604	0.00299479	0.00594648	0.00243461	0.0322532	0.00706683	0.00308097	0.0134442
c.2.1.2	0.0666417	0.019412	0.0187254	0.0275472	0.192164	0.0514533	0.0134823	0.0106111	0.0086345	0.0407798	0.0552608	0.0398643	0.0127541	0.0101117	0.00116514	0.0397603	0.00636664	0.0328735	0.0385536	0.00638745	0.0031001	0.000270478	0.00239269	0.0615026	0.0211597	0.0178724	0.00992447	0.0106943	0.00187254	0.0024135	0.00923788	0.00869692	0.0155629	0.0174771	0.0594844	0.00307929	0.00624181	0.00239269	0.0313963	0.00684518	0.00301687	0.0128165
c.2.1.2	0.0659572	0.0194283	0.0181908	0.0273275	0.188735	0.0544487	0.015159	0.0101266	0.00969352	0.0406303	0.0567587	0.0410428	0.0138597	0.0105804	0.00164996	0.0417234	0.00653797	0.0315967	0.0381347	0.00684734	0.0033618	0.000247494	0.00206245	0.0590686	0.0217795	0.0178608	0.00855917	0.0102504	0.00204183	0.00282556	0.00946665	0.00938415	0.0145197	0.0174483	0.0580374	0.00253681	0.00649672	0.00243369	0.0309574	0.00707421	0.00239244	0.0127666
c.2.1.2	0.0644335	0.0200948	0.0181422	0.0265625	0.185002	0.0565623	0.0148677	0.0104542	0.0102304	0.0424268	0.0560945	0.0408201	0.0136474	0.00996603	0.00185083	0.0416946	0.00695589	0.0315659	0.0393353	0.00805418	0.00321354	0.000325422	0.00223727	0.0581284	0.0217626	0.0191592	0.00844062	0.0106372	0.00199321	0.00248134	0.00907112	0.00939655	0.0151524	0.0179389	0.0575386	0.00264405	0.00632538	0.00237964	0.0298981	0.00758639	0.00270507	0.0122236
c.2.1.2	0.059652	0.0199603	0.0205894	0.0236206	0.168876	0.0548478	0.0149273	0.0117817	0.0120391	0.0436523	0.0581364	0.0476701	0.0145126	0.0132544	0.0023163	0.0462975	0.00982285	0.0358884	0.0381904	0.00876478	0.00364603	0.000457542	0.00190166	0.0546476	0.019803	0.0183875	0.0115815	0.0107093	0.00198745	0.00305981	0.0106807	0.0103805	0.0174438	0.0198745	0.053132	0.00304551	0.00692032	0.00250218	0.0246929	0.00729207	0.00274525	0.010309
c.2.1.2	0.0654702	0.0200592	0.018796	0.0272248	0.185281	0.0548634	0.0159646	0.0088644	0.0106286	0.0427974	0.0550812	0.0417955	0.0140044	0.00934356	0.00267892	0.0428627	0.00779719	0.0322124	0.0372218	0.00829812	0.00376791	0.000479157	0.00204731	0.0576295	0.0211918	0.0181862	0.0087555	0.0101059	0.00200375	0.00241756	0.00866838	0.00943067	0.0157468	0.0173803	0.0574117	0.00265714	0.00564098	0.00233044	0.0309927	0.00686065	0.00241756	0.0126323
c.2.1.2	0.0661905	0.0190476	0.0187302	0.0274603	0.189773	0.0539456	0.0147166	0.00873016	0.0102041	0.0390476	0.0536054	0.0406349	0.010771	0.0099093	0.00145125	0.0414059	0.0053288	0.035737	0.0374603	0.00546485	0.00290249	0.000181406	0.00219955	0.0607256	0.0202494	0.0167347	0.00950113	0.0103401	0.00263039	0.00226757	0.0100907	0.00875283	0.0165079	0.0187755	0.0613152	0.00297052	0.00696145	0.00269841	0.0311565	0.00761905	0.0029932	0.0128118
c.2.1.2	0.0635402	0.0185628	0.0199283	0.0272681	0.180272	0.0519118	0.0142528	0.0101348	0.0111377	0.0388325	0.0586968	0.0425877	0.0144875	0.0117778	0.0019843	0.0412222	0.00876931	0.0350132	0.0355893	0.00597423	0.00311513	0.000341384	0.00192029	0.0589741	0.0198856	0.0161731	0.0115217	0.0105402	0.00185628	0.00324315	0.0104336	0.00883332	0.01788	0.0185201	0.0579287	0.0030938	0.00716907	0.00275241	0.0305966	0.0073611	0.00326449	0.0126526
c.2.1.2	0.0671073	0.0213135	0.0184482	0.0268932	0.187322	0.0577073	0.0132455	0.0139744	0.00950059	0.0419232	0.0536356	0.0412698	0.0129188	0.00924925	0.00153316	0.0383542	0.00593159	0.0322718	0.0397115	0.00759042	0.00281499	0.000251338	0.00231231	0.0588886	0.0227461	0.0183226	0.00879684	0.0101038	0.00268932	0.00243798	0.00962626	0.00990273	0.0141001	0.0162616	0.059718	0.00286526	0.00517757	0.00238771	0.0292558	0.00713801	0.00236258	0.0119386
c.2.1.2	0.06511	0.0200957	0.0190958	0.0272517	0.180587	0.0522291	0.0169196	0.0106654	0.00986158	0.0409952	0.0549935	0.0421127	0.0149394	0.0104498	0.00182331	0.0404658	0.00750892	0.032408	0.0391327	0.00694036	0.00235266	0.000372505	0.00168608	0.0608164	0.0212132	0.018488	0.0104105	0.0104694	0.00264675	0.00288201	0.00984198	0.0100772	0.0150963	0.0170764	0.058797	0.00325452	0.00654825	0.00264675	0.029173	0.00729326	0.00309767	0.012175
c.2.1.2	0.0605343	0.019468	0.0206219	0.0242463	0.173067	0.0557709	0.0140685	0.0113169	0.0128998	0.0416876	0.0585224	0.0444392	0.0117015	0.0143643	0.0019971	0.0420723	0.00943815	0.0366875	0.0378414	0.00834344	0.00285511	0.000414213	0.00195272	0.0566289	0.018758	0.0171159	0.0123968	0.0115388	0.00258883	0.00313619	0.0113465	0.00985236	0.0171899	0.0207255	0.0549868	0.00304743	0.00738188	0.0026628	0.0255777	0.00718956	0.00289949	0.010666
c.2.1.2	0.0662604	0.0207729	0.0185529	0.0266627	0.187341	0.0571539	0.0148378	0.00962758	0.00946901	0.0414779	0.0559306	0.0409569	0.014566	0.0086535	0.00301287	0.0398695	0.00641084	0.0315332	0.0420895	0.00770207	0.00326205	0.000453063	0.00199348	0.0572218	0.0217244	0.0179639	0.00897064	0.0108735	0.00258246	0.00317144	0.00897064	0.00928779	0.0142488	0.0173296	0.0577202	0.00253715	0.00557267	0.00244654	0.0291093	0.00688655	0.00287695	0.0119155
c.2.1.2	0.0603111	0.0191052	0.0208584	0.0241714	0.171726	0.0559214	0.0133488	0.0125481	0.0127552	0.0413164	0.0579782	0.0454991	0.0130451	0.0168827	0.00155989	0.0468795	0.00900043	0.0358637	0.0346489	0.00673652	0.00320261	0.000179456	0.00218109	0.0559904	0.0193399	0.0163167	0.0117199	0.0100219	0.00216728	0.00335445	0.0117337	0.00998054	0.0176557	0.0217142	0.0549551	0.00334065	0.00755097	0.00294032	0.0250273	0.0069988	0.00300935	0.0104637
c.2.1.2	0.0653133	0.0197509	0.0194371	0.0272629	0.182975	0.0515053	0.0148671	0.0104541	0.010356	0.0413259	0.0584682	0.0421497	0.0143572	0.0102971	0.001726	0.0405806	0.0077866	0.0345788	0.0364813	0.00678631	0.00317741	0.000313818	0.00207904	0.0591154	0.020457	0.0177503	0.0101599	0.011219	0.00209866	0.00249093	0.0101206	0.00915956	0.015789	0.0182995	0.057311	0.0030205	0.00696283	0.00251054	0.0288909	0.0070609	0.00333431	0.0122193
c.2.1.2	0.0638905	0.0194543	0.0187265	0.0269489	0.182918	0.0546059	0.012845	0.00896984	0.0101107	0.0403053	0.0559435	0.0400496	0.0149497	0.0107009	0.00188839	0.0402659	0.0061766	0.0337156	0.0386136	0.00623562	0.00287192	0.000432756	0.00204575	0.0607432	0.0207723	0.0177036	0.0102878	0.0121958	0.00232114	0.00255719	0.0104058	0.00948128	0.0161497	0.0183528	0.0594056	0.00263588	0.0071208	0.0027539	0.0302536	0.00788796	0.00358007	0.012727
c.2.1.2	0.0608647	0.019653	0.0201493	0.025807	0.174951	0.0537777	0.0150077	0.0115139	0.0111565	0.0405765	0.0579863	0.0416088	0.0166356	0.0127248	0.00244174	0.0433954	0.00911184	0.036368	0.0347798	0.00649144	0.00305713	0.000555842	0.00216381	0.0557827	0.0203875	0.017648	0.01203	0.0116727	0.00208441	0.00289832	0.0110176	0.00998531	0.0177473	0.0188788	0.0555842	0.00305713	0.0072061	0.00293802	0.0273355	0.00798031	0.00321594	0.0117719
c.2.1.2	0.0640897	0.019535	0.0202561	0.0261559	0.18036	0.0542566	0.0134822	0.0105104	0.0118434	0.0376497	0.0601346	0.0438117	0.0162573	0.0103793	0.00249104	0.0427192	0.0100953	0.033782	0.0389826	0.00773534	0.00393322	0.000415173	0.00196661	0.0569225	0.0187484	0.0161481	0.0108382	0.0109693	0.00238178	0.00255659	0.00876235	0.00762608	0.017481	0.0182458	0.0572721	0.00310288	0.00607464	0.00218512	0.0279914	0.00721091	0.00316843	0.0114719
c.2.1.2	0.0627911	0.0218461	0.0189158	0.0261106	0.177882	0.0574538	0.0161425	0.0129245	0.0101512	0.0424886	0.0570614	0.0427764	0.0134216	0.0104913	0.00170059	0.0387996	0.00675004	0.0291455	0.0395845	0.00900005	0.00287792	0.000366281	0.00251164	0.0553346	0.0238606	0.0185757	0.0103082	0.0122443	0.00253781	0.00227618	0.0098111	0.0109361	0.0150175	0.0174245	0.0570875	0.00264246	0.00651457	0.00274711	0.0272618	0.00894773	0.00350583	0.0117733
c.2.1.2	0.0684395	0.0190168	0.0193825	0.0283423	0.187085	0.0528708	0.0126953	0.00956063	0.00943002	0.0408286	0.0566846	0.0414294	0.0137401	0.0108667	0.00161956	0.0408025	0.00705292	0.0377462	0.0361266	0.006426	0.0029779	0.000313463	0.00182854	0.0597147	0.0194086	0.0170315	0.00963899	0.00997858	0.00185466	0.00284729	0.00935165	0.00757536	0.0156732	0.0177107	0.0595319	0.00284729	0.005355	0.00269056	0.0314508	0.00624314	0.00279505	0.0130348
c.2.1.2	0.0662882	0.0201528	0.0184061	0.0275983	0.186594	0.0544541	0.0134279	0.0106114	0.010655	0.0425328	0.0544541	0.0398035	0.0137118	0.0103712	0.00179039	0.039476	0.00587336	0.0333188	0.0385808	0.00633188	0.00246725	0.000240175	0.00183406	0.0607424	0.0215284	0.0181441	0.0091048	0.0113537	0.00213974	0.00248908	0.00908297	0.01	0.014738	0.0172052	0.0592795	0.00277293	0.00650655	0.00246725	0.0306769	0.00724891	0.00290393	0.0126419
c.2.1.2	0.0643721	0.0201352	0.0190515	0.0261823	0.181347	0.0548572	0.0128527	0.011704	0.00925484	0.040639	0.0569596	0.0413759	0.0146083	0.0112922	0.00216741	0.040899	0.00689237	0.0350904	0.0402488	0.00598205	0.00305605	0.00047683	0.00212406	0.0582817	0.021349	0.0182063	0.0102952	0.0115306	0.00201569	0.00262257	0.00953661	0.00968833	0.0160605	0.0172309	0.0581083	0.00307772	0.00561359	0.0025142	0.0292817	0.0079544	0.00340283	0.0116607
c.2.1.2	0.0632182	0.0200663	0.0206011	0.0245695	0.176921	0.0558335	0.0139929	0.011215	0.0116119	0.0407536	0.0590428	0.0442734	0.0116464	0.0148728	0.00239829	0.0459126	0.00793678	0.0360088	0.037993	0.00836813	0.00324373	0.000517616	0.00196694	0.0562304	0.0197729	0.0166672	0.0108872	0.00992098	0.0026571	0.00293316	0.010059	0.00936885	0.016512	0.0195659	0.0552296	0.00320922	0.00614238	0.00270886	0.0257428	0.0066945	0.00250181	0.0102315
c.2.1.2	0.0666276	0.0196954	0.019549	0.0276517	0.185703	0.0525943	0.0125689	0.0117147	0.0100796	0.0408308	0.0558403	0.0403427	0.012935	0.0106409	0.00117147	0.0424904	0.00671157	0.0334114	0.0369991	0.00615024	0.00344121	0.000219651	0.00205008	0.0601601	0.0206716	0.0176209	0.00905452	0.00988432	0.0021477	0.00246498	0.0101528	0.00917655	0.0160346	0.0188412	0.0597452	0.00287988	0.00615024	0.00270903	0.030678	0.00663836	0.00278225	0.0127886
c.2.1.2	0.0657473	0.0204507	0.0191501	0.0283216	0.181097	0.0531225	0.0133647	0.0110551	0.0100908	0.0408566	0.0550734	0.0385021	0.0144859	0.0106963	0.00188362	0.0398924	0.00706357	0.0334342	0.0380984	0.00636843	0.00302725	0.000358785	0.00163695	0.0599843	0.0217513	0.0187465	0.0101132	0.0115932	0.0022424	0.00278058	0.00968718	0.0100908	0.0154502	0.0170423	0.0586164	0.00302725	0.00710842	0.00293755	0.0305415	0.00796053	0.00374481	0.0128041
c.2.1.2	0.06738	0.0204795	0.0181135	0.0281035	0.185236	0.0604396	0.0138546	0.0128556	0.00906988	0.0406173	0.0546559	0.0410905	0.0109627	0.0080183	0.00247121	0.0345181	0.00659866	0.0328619	0.0393554	0.00623061	0.00257637	0.000236605	0.00228719	0.0606762	0.0223461	0.0175351	0.00786056	0.0097534	0.00252379	0.00236605	0.00888585	0.00999001	0.0143278	0.0177191	0.062753	0.00270782	0.00646722	0.00270782	0.0295231	0.00820232	0.00281298	0.0128293
c.2.1.2	0.0615211	0.0185694	0.020918	0.0240447	0.177958	0.0550181	0.0130793	0.0125068	0.01236	0.0403388	0.0590403	0.0431279	0.013505	0.0175712	0.00206979	0.0459757	0.00993791	0.037858	0.0351276	0.00600385	0.0034056	0.000190831	0.00236337	0.0554438	0.0193033	0.0150023	0.0115086	0.0100553	0.0022753	0.00374323	0.0110535	0.00888099	0.0174684	0.0199639	0.0547979	0.00315606	0.00697268	0.00286247	0.0256154	0.00648826	0.00261292	0.0103049
c.2.1.2	0.0651718	0.019823	0.0193211	0.0266207	0.183106	0.0564351	0.0130709	0.0124321	0.0108582	0.0422465	0.0558192	0.040969	0.0138692	0.0112916	0.00157398	0.0403987	0.00748209	0.036019	0.0379351	0.00609061	0.00321639	0.000479036	0.00234956	0.0595146	0.0207126	0.0170628	0.0102879	0.00985446	0.00212145	0.00260048	0.00839454	0.00800675	0.0150554	0.0179753	0.0585109	0.00287422	0.00604498	0.00241799	0.0292212	0.0072996	0.00342169	0.0120443
c.2.1.2	0.0572494	0.0202437	0.0213255	0.0228923	0.163666	0.0542527	0.0176697	0.0126337	0.0141258	0.0411714	0.0573614	0.0461328	0.0166625	0.0166003	0.00264859	0.0488436	0.0100348	0.0356255	0.0362596	0.00875404	0.00338224	0.000435215	0.00195225	0.052661	0.0206043	0.0173837	0.0124596	0.0117757	0.00283512	0.00364337	0.0124347	0.011042	0.0179806	0.0193733	0.0507212	0.00346929	0.00746083	0.00309624	0.0228053	0.00784631	0.00289729	0.00958717
c.2.1.2	0.0648826	0.0194811	0.0196911	0.0275769	0.180906	0.0507442	0.0139751	0.0108954	0.00919229	0.0420652	0.0572302	0.0419019	0.0135785	0.0105688	0.00153983	0.0411553	0.00727918	0.0346927	0.0359526	0.00601932	0.00249638	0.00034996	0.00212309	0.0600999	0.0216275	0.0179413	0.0108254	0.0112221	0.00188979	0.00270636	0.0103122	0.00954225	0.0175913	0.0181513	0.0582801	0.00324297	0.00674257	0.00272969	0.0300033	0.00702254	0.00293967	0.0128319
c.2.1.2	0.0652796	0.0202496	0.0200218	0.0265776	0.178323	0.0539651	0.0140988	0.0117954	0.00999823	0.0432328	0.0566482	0.0435366	0.0139216	0.0120738	0.00179715	0.0400942	0.00787202	0.0366264	0.0398917	0.00734047	0.00329056	0.000455615	0.00225277	0.0575847	0.0200977	0.0176931	0.00987167	0.0101501	0.0025312	0.00265776	0.00921356	0.00885919	0.0158959	0.0181993	0.0563698	0.00286025	0.00577113	0.00280963	0.0290581	0.00622674	0.0029615	0.011846
c.2.1.2	0.066032	0.0216273	0.021787	0.0273137	0.171453	0.0521675	0.0141201	0.0116283	0.0146312	0.0452353	0.0605373	0.0414976	0.0155896	0.0103185	0.00345015	0.0411462	0.0101268	0.0329042	0.0383989	0.00718781	0.00274734	0.000255567	0.00191675	0.0545635	0.0185925	0.016516	0.0114047	0.0121394	0.00354599	0.00319458	0.0110533	0.0084337	0.0168674	0.017091	0.0542759	0.00249177	0.0072517	0.00252372	0.0259081	0.00776283	0.00325847	0.0110533
c.2.1.2	0.0677402	0.0195104	0.0199266	0.0282771	0.184959	0.0523399	0.0122525	0.00829843	0.0106397	0.0389168	0.0584792	0.0424807	0.0161806	0.00957311	0.00226321	0.0422205	0.00980724	0.0329336	0.0377462	0.00491663	0.00306964	0.000702375	0.00153482	0.0605603	0.020629	0.0167529	0.00988528	0.00983325	0.00213314	0.00228922	0.00910486	0.00850654	0.0157644	0.0175854	0.0586873	0.00319971	0.00645145	0.00247132	0.0293437	0.00715382	0.00244531	0.0124346
c.2.1.2	0.0622313	0.0191932	0.0197795	0.0256626	0.179638	0.0550778	0.0146587	0.0108866	0.0109452	0.0398913	0.0588695	0.0421585	0.0143656	0.0113752	0.00185677	0.0433117	0.00836526	0.0342428	0.0365296	0.0060394	0.00324447	0.000449535	0.00166132	0.0583613	0.0201704	0.0172778	0.0111602	0.0106716	0.0023454	0.00306856	0.0101829	0.00953796	0.0167696	0.0196427	0.0578141	0.00320538	0.00695802	0.00257994	0.0278321	0.00723165	0.00302947	0.011727
c.2.1.2	0.0656909	0.0200879	0.0185899	0.0274797	0.184082	0.0573169	0.01304	0.0110508	0.0103386	0.0413791	0.0554996	0.0389971	0.0133592	0.0105842	0.00176813	0.0382358	0.00532895	0.0342821	0.0379657	0.00746544	0.00267675	0.00036836	0.00196459	0.0596744	0.0217333	0.0175585	0.00970015	0.0113701	0.00248029	0.00267675	0.00974927	0.00957737	0.0147344	0.0175585	0.0596498	0.00287321	0.00694973	0.00267675	0.02996	0.00812848	0.00311878	0.0122787
c.2.1.2	0.0623392	0.0205003	0.0195096	0.0259683	0.171033	0.0552708	0.0148989	0.0126317	0.0124412	0.0402004	0.0590813	0.0422962	0.0164041	0.012365	0.00234344	0.0418199	0.00824966	0.0320651	0.0392478	0.00910702	0.00278164	0.000419151	0.00209576	0.0567188	0.0210338	0.017471	0.0101739	0.0117553	0.00259112	0.00325795	0.0106122	0.0104978	0.0163469	0.0180997	0.0563187	0.00295311	0.00750662	0.00264827	0.0259683	0.00891649	0.00272448	0.0113361
c.2.1.2	0.0661726	0.0206626	0.0193766	0.0274629	0.182672	0.0551439	0.0134917	0.0116173	0.0104621	0.0418047	0.0566478	0.0441587	0.015061	0.0109634	0.00209241	0.0403008	0.00832607	0.0320619	0.0364429	0.00843505	0.00331299	0.000501308	0.00185266	0.0581081	0.0219704	0.018701	0.00948126	0.00998256	0.00183086	0.00252833	0.00865301	0.00852223	0.0152572	0.0175894	0.0559285	0.00231037	0.00590671	0.00202703	0.0295336	0.00730166	0.00283348	0.0125109
c.2.1.2	0.0694739	0.0187147	0.0187441	0.0286605	0.194474	0.0554379	0.0125059	0.00921022	0.00894539	0.0397246	0.0548493	0.0402837	0.011682	0.0113289	0.00155956	0.0399011	0.00612053	0.0373117	0.034222	0.00467867	0.00291314	0.000147128	0.00220692	0.0600871	0.0187441	0.0166549	0.00959275	0.0114466	0.00170669	0.00194209	0.00844515	0.00665019	0.0157133	0.0192444	0.0612641	0.00208922	0.0059734	0.0024129	0.0329273	0.00606168	0.00273658	0.0132121
c.2.1.2	0.0635595	0.0220994	0.0204467	0.0259007	0.170728	0.0598527	0.0151816	0.0139302	0.0123247	0.0420031	0.0544223	0.0435378	0.0155829	0.011758	0.00321103	0.0404212	0.00729565	0.0350616	0.0371866	0.0087595	0.00347075	0.000401379	0.00200689	0.0546584	0.0216272	0.0182037	0.0106956	0.0117816	0.00316381	0.00335269	0.0101997	0.0106483	0.0155829	0.0172829	0.054257	0.00323464	0.00654011	0.0026916	0.025216	0.00821646	0.00297493	0.0105303
c.2.1.2	0.0644452	0.0202091	0.0178023	0.0265375	0.187982	0.0575566	0.0148353	0.0107685	0.00871442	0.0413727	0.0537804	0.0399411	0.0134866	0.0096481	0.00161839	0.0395469	0.00537389	0.0319114	0.0415802	0.00724126	0.00267657	0.000269732	0.00205411	0.0607519	0.0206864	0.0192547	0.00956511	0.0105818	0.00232384	0.00236534	0.00927463	0.0105818	0.0142958	0.0175326	0.0594655	0.00286331	0.00643207	0.00246908	0.0293593	0.00732426	0.00329903	0.0122209
c.2.1.2	0.0687009	0.0190365	0.0187387	0.0279706	0.193251	0.0536504	0.0112936	0.0103315	0.0102398	0.0389893	0.0556663	0.0369734	0.013195	0.0105376	0.00169519	0.0396078	0.00572698	0.0372025	0.0357593	0.00591025	0.00387144	0.000274895	0.00199299	0.0624241	0.0202506	0.0164479	0.0095297	0.0106064	0.00190136	0.00222207	0.00769707	0.00733054	0.0156003	0.019151	0.0620805	0.0023137	0.005475	0.00217625	0.0312693	0.00705564	0.00272604	0.0131262
c.2.1.3	0.0639353	0.023398	0.022387	0.0289827	0.15098	0.0541139	0.0131915	0.0100621	0.0200761	0.0374561	0.0592172	0.0395263	0.0187762	0.00924366	0.00442925	0.0407299	0.0101102	0.0305233	0.0374079	0.013384	0.00337008	0.000770305	0.00168504	0.0542102	0.0210389	0.0188725	0.0119879	0.0129989	0.00279235	0.00476626	0.0129507	0.0140099	0.0168504	0.015358	0.0558952	0.00389967	0.00828078	0.00279235	0.0253719	0.0092918	0.00308122	0.0117953
c.2.1.3	0.0617204	0.0225225	0.022306	0.0276334	0.147912	0.0534477	0.0138167	0.0105683	0.018711	0.037422	0.0592082	0.0386781	0.0184945	0.0129505	0.0045045	0.040887	0.0106116	0.0330042	0.0393711	0.0104816	0.00376819	0.000519751	0.00246881	0.0557866	0.020227	0.0188843	0.0124307	0.0120842	0.00402807	0.00498094	0.01399	0.0146396	0.0158091	0.016632	0.0553101	0.00359494	0.00883576	0.00342169	0.0236053	0.00961538	0.00372488	0.0113912
c.2.1.3	0.0656889	0.0207026	0.0200205	0.0291269	0.170396	0.0591405	0.0110846	0.00924284	0.010573	0.0397681	0.0562074	0.0437585	0.013472	0.0113915	0.001603	0.0417804	0.00917462	0.0346862	0.0327763	0.00702592	0.00259209	0.000341064	0.00177353	0.0578104	0.0197817	0.0187585	0.0107435	0.0120055	0.0021146	0.00324011	0.0109482	0.00985675	0.0167804	0.0193383	0.0595498	0.00248977	0.00695771	0.00269441	0.0297067	0.00856071	0.00303547	0.0133015
c.2.1.3	0.0721735	0.0216838	0.0230828	0.0337657	0.172072	0.0508712	0.0135444	0.00686761	0.0111917	0.0375175	0.0558947	0.0347832	0.0158972	0.00852092	0.00349739	0.0427318	0.00629531	0.0336386	0.030014	0.00597736	0.00362457	0.000127178	0.00165331	0.0570393	0.0158337	0.0162788	0.0109373	0.00985629	0.00235279	0.00451482	0.0130357	0.0113824	0.0178685	0.0186316	0.063271	0.00419687	0.00845733	0.00349739	0.0313494	0.0080758	0.00362457	0.0143711
c.2.1.3	0.0655843	0.0211754	0.0236451	0.0268923	0.162772	0.0577178	0.0161445	0.00928424	0.0123942	0.036954	0.0612394	0.0405671	0.0171507	0.0104276	0.00201235	0.0470615	0.0091013	0.0384176	0.0356277	0.00686028	0.00388749	0.000594558	0.00173794	0.052504	0.0166019	0.0152298	0.0124857	0.0127601	0.00242397	0.00411617	0.0130345	0.010885	0.0183855	0.0204436	0.0543791	0.00297279	0.00919277	0.00329293	0.0233249	0.00814086	0.0032472	0.00932998
c.2.1.3	0.0670421	0.0198202	0.0219864	0.0308134	0.166847	0.051121	0.0125095	0.00806888	0.0105599	0.0360121	0.0548576	0.0413192	0.0174916	0.0133218	0.00270768	0.0454349	0.00931442	0.0323838	0.0327629	0.00395321	0.00276183	0.000433229	0.0015163	0.0582151	0.0168959	0.0161919	0.0122387	0.0128886	0.00270768	0.00487382	0.0132135	0.00985595	0.0181956	0.0206867	0.059244	0.00341168	0.00855627	0.00400736	0.0308675	0.00801473	0.00314091	0.013755
c.2.1.3	0.0719612	0.0205071	0.0222648	0.0310003	0.180196	0.0486844	0.0125173	0.00974752	0.00884202	0.0323319	0.0575796	0.0396825	0.0159263	0.0124108	0.00276979	0.0468733	0.0102802	0.0332375	0.0329711	0.00388836	0.00292958	0.000426121	0.00154469	0.0567807	0.0198679	0.0149142	0.0118781	0.0100671	0.00276979	0.00394162	0.0117716	0.00964099	0.0159263	0.0204538	0.058858	0.00314264	0.00671141	0.00362203	0.0291893	0.00735059	0.00202408	0.0125173
c.2.1.3	0.0715512	0.0192711	0.0223876	0.0305921	0.177574	0.049418	0.0146283	0.00667811	0.00864975	0.0342174	0.0569866	0.036825	0.0167271	0.0125294	0.00432487	0.0450296	0.00788654	0.0362526	0.0354258	0.00407047	0.00356166	0.000254404	0.00190803	0.0608026	0.0164091	0.0142466	0.0110666	0.0108122	0.00254404	0.00477008	0.0122114	0.00782293	0.0153279	0.0179991	0.0622019	0.00356166	0.00750493	0.00368886	0.0295109	0.00712332	0.00286205	0.0127838
c.2.1.3	0.0630973	0.0215929	0.0245133	0.0264602	0.151062	0.0577434	0.0166814	0.010708	0.0151327	0.0369027	0.0652212	0.0413274	0.0174336	0.0120354	0.00292035	0.0422124	0.0116814	0.0399115	0.0341593	0.00867257	0.00415929	0.000884956	0.00221239	0.0534956	0.0181416	0.015	0.0140265	0.0124336	0.00318584	0.00367257	0.0126991	0.0104425	0.02	0.0185398	0.0530531	0.00389381	0.00880531	0.00287611	0.0215487	0.00876106	0.00331858	0.00938053
c.2.1.3	0.064931	0.0205691	0.0234424	0.0274371	0.165814	0.0503189	0.0137361	0.0099166	0.0118088	0.0383699	0.0585535	0.0403672	0.0155932	0.0142617	0.00248791	0.0477258	0.00984652	0.0373887	0.0355316	0.00609713	0.00318873	0.000420492	0.00206742	0.0551545	0.0167846	0.0163992	0.0133156	0.0121592	0.00248791	0.0040998	0.011949	0.00988156	0.0190273	0.0209195	0.0552246	0.00357418	0.00862009	0.00287336	0.0252646	0.0083748	0.00287336	0.011143
c.2.1.3	0.067924	0.0202435	0.0213963	0.0295582	0.174583	0.0537674	0.01637	0.00774693	0.0101448	0.0371207	0.0532602	0.0394264	0.0160933	0.0106059	0.0036429	0.0414092	0.010652	0.0366596	0.0351379	0.00631744	0.00359679	0.00050724	0.0017984	0.0571797	0.0187679	0.0162778	0.0118049	0.0115282	0.00239786	0.00442682	0.011851	0.00972978	0.0164161	0.0184451	0.0569031	0.00355068	0.00733192	0.00368902	0.0284976	0.00770082	0.00322789	0.0123121
c.2.1.3	0.064227	0.0221985	0.0255422	0.0283286	0.152046	0.0563786	0.0155111	0.0105884	0.0160219	0.0380811	0.0619979	0.0430502	0.0169043	0.0119816	0.00357591	0.0467654	0.0111921	0.0339479	0.0328798	0.00808062	0.00417963	0.000928807	0.00120745	0.0509451	0.0168114	0.0155575	0.014768	0.0125389	0.00352947	0.00417963	0.0111457	0.00942739	0.0217805	0.0214554	0.0512237	0.00339015	0.00831282	0.00371523	0.0231737	0.00784842	0.00357591	0.0110064
c.2.1.3	0.0651862	0.0236011	0.0239059	0.0272589	0.152362	0.0584803	0.0150664	0.010712	0.0178533	0.0430655	0.0598737	0.0447202	0.0165034	0.012236	0.00287394	0.0438929	0.00853473	0.0372741	0.0354017	0.0099717	0.00452863	0.000566079	0.00200305	0.0505116	0.0162857	0.0167646	0.0113651	0.0123666	0.00348356	0.00370128	0.0110603	0.0113651	0.0190725	0.0188983	0.0504681	0.00365774	0.00805574	0.00283039	0.0231657	0.00766384	0.00374483	0.00966688
c.2.1.3	0.069866	0.0207137	0.0241318	0.0299426	0.168171	0.0465546	0.0168171	0.00909215	0.00998086	0.0333607	0.0609106	0.0380093	0.0179792	0.0153131	0.00389664	0.046076	0.0110747	0.030968	0.0336341	0.00505879	0.00307629	0.00034181	0.0019825	0.0541427	0.0192781	0.0125786	0.0134673	0.0139459	0.00348646	0.00635767	0.0116899	0.00854526	0.0167487	0.0194832	0.0580394	0.00293957	0.00793	0.00355483	0.0281652	0.00888707	0.00239267	0.0114165
c.2.1.3	0.0625769	0.0234971	0.0241122	0.0270647	0.145042	0.0609366	0.0154187	0.0111949	0.0166899	0.0437956	0.0594193	0.046215	0.0163618	0.0124252	0.00422373	0.0453539	0.00914459	0.0352661	0.034282	0.0104158	0.00426474	0.000492086	0.00213237	0.0498237	0.017264	0.017018	0.0124252	0.0123431	0.00385467	0.00373165	0.011441	0.0107849	0.0204626	0.0200935	0.0510949	0.0034446	0.00914459	0.00328057	0.0214057	0.00807841	0.00405971	0.00992373
c.2.1.3	0.0662732	0.0200543	0.0215688	0.0288803	0.171506	0.0544704	0.0147796	0.0102361	0.0102883	0.0348339	0.0550971	0.040422	0.016033	0.0136307	0.00396908	0.0420409	0.0105494	0.0342072	0.0341028	0.00621475	0.00297681	0.000783372	0.00193232	0.0576562	0.0172864	0.0154585	0.0124295	0.0122728	0.00334239	0.00438688	0.0110717	0.00913934	0.0160852	0.0206288	0.0590662	0.00344684	0.00804262	0.00302904	0.0280447	0.00882599	0.00266346	0.0122728
c.2.1.3	0.0662118	0.0215315	0.0213293	0.0289108	0.16927	0.0601971	0.0131918	0.0105636	0.0166288	0.0360374	0.0527167	0.0400809	0.0131413	0.00914834	0.0030326	0.0387162	0.00712661	0.0366439	0.0351276	0.00849128	0.00353803	0.00030326	0.0015163	0.0572656	0.018701	0.0167298	0.0117766	0.0135962	0.0041951	0.00313369	0.0124337	0.0114228	0.0156684	0.0189538	0.0574172	0.00283043	0.00919889	0.00358858	0.0267374	0.00833965	0.00272934	0.0118271
c.2.1.3	0.0649723	0.0208961	0.0227427	0.0282826	0.159977	0.05467	0.0146273	0.00913597	0.0141413	0.0372242	0.0567596	0.0396054	0.0175916	0.0123433	0.00413062	0.0448537	0.0099135	0.0345515	0.0345029	0.00626883	0.00359607	0.000583147	0.00174944	0.0562251	0.0182719	0.015745	0.013218	0.0138011	0.00296433	0.00476237	0.0120031	0.00962193	0.0166197	0.0217708	0.0575858	0.00349888	0.00874721	0.00393624	0.0258043	0.00826125	0.00262416	0.01142
c.2.1.3	0.0657089	0.022369	0.0250205	0.0275756	0.156004	0.0545726	0.0133057	0.0108952	0.0153787	0.0394832	0.0588632	0.0430025	0.0176927	0.0134985	0.00409777	0.0471002	0.0107506	0.0393868	0.0332642	0.00805091	0.00347105	0.000433881	0.00163911	0.0508605	0.0174517	0.0148484	0.0151858	0.0113773	0.0037603	0.00356747	0.0107506	0.0095936	0.0201032	0.0215012	0.0512944	0.00308538	0.00824374	0.00269971	0.0228511	0.00766524	0.00356747	0.0100275
c.2.1.3	0.0658177	0.0211779	0.0233234	0.0289524	0.164786	0.0502457	0.0138418	0.00978153	0.010935	0.0390108	0.0590122	0.045724	0.0150645	0.0127575	0.00230696	0.0464161	0.0113041	0.03412	0.0336125	0.00650564	0.00346045	0.000392184	0.00186864	0.0542367	0.0183404	0.0172561	0.0118117	0.0107505	0.00244538	0.00350659	0.0123653	0.0102199	0.0196092	0.018894	0.0552749	0.00376035	0.00872033	0.00276836	0.0260226	0.00929707	0.00262994	0.0116732
c.2.1.3	0.0660012	0.0224587	0.0214911	0.0286718	0.166225	0.0599919	0.0129864	0.0089122	0.0151762	0.0340191	0.0545936	0.0396211	0.0164494	0.0106437	0.00412508	0.0453249	0.00830108	0.0331025	0.0355979	0.0110511	0.00376859	0.000560196	0.00173151	0.0551029	0.0182318	0.0182318	0.0115095	0.0131391	0.00290283	0.00361581	0.0116113	0.0119678	0.016704	0.0177226	0.0555612	0.0026482	0.00748625	0.00300469	0.0267366	0.00850479	0.00244449	0.0120697
c.2.1.3	0.0663982	0.019464	0.0206625	0.028429	0.17882	0.0512489	0.0134235	0.00791025	0.0112182	0.0360516	0.0591112	0.0400786	0.0148137	0.0110264	0.00325998	0.0418524	0.00786231	0.034901	0.0369145	0.00623232	0.00364351	0.00052735	0.00191764	0.0578647	0.0201352	0.0154849	0.00949231	0.0110744	0.00254087	0.0039791	0.0116017	0.00939642	0.0168273	0.0203749	0.0594468	0.00273263	0.0071432	0.00297234	0.0302987	0.00752673	0.00258881	0.0127523
c.2.1.3	0.071934	0.0188118	0.0216195	0.0308288	0.183906	0.0525045	0.0131963	0.00696316	0.0105571	0.0329066	0.0559861	0.0345912	0.013084	0.0108378	0.0030885	0.0467767	0.00550314	0.0373989	0.0308288	0.00387466	0.00376235	0.000505391	0.00151617	0.0605346	0.0179133	0.0133648	0.0118486	0.0119048	0.00269542	0.00359389	0.0109501	0.00735624	0.0176325	0.0194856	0.0640162	0.00297619	0.00595238	0.00336927	0.032345	0.00662624	0.00275157	0.0137017
c.2.1.3	0.0646895	0.0220575	0.0250695	0.0275718	0.150695	0.0573679	0.0146432	0.00931418	0.0156627	0.0392493	0.0615848	0.0414736	0.0167285	0.012975	0.00305839	0.0459685	0.010519	0.0379981	0.0346617	0.00750695	0.00356812	0.000741427	0.00217794	0.0513438	0.0166821	0.0157553	0.0148285	0.0130213	0.00347544	0.00384615	0.0124189	0.00949954	0.0202502	0.0201576	0.0529194	0.00333642	0.00820204	0.0034291	0.0227525	0.00857275	0.00417053	0.0100556
c.2.1.3	0.0667184	0.0192494	0.0217708	0.0279286	0.176736	0.0527056	0.015031	0.00688518	0.00930954	0.0355411	0.0586695	0.0392261	0.0176009	0.0125097	0.00271528	0.0433476	0.0113945	0.0393231	0.0362199	0.00552754	0.00426687	0.000290923	0.00179403	0.056633	0.0176978	0.0155644	0.0123642	0.0114915	0.00179403	0.00436385	0.0103278	0.00800039	0.0161947	0.0199767	0.0575058	0.00315167	0.00707913	0.00334562	0.0278801	0.00737005	0.00300621	0.0114915
c.2.1.3	0.0658238	0.0209713	0.0213727	0.0290989	0.167469	0.0587497	0.0127935	0.00877985	0.0161549	0.0350191	0.0546859	0.0394341	0.0144491	0.010586	0.00311058	0.0420429	0.00822798	0.0359723	0.0339153	0.00898053	0.00391331	0.000501706	0.00145495	0.057646	0.0180614	0.0164058	0.0135461	0.0131447	0.00361228	0.00321092	0.0128437	0.0103351	0.017058	0.0192655	0.0570941	0.00240819	0.00787678	0.00280955	0.0272928	0.00847883	0.00301023	0.0123921
c.2.1.3	0.070263	0.0205188	0.0220409	0.0320872	0.16415	0.048831	0.011812	0.00974184	0.0124817	0.0370799	0.0564418	0.0400024	0.0168656	0.0105943	0.00389674	0.0405504	0.00882854	0.0345835	0.0350706	0.00736727	0.0031661	0.000426206	0.00164394	0.0602168	0.0170482	0.017718	0.0109596	0.0114467	0.00280078	0.00395762	0.0119946	0.0108378	0.0163785	0.019849	0.0582684	0.00292255	0.008585	0.00273989	0.0326352	0.00651486	0.00231369	0.0143692
c.2.1.3	0.0658756	0.0186671	0.0235331	0.0277161	0.172642	0.0477776	0.0118092	0.00973194	0.00862216	0.0351716	0.0631154	0.0459279	0.0147687	0.013915	0.00253258	0.0480906	0.0128621	0.0360822	0.0332081	0.00495134	0.00287405	0.000512208	0.00173581	0.0567412	0.0188948	0.0151955	0.012606	0.00870753	0.00150817	0.00438222	0.00956121	0.00941893	0.0206875	0.0204029	0.057225	0.00404075	0.00788231	0.00204883	0.0266917	0.00796767	0.00216265	0.0117523
c.2.1.3	0.0644705	0.0218096	0.0247297	0.0261897	0.155496	0.0567596	0.0173838	0.00999224	0.0137336	0.0395583	0.0642424	0.0401059	0.0188438	0.011361	0.00264635	0.0463567	0.0115892	0.0398777	0.0364101	0.00743715	0.00428891	0.000866907	0.00219008	0.0503719	0.0165169	0.0158781	0.0132774	0.0118629	0.00228133	0.00351325	0.0123648	0.00994662	0.0191176	0.0199389	0.0519688	0.00305699	0.00862344	0.00269197	0.0215814	0.00784779	0.00369576	0.00912534
c.2.1.3	0.0668339	0.020901	0.024491	0.0298023	0.154864	0.055867	0.0137209	0.00757352	0.0134258	0.0343267	0.0584243	0.0412118	0.0161798	0.012098	0.00304908	0.0478017	0.0108193	0.0369332	0.0362939	0.00644241	0.00418019	0.000590145	0.00172126	0.0546867	0.0165732	0.0151962	0.0148028	0.0111144	0.00285237	0.00403265	0.0124422	0.00988492	0.0206059	0.0213436	0.0550802	0.00339333	0.00860628	0.00270483	0.0255729	0.00840956	0.00295072	0.0121963
c.2.1.3	0.0648078	0.0212507	0.0235227	0.0285714	0.162547	0.0492255	0.0141136	0.010809	0.0141824	0.0399312	0.058864	0.0450717	0.0148021	0.0115204	0.00229489	0.0462651	0.0111302	0.0327252	0.0332989	0.00674699	0.00353414	0.000458979	0.00133104	0.0551004	0.0193919	0.0164085	0.0112679	0.0110384	0.00259323	0.00341939	0.0131956	0.0109696	0.020654	0.0183821	0.0545726	0.00417671	0.00881239	0.00296041	0.0256799	0.0097533	0.00296041	0.0116581
c.2.1.3	0.0703306	0.019467	0.0224346	0.0300315	0.175915	0.0493204	0.0131759	0.00735949	0.0110986	0.0339486	0.060241	0.0378657	0.0159653	0.0127604	0.00338299	0.0444537	0.0105644	0.0340673	0.0365007	0.00551962	0.00344234	0.000652858	0.00207727	0.0571547	0.0181613	0.0159653	0.0118701	0.0109205	0.00178052	0.0044513	0.00872455	0.00700338	0.0172117	0.0215443	0.0590539	0.00296754	0.00646923	0.00284883	0.0311591	0.00682533	0.00237403	0.0129385
c.2.1.3	0.0722436	0.0193796	0.020641	0.0306748	0.182444	0.053896	0.0112952	0.00785505	0.0114099	0.0356631	0.0575655	0.0370965	0.0135887	0.0126713	0.00355484	0.0382432	0.00705235	0.0385299	0.0384152	0.00550427	0.00361218	0.000286681	0.00189209	0.061063	0.0159968	0.0158248	0.00911645	0.0106072	0.00286681	0.00349751	0.00911645	0.00774038	0.0151367	0.0185769	0.0621524	0.00275214	0.00705235	0.00240812	0.0306175	0.00665099	0.00200677	0.013302
c.2.1.3	0.0678052	0.0185267	0.0223076	0.0299326	0.176571	0.0477661	0.0140526	0.0071208	0.0090743	0.03176	0.0644653	0.0392589	0.0149978	0.0111538	0.00308778	0.04367	0.00894826	0.0327683	0.0342807	0.00333984	0.00264667	0.000378096	0.00182746	0.0598021	0.0169513	0.0138635	0.01191	0.0111538	0.00226857	0.00403302	0.0129813	0.00863318	0.019661	0.0207322	0.0621967	0.00346588	0.00901128	0.00390699	0.0302477	0.00787699	0.00283572	0.0127292
c.2.1.3	0.0698306	0.0194939	0.0217745	0.0304626	0.174739	0.049848	0.0148784	0.00749348	0.00993701	0.0363814	0.05745	0.0396394	0.0167789	0.0142268	0.00325804	0.0442007	0.0089053	0.0350239	0.0319288	0.00483275	0.00304083	0.000380104	0.00206342	0.0599479	0.0184622	0.0156929	0.0112945	0.0111316	0.00260643	0.00347524	0.00955691	0.00733058	0.0161816	0.0203084	0.0583189	0.00266073	0.00749348	0.00298653	0.0322546	0.00689618	0.00369244	0.0131407
c.2.1.3	0.0642949	0.021584	0.0251966	0.0262941	0.151637	0.0573898	0.0162338	0.0107006	0.0140845	0.0392354	0.064615	0.0426651	0.0186574	0.0134443	0.00288092	0.0466892	0.0118895	0.0395098	0.0365831	0.00672215	0.00374977	0.000594476	0.00224072	0.0504847	0.0164167	0.014679	0.0125755	0.0113865	0.00278946	0.00388696	0.0123468	0.0100604	0.0203494	0.0194348	0.052131	0.00352113	0.00905433	0.00260655	0.0208981	0.00804829	0.00324675	0.00919151
c.2.1.3	0.069903	0.0232647	0.0240819	0.0311104	0.160074	0.0510515	0.0128037	0.012041	0.0148741	0.035796	0.0567724	0.0446224	0.01531	0.011823	0.00419527	0.0414079	0.00958919	0.0338346	0.035796	0.00757328	0.0040863	0.000435872	0.00168901	0.0539392	0.0180342	0.0179252	0.0112782	0.0105699	0.00277869	0.00337801	0.0116596	0.0111692	0.0193418	0.0196687	0.054593	0.00348698	0.00768225	0.00310559	0.0258799	0.00860848	0.00261523	0.0121499
c.2.1.3	0.0656646	0.0231247	0.0219203	0.0304957	0.150793	0.0558366	0.012285	0.0107434	0.0170545	0.0391675	0.0584863	0.0395047	0.017729	0.0105507	0.00337236	0.039842	0.00905719	0.0295322	0.0377704	0.00992436	0.00342053	0.000626295	0.00192706	0.0590644	0.0197524	0.0181144	0.0118032	0.0118032	0.00361324	0.00380594	0.0112733	0.0127186	0.0151274	0.0165245	0.0579082	0.00419136	0.00852724	0.00313147	0.0272679	0.00987619	0.00366142	0.0130077
c.2.1.3	0.0632916	0.0212171	0.0228154	0.0270508	0.15727	0.0567387	0.0135454	0.00919007	0.0137851	0.0371199	0.0574579	0.0457106	0.016662	0.0128661	0.00311663	0.0448316	0.00994925	0.0390378	0.037959	0.00743197	0.00431534	0.000679266	0.00263715	0.0524633	0.0177408	0.017581	0.0126663	0.0125864	0.00287689	0.00387581	0.0112678	0.00986934	0.0182203	0.0210173	0.0540616	0.00367603	0.00779159	0.00319655	0.0244935	0.00779159	0.00335638	0.0107883
c.2.1.3	0.0628656	0.0216101	0.0244477	0.0267179	0.149524	0.0565791	0.0142321	0.00982275	0.0151052	0.03916	0.0631712	0.0382869	0.0194272	0.0122675	0.0045403	0.0489828	0.0121802	0.0369336	0.0371082	0.0078582	0.00353619	0.00078582	0.00209552	0.0514712	0.0157164	0.0160657	0.0147123	0.0127914	0.00331791	0.0042347	0.0130097	0.0101284	0.0206933	0.0199074	0.0516895	0.00296865	0.00925522	0.00327425	0.0222213	0.0078582	0.00371082	0.00973544
c.2.1.3	0.0693853	0.0208696	0.0241679	0.0286057	0.170375	0.0564318	0.0131334	0.0105547	0.0128936	0.0350825	0.0612894	0.0362819	0.0149925	0.0115142	0.00365817	0.0472564	0.00947526	0.0408396	0.033943	0.00545727	0.00443778	0.00047976	0.00245877	0.0548726	0.0149925	0.0141529	0.0137331	0.0127136	0.00395802	0.00347826	0.0121139	0.00809595	0.0170915	0.0194903	0.0533733	0.00293853	0.00749625	0.00287856	0.0247676	0.00701649	0.00263868	0.0106147
c.2.1.3	0.0674832	0.0223557	0.0240205	0.0287175	0.157917	0.0579702	0.0133777	0.0107022	0.0136156	0.0371604	0.0610619	0.0420952	0.0167073	0.0118319	0.00422142	0.0457221	0.0114157	0.0356145	0.0325227	0.00891849	0.0045187	0.000594566	0.00172424	0.0541649	0.0152209	0.0163506	0.0131399	0.0129021	0.00398359	0.0041025	0.011594	0.00885903	0.0175397	0.0194423	0.0541649	0.00303228	0.00707533	0.00309174	0.0236637	0.00737261	0.00327011	0.0107616
c.2.1.3	0.0705088	0.0194357	0.0214613	0.0313962	0.182735	0.0472631	0.0120569	0.0078611	0.00901857	0.0342898	0.0607186	0.0397396	0.0170726	0.0113335	0.00207379	0.0441283	0.00921148	0.0353509	0.0353509	0.00434049	0.00217024	0.000385821	0.00173619	0.0598505	0.0176031	0.0152882	0.0111406	0.00950084	0.00250784	0.00342416	0.00892211	0.00882566	0.0160598	0.0167832	0.0615867	0.00318302	0.00665541	0.00294189	0.0308175	0.00805401	0.00352062	0.0136966
c.2.1.3	0.0684778	0.0233663	0.0249315	0.0317514	0.1549	0.0524904	0.0127453	0.00877634	0.0155403	0.0344905	0.0564593	0.0416457	0.0174409	0.0134161	0.00413662	0.0449997	0.0116832	0.034211	0.0329812	0.00950305	0.00346582	0.000503102	0.00134161	0.0524904	0.0182235	0.0171055	0.0124099	0.0115714	0.00357762	0.00564593	0.0125217	0.0113478	0.0191179	0.0177204	0.0542233	0.00385712	0.00866454	0.00368942	0.0245961	0.00905584	0.00251551	0.0124099
c.2.1.3	0.0652143	0.0238356	0.023931	0.0273633	0.153072	0.0619726	0.0165419	0.01044	0.0147781	0.0414263	0.0609239	0.0420937	0.0179721	0.0125375	0.00266959	0.0437622	0.0089622	0.0339419	0.0373743	0.00953425	0.00438576	0.000858083	0.00200219	0.0500548	0.0176384	0.0181627	0.0114888	0.0119655	0.00319397	0.00429041	0.0117271	0.0100586	0.0181627	0.0194499	0.0503885	0.00295562	0.00815179	0.00300329	0.0221195	0.00767507	0.0041474	0.00977261
c.2.1.5	0.0740171	0.0194195	0.0197909	0.0336924	0.194195	0.0470101	0.0115668	0.00710988	0.0065793	0.0341168	0.0515732	0.0383615	0.0139545	0.00880777	0.00206929	0.0418104	0.0074813	0.0271661	0.0332148	0.0047753	0.00212235	0.000159177	0.00159177	0.0637767	0.0210644	0.0171911	0.00875471	0.00997506	0.00122035	0.002706	0.00939142	0.00902	0.0166074	0.018942	0.0659521	0.00281212	0.00668541	0.0029713	0.036982	0.00758741	0.00185706	0.0159177
c.2.1.5	0.0683088	0.0198095	0.0200506	0.0302568	0.183751	0.0534416	0.0123358	0.00952304	0.00759433	0.0326275	0.0548077	0.0348375	0.013943	0.0121348	0.00132599	0.0401414	0.00715233	0.0342749	0.0350786	0.00498252	0.00245108	0.000401816	0.00148672	0.0617592	0.0185639	0.016595	0.0120947	0.0124161	0.00265199	0.00345562	0.010407	0.0112107	0.0157512	0.0203319	0.0631655	0.00313417	0.0074336	0.00333507	0.0315024	0.00904086	0.00293326	0.013501
c.2.1.5	0.0665375	0.0212346	0.0195846	0.0280857	0.173643	0.0598658	0.0137738	0.0130923	0.00929015	0.0420747	0.0522616	0.0409986	0.0133434	0.0112271	0.00380214	0.0373399	0.00731734	0.0358334	0.0361204	0.00699451	0.00261846	0.000466301	0.00218803	0.0585028	0.0200151	0.0182933	0.0104738	0.0127336	0.00355106	0.00358693	0.00936189	0.0102586	0.0144912	0.018652	0.0580365	0.00326411	0.00706625	0.00294128	0.0279063	0.00799885	0.00322824	0.0119445
c.2.1.5	0.0665691	0.0203456	0.0208029	0.0294898	0.175247	0.0542703	0.0146763	0.0110187	0.0111558	0.0339247	0.0513442	0.0377652	0.0170995	0.0119788	0.00224031	0.0445318	0.00827542	0.0348391	0.0332388	0.00699525	0.00297184	0.000640088	0.00187454	0.058248	0.0195684	0.0167337	0.0123446	0.0115216	0.00219459	0.00406913	0.0105157	0.00996708	0.0160479	0.0187454	0.0600768	0.00301756	0.00694952	0.00361192	0.0305871	0.00854974	0.00283467	0.0131218
c.2.1.5	0.0683115	0.0198398	0.0213589	0.0300589	0.179479	0.0513257	0.0148683	0.00929847	0.0118302	0.0362272	0.0500829	0.038851	0.0141779	0.012981	0.00234763	0.0417511	0.00814767	0.0352605	0.0331431	0.00543178	0.00299208	0.000414288	0.00188731	0.060302	0.0176303	0.0167096	0.0113239	0.0093445	0.00253176	0.0037286	0.0108636	0.00980482	0.0169398	0.0204382	0.060348	0.00266986	0.00773338	0.00313018	0.033097	0.00713497	0.00262383	0.0135795
c.2.1.5	0.0687412	0.0205265	0.0217369	0.0313193	0.17561	0.0516946	0.0151806	0.00927981	0.0122554	0.036514	0.0505346	0.0385314	0.0146258	0.0116502	0.00146258	0.0428182	0.00771636	0.0320254	0.0317732	0.00590075	0.00307646	0.000302602	0.00161388	0.0612265	0.0184083	0.0172483	0.0116502	0.010692	0.00237039	0.00342949	0.0112972	0.0104398	0.0173492	0.0192657	0.060117	0.00307646	0.00786766	0.00353036	0.0329332	0.00711116	0.00277386	0.0143232
c.2.1.5	0.0713284	0.0204869	0.0204368	0.0318073	0.179924	0.054999	0.0117712	0.00951713	0.0106692	0.0336105	0.0537968	0.0397215	0.0131737	0.0112202	0.00260469	0.0428271	0.00766379	0.028902	0.0338109	0.00671208	0.00250451	0.000550992	0.0015528	0.0604087	0.0202865	0.0175816	0.010018	0.00936686	0.00220397	0.00295532	0.00896614	0.00921659	0.0171308	0.0188339	0.0623122	0.00260469	0.00636145	0.00240433	0.0344119	0.0081647	0.00250451	0.0146764
c.2.1.5	0.0700897	0.0201552	0.0212133	0.0297793	0.181397	0.0524035	0.0145621	0.00841479	0.0100776	0.0338103	0.0567873	0.0397561	0.0158218	0.00967449	0.0029225	0.0415197	0.00846518	0.0348685	0.0369344	0.00680238	0.0037791	0.000604656	0.00176358	0.058702	0.0198025	0.0161242	0.00917061	0.00957372	0.00262018	0.00307367	0.00937217	0.00811247	0.0162249	0.0194498	0.0598105	0.00262018	0.00705432	0.00282173	0.0307871	0.00725587	0.00256979	0.013252
c.2.1.5	0.0712009	0.0193026	0.0197578	0.031913	0.183283	0.0535828	0.0120641	0.00846763	0.00732951	0.0303196	0.0499863	0.036511	0.0139761	0.0106528	0.0016389	0.0405627	0.00801238	0.0348266	0.0340071	0.00591824	0.00232177	0.000409724	0.0014568	0.0648275	0.0199399	0.0169353	0.0119275	0.0105618	0.00154785	0.00295912	0.0109715	0.0106073	0.0165255	0.0199854	0.063143	0.00250387	0.00705636	0.00300464	0.0334153	0.00883183	0.00286807	0.0148866
c.2.1.5	0.075211	0.0200462	0.0188404	0.0329582	0.193077	0.0545619	0.0120579	0.0102994	0.00803859	0.0326568	0.0518991	0.032908	0.0142685	0.00979703	0.00155748	0.0387359	0.00678256	0.029994	0.0347669	0.0062299	0.00351688	0.000351688	0.00150723	0.0634546	0.0194936	0.0158762	0.0100482	0.0100985	0.00195941	0.00276326	0.00984727	0.00924437	0.0131129	0.0182878	0.063957	0.00221061	0.00607918	0.00301447	0.0350181	0.00828979	0.00251206	0.0146704
c.2.1.5	0.0674365	0.0201182	0.0218323	0.0296811	0.173034	0.0530019	0.0154269	0.0109613	0.0101944	0.0335604	0.0543101	0.039244	0.0143895	0.0129911	0.00275159	0.0397853	0.0102846	0.0335153	0.0339212	0.00627002	0.00311245	0.000405972	0.00212008	0.0593622	0.0188101	0.0167351	0.0112319	0.0109161	0.00234562	0.00455591	0.010871	0.0114574	0.0166449	0.0212008	0.0602643	0.00342821	0.0073075	0.00356353	0.0297262	0.00748793	0.00257116	0.0131715
c.2.1.5	0.0730011	0.0204819	0.0233844	0.02908	0.182147	0.0519715	0.0138007	0.00914567	0.0113363	0.0345016	0.0554765	0.0394304	0.0176889	0.00980285	0.0026287	0.0427711	0.0100219	0.0381709	0.0322563	0.00635268	0.00350493	0.000657174	0.00202629	0.056736	0.0186747	0.0142935	0.0115553	0.00898138	0.00164294	0.00399781	0.00974808	0.00799562	0.0167032	0.0211939	0.0573384	0.00268346	0.00695509	0.00284775	0.0289157	0.00646221	0.00251917	0.0111172
c.2.1.5	0.0738827	0.0198157	0.0214137	0.0318543	0.185745	0.0509242	0.0125712	0.00841634	0.0117722	0.0340382	0.0544932	0.0366484	0.0161935	0.0116124	0.0039951	0.0428275	0.00969477	0.0336121	0.0325467	0.00580621	0.00351569	0.00053268	0.00197092	0.0602461	0.0176317	0.0153944	0.00937517	0.00873595	0.00261013	0.00340915	0.00783039	0.00777713	0.0158739	0.0186438	0.0609918	0.00245033	0.00585948	0.00170458	0.0352101	0.00601928	0.00197092	0.0143824
c.2.1.5	0.0681599	0.0182376	0.0200866	0.0286171	0.184687	0.0547128	0.0131109	0.00903475	0.0068496	0.0335336	0.0586208	0.0368534	0.0131109	0.011472	0.00138673	0.0467286	0.00764802	0.0353406	0.0337017	0.00357188	0.00315166	0.000294155	0.00176493	0.060806	0.0192041	0.0146657	0.0104635	0.0110098	0.00210111	0.00378199	0.0120603	0.0083624	0.0166828	0.0194142	0.062739	0.0032357	0.00710174	0.00344581	0.0316006	0.007606	0.00235324	0.0126907
c.2.1.5	0.0697186	0.0210777	0.0191702	0.0314258	0.181164	0.0563186	0.0125894	0.00915594	0.0105389	0.033238	0.0486886	0.038722	0.013114	0.00886981	0.0022413	0.0384835	0.00634239	0.0309967	0.0368145	0.00844063	0.0029566	0.000429185	0.00176443	0.0629948	0.0194564	0.0181211	0.00996662	0.0117787	0.00286123	0.00286123	0.00996662	0.00991893	0.0156891	0.0182642	0.0635193	0.00290892	0.00681927	0.0029566	0.0334287	0.00844063	0.00300429	0.014783
c.2.1.5	0.0711534	0.0168064	0.0207342	0.0298361	0.196767	0.0463781	0.0111036	0.00891306	0.0103482	0.0327819	0.0550268	0.0385981	0.0128031	0.0108014	0.00268147	0.0441876	0.00872422	0.0353879	0.031309	0.00351235	0.00305914	0.000226603	0.00185059	0.0629579	0.0168064	0.0130297	0.0100838	0.00895083	0.00196389	0.00290807	0.011519	0.00789335	0.0178261	0.0222826	0.0638266	0.00268147	0.00710023	0.0025304	0.0336128	0.00536294	0.00188836	0.013785
c.2.1.5	0.0643901	0.0197979	0.0203614	0.0277621	0.17634	0.052857	0.0160412	0.0101807	0.0113828	0.0352004	0.0550359	0.0404974	0.0151396	0.0128104	0.00289267	0.0407979	0.00822721	0.0332845	0.0338104	0.00676209	0.00326834	0.000713776	0.00161539	0.0595064	0.0205868	0.0170555	0.0113828	0.010932	0.002517	0.00353131	0.0130358	0.0110823	0.0161163	0.0194222	0.0585296	0.00300537	0.00815207	0.00345618	0.028814	0.00860288	0.00304294	0.0120591
c.2.1.5	0.0732592	0.0174795	0.0201687	0.0320254	0.198468	0.0470603	0.0117345	0.00847492	0.00847492	0.0314143	0.0575317	0.0349183	0.0134865	0.0109196	0.00167054	0.0407856	0.0070896	0.0343479	0.0327996	0.00313735	0.00293363	0.000366703	0.00183352	0.0645398	0.0195575	0.0127939	0.00904535	0.00904535	0.00183352	0.00346331	0.00957503	0.00721183	0.0164202	0.0189056	0.0650695	0.00264841	0.00704885	0.00293363	0.035122	0.00688587	0.00252618	0.0149941
c.2.1.5	0.0684406	0.0191448	0.0210003	0.0293076	0.184701	0.0503922	0.0115544	0.00936156	0.0106688	0.0338197	0.0543561	0.0361812	0.0138737	0.0128616	0.00236147	0.0422957	0.00754828	0.0359703	0.0328076	0.00413258	0.00303618	0.000253015	0.00189761	0.0619465	0.018934	0.0166568	0.0114278	0.0101628	0.00172894	0.00358438	0.011976	0.00961457	0.0169942	0.0208316	0.0611453	0.00316269	0.00856034	0.00333137	0.0304461	0.00784347	0.00299401	0.0126929
c.2.1.5	0.07023	0.0177167	0.0201888	0.0298524	0.18919	0.0502285	0.0113117	0.00868979	0.00928909	0.0320249	0.0577197	0.0375309	0.0125478	0.0108997	0.00138587	0.0428497	0.00618024	0.037868	0.0335606	0.00453217	0.0034085	0.000224736	0.00194771	0.0641621	0.0180538	0.0146453	0.00932654	0.00831523	0.00168552	0.00333358	0.0107499	0.00846505	0.0172672	0.0202637	0.0654731	0.00269683	0.00764102	0.00250955	0.0332609	0.00621769	0.00243464	0.0141209
c.2.1.5	0.0676807	0.0180994	0.0200007	0.0296903	0.183553	0.0479725	0.0113715	0.009653	0.0112984	0.0319207	0.0574427	0.0391605	0.0140407	0.0112253	0.00270577	0.0428169	0.00767853	0.0328348	0.0331274	0.00632564	0.00358331	0.000292515	0.00168196	0.0624154	0.0201104	0.0151742	0.0111887	0.0102746	0.00234012	0.00365644	0.0108962	0.00968957	0.0156496	0.0202201	0.0630736	0.00296172	0.00753227	0.0031811	0.0333102	0.00771509	0.00259607	0.0138579
c.2.1.5	0.0667271	0.0192787	0.020685	0.0296212	0.176775	0.0533908	0.0144704	0.00852801	0.0109775	0.0326151	0.0540259	0.0374688	0.0143343	0.0120662	0.00222273	0.0436834	0.00798367	0.0348378	0.0340213	0.0055795	0.00276707	0.000453618	0.00145158	0.0618734	0.0192334	0.0157859	0.0115219	0.0108415	0.0024949	0.00412792	0.0113404	0.0105239	0.0173282	0.0189612	0.061193	0.00317532	0.0077115	0.00299388	0.0319347	0.00834656	0.00303924	0.0136085
c.2.1.5	0.0736086	0.0159066	0.0208259	0.0313106	0.201293	0.0477917	0.010377	0.00836625	0.00689408	0.0289767	0.0559425	0.0354758	0.0117774	0.0100898	0.0005386	0.0448833	0.0070377	0.0396768	0.0294794	0.00308797	0.00315978	0.000287253	0.00204668	0.0655296	0.0152603	0.0121364	0.0113106	0.00940754	0.00154399	0.00236984	0.010018	0.00614004	0.0181329	0.0224057	0.0659964	0.00236984	0.00836625	0.00258528	0.0345781	0.0064991	0.00219031	0.0143268
c.2.1.5	0.0759731	0.0200848	0.0209581	0.0341816	0.185691	0.0528318	0.010978	0.00760978	0.00798403	0.032248	0.0478418	0.0371756	0.0154691	0.0130988	0.00180888	0.0396707	0.00792166	0.0330589	0.0300025	0.00492764	0.00255739	0.000249501	0.00149701	0.0637475	0.0178393	0.0162176	0.0116018	0.0101672	0.00305639	0.00399202	0.00848303	0.00842066	0.0140344	0.0203343	0.0652445	0.00243263	0.00611277	0.00318114	0.0364271	0.00692365	0.00249501	0.0154691
c.2.1.5	0.0684302	0.020202	0.019788	0.0298477	0.182895	0.0562179	0.0137026	0.00927306	0.00794834	0.0359745	0.0542722	0.0382514	0.0123365	0.0139096	0.00202848	0.0398245	0.00641663	0.0348982	0.0338218	0.00591985	0.00260805	0.000413976	0.00182149	0.0623862	0.0179666	0.0168902	0.0100182	0.0112187	0.00231826	0.0033946	0.0108876	0.0102252	0.0151101	0.0190015	0.0610614	0.00281504	0.00741017	0.003436	0.0307998	0.00774135	0.00327041	0.0132472
c.2.1.5	0.0747933	0.0193133	0.0210929	0.0319795	0.189574	0.05056	0.0124045	0.00936878	0.00963048	0.0343348	0.0537004	0.0352769	0.0126138	0.00921177	0.00167487	0.0431278	0.00643777	0.0356956	0.030671	0.00491992	0.00329739	0.000628075	0.00141317	0.0630169	0.0177955	0.0145504	0.0102586	0.00884539	0.00209358	0.00240762	0.0103109	0.00895007	0.0160159	0.0191563	0.0649011	0.00334973	0.00769392	0.00272166	0.0338114	0.00643777	0.00230294	0.0136606
c.2.1.5	0.075391	0.0230111	0.0209857	0.0328007	0.182401	0.0569934	0.0153595	0.0101834	0.0075391	0.0349949	0.050692	0.0416338	0.0137279	0.00995837	0.00168786	0.0397772	0.0075391	0.0285811	0.0348262	0.00652639	0.00315067	0.00028131	0.00219422	0.0589063	0.0213233	0.0187915	0.00894565	0.00945201	0.00230674	0.00326319	0.0100709	0.00978958	0.014178	0.0170474	0.0583436	0.00286936	0.00618882	0.00270057	0.0312254	0.00804546	0.00298188	0.0133341
c.2.1.5	0.0734232	0.0203085	0.0200644	0.0313415	0.189026	0.0544815	0.0127417	0.00966608	0.00800625	0.0351494	0.0522359	0.0363698	0.0125464	0.0134739	0.00161101	0.0383714	0.00585823	0.0343195	0.0332455	0.00556532	0.00253857	0.000244093	0.0020992	0.0621949	0.0181605	0.0164519	0.0103495	0.0117165	0.00248975	0.00292912	0.00991017	0.00956844	0.0139133	0.0196251	0.0623413	0.00248975	0.00746924	0.00283148	0.0310486	0.0081527	0.00244093	0.0132298
c.2.1.5	0.0683354	0.0211254	0.0196025	0.0286618	0.183607	0.0550588	0.013589	0.0122223	0.00831739	0.0401812	0.0524425	0.0407279	0.0123785	0.0123394	0.00199149	0.0381507	0.00589636	0.0336991	0.0367449	0.00636495	0.0031239	0.000390488	0.00226483	0.0597446	0.0205787	0.0177281	0.00878597	0.0119489	0.00265532	0.00296771	0.0102698	0.00995744	0.0142138	0.0197196	0.0594713	0.00288961	0.0064821	0.0032801	0.0295599	0.00738022	0.00261627	0.0125347
c.2.1.5	0.0731414	0.0191186	0.0193501	0.0318489	0.190492	0.0542079	0.011573	0.00967503	0.00671234	0.0330988	0.0525877	0.0365244	0.0124063	0.0122674	0.00152764	0.0406444	0.00703639	0.032497	0.0325896	0.00425886	0.00273123	0.000138876	0.00162022	0.0645774	0.0205537	0.0160633	0.00999907	0.00944357	0.00162022	0.00314786	0.00990649	0.00902694	0.0153689	0.0199519	0.0636052	0.00194426	0.00597167	0.00328673	0.034719	0.00726785	0.00282381	0.0146746
