c.2.1.1	-0.391736808072607	2.27653481183139	1.41787317484778	-1.25166984912137	-0.142309287569014	-1.65455330089143	0.00705434009272887	-2.80825401939526	1.63860276644163	1.13798443298368	-0.0232723903359566	0.0324357713658339	0.450583569082965	0.0243912796703433	-0.0218685757927695
c.2.1.1	-0.992639864528494	2.20307322444085	1.39738934288127	-2.69663687712564	-0.723626054873808	-2.5885090571001	-0.342346025947227	-0.831393474612451	1.74369703417595	0.00691608638077144	-0.701192689738846	-0.075468142619424	-0.685101101024177	-0.841982084496377	-0.642874841550743
c.2.1.1	-1.09312260219112	2.43586166352242	1.92592607670816	-1.24291108857548	-0.156141324438574	-2.19648352342683	0.0998579127469474	-1.67690194704595	0.454857678150134	-0.516537116291304	-2.54063562718148	-1.69833873512483	0.307125618369982	0.488373068225059	0.801096436798595
c.2.1.1	1.26917451936554	2.25861981156946	0.481330568555074	-1.48522475517945	-0.265788186728873	-1.45703526658553	-0.422403805027214	1.4421789231552	0.927418696726358	-1.2841526124174	-0.715705714557613	-0.51985427777291	-0.402489105727013	1.05190794143504	2.06795911558946
c.2.1.1	0.633617318471895	2.41620115363412	1.85617261177311	-0.813558870076823	-0.245509901970235	-0.0149973614809373	0.858623173744983	-0.76397971382751	-2.06019176049052	-0.958397739546463	0.513488199423384	-1.39503233633251	0.615997660717036	0.438475584240109	-0.319752149901181
c.2.1.1	-2.18994617287441	-1.63768370780311	2.69116236617078	-0.549080451640942	1.34274005337418	-0.349228303884679	1.55856307929554	-0.198848893601577	-2.54849681316469	-0.354723752180523	-0.13264161826754	0.361296573564526	0.264673830156358	-1.01460869205914	0.13319252025233
c.2.1.1	1.98812526126255	1.66785483880956	-1.83020378038604	0.157103936210932	0.049254987511611	-0.110498185969204	0.435103359850983	1.43926356449029	0.453832580122659	-1.76701646491563	0.680306246206187	1.0551078866413	0.149137111306078	-0.179914433968695	-0.581705966825656
c.2.1.1	7.27480374753683	-0.120878017914875	-1.28287978815857	-1.48940195605867	-1.3496425883697	0.692101909334212	0.3848561472074	0.34403127094575	-2.86685343695953	0.794830102596871	-0.0548457130552105	0.956655759439192	0.558463267439966	-0.596482578970944	-0.449000500254568
c.2.1.1	-0.53552296746666	2.65591808476503	-0.640089883774853	-1.17046387956627	2.60142029191977	-1.25416153490306	-2.83659757699922	1.13522620939695	0.632550904511374	-0.252997651020736	0.825187512298526	0.119016418219503	1.31943341441628	-0.0663819861074303	0.634539553894367
c.2.1.1	0.749499766490755	1.59801640632083	-0.181583989098536	0.355700845258109	0.214166441117067	0.509687642120528	1.16902295792875	1.18139578348522	-0.787876106937113	-0.618704466022775	-0.693017270407718	-0.676554889757072	0.0373293520444163	0.260086606574937	-0.588128674190866
c.2.1.1	2.21196769384421	1.26930091807834	0.0717496165490188	1.47069242308474	-0.0831256444168711	-0.829158592387546	-1.24844269539508	0.25780090822707	0.0571486620354272	1.20017363148915	0.663181130179906	-1.17402074379042	0.644166276919052	0.0535338533766803	-1.27644472530129
c.2.1.1	1.74858565885188	2.19704078296339	-0.613377934399301	1.24815916307683	0.563764406355025	0.621137331891606	-0.857031248610055	-0.788290533385772	-0.944541536725237	-0.0169236807099591	0.979735929666534	-1.47221711092999	0.53720754936263	0.405301376147789	-0.244001020462944
c.2.1.1	2.6122598588515	1.43378363417484	0.637899667184566	0.333291710339389	0.143927846236438	-0.105541729910596	-0.588474629686973	-0.596453821916178	0.879494252255891	-1.09858512838868	0.355245158163316	0.70449200524761	-0.223079877021295	-0.464738988836184	-0.75163967791255
c.2.1.1	0.139430328447775	1.82051542403138	0.626260051347697	-2.95923296929831	-0.729977748371463	-1.98855667021106	-0.43746574912985	-0.872279042865062	0.614793932579331	-0.881462830134635	-1.85391143827571	-1.3872156024015	-0.588315552807239	-0.0513990122576762	-0.297637700477357
c.2.1.1	-1.11593285687705	0.661016606833273	0.626907885981384	-2.41658228755448	-0.239710865125882	-0.183961026096963	-0.779915900474204	1.67482774838611	0.86097574211997	-0.112482920116832	-0.566789602198502	0.360063877329821	2.15950297328757	-0.339560394311291	-0.930363183480136
c.2.1.1	1.61799348806325	2.12977202453713	1.32267803726692	-1.36587067916016	0.163725983960093	-1.41546096407378	0.476573416349095	1.28462728255429	0.334626754436625	-1.30240613921477	0.92869989884213	-1.07359621764011	0.162100533001637	-0.495006291528242	0.155065329566978
c.2.1.1	1.93054864569126	0.595594535009474	-0.295644891169349	0.524579357205559	0.435387913157607	1.46040793696557	0.586494066102575	0.824711439844891	0.840764653967686	-0.588776941823287	-0.380926902259446	-0.263428736596067	1.46185044060244	0.142391344394444	-0.582263325574148
c.2.1.1	1.13316618947501	-0.802900171500078	0.911682432693963	-0.845920168495798	1.65504306977488	1.11699552805368	1.67117907134311	-0.201982627274283	-0.487571439872467	-1.80263022261895	-0.419549821557711	-0.870975169790489	1.10054861770821	-0.717223254469834	-0.784210570223395
c.2.1.1	0.118355978061723	2.14056301746021	-1.1208385401714	-1.72787390306753	-0.64897704126744	-0.387367795826438	0.468791584103666	-0.67159941766198	-1.23170588844309	0.285284629230995	1.1261538539256	-0.189909673722917	-0.354716206884098	0.0588321051635621	-1.30124513466956
c.2.1.1	1.63514430236993	1.13290638875216	1.12613191962692	-0.0354065881835766	0.806957648184514	0.222159391970929	1.64980791153307	-0.226130819296856	0.473632983376694	-1.71263188081401	-0.509595539542935	0.0691951196569161	1.5857449462081	2.07398440621713	-2.20864896622421
c.2.1.1	-0.981923200122455	2.30092602916436	1.78744273164415	-2.97250484545442	-1.0307674186146	-0.788301276685368	-0.708331082663188	-1.7125313794548	1.06903511227553	-0.0625067972851613	-0.420636662572228	-0.746010918389913	-0.404022331982964	-0.642440782595276	-0.327092954446627
c.2.1.1	0.80134025856377	0.970726862366417	-0.0243986494993001	0.812567007181958	-0.145736088533872	-0.545484940344316	-1.72844626072507	0.353942555383615	0.124428147202945	1.76682703907434	1.69531994117148	-1.186512718041	-0.128527971644289	-2.2947337987488	-0.0404870999158371
c.2.1.1	1.09870098623457	-0.199467731075813	-0.74327452407697	-0.046990183604811	0.379708807480493	0.374724683034416	1.0823940607222	-0.181658501673994	0.828436359337378	0.304922497674292	-0.44784646968372	0.257292791321998	0.289549032086418	-0.506837357431052	0.113467783232164
c.2.1.1	0.044012258486307	-0.31955455736019	1.41001915836323	-1.55718539868824	-0.597236547149997	-0.118733696628342	-0.207988428036572	-0.915053613172826	-0.472870565862878	-0.825888676343654	0.653518792573774	-2.50652739011667	0.11731282501237	1.0799161896337	0.771169891888184
c.2.1.1	4.15992197375394	1.01867929051235	-0.680799946648404	0.897541165363071	0.250335001801251	-1.99312637195972	1.16412523983557	0.569763528323749	0.0943265008591372	-0.522649611726105	-0.88937022709978	-0.327864137634575	1.20952495174073	-0.762102121355858	-0.492066746661117
c.2.1.1	-0.905321346053671	0.284083096600645	-0.361888491300342	-1.03044865564543	1.70483602180176	0.875666818665175	0.143795487374047	1.27324065669122	-0.496683452148383	-0.526381751863046	1.0462700694633	-2.44672855968466	1.1145244001446	-0.140971401035809	-0.378726667526374
c.2.1.1	0.284780147844541	2.98303444683869	-1.5173095673453	-0.905830771514589	0.996993470968083	-1.82378620487002	-2.62431803652177	0.219862895626333	-0.987319092111189	-0.00799861326375909	0.0112470737486836	0.240748807631328	0.182299540924851	-0.0218259329507987	-0.185754062213309
c.2.1.1	-0.279017709457692	0.730871543801618	-0.0189951946998025	-2.25236161438246	0.00754980032013039	0.575966258560427	-0.419314201888568	-1.39655392554064	-0.380462164054566	-0.965078969641436	-0.639692090814539	0.0090510741323311	0.931273400310175	0.478503145828313	-1.34528249595424
c.2.1.1	-0.131690106803835	2.06131148115005	0.661412975907772	-2.96910582937616	0.653200985947786	-1.66692009446355	0.243826606045182	-1.8751106474656	1.11392030153854	-0.105535613269626	0.204707647520275	-0.892413077558816	0.255556030342918	0.339266254231092	-0.464151500477562
c.2.1.1	-1.2981258974395	2.41233693544206	1.75086827646091	-2.89571054999336	-0.442651706196244	-0.245744253085756	-0.174261093626305	-1.77054121197934	1.53162357240994	-0.526697312508993	-0.25815650183286	-0.186360541439798	-0.424705875317182	0.25278115138294	-0.539589199405005
c.2.1.2	3.47704876024411	-0.933146825265901	0.31308660266914	-0.150261386280009	-1.31124661199007	0.078214270291097	-0.017625279087755	-0.380315698689421	1.90545819456931	-0.537144195705276	-0.0776463028118465	0.56503956194423	-0.967261808072947	-0.505524786390809	0.891605026009295
c.2.1.2	-0.942926552103907	-1.07536253920608	0.970900209410505	-1.46124193819385	1.17767644921155	0.186210147099459	0.435757029683196	-0.254020948953021	-0.571713211895435	0.460995860499622	-0.392362985698035	-0.749038954835747	0.333405330443847	-0.025079651061818	0.380108981826654
c.2.1.2	1.38496576350408	0.201320052394415	-1.10007894666647	-0.231486632779238	0.512760866756507	0.232116442108581	-0.101717861313884	-0.733528843773026	0.0859165923071183	0.867069028824864	-0.73668565868651	-0.1601523569517	-0.175695085244241	1.07795783625146	0.12388883064437
c.2.1.2	0.252582306505249	-3.27094631339927	-0.101759499323622	0.844594545557313	0.107511967697115	-1.27964517242873	-0.514724923139763	0.392490863152442	0.541224730342847	-0.0868902769042376	-0.521270740530352	-0.471099634000523	-0.316951450692125	-0.13296799108848	-0.464653752231237
c.2.1.2	0.204324904078991	0.986823639916645	0.915818187383486	-0.0171412026355817	-0.199758555923521	0.0283526485215246	0.828254015853686	0.366277725493157	1.78455350191937	0.924523549843257	0.142988964430336	1.90452627668531	-0.77105421899756	0.105547015494147	0.889520641748961
c.2.1.2	0.0340771543370127	-0.93965088410477	0.466494807536663	-0.320383703560619	0.635641369657276	0.70059521826263	-0.0989648687936168	0.430593175866425	-0.348483030832602	1.46969589215439	-1.43422038102107	0.73565952749804	-0.38605049399222	1.40624259530712	-0.493638135207272
c.2.1.2	0.626380982760996	-2.64585219025509	-0.771683384036115	-0.120134261644832	0.280051192872917	-0.479554614830735	-0.56715036374636	0.460223120775815	0.269968580318608	-1.26690066195728	0.749827696749414	0.66214084440041	-0.674892562775885	-0.685482289158329	-1.34461466794606
c.2.1.2	0.501383256890839	-2.64892554342839	0.0853392111611184	1.37554396144181	-0.230997269287831	0.276899057078056	-1.52508131775254	0.756812290524126	0.347053200661382	-0.037669897099074	1.39806653405575	-0.0192689513954272	0.0642457680913515	0.175227024898987	0.1008982275803
c.2.1.2	0.557098631839503	1.21231986927985	0.537321331132369	0.10983975766486	0.313504039095581	0.451248483854735	-0.0263325367595481	-0.247351945470456	-1.49215539130257	-0.588697161412008	1.44903531106171	-0.273177665318	-1.73781406714617	0.89994619927032	0.715694944365678
c.2.1.2	1.76122008134488	-0.584921960599109	1.36178390707838	0.84005481662849	-0.714245687154775	-1.28040562642364	-0.494419710035842	1.65598803842285	0.67315621068803	0.746586174746061	-1.33692791239461	-0.171180038487801	-1.33602275254036	0.524569564705437	-0.547895518303523
c.2.1.2	-1.21769621897746	1.93196287248392	0.530075807307487	-0.583036777853849	2.36646291015283	-0.0201834399620306	-0.104036645394678	0.402030334378861	-1.12808289388639	-0.121868298887108	-0.44757073969914	-0.303409405481232	-0.384228004304401	-0.082341050743661	0.238954636073121
c.2.1.2	0.499115003936057	-1.91505898957659	0.308806204298378	-0.457090151634092	0.602080747623694	-0.309012116682805	-1.45214016433413	-0.608951532055945	0.0438785378051611	-1.16970477711772	0.240722049440255	-0.0730685332869662	-0.312542312279049	0.409892979501419	-0.467036185674238
c.2.1.2	-1.93949409426239	-2.41749466632002	-1.35795827142022	0.109697394692604	1.49505924750385	1.27853047478306	0.2959341541625	-1.25890861680577	0.409616112949841	0.00235083701952557	-0.775954068957777	0.229059860685451	-1.11383214047072	-0.265537053529429	-0.580528534618331
c.2.1.2	1.41619219229543	1.75851506820651	0.0754234007939284	-0.195457476484993	0.636323500667186	0.580738000069564	-1.26439499174656	0.752383145242291	-0.304113323122769	1.31726474797531	0.593024975196485	-0.714176068872449	-0.554087237596692	0.492402947332972	-0.619673532956741
c.2.1.2	-0.842424548945216	0.14240056656681	1.4234019243809	-0.102603624936703	0.880472105952804	1.72907339093368	-1.18538406642302	-0.118528888842766	-0.631845519038299	1.13318021764901	0.172656239327212	-0.691084188652676	-0.857336194200471	0.152762372653524	1.0389943530448
c.2.1.2	-0.447511115738973	1.00583983651648	-1.07610299448881	-1.54267494540574	1.12635162493536	-1.0574740838052	-0.681128930850454	-0.200965215156395	1.04580530201945	-0.0400209703302111	0.358286250549425	-0.223837667642587	-0.656171900656725	1.13735862800776	0.583749549378298
c.2.1.2	-1.46861095081259	-0.297050919034151	-0.506399248341802	-1.48020154482443	1.42130321112842	-0.563784214488037	0.651652528230964	1.03073455678761	-0.378534153931795	1.02994778990825	0.613347234258168	1.46577950398797	-0.517801391350267	0.0675214504171025	-0.566209558317165
c.2.1.2	-0.38441557916385	1.29082772711364	-0.0419863506210559	0.272446802235754	0.725091970650292	-0.0938760386974863	0.0681186210440106	-0.375804528728309	-0.565943022769536	0.0402517448398229	0.0344441979542756	-0.498417048459329	-0.618357180966251	1.46237151826782	-0.886064389438245
c.2.1.2	-0.0261469404857184	-1.94042340913905	-1.0347423571349	0.428517588631767	-0.799719910266541	-1.6535409268137	-2.00336777501453	0.319247068468346	1.67603433981528	0.15176269935539	-0.472556195055337	-0.184043277578587	-0.0200579714355009	1.16543799428666	0.310394858428243
c.2.1.2	-1.61629355899593	-0.2815826028651	1.93027278246572	1.08148287289503	1.2839162414939	0.810011382806916	0.839567880268792	-0.376921290610746	-0.0874524820280367	-0.286748482824052	0.277717039031791	-0.825642177199871	-1.0692218299368	0.414497922962265	-0.259493985918293
c.2.1.2	1.47165082228475	1.22279619848635	-0.207387904654405	0.416384193927347	3.18709700740691	-1.34132624429658	0.571287655943596	0.508664617226787	0.227869441039781	-0.776228209235008	0.0162140073752877	0.863662360203254	-0.480360764579681	0.0586972373737335	-0.633239017184947
c.2.1.2	1.08974637623955	1.04693791734255	0.628441089162904	3.32921484749505	-1.71307550523856	-1.5365933684921	-0.662495396082816	0.676166457954044	1.7815667302811	-1.18892713638057	0.822986426971861	0.498707273825627	-0.135434669569187	-0.429196257270711	-1.16957598571546
c.2.1.2	1.00669096250555	-0.536857055554277	2.23939147172289	-0.392500956423927	1.36451162813609	-1.31045084742364	0.283555309797142	-0.869070391242641	0.262897787162081	0.773239914027507	0.239081898306913	0.504275032878655	0.904503304582673	-1.13332636392173	-0.874278664478328
c.2.1.2	1.26394553180824	-0.114400253641754	1.56963017910565	-0.754457233823519	1.53135218942126	1.63608458175961	-0.593281564481362	1.53743904544074	0.613611244156757	0.138216152165699	0.451005814284415	0.835183626233552	0.639484867144553	0.184337438665525	-0.0215091851875827
c.2.1.2	-0.777935574189417	-2.92092081767654	0.146502663960996	0.245706212287392	0.278378319000944	-0.883261643718869	-0.0641000380174969	-0.110591182326293	1.36050074306156	-0.513686885877009	0.297693111393639	-0.452284604030369	-0.800487415505956	-0.441203612826917	0.227803190978966
c.2.1.2	0.887265507734814	0.494798480432814	-0.773352963088221	-0.0774897979764445	1.77452696483418	0.364141586724557	1.09557768866412	0.268767024793849	-0.297757198071313	-0.0820857351906902	0.00610278376271167	0.404808121959648	-1.76868070495026	1.01938738428741	-0.111559845101161
c.2.1.2	0.11114200685598	0.496823805608665	0.363138345902168	-1.60900250887009	1.56343249952046	-0.0145113908716444	-0.676865817978256	-1.07808604278798	0.286977030840359	0.0426408251812514	0.614912091857686	-1.01466318187733	0.0348872387952024	0.74367522377249	-0.0645848917860729
c.2.1.2	3.56995406099638	-0.920774903814239	0.387268984564484	0.0345805219716486	-1.37096952252127	-0.0214075005004836	-0.00935195196388175	-0.335232400505553	1.86982822663667	-0.634579479020671	-0.189026698196998	0.433270721972924	-0.832261268715918	-0.329677883641462	0.924714231436336
c.2.1.2	1.09688834751148	0.83712653616797	-1.07200694476208	0.876330818670437	2.59803474303271	0.66044789411584	-1.83785004621399	0.155530079378057	-0.488830964748509	0.649990093808653	-1.20114917314797	-0.23870796002508	-0.136448840428164	0.23807566397918	0.838399505904721
c.2.1.2	-0.809780489728104	-3.71768789369899	-0.505104316272068	1.11084495381792	0.442760730762336	-1.7263194342317	-0.121512039231176	0.80399972772372	-0.326272319545496	-0.0583122035957491	-0.207417609138737	-0.123285000251659	0.0475559896013951	0.613899812721179	-0.284355606511218
c.2.1.2	-1.54251534709867	-0.675706815402214	1.47220756242873	1.61632954042034	-0.105123135111006	-2.04123126756362	1.58131836233162	-0.693430761900786	-2.50543322171627	-0.0541687432010965	-0.405578959734926	-0.0597799245300183	-0.468384229994481	-1.04203314209181	0.57545453893729
c.2.1.2	2.97470736721367	-0.248154765052665	0.906046351082676	0.290578355377503	-1.76877475758482	0.999003239226031	-1.95531417556619	0.568462377202233	0.521232247118901	0.212258735559214	-1.04681382682004	-1.22972019794145	-0.685813292651312	0.956587647555635	0.784765892325298
c.2.1.2	0.869830833106589	-1.80349682015366	1.26358157782154	1.35479493247904	-0.0199122918654287	-1.73001991193053	0.357486015627112	-0.504704027094724	-1.45962622623909	0.498603727022329	-0.297648147826438	0.444380503474063	-1.03480511050455	-1.29885990454656	-0.308814641657193
c.2.1.2	0.985102804505984	-1.01604747128925	0.892615421970568	-0.0928664867974557	-0.66340870356047	-0.657504882767248	-0.167751694377982	-1.22954773754844	-0.394326769416097	-1.00475608816993	0.575091148626933	0.665630287851873	-0.588885618194408	0.379929267685968	0.779226936754702
c.2.1.2	0.441107962827772	-3.09823551656773	-0.734038621666022	0.650069007097106	0.479357021512462	-0.101367287972341	-0.151099028857722	-0.46247493637442	0.579064820069655	-0.690916547334929	-0.127860374744985	0.485600335046033	0.077151058607545	-0.243586399621377	-0.998051279205233
c.2.1.2	1.20356460990815	1.04258274391511	0.0423399048742206	0.894371014512067	1.69852717637122	-1.149222586138	0.933994048388699	0.358704927734886	0.43601597128922	0.568220816393474	0.448874324570321	-0.0934105551714043	-0.189299212815431	0.0651752394834854	-0.385038560087489
c.2.1.2	-4.62428058038316	-1.77359123259294	0.309524814573958	-0.434638378668807	0.433525100104566	0.975323638550423	-1.00318973447823	1.51743027108313	-0.902230157549613	0.814128489827826	-1.76336190715124	0.67274224538353	1.09453758630256	0.270712955809705	0.141076310586413
c.2.1.2	0.311969554150392	-0.590069121190738	-0.531764081534837	-2.23830120044715	-0.177196355127308	0.205871775149315	1.09858286726653	0.0196428436710016	0.198487967193607	-0.352872439162971	-0.296229522787411	0.824032193530621	-0.155673638663154	-0.781470290710834	1.01507819597928
c.2.1.2	2.6642007843156	-0.72259683500729	2.94572287253089	-0.25582965069635	-0.983724569148737	2.11416707745459	-0.546331109385856	-0.387848202816334	-0.246863434233363	-1.27433939308474	-1.40930023170573	1.00575632510321	0.987725622013067	0.320439110664568	0.00302924436837181
c.2.1.2	-1.64638560080675	-3.22770375891587	-0.965905272475263	1.55622011435699	0.552963546832293	-1.60519740357299	0.207774051839618	-0.153441662105768	-0.826900401308074	0.667629639142685	-0.136948479487461	-0.243350267812077	0.453954052626175	0.126257493390516	-0.508870466936041
c.2.1.2	-0.839608435069651	-0.859548599889045	4.36027221208059	0.833786885994742	1.08166943344561	-0.445954370566389	0.757424385433824	0.343544329778136	-0.236990768764583	1.45710520552401	-0.237403036648577	0.732735082511927	1.24394524326225	-0.841885402390661	-1.54976901759796
c.2.1.2	-2.61654350509496	-2.81049812759786	1.37524985357323	0.243592640149675	1.01914867059446	0.488303303561564	-0.497212324646486	-1.11931692300034	0.951096071624474	-0.279432759938244	-1.48270953526051	-0.102926401562914	-0.241605815197315	0.317122028731408	0.830522271659213
c.2.1.2	1.49441114120492	-0.975666874274886	1.61566819223982	0.564207976292798	-0.835590091483719	0.411212580780921	-0.181903248369746	1.75550572983023	1.53652632952979	-0.054092763361679	-2.04419067131913	0.360216166997779	-1.27508209211493	0.519253910539693	-0.634475977406261
c.2.1.2	2.03117066230796	0.852630838489407	1.54185829354685	0.473158476749579	0.149349033627047	-0.741389137908738	0.230023078081408	-0.208062047867078	1.20868277564426	-0.241200064324399	1.10651269813553	0.722056368526892	-0.576832426840395	0.164303283555829	1.15339604449425
c.2.1.2	0.0295440131891425	1.10964547682109	-0.373095430424568	-0.017581687798261	3.54877357684349	0.802404050526622	-0.463424212094677	1.47907086907435	-0.545098679133172	0.549433134674003	-0.353998354529873	0.206468851857339	-0.530204498706007	-0.428646442767711	1.07832730757756
c.2.1.2	0.105532709880715	0.00409242155272524	-0.156216969754811	-0.704520882167843	1.04469807601884	1.28674113066655	-0.835308453527243	0.274089666612984	1.31950230745678	1.28814830317021	-0.606140748671665	-0.410305159853557	-0.630200339604204	0.06566957211663	0.0436533958074345
c.2.1.2	-0.609644871823181	-1.30598914296882	-0.543235127082117	-0.170072063699771	-0.731617676223864	0.123750430534107	2.08803333909608	0.472559915840734	0.102962508588408	0.430909652715613	-0.019871444318692	0.204344094406041	-1.25171906970667	0.765705900517891	0.358993708553219
c.2.1.2	-1.83902333579287	-2.00340125808124	-1.06361287116119	0.11616436536727	-0.528432576493164	1.15045295939599	-1.09266804830122	0.671069994521157	0.225159356411618	-1.2313414277203	0.189823974179646	1.01831396581884	0.609715995817044	0.256278283025607	-0.653824824990948
c.2.1.2	2.35414473958836	-1.80437034126932	-0.513562084615908	1.83620301046085	0.798778510218622	-1.24934286328358	-0.60569001791569	-0.426899250511884	1.09273389065511	-0.373605918331882	-0.870648624416673	-0.155580997761357	1.38543417796859	1.48326386538597	0.341797651006127
c.2.1.2	-0.396561023888968	-3.83612983942892	1.29709407406665	0.679309578617919	1.86067941299844	-1.92996735950548	-0.64818763716421	-0.870165396667484	-0.63261412135967	0.193192560525836	0.981072632860253	1.0823339748088	1.10874988077278	0.588200980775312	-1.19933260037536
c.2.1.2	1.65100098053095	-2.14078022097379	-0.567489701919548	1.43688138616067	0.968385245173873	0.724257787997176	-0.648787038857175	-1.19301210019028	0.824238467009615	-1.59589024655789	0.210462599416249	0.808036813422899	0.17514168401357	-0.220736343132825	-0.185647511038609
c.2.1.2	-0.501365333046539	-2.37985980730666	0.207370788600143	0.817266889921707	0.420195633944331	0.869653949287238	-0.78885108146803	-0.67223907825259	0.344750804439197	-0.150659047045628	-1.47520030586154	0.668502071790604	-0.48224934438241	1.26956065645247	-0.0991382939231041
c.2.1.2	-1.83651616867481	-1.13674565112792	1.23462742985484	1.56953998838685	-0.177158722387824	-1.55280106362362	1.39058655941089	-0.382019351519234	-1.73254315989375	1.02983486762293	0.200739412541577	-0.223511291313775	-0.0291848213683578	-0.956523984503871	1.50412601365677
c.2.1.2	-0.313984682597753	-0.965351547276523	2.55095432633771	0.954850837635571	-0.808820916545459	0.0670695389864537	-0.0633741695942225	0.411593579660441	-2.00643894114868	-0.449746827758236	-0.674915269666893	-0.581268566289203	0.625691222490374	0.709244884790054	0.84452679996895
c.2.1.2	-0.869063106858558	0.0908494259430804	1.16378984275738	1.44234436337749	1.10603993382564	0.643561001667675	0.943505710197484	1.9202870490159	-0.212082729468717	-0.711689912223585	-0.219337388095447	-1.26335746407065	-0.786346307484416	-0.0694547545374433	0.279723173681054
c.2.1.2	-0.640539466483113	-2.97316107556607	-0.835135197523727	-0.283862856377678	0.369492617324473	-0.898050693179223	0.645735073616167	-0.22285936521931	0.675936671020687	-0.782111679615841	0.189369934208102	0.0545388281142621	-0.358729851864241	-0.286096957129271	0.174805198978225
c.2.1.2	5.15779981074911	0.419345178664811	-1.66970480926106	-0.37204694591478	0.207301152550664	0.333329535835758	-0.200722247219821	-0.00578704835674144	-1.32179190516282	0.146649024661124	0.598149430038196	1.25491194483098	-0.512898017435494	0.83714025782949	0.342592567266096
c.2.1.2	-0.357818318145426	-1.99183754617764	0.256638823457451	1.77154424621091	-0.492994396181271	-0.889605921673878	-1.85285911035721	-0.269446856914782	0.290790786814011	0.141846347631274	0.791567154844856	0.930002402009002	0.173418717744875	1.57361078487654	-0.366647759516311
c.2.1.2	3.27929802087402	-0.0308535412986041	-1.30932304974611	0.132067786434222	0.663373880330816	-0.721369035682278	0.996271576843054	-0.109880967065428	-0.724846649758763	0.991597493790485	-0.329627926246178	-0.392523989962215	-0.0282128181499973	-0.377537722272798	0.349399256906804
c.2.1.2	3.05700667344571	-0.516744897083296	-1.83751391668693	-0.360802485256069	0.327202866492024	0.906567348189042	1.07200909803918	0.783446442946363	-1.04975447848709	-0.682026382513894	-0.950648185353274	0.000174800031409517	-0.420318026435445	0.302365933033376	-1.07655012945879
c.2.1.2	0.879860735048928	1.52425410639132	-0.431359431713692	0.44725705751194	1.58033080396448	1.42277885637191	-0.07002279000773	0.316957728016518	1.01507110801155	0.487788919798246	0.804675427274033	0.367949360718395	-1.60773528026701	1.07624595881113	0.129431623721779
c.2.1.2	-2.06256129275341	-1.62218827206681	-0.576204064588182	0.136665512961566	-1.00672062835238	-1.70196747536531	0.94274535112656	-0.647595752646427	-1.37552495638412	-1.44482493994786	-0.469487934168282	-0.361813998320437	-0.919848325844611	-0.336327930874422	0.246050807363657
c.2.1.2	0.954841312596105	-0.801975956118962	-1.26825885108988	-1.76490613201279	1.09709179926533	-0.369499032361839	1.16533386684943	-0.373424479411431	-0.0117496489928922	-0.321374988342201	-0.286877930036298	0.523677446663703	-0.880858569048327	-0.0675544169905727	0.108868618483429
c.2.1.2	-0.961398296241702	-0.589392980042072	1.96684449927977	-0.830197345375698	1.06038344347719	-0.220308527088077	0.249578846497384	-0.874325268561027	-1.26573830734321	0.0639008005922388	0.401576605028048	-0.0816906852409324	-1.10881091939751	-0.978529697100252	0.190847162000829
c.2.1.2	1.13625125211832	-0.773178541758985	0.755350197009259	0.0202430649329439	-0.802220200706691	-0.198580660172856	-0.0691086473172623	-1.05775163276203	0.187562130434458	-1.31558227904747	1.12205819783	0.106644751443708	-0.0882803552721305	-0.29454238663065	0.609148106499123
c.2.1.2	-0.384023056724037	-3.73372393640444	0.36678158521924	0.0346865824607198	1.2011714959324	-1.36926231974393	-0.657469395852524	-1.4513251289589	0.403128272569065	0.866127228704611	0.763835382189532	1.30812590389703	1.77451422778745	0.369010103248613	-0.230012434351126
c.2.1.2	0.684467455613607	1.43680655333915	1.23804956550717	1.61758972625645	1.89517915096418	0.074520164303337	0.579133695626559	-0.423859540481916	-0.879810222393745	0.599904339801996	0.665176628377287	-1.47191880410632	-0.0376523099278328	-0.534066960155853	-0.61554949554207
c.2.1.2	0.865840958312428	-0.840586134603241	0.951471237679682	0.250645268671969	0.129579828239893	-0.482559493418578	-1.15680337224032	1.32188168006912	0.698455843855586	-0.599141589875615	-0.331948873658764	-1.00152866454552	-0.0438718625550178	-0.011137124796774	0.630890679667515
c.2.1.2	1.10783279039873	-2.88303950180466	0.104446337764391	0.913286044328348	-1.07281374197596	-0.628219772584925	-1.43019323327301	-1.56875449887742	-1.25679466274078	0.626026526864549	2.15177453208151	1.02914866095281	-0.740287073100049	0.363444797850168	-1.1293757939962
c.2.1.2	-1.67094022759618	0.220797959564406	1.14483352285852	0.261093504242743	0.942092288450438	0.449237537136653	-0.126826489472122	0.92754086985333	-0.356307237732877	-0.881236232524601	0.210731789381215	-1.17885838254242	-1.06630839735699	0.143123971321442	0.0909998243257468
c.2.1.2	-2.10325695589265	-0.072063834023695	1.27008312556945	1.20411280410638	0.87698277500391	1.09648180007075	0.119732055849842	0.473971049105831	-0.639679644043411	-0.695926300122559	0.559350183437261	-0.795170330536159	-1.50880102290462	-0.179224581950218	0.121511012275895
c.2.1.2	-0.272005332689364	-1.21977434186382	0.103956844409858	-1.85995546793817	0.754709072197625	0.606705155836292	-0.191557342056236	1.26679875872415	0.817825920625407	0.763540114551306	0.524235671740803	0.565594193331004	-0.611782696278537	-0.55793209635051	-0.38401048711525
c.2.1.2	-0.339566435243266	-1.10653888699008	0.871676484875793	-0.829333599437149	0.329157672531591	0.901353838684161	0.0333455368765407	2.11761392086794	1.89799336684572	0.169205027591118	1.00681126850922	0.325617027152543	-0.492287214526681	-1.08994013048812	-0.544103543156248
c.2.1.2	0.583636127732041	-2.15773930902352	1.13080857851941	0.0898501943920891	-0.270573261055127	-0.769717964840623	0.859241889793622	-0.482383970486882	-0.335594433405993	0.748502344852402	-0.295600353601532	1.5647377326685	-0.49460201105678	0.118006527241543	-1.31056787620805
c.2.1.2	-0.956836317047114	-0.897093063167729	0.702765283327815	-1.6263161591016	0.439062938819507	0.858235413088222	-0.73915066278779	2.07917586261017	1.12837144458302	-0.176779709128358	0.435107096058233	0.44923703775383	-0.799329662531095	-2.06813538462797	-0.313586594413599
c.2.1.2	-1.00914390906204	-0.88692612535809	1.23246638710193	-0.167029330366182	-0.846217413151204	-1.52309817917781	1.68180814935035	0.161510626418896	0.377513445067118	0.838884178418385	0.519762150213547	-1.35535928188237	-1.33302643035493	-2.06442355776314	0.716537586217991
c.2.1.2	2.43261984681902	0.424319493735056	0.714515100601703	-0.291883438591536	0.24421346456279	-0.735557116433911	-0.769984774433858	-0.417433326073187	-0.952988654120118	-1.2904142487967	0.229999037369121	0.00255080212863981	-0.840203364672914	0.824106283183285	0.277588428983342
c.2.1.2	-0.795359323249725	-0.181535796829528	2.1174690218978	0.433021047974264	-0.122835662844129	0.877808259793914	1.94897709744409	0.607233920510506	0.685998373691795	0.0355070724143259	-0.522207651922736	1.0856761689948	-0.20485909221104	0.419449086241327	1.58043800284666
c.2.1.2	-0.323667766975395	-1.34233810909748	1.6085701815555	-1.45668032583116	0.383580760296417	-0.647944021563008	0.781927858819748	-0.302155068679223	-0.243693113430913	0.405110774554762	0.824833084217032	-0.317939227814535	-0.0224834824782698	1.13694729421189	-0.416327951646454
c.2.1.2	-0.913260473640838	-3.27923856260855	-0.290253026610716	-0.370113628568727	-0.941419837174817	-1.33053813781911	-0.385834799394422	-0.0147932981478118	-0.414602647918218	-0.382680457829328	-0.34812364457333	0.0433475539754416	0.117518843245331	0.945582150119674	-0.501392254110457
c.2.1.2	3.00103797625356	-0.842115408666897	2.11515946867003	-0.71646670695218	-1.45261184352711	1.96231282196536	-0.0888426985991667	-0.681782758248505	-0.173452218734241	-0.616579804204133	-1.44822790840229	1.54949397504431	1.16227837801672	0.165847326720475	0.799706978845847
c.2.1.2	-0.301115043043268	-4.14939837374393	-1.91980708540848	-0.377722205233097	-0.422665572253361	-0.621755653086524	-1.12405566223642	-0.205717803109805	0.580860793559702	0.0846522999713766	0.168239035510373	-0.425761445343448	0.471921301755738	0.28144128377135	2.06733498291668
c.2.1.2	0.583801893299934	-1.03310925555738	-0.301460869030769	-0.816502840195333	1.8140422398727	-0.353875799000199	0.0056468336271918	-0.290397808254087	0.192046119623219	0.570658940136557	0.211373612475285	0.0269047524079898	1.05570736203447	0.769830595521112	0.755819598621894
c.2.1.2	-0.22285475242748	0.600529013822298	-0.119614235172129	0.02046529767276	1.13600116226124	0.618891205873204	-0.724105871996481	-0.460646270910181	-0.0310097589592453	-0.307185943776165	-0.0730987685594239	0.844432187433076	-1.82732602211388	0.734178049275186	-0.356096111421409
c.2.1.2	-1.27792744940625	0.199394913154766	0.249537018647948	0.160729705335512	1.24932597785139	-0.368317118025851	0.494903185249158	-0.454960534241699	0.312037484451861	0.235023733101195	-0.468575623304631	-0.0745006725871138	-0.590881374267552	-0.474651253383028	-0.310181419977636
c.2.1.2	0.639345761337488	-2.32173173672749	0.446472182471756	-0.650601872270544	-1.20128232316884	-0.479445701522674	-0.275726043145825	-0.589769586957797	-0.478376284913478	0.625086807092106	1.1441143610034	-0.174462463012716	-1.27642191410211	-0.65719147867328	-1.9819988126107
c.2.1.2	3.90748200052765	-0.980685591565083	-0.846576354720171	-1.1413126866158	-1.33145597998869	0.301181723014474	-0.472220547925444	-0.269427487089604	-1.44595329237308	0.317994217364301	-0.524039549270565	-0.45266154120868	0.900155223637156	-1.36833438901959	0.339838866697632
c.2.1.2	5.19150267267557	0.586771203197888	-0.905086996152724	-0.893048906892587	1.18995881445369	0.36436794595659	1.52960578689866	0.0502488496954608	-0.572011249246664	1.05375305156613	0.702211006390407	-0.210031412537075	0.264855814461121	0.071613640749971	-0.60359300588365
c.2.1.2	0.0789920454849059	-1.08167338611782	0.791350591488352	-1.6139188191344	0.938549955035082	0.10103856383122	-0.419815348046579	0.343746025273327	0.686518245187905	-0.117921266721025	-0.491905613231522	-0.516047667949679	-0.187254968591975	0.47678064970466	0.59300793800632
c.2.1.2	-0.772410231706066	-0.000328362235321294	0.874233171247907	-0.391402986468124	0.563926950869951	1.03515216183393	-0.448066840364774	-0.303642984145018	0.0615393000339003	-0.965781807369453	-0.0524344191115237	-0.18951847003686	-0.522302004323663	-0.311562988790928	0.925925530071463
c.2.1.2	0.166491260253886	-2.83967580730884	-0.517163867216927	0.288861452611833	-0.800139067309945	-0.64433805408943	0.284399933010704	-0.0373024033624066	-0.815201812449904	-0.463166948111463	1.30472710699795	-0.155595959890893	-0.380334791570605	1.38797230930994	0.231170031549553
c.2.1.2	0.45791553877405	-0.77457148073149	-0.431096704970463	1.29245052502224	0.12906516445681	0.108148338982108	-1.47105231174847	0.624317362234534	1.52053088418711	-0.342218425944001	-0.0998218653854995	-0.537044446459498	-0.947921123440025	-2.39686990677722	0.86701423568806
c.2.1.2	-0.836256130921375	0.627505342209501	-0.211950275150946	1.20927954210226	0.117802164288144	-1.12124924178908	1.02084011047802	0.50182260330362	1.24598572822275	-0.0158800631007488	-0.903872831687573	-0.911058364884197	-0.93116407239739	0.112387507218645	0.173967602046082
c.2.1.2	0.80456281873694	-1.33181781880011	-1.00399694727166	-1.82491563662137	-0.382094855454168	1.55473526046062	1.38343603324909	-1.76698805565308	1.79982549420516	-0.355897226310188	0.0525811065423707	0.315342612668395	0.443231767470657	-0.53410880977419	0.84595459734982
c.2.1.2	-0.344790654158982	-3.86445159564987	-1.96579156804949	-0.318118844246986	-0.651440281658642	-0.650140072955663	-1.28418402162316	-0.404967968224012	0.489634408308776	0.472664128206997	0.441130023601211	-0.302088542797987	0.521209598364208	0.0132681984398585	2.47336579535339
c.2.1.2	-3.08737026736697	-1.04793732887824	0.480036919275575	-2.00628534288708	1.55453915261451	0.462232002035452	0.787121685512701	2.02108602894148	-0.0957809759155798	0.135037313914261	-1.01273773662386	-0.360700033618772	0.27708111825618	1.80994583412274	1.77562048472052
c.2.1.2	-0.954497814273226	-3.39669436856984	-0.448443991560155	-1.75022106772252	1.33699263383935	-0.560901117458132	-1.1656235617683	-0.725570922464561	0.760291706701475	0.763074085373741	0.856933500622796	0.0415685182343647	-0.27782577649829	-1.22733221926067	0.701341283455722
c.2.1.2	4.14297853587324	0.564335293739787	-1.75054099489662	-0.565181783633764	1.30042754116393	1.05711892233066	0.286726492135208	-0.0773511110079399	-0.881983305879598	1.24468227334891	0.0137159312611147	0.163474665743502	-0.721811574388852	0.160223553064661	1.13249026506883
c.2.1.2	-0.21391817318719	0.18367307015248	-0.0358160090262446	1.01821986282159	0.747221097330916	0.385233748966456	-0.524054400037337	-1.18965669664809	-1.21335047696306	0.526129903209385	-0.801249119716372	-0.235172567150136	-0.501004087120647	-0.744383563318879	0.721728249160537
c.2.1.2	6.27409065700312	0.390291896676283	-0.973375105507252	0.489043960460841	1.35076338193412	-1.28996616965925	0.819141217118469	-0.0339128929632291	-0.0040500210214382	0.84853791667325	-0.643647143289697	1.05826467208159	1.38896709983693	0.772686393691472	-0.257770490342481
c.2.1.2	4.25562591920154	-0.274396683588347	-0.696298326973339	2.42150393386557	0.890496419881055	-0.999096634637649	-0.43743519133603	-1.76412156486726	0.27183149956611	-0.0270508259052985	-1.79381962699141	-0.0276320537098044	0.454665388604701	-0.882240182294232	0.810440208483897
c.2.1.2	-1.66861108554738	-0.518549245131426	0.820190816718823	-0.0354406803372642	0.790055076640544	1.35474030415284	-1.10686800075176	-0.0587248300245011	-1.48983369061773	-0.64592521769309	0.617654134991732	-0.705706227817038	0.411487141460626	0.0853871538332102	0.515886782022447
c.2.1.2	0.966832163300858	1.42438801993781	0.916803179694922	0.240373764370975	0.513425491188334	1.10981161001048	-0.311977857412294	-0.863118591961904	-1.24179563042556	-0.411747525197664	0.754553437830819	-0.260585392962358	-1.43015795857912	0.991827975402934	0.286100746602768
c.2.1.2	-3.82361578935969	-2.31450548624535	0.308054350667294	-0.234457607225185	0.550016288673924	1.16977090635515	-0.87778268785128	1.4573584718803	-0.625381204796471	0.272096111772163	-2.01250228120787	0.660585467812927	0.506732403950702	0.222218369168901	0.0155371691021086
c.2.1.2	-0.440849970075621	-2.05892099214201	0.778458945610071	-1.54813398940191	0.422048046156599	0.891396929791838	1.34915664017697	1.99271843918508	0.429637153438641	1.35027151129333	-0.100806152423927	0.528904485164628	0.512589173290589	0.0534157350104656	-0.54968735369671
c.2.1.2	-0.0032616280330044	-1.18945808303525	2.44782323427616	-1.36831668100606	0.572769923068961	0.453643744293678	-0.112352195981163	-0.0452428563588479	0.411930939294161	0.297747904599359	-0.129171993424684	-1.96008018322256	0.156223234581907	-0.263260542992974	-0.153697565130965
c.2.1.2	-0.943608447489652	0.442135476762704	-0.227282585293288	0.272187316158658	-0.337777076573914	-0.0648262591349429	0.532300272601203	-2.27603766766254	-1.30939396116536	-0.88728049252908	0.0672984315694296	0.35598245295584	-0.315894464539267	-0.431297407737418	-0.551468307001759
c.2.1.2	1.79165251354825	-0.577103715447227	1.2246225421783	0.90357532205823	-0.741125011581514	-1.34842275999303	-0.665855998347055	1.56753913800376	0.469939713317115	0.717925470183374	-1.35388072030395	-0.229270384997244	-1.35166495913887	0.371190763383488	-0.519348819516988
c.2.1.2	3.0356012777427	1.17824514969956	-1.01631031641564	-0.355015708005756	1.61292814029136	-1.97518896496842	0.948218633143507	0.213519204356526	0.283466838559339	-1.14228309771618	0.344598618174474	-0.10266312506248	-1.15410961902449	0.681045332784186	0.476321511289743
c.2.1.3	-2.27248582965711	0.983092787869806	-1.04866066518609	-0.198900906917842	-0.406972690912459	0.914027021855817	-0.0116497561585917	0.778161977032748	-1.31922437700003	-1.73844727390384	0.60488396752322	-0.326087175211957	-0.582742026157332	1.52380221689647	-0.785502984343497
c.2.1.3	-2.62627299215233	1.43470902628804	-3.16159174024451	-1.10828063062012	0.464296146710299	0.676184478811025	-0.331569293116605	0.249874601770969	0.0260301979091138	-1.24207071510069	-0.830189799334872	0.465566697829213	0.715698026528881	-0.843541574101578	-1.21679698261962
c.2.1.3	-1.92371976668931	-2.02755490312563	-2.47930763661898	1.12555779899782	-0.638687361560583	2.99524966995812	0.255975924137743	-1.85760651080185	0.504699031621602	-0.117287751963386	-1.89013669299821	-1.39037714478178	-0.98768859209851	-2.31110622997237	-0.613050196703296
c.2.1.3	1.07582135954897	2.01805560185865	-0.737141165018963	1.40063416937602	1.95891997086562	2.93481744008861	-0.394488004720752	-1.59048235390957	0.417588401349032	0.624169413281596	-0.273377634480392	-2.77778979952034	0.189415072801488	-1.33432089534891	0.516460074131151
c.2.1.3	-2.48016715213057	1.28580095503361	-1.40209288393653	-2.45788796120079	0.384195245477012	0.254161766586672	0.419152328451703	-0.0277180045891443	0.984186963833189	1.58207132699928	0.84304039625096	0.926011513801351	-0.749792846529173	-0.575908583606927	-1.38764284570101
c.2.1.3	-1.11471437064613	2.01779844658555	1.34303946129484	2.17322861775095	-1.45872000150409	-0.346172255255436	1.46604331448782	2.2300054869858	1.7457712111279	-0.0874375638062481	-0.229628652316076	0.278656607635202	0.104050942825163	-1.9180728451081	-0.678928629754727
c.2.1.3	-1.37082810600252	0.0175314847898041	2.01630299332337	0.517383562773569	-0.974969092417304	-0.0957512736168786	3.08894771189557	0.25069206895976	-0.404923393546553	2.27652790247334	-1.60441134003628	0.641008833927987	-0.339373616357715	-0.991022039681694	-1.12161663721609
c.2.1.3	-0.905268036400624	1.86166752727181	-0.775345035727064	3.41250587444151	-1.52598680276556	0.534151285830997	-1.03293244951992	-0.938095034484438	1.68150503017409	-0.149534009382872	-0.743846265988591	0.378411979832012	-1.04518565704983	-0.986794657588275	1.02004049562929
c.2.1.3	-2.44268026211946	1.53313223261449	-2.25608588487076	1.73662494332547	0.819180475290736	-0.175704950887447	0.473003414957716	-0.627307458817366	0.629913879952947	0.241636127611115	-0.764801104615813	0.472887813304915	0.231534912467885	-1.08461718933556	0.368104564793169
c.2.1.3	-1.35117114114484	1.40265843503825	-1.90596688466731	1.47496078964576	-1.84640620934581	0.295079221065692	1.26557007824736	-1.5897406401123	1.38225652037069	0.124348109243205	-0.747246661541615	0.745735823824858	-1.08482366086363	1.85059746703694	-1.07431033352383
c.2.1.3	-0.743867065886565	0.259713943956906	-1.30759461930345	-0.590720640699935	-2.34216249667384	0.311952243091259	-4.03650804995938	1.11675610584492	-0.890574012264631	0.668328665138183	-0.763708475311843	-0.658996501469498	-0.65701134291918	0.301786878634369	-1.80052534035219
c.2.1.3	-1.71959066456088	-0.0519085235466193	-2.22614498972975	-0.361819798104535	-1.84134044322062	-1.19616082795573	1.01950500311226	0.263026916907108	-0.917418481344956	-0.104937880675048	0.108851489105523	-0.614489265773054	0.7556631519647	-0.462140895180968	0.915389499787719
c.2.1.3	-1.53686554973492	1.49026665120649	-0.283963747619383	0.522849037444081	-0.55919718898731	-1.12068704818906	0.188592472556596	0.72832699635005	1.38462500890785	0.213026491094134	2.0220103398034	-0.669285778746436	0.199395430934005	1.146860043638	-1.16991729409436
c.2.1.3	-1.8610341050466	-0.831962956576809	-1.85063250781021	-1.96643843732758	-2.18360162272412	1.49381541342553	1.25153614460479	-0.0192266380265267	1.22509115702333	0.764431746686095	1.05707164493945	0.217187701036411	-1.12381110242443	0.600369068404167	0.548754750502
c.2.1.3	-0.43730192650826	0.804969809854054	-0.858794114795181	0.668217856254427	-0.154071591643762	-1.39540779419785	0.0772228733928293	0.598398519409607	1.56307880445981	0.271595503038684	1.30363200995982	-0.304523608047559	-0.260049535136664	0.00907062152470917	-0.657854524920414
c.2.1.3	2.40310883954088	-1.1990114822011	-0.886079376284182	-0.656022379056146	-0.127327510720469	2.99207058838416	1.33776751322321	0.889065620549369	2.12194444817408	-0.716358738432959	1.51090591887419	-0.598155357218017	1.86080351946256	-0.132842364903503	0.652278187284459
c.2.1.3	-0.425493692533743	0.289597289475108	-0.0939907684975669	0.90964494609688	0.58093784305954	0.160816357085184	-1.30290343253839	-1.78368897429091	0.979335523620403	-0.392340690274011	1.70820421958899	0.313490150633069	1.79495823435473	-1.71421595493694	-0.84093077407945
c.2.1.3	-0.481073922713504	1.98821624986414	-0.140082632665354	0.503787272836168	-0.0567369501276241	0.767492136743464	-1.20231417590582	1.04701869369685	-1.01968285417328	-0.0463283065277418	0.293634641626587	0.794373840532797	-0.0992292328525444	-0.835178584001229	0.538375858671446
c.2.1.3	-2.04724583274963	1.5265873319035	-1.07787080064379	2.14855901950487	0.593981517855775	-2.42037416634454	0.54164030941588	0.562820360905325	-0.0745594973849777	0.565524516277494	-0.277599038092929	-1.14634510375031	0.458013315193138	0.72373164243736	0.334164567885514
c.2.1.3	-1.83875677046743	-2.06506775835881	0.921280457733821	0.573522802565289	-0.402483605781239	0.0352927925168985	0.434116094912847	-0.311446715139647	-1.08675060758243	-0.832841563641346	-0.100868742237506	1.36036065100445	-1.05162581806549	0.404377049764263	0.492026393840779
c.2.1.3	-2.59313983139009	0.832832891684694	-0.3019109795682	0.0383222918597905	0.743279917725101	0.63203637685114	-0.065874311080078	-3.14782320503608	0.185365466413897	0.0700679546611965	0.273418766015946	1.28326876905052	1.46957471583808	-1.03492087121425	-0.67266893356735
c.2.1.3	1.40951134462481	2.06828557867275	2.1375464475672	0.597305452263334	-0.314576662164143	1.93896278872382	-0.962816621372894	1.11032045486952	0.57722473089219	-1.62954319236409	0.604561262889208	-0.0478073096108174	0.0640358627619684	-1.83886278978395	0.269937250564278
c.2.1.3	1.0314335678156	2.26692636564243	0.221256046312881	1.6908412423398	1.20728272924041	0.457979205422736	-0.0724111890375631	2.03950702894798	-1.70088425824429	1.14966355571904	-2.66275580559058	0.0153296916465883	0.809178126237424	-1.57464439996466	0.179148809788769
c.2.1.3	-1.94518507051906	2.0374118231757	-0.938521892729946	1.89641121406689	0.25804496434863	-1.21808120860916	0.777460083348965	-1.43756515127686	0.759929792546875	0.275154484016014	-0.439627988996997	-0.0404063768008952	2.07371436312721	1.19776975119018	0.435659840106991
c.2.1.3	-2.02489772346913	0.171811816014281	-2.10046235816752	-1.41350202128203	-1.5593334056979	1.13778301123626	-3.07529577093522	1.1794844933587	0.0229921816152349	0.845528110913028	-1.1660588228119	-1.93081413937744	0.571788183211346	0.0774654810128366	-1.13568149326149
c.2.1.3	-1.00293147717669	0.298595671765592	0.459112532443003	1.60600203158853	1.96694389244513	1.73281275291097	-1.24563944201596	-2.99796134473241	0.0997449236890111	-1.31841093262437	-0.12490379633125	0.559893009799918	1.15758411050616	-0.845731214734789	0.275488076222566
c.2.1.3	2.62580951169395	-0.2635335187065	1.81146977942602	0.275577524218299	-1.18842311374642	-0.145004822087532	0.888416256287296	-0.745898817417082	1.22318291698893	2.22384964218485	-0.791565500121968	0.235838481451124	2.60382832094966	-0.220886619131494	0.151347765718947
c.2.1.3	0.671132996765082	-1.7614215469298	-2.27862796814458	-2.54364838169881	0.344873571219642	-0.435350366517848	0.259917426730514	1.31500560453467	-0.484655906438359	1.43457319381588	0.138783946515287	-0.149191978356911	0.446934946046236	-0.69679200160901	-0.794533089540972
c.2.1.3	-3.20810671235884	0.704887893709688	-1.11572854174623	0.0559253468743933	0.763157825555785	0.244245231800808	0.144833792729182	-0.341894366060873	0.5288050992611	1.31874805041427	1.02533910108195	0.103218854444188	-0.528862570044536	0.318972896246308	-0.304104829103416
c.2.1.3	0.0192409974476839	-1.51685993254879	-2.43089687477698	-1.87237826794624	-0.957012998845514	-0.506928904046101	0.982565092386378	0.499407019590607	-1.269656091702	-0.543586418046885	-1.10109065923344	-0.00585112009883776	1.0297125172724	-0.0364492857034828	-0.238365055249945
c.2.1.3	-0.791095865018875	-2.91382047772951	-0.667754288935511	0.601523919299669	-0.561727391116492	-0.228006024553839	0.0852404239224452	0.0292331027639975	-0.304897443383265	0.395206848003437	1.13682520890234	0.186102426310036	-0.647458626689164	0.373925257673938	0.763742773598939
c.2.1.3	1.0201747742388	-0.794612345247601	0.309277490732645	1.87249590706522	-3.21561706051865	-0.106862563002081	-0.248087277163636	0.180563967369765	-0.320967467203433	-0.536645159669234	-0.416513259622965	-1.85721208292533	0.483954350384636	-0.890920166375612	-1.03283734193247
c.2.1.3	-0.292002956750555	-0.372460963708603	-0.583636849321701	0.111339628579445	-1.43602408369703	-1.24972758631339	0.678744973850935	1.57490791072295	-1.02830576115053	1.64152165700654	0.454733692761415	-1.47493315428777	1.44146734508422	-0.00525297838512886	-0.251781916804694
c.2.1.3	0.584486620680846	2.21608211271707	0.0148730207716774	2.44724325084878	-0.302087849084112	-0.26017220821986	2.03498770086826	-1.70937938169312	0.373926788544097	0.980420556985645	0.539881222817669	0.902951366410871	-0.804765256777792	-1.12482902445692	0.884960063751037
c.2.1.3	1.13632017479685	-0.611754115832342	-1.7822742161435	-2.05716742132072	-2.22308291932869	-0.701733699429097	2.68145601503754	1.5401346271548	0.150086124033039	0.386718112709906	0.629176574628213	-0.706383384800385	0.0845643833199155	-1.49039073105528	1.66597632978858
c.2.1.3	-1.9560204558397	0.0225593868316232	0.0171995991356276	-0.379007669787536	-2.36039714272022	-0.0164747220946834	-0.481525461231763	-1.31919680964745	1.42577111938781	0.217178484163381	0.954564922806068	-1.19688061073127	0.715353983517211	-0.371483397320388	-0.151743799034448
c.2.1.3	1.10823210509582	-1.08852168111889	-1.3421878043851	0.899233570631618	-1.14106448731646	1.08231430647872	-0.0174706791240099	-0.0542268700835092	-0.695829391675339	-0.278061736552482	1.33802324871903	-0.725484027841754	0.194159945595367	0.0599757442897872	0.816288731412524
c.2.1.3	-1.39243109596474	1.61391503441943	-3.53921526680724	-1.69372169511692	0.0653004024104323	0.104417532502722	1.2672648481699	-0.596804638191416	-1.65009773656004	-0.845694615794699	0.201648541317457	0.26114983681061	-1.24400500178955	-0.198876835143953	-1.74890128872541
c.2.1.3	0.468111966137704	-1.01176147617922	0.0894859379016255	2.38742166830768	-2.24540478375137	1.43604525335017	0.791321464301677	-0.6338085824019	0.532207469300526	0.317409630450328	0.357798144555421	-0.746061990843256	0.0498480473520702	0.853555542657655	-1.04840672780057
c.2.1.3	-1.59225499785263	0.471088669462253	-2.76561812901461	1.57955289253385	-0.239308859642296	-0.827633383792624	-0.0269194560874578	1.04077909907836	0.298392883051961	0.720034320835007	0.601891712713032	-1.17557798461207	1.26464860266414	-0.00384245738423379	-0.579469674645867
c.2.1.3	-0.835507617702471	1.36386521839302	-0.292314165956415	0.760003891843042	-0.989507695976188	-0.0342293578115023	1.0958712939402	1.07294771826286	0.0454303283862086	0.342899978078648	-0.451138128136859	-0.205609989306406	-1.51880758821152	0.348188781960394	-1.39836000749861
c.2.1.3	4.57503289260191	0.547791956017986	0.319785937908104	-0.328967111929303	-1.82706473876436	3.23991341808311	1.52601027051871	-0.147175555850204	2.36022356131777	2.9096062478131	0.147301885949219	-0.511323198089859	-0.542314022195711	1.77680425201465	-0.116117192156457
c.2.1.3	-0.680881421532513	-2.77030820503607	3.27846178335817	0.438527347204544	-0.962949727858759	3.57918180533483	1.73610082247586	1.40173886146902	-0.36216308586824	-1.96071161981122	2.0969619101352	-0.765887581349095	1.14491416548535	0.543642179462931	-0.721008642304738
c.2.1.3	0.83713323800801	-0.635739173403935	-0.671549087191324	0.54087985110117	-2.02241921056729	0.101735137080124	0.0842765331126758	0.355401319993404	-0.392232604835172	-0.829794676615993	0.775486042585804	-0.650830879487568	0.534650038742427	-1.6538154033078	0.0127289068993618
c.2.1.3	-1.82326720013832	1.12377007315471	-2.26718733755581	1.07063732707465	0.0446951052550048	-0.435573194142201	1.49797752150608	0.898357332971494	-0.63765838217226	1.79676092358848	0.773096082883014	0.226312377074488	0.912061174859508	1.43642101682635	1.95872598446245
c.2.1.5	-0.315720864031252	1.9850867913468	-1.92847145709075	0.15721343969599	-0.375275196461459	0.855691368230423	-0.186193086934269	-0.287320020047835	0.968285552513142	-0.245841323788151	-0.515670540815511	1.76576881812206	-0.0684405406636742	-0.152868504028755	0.192739336614989
c.2.1.5	-0.116322760675028	1.99227325315034	0.741672544579432	0.430309493837719	-1.33334754764023	1.59208083464739	-3.04195860957183	-0.00191576304991332	-1.6774641852076	0.742957454803109	0.0588743378838584	1.60171425056735	-1.2522426443857	-1.09821211971177	-0.0690808427454518
c.2.1.5	0.00598267283135384	-0.673461331576218	0.796149866472956	-2.31226803910234	-2.2097730094926	0.872423951255831	-1.19294552771262	-0.926272398129256	-2.19925582790305	1.52283869362894	0.465623282754108	0.486452735393851	0.186288583056804	0.324447883746506	0.374008184175934
c.2.1.5	-2.00902399670498	1.66886568920882	-0.5304556067645	0.339451517588856	-0.857916529626672	1.44507230820033	1.3335389827464	-1.6912397497147	0.893371351609658	0.544727337206627	-0.424161690265443	0.475841681920708	0.087365264511169	0.931433759582291	-1.05127562948409
c.2.1.5	-1.44638499602884	2.16251932135434	-0.398613548514887	0.734884590322918	0.0419340888225921	-1.16545521839485	-0.465043621629285	1.14540109186317	-0.702388260795568	-0.0475904952759585	0.604897751686377	2.26918173870238	0.489924197262341	-0.912051838001418	0.835760565477945
c.2.1.5	-0.70108974969064	2.30297460248046	0.0931753454658277	0.644631665209739	0.336646495064207	-1.10339898612338	-0.327833309713802	1.12964221166608	-0.275393549467298	-0.355775596124214	1.23757142570646	2.14644652661054	0.109054252388374	-0.588442995681701	0.353473357838426
c.2.1.5	-2.27290273839901	1.18750681108099	-1.88677291149304	-0.609775876124515	0.301211249909025	0.47098530663382	0.600738513209216	1.57686647414383	0.315679682662537	-0.406492704116137	-1.20875941810016	0.947033927688643	0.605390654513025	-1.19582708832331	1.22321908580642
c.2.1.5	-2.19077817281328	1.8141979076688	0.00812073231110247	2.37679221061531	0.499527028889079	2.06413737372816	1.01144178261525	-1.05777435016151	-0.146288270074883	1.32730468935886	2.01241999206898	-1.62712413716774	0.221188137881354	0.23311542339398	0.363375440800848
c.2.1.5	-1.29405642458354	1.45878521046772	0.599692460845884	-0.122706288095228	-1.64746992678682	0.0877749878155014	1.3309478254074	0.607340501737135	-0.64491223645041	-1.40241851645666	1.55360049574895	1.03868421637657	0.511829866722442	0.67339652428132	0.55925968584797
c.2.1.5	-1.41925878627863	1.26571768426345	0.738097972505817	0.0541044919050461	-0.885933660251236	0.509810572633172	0.0636437691298083	1.44248498435807	1.03831922974461	-0.0741525749861356	1.30063386955935	0.576897467354744	1.73382427804278	0.0668210664832841	0.44508093271054
c.2.1.5	-1.75886174853733	1.35338568151842	-1.09434417168973	0.703012731801756	0.287944354029565	0.749880671182695	-0.642394209492109	-2.1054633225256	0.934628031470767	1.5449886011839	0.104457019893809	-0.0515468171678475	0.655750695352764	0.850202116137727	0.603652361542995
c.2.1.5	-2.81808153304577	1.34889185392	-0.0961295393872633	0.939869053429795	-1.48870247113776	1.1243742556735	1.153273421137	-0.958029198989328	-0.779363076228204	0.604106786766644	-1.28422054333133	0.66518593565241	0.938556046489783	0.508449662343222	-0.783440559909981
c.2.1.5	0.156105141800876	1.90618716529408	-0.0860276738734266	0.93627470365463	-1.03390759535668	0.429632442401242	-0.948658177524643	0.847882946874883	-1.28315281940005	-0.333354959693933	0.892679881070927	0.330627150730554	-0.654233624655848	0.276003154727077	0.194510784595817
c.2.1.5	-0.362850938752477	1.59061858836904	1.71969664059326	0.651130476978926	-3.52522695446372	-2.22201713623754	-1.43913415166	0.462364076088527	-0.913715555068308	0.256208823601825	-0.519799402304459	-0.774849640632193	-0.750346402894615	0.526074860716874	0.521389917533649
c.2.1.5	-0.827339028638992	1.31700948646741	-1.55161066113569	4.40880512631173	0.440929455204554	0.51130743407211	-0.0561211930708969	0.486336613219749	0.287308762406199	-1.54753437025866	-1.28620317864658	-0.225761954455635	0.600390490193517	1.51807024540349	0.446348975552736
c.2.1.5	-2.2443094470916	-0.135140486793986	-1.33670205078406	0.0669011129145065	-0.0307121897234027	0.21983543068149	0.744070431366466	0.247671746350785	-0.138667176872432	-1.39025555467458	-1.32483613208649	0.507131643690097	-0.152715166739065	-0.953471136693158	-0.896011538091242
c.2.1.5	-1.02353698787889	2.14658462102343	0.705738140847509	-1.28580526435744	-1.10266553299655	-1.74779634195876	-1.1818898719946	0.886896824010435	1.11550309193319	-1.02690733032994	-0.364739725297939	1.8106080628866	0.0812432576084432	0.151012557307039	0.160187713360453
c.2.1.5	1.73531964786233	0.14276817272995	-2.23844414904086	-0.849675465666723	-0.613216740793173	-1.83991026146431	0.309066112346817	-0.538115619520132	-2.07141466522072	-1.72227138083554	0.111407168227582	-0.12902258299232	1.21338755377527	-0.903891830852276	1.04672708132343
c.2.1.5	-3.62843497412285	2.27461249460946	0.977952973605628	0.681345275863664	-1.13150555585644	-1.10100974046291	-0.638908448111964	0.208796954544491	-0.237918675750379	1.13759587907755	1.29831355948379	1.00299837645661	1.08424990529007	0.749232864283367	0.855381044724
c.2.1.5	-0.147421917620459	-0.670592096374543	-2.4188778905218	-0.252543075891609	-1.18256911066731	0.0529953877238502	-0.385067745292339	-0.554312539516127	-1.03530009623717	-0.257026679406822	-1.42095296480647	-0.630746927399349	0.261711190513627	0.0920408940317621	0.0463908466221312
c.2.1.5	-1.60274203222604	-0.0442298747574187	-3.31613075839063	-0.980360254733266	-0.163716390580873	0.460101106941954	1.73717392203844	-1.38857671592356	0.521376198913542	-1.58451837668088	-0.145925671211669	-0.316611963353441	-0.993760985402201	-0.379983571958491	0.722192786327972
c.2.1.5	-0.879822067742108	1.74770377364269	0.0966088067798119	0.896682373103913	-0.505651109354456	-0.224458264056718	0.39293876850967	0.604495871459588	-1.33155042375536	0.555337780102014	-0.406529272674415	0.377907947856193	-0.154842932806526	0.96942054741497	0.248150382928291
c.2.1.5	-0.791077121598308	-2.14278515750531	-1.77186530639183	0.926190881474449	-0.400218643868736	-0.218780113170153	0.838700801975661	1.53918353864287	0.44789995450907	-0.963107178415975	-0.113401382942571	-1.16383746889721	0.826865211002684	0.574654822774444	-1.44431498285421
c.2.1.5	-2.73838710119496	2.2605586303591	-0.0389951362339534	0.527658423771664	0.77680240033296	0.827759311446375	-0.722744617777553	0.677293623588558	0.781882673182887	-0.166066220807148	0.643401202107598	0.899878679453674	0.52928915666665	0.0424655238483353	-0.553978505169367
c.2.1.5	1.44303156778457	1.85042483849107	-0.854691329414384	-0.337741414382618	-1.39858125283329	1.57812858091297	-1.28914710356307	-0.606064872384685	-2.48633608913681	0.133929928041223	-0.00127801659996729	1.54413609043645	-0.906379076682173	-0.566394559005083	-0.192356656462169
c.2.1.5	-0.325331969743371	3.08071165758448	0.918109640009874	-0.11042937828566	-1.53294387220476	-0.238168074801295	0.450932279990288	0.0295448886453104	-1.46088266579795	0.0443830336974078	-0.197783528372928	0.299049247502142	-0.217238549524386	0.661193088850123	-0.285049683997183
c.2.1.5	-1.09790849039354	2.23371484751874	1.12907846419518	0.425821266805821	-1.18788646869785	0.366080042698631	0.6091395621375	-0.0396933870136029	0.0557016314712749	-1.43933658908578	-0.0151713817391584	0.81995489870411	1.3183098435473	0.774707245962614	1.27373174175512
c.2.1.5	-1.2529596015223	1.7636926585304	0.831679860653988	-1.47906001883822	-2.36920150295315	0.994356691912723	-0.748236167524071	0.0861029014186469	-0.403564084332675	-0.33841298002811	-1.23422042394066	1.24288016161078	0.828421748842816	-0.0451878109283015	0.553290119505172
c.2.1.5	0.0016367545462033	0.119138853071376	0.615574757239805	-1.52400421531824	-1.51466705649443	1.46593096624193	-0.660230328921019	-1.72067294852953	-1.1317780409633	1.57881478211225	0.0353946411590615	0.0354806641147952	0.807091667777526	0.429691760293379	0.997079170315644
c.2.1.5	-1.82281427046666	0.579297062262247	0.26217155283603	-0.373546259099272	-1.22693753435405	0.285398747259552	0.232213860750698	1.06942440298774	-0.470447934794724	-0.0585720366094135	1.5785285998636	1.00353455200921	0.865117739544454	0.29912383739692	1.63820306218418
