c.2.1.1	0.175463564547565	-0.387038047827103	0.670800703416495
c.2.1.1	1.80467991798871	-0.224252252808343	-0.261159854664122
c.2.1.1	0.88034807243005	-0.301754152112438	-0.0801971136166414
c.2.1.1	-1.77312483375474	-0.0188210056711642	0.294434292219215
c.2.1.1	-1.46038981997903	-0.223131252849553	0.162441367948376
c.2.1.1	-0.131009531583899	-0.830490241774864	0.0606175319372307
c.2.1.1	-0.345125969380304	-1.02947229092562	0.613960902699955
c.2.1.1	-2.00257643352502	0.557644972098318	-0.775918010490339
c.2.1.1	-0.883845810822905	-0.0871962097583862	0.134635156187826
c.2.1.1	-0.66683348097676	-0.986847553868267	0.561661722106434
c.2.1.1	0.0736570577040016	-0.527681512644158	-0.325147881815516
c.2.1.1	0.450154143301508	-1.08171391651794	0.175036892365678
c.2.1.1	1.62572338553542	1.08576796230026	-1.29483000742421
c.2.1.1	-0.186544727039794	-0.230076797269166	-0.510231339918714
c.2.1.1	0.425940586468035	-0.0115590025140094	-0.111983770812245
c.2.1.1	-1.04051660177673	-0.757249919541662	0.308893029916387
c.2.1.1	-2.4532890536683	-0.700840066775209	0.747691447195687
c.2.1.1	-1.08780398513605	-1.14095964347456	-0.718540705350648
c.2.1.1	0.318979032754958	-1.52739851900652	0.292663077062744
c.2.1.1	2.5228058019729	0.482395190269619	-0.121620065346118
c.2.1.1	1.24019367595472	-0.382121494394846	-0.352170206225428
c.2.1.1	0.776742099346565	0.156447248901885	-0.75926470927621
c.2.1.1	0.827762608236257	-0.100163531693312	-0.135528141656816
c.2.1.1	-0.292912303783663	0.851675467676841	-1.02194441102625
c.2.1.1	0.619638231763457	-0.366878744064574	0.196800680409983
c.2.1.1	-0.437584365681469	-0.249437857629281	-0.464542215146666
c.2.1.1	-2.06065872494809	-0.119321091220367	0.375489531340297
c.2.1.1	-0.626823629944838	-0.308190256500406	-0.200472441953037
c.2.1.1	1.14244016622993	-0.593709464044304	0.0926207616943755
c.2.1.1	0.548794897030163	-0.515557331063349	0.00522843852096197
c.2.1.2	-1.0918231840427	0.622010808800629	-0.706565769326045
c.2.1.2	-1.05924343077198	0.800110245683755	-0.160544954677052
c.2.1.2	1.0986214273961	0.318396542716027	-0.0113244191848503
c.2.1.2	0.00595270695669836	0.381770390333019	1.34309957463291
c.2.1.2	-0.00573887846476713	0.470974038577698	-0.527686023500327
c.2.1.2	0.0320690223443492	0.779250891141582	-0.416611600371036
c.2.1.2	1.39799098037751	0.810543759987126	0.516549297436051
c.2.1.2	1.67157025196067	0.0979159516660956	-0.608997246050919
c.2.1.2	-0.00222180502831801	0.404532974660293	0.108676388537098
c.2.1.2	-1.12582220114332	1.22203627703157	-0.528300950781075
c.2.1.2	-2.98718666399009	0.0407009502535591	0.330608876097522
c.2.1.2	1.67610228268444	0.46367327209698	0.824081258667968
c.2.1.2	1.44652819344299	0.614411804810641	0.74877849231338
c.2.1.2	-0.307316395284533	0.77089531416762	-0.438030297561276
c.2.1.2	-0.683521977632493	0.139639307378235	0.414352883897961
c.2.1.2	-0.443686366126405	1.01885577786441	0.530326619446493
c.2.1.2	-2.12400810066122	0.0525140934191549	0.752308408412396
c.2.1.2	-0.764756928996648	-0.328998635083366	0.668513242612735
c.2.1.2	2.30068721522326	0.4393008991191	0.581763752032447
c.2.1.2	-0.326826181367006	0.550294235829943	-0.0547592592062518
c.2.1.2	0.358177232182952	0.656258506780959	-0.00867411904366433
c.2.1.2	3.29573308696366	1.86112468617884	-1.04143371675111
c.2.1.2	-1.47313184691892	1.24602922328205	0.237104267220058
c.2.1.2	-0.454993587500886	0.742271658123372	-0.168273690211111
c.2.1.2	3.18931188357216	0.206294103382516	0.484607100229324
c.2.1.2	-0.777631672083031	0.509176357003213	0.521405943367025
c.2.1.2	0.263485456961074	0.368203335907578	0.319895736834242
c.2.1.2	-1.64999672037969	0.641605895238502	-0.396646787039763
c.2.1.2	-1.48331369119355	0.888247567713738	0.223874112514787
c.2.1.2	2.33486857093477	0.745970779389922	0.256059996747843
c.2.1.2	-0.213874140694731	0.979720197629958	0.741207591898716
c.2.1.2	-0.372062537450054	0.979744676545932	-0.287668490596625
c.2.1.2	0.644530173465005	-0.0688407739446677	1.42146213613574
c.2.1.2	-1.18723998828899	0.828209812153149	0.494748082636311
c.2.1.2	1.6585090623495	0.073500993875141	1.22155764371284
c.2.1.2	0.75031129833919	0.157855209263328	0.324865712690435
c.2.1.2	-0.622495581270858	0.546736059853603	0.0588948852774341
c.2.1.2	-1.99799265397942	0.128735931221414	-0.233010183918188
c.2.1.2	-0.143288745657031	1.31434796332431	-0.181864334983329
c.2.1.2	2.42477261350723	0.345069156825777	0.492887403082101
c.2.1.2	-0.883859052045079	1.63204826926235	0.186154092703073
c.2.1.2	1.71798032899089	0.0810989249772875	0.856809938595334
c.2.1.2	-1.29394022779912	1.46349770960496	-0.287877747473977
c.2.1.2	-0.548532727824148	-0.218268786026195	-0.0908111737257422
c.2.1.2	-0.981520826959012	0.199662975746955	-0.157806596319258
c.2.1.2	-0.47417196909949	0.957325055026204	-0.234379578872646
c.2.1.2	0.109778877919886	0.650518836748969	0.217945972884349
c.2.1.2	1.16224331401916	1.67679413627017	0.961776795808677
c.2.1.2	1.79379177023551	0.276880856804582	0.796139092588479
c.2.1.2	1.42888364739885	0.668519067398898	0.849167199255829
c.2.1.2	2.11940705621478	-0.278022736558388	0.742559135602871
c.2.1.2	1.86002862251239	0.120419206729457	0.67520659739102
c.2.1.2	0.681754561181103	0.257559639618117	0.879619349389132
c.2.1.2	-0.561686579802086	1.37704286161656	0.105746127405981
c.2.1.2	-1.74564899510437	0.512287775615574	-0.926349927983832
c.2.1.2	2.53664897244375	0.468028824900478	1.09393197159106
c.2.1.2	0.17697729647882	0.655255802987946	0.0985397401406442
c.2.1.2	1.76100176631166	0.236545799689053	0.748784454861277
c.2.1.2	-1.28626696617709	0.399641651793598	-0.132747210593381
c.2.1.2	-0.132690685196327	1.01290256074239	-0.766301618637883
c.2.1.2	-1.34824282249367	0.646326874215182	0.0451646815360828
c.2.1.2	2.05061596374042	-0.671377377116454	0.676921053013283
c.2.1.2	0.726391705079129	1.09807077844724	0.297341749120785
c.2.1.2	-1.20875325620973	0.57847681446324	-0.0441472404644527
c.2.1.2	0.164731025111585	0.694430341893411	0.263536366420319
c.2.1.2	1.5406610152538	0.179534468179539	0.722223452900801
c.2.1.2	-0.658413317815408	0.54206020309578	-0.0466104592641234
c.2.1.2	-0.199547222049955	0.152077275698311	-0.0182374035646317
c.2.1.2	0.874387615067886	1.28986127722686	1.32322576874086
c.2.1.2	-1.68614683594319	0.356989940426867	-0.388692796711429
c.2.1.2	-1.34003574414134	0.762482287218471	0.12695299631479
c.2.1.2	-1.40949558870197	0.957983970354336	-0.0876207057212694
c.2.1.2	-0.56387787962668	1.29578559758549	-0.390218214991057
c.2.1.2	2.47839083673913	0.642432677877065	0.627578361913454
c.2.1.2	-0.650570128122798	0.889619370063622	-0.278840998729488
c.2.1.2	-1.43111861101926	0.569027246917841	0.202239198991273
c.2.1.2	-0.564635529438041	-0.610513150250186	0.0641644212793654
c.2.1.2	-0.350281548759766	2.00435701496156	-0.235975130964624
c.2.1.2	-0.426660964162426	0.68751914335778	-0.335688812906704
c.2.1.2	1.82470379651725	0.302535365491165	0.742679476479114
c.2.1.2	-0.364904180833086	1.70503414331826	-0.0975657800980679
c.2.1.2	1.81419396500453	0.0391411410719656	0.947316995868643
c.2.1.2	-0.487435799204042	0.451131689162115	-0.051991688726107
c.2.1.2	-0.640303642307573	0.484753050834265	-0.344703899778442
c.2.1.2	1.11838627446835	-0.144358935905561	-0.289929556175636
c.2.1.2	0.356076632561674	0.308087100970454	0.528253670386155
c.2.1.2	1.21843991749552	1.51247780100323	-1.15206799485302
c.2.1.2	-1.76967647039612	0.335299677842807	0.512378894352847
c.2.1.2	-1.04689924388517	1.07570150648964	-0.391970260818549
c.2.1.2	0.0317218874449457	1.09958455543841	0.0289869896888949
c.2.1.2	1.47503643262581	0.977141110560058	1.05746507301892
c.2.1.2	-0.815333931377862	0.473332974052967	0.153648628221866
c.2.1.2	-0.639287458288436	0.409834350235776	-0.877757514018558
c.2.1.2	-1.35070733393813	1.29616280630032	-0.568587864596589
c.2.1.2	1.33391853898814	0.138769403280891	1.6339373655349
c.2.1.2	-0.288610793228518	0.815625209512821	0.210630936315931
c.2.1.2	3.79317684737144	0.260724510131163	0.415147703336412
c.2.1.2	-0.522382477837558	-0.00560216418922108	-0.17375720949137
c.2.1.2	0.27047416004908	0.727339528448968	0.263300396767817
c.2.1.2	1.44216007465374	0.320538898785566	-0.0613038768419381
c.2.1.2	-1.10767520804197	0.183215034189535	0.286690365048058
c.2.1.2	0.452488934694315	0.214028918013704	0.302375952993645
c.2.1.2	-0.850303594240941	0.907335707351874	-0.423150723704909
c.2.1.2	0.916949966797991	0.713817809472135	-0.479491914251331
c.2.1.2	-0.246815278260732	0.903669473270386	-0.312664111437351
c.2.1.2	-2.50108467088984	0.545846176623449	0.588307098902787
c.2.1.2	1.98600174495011	1.22009917426191	-0.511769793649424
c.2.1.2	-0.664291787698548	1.50208173558703	-0.510511032451745
c.2.1.2	-2.01251046034953	0.840142742446933	0.624382922518928
c.2.1.3	2.49769486776589	-0.482610916888516	-2.08048019612153
c.2.1.3	2.88776400985698	-0.622528477877974	-1.68479366143047
c.2.1.3	-0.314721612078041	-0.247528854665242	-1.20957105215362
c.2.1.3	-0.809601697686234	-1.75061593926769	-1.43157925198083
c.2.1.3	2.26464375834233	-0.481774200890487	0.680255927169722
c.2.1.3	-0.57140123894861	-1.82964617425668	-0.883714834668226
c.2.1.3	-0.981128097262011	-0.731475719667426	0.129672117515628
c.2.1.3	-1.36342697087558	-1.12293532996068	0.738171425569531
c.2.1.3	3.49391463463811	-1.00168440317152	0.280868448866696
c.2.1.3	1.83429405778006	-1.02500521912029	0.404365587855654
c.2.1.3	-0.431365837071845	-0.686733879137509	-0.290596697515654
c.2.1.3	3.42562451771455	-1.77763069129784	-0.405768283101635
c.2.1.3	3.52823980735852	0.0546558471517927	-0.528677875971405
c.2.1.3	0.576984661023236	-1.31292848464593	0.483124260644711
c.2.1.3	4.16623928812768	-0.519671570227568	-1.05595433995885
c.2.1.3	0.0375194511532119	-0.864462502826943	-0.262560820650848
c.2.1.3	0.683351362905089	-0.245921283182922	-0.943091275515597
c.2.1.3	1.4214790451159	-1.01083974634015	-0.347440822168973
c.2.1.3	3.21553485758979	-0.860995159468537	0.196525134257218
c.2.1.3	1.46502613011495	-1.25425140191649	-0.441870270252175
c.2.1.3	1.33068989324153	0.0986397647613115	-1.19826922953534
c.2.1.3	-0.587853309056203	-0.489382519260378	0.0328338508471944
c.2.1.3	-2.06655212946056	-1.02763291681159	0.716253490879313
c.2.1.3	3.29238847947996	-1.20990090723087	0.0608904622433638
c.2.1.3	-0.0915685226758017	-0.707028659618056	0.756426093204715
c.2.1.3	0.435822205877757	-0.641159804690462	-0.919734123252028
c.2.1.3	-1.08307822697118	-1.46783226288056	-0.922366220966172
c.2.1.3	0.64518745803439	-1.70945645282176	1.31122235945094
c.2.1.3	3.49540116061578	-0.581706329219302	0.765575996250615
c.2.1.3	1.4087401508295	-1.95794936749981	-0.224561280701909
c.2.1.3	1.89494391567253	-1.34845279742664	-0.496262416921015
c.2.1.3	-0.892879853250692	-1.07535703563934	0.651137762240443
c.2.1.3	-2.23616580018719	-0.322624066108125	0.429481436806577
c.2.1.3	-0.973116858392448	-1.87603509484788	0.380980720751615
c.2.1.3	-1.21179647971081	-1.11473155855499	0.128824608094304
c.2.1.3	3.59304981013183	-0.935492123327845	0.865052139876326
c.2.1.3	1.43705059292224	-0.88978579079301	-1.06435728141421
c.2.1.3	1.38344786215272	-0.731402900105637	-2.38220672201054
c.2.1.3	2.32042087207502	-0.705878041237778	-0.257726142138416
c.2.1.3	3.44045209389782	-1.14076051008511	0.0526129027831372
c.2.1.3	1.12648402911683	-0.779898850891745	1.00372008040567
c.2.1.3	2.09827220414867	-0.630794090538327	-0.162869055112028
c.2.1.3	-1.7434133728595	-1.29130468682126	-0.229801125780661
c.2.1.3	1.9149259654019	-1.72026118452009	-1.58941978855691
c.2.1.3	3.61321460402628	0.0873430686612038	-0.661192233826189
c.2.1.5	-3.6288244503074	-0.962749202710024	-0.860924760326504
c.2.1.5	-1.53806048501566	-0.564637344884103	-0.714975964879333
c.2.1.5	-0.0959697754857349	0.803299152196284	-0.730045183594284
c.2.1.5	-0.395086004817718	-0.673972731829311	-0.814805606932103
c.2.1.5	-0.860322419326866	-0.968351975302752	-0.30050717981403
c.2.1.5	-0.75770491128882	-1.33433739600446	-1.01539815772015
c.2.1.5	-1.91855389047606	-0.542390936616616	-0.867492518536352
c.2.1.5	-0.992550924074254	-0.297976358572739	0.164717512089203
c.2.1.5	-2.84066147227226	-0.785485043402198	-0.667971797489202
c.2.1.5	-3.74062783416526	0.162458723340596	-0.637328956318929
c.2.1.5	-0.24385284265045	-1.06147965092763	-0.332766073802191
c.2.1.5	-0.165203827057948	-0.104081863082122	1.63973589474034
c.2.1.5	-2.22367804560258	-0.647441516027166	0.254250455574606
c.2.1.5	-1.8748173349148	-0.432239105895402	0.777670413037528
c.2.1.5	-1.84075646933735	-0.00476628574094129	-1.64309327502658
c.2.1.5	-3.14017436028482	-1.14785924902507	1.64526639821294
c.2.1.5	0.0076544076836379	-0.35776964666272	-0.378704026546545
c.2.1.5	-3.92913835657203	-1.22256563713823	0.619240972253067
c.2.1.5	-1.20001051573316	-0.715652607736028	0.326109121310259
c.2.1.5	-2.77762077624256	-0.801770626737329	0.894486944876572
c.2.1.5	-2.20504427353203	-1.06096434509318	0.0903800430807107
c.2.1.5	-1.07032916927823	-1.05742846475282	-0.444810177927862
c.2.1.5	-4.31536611302082	-1.65393509963441	1.86086349653986
c.2.1.5	-3.17408782686185	-0.970505390824	-0.574516535041744
c.2.1.5	-1.36596909533644	-0.101419795900522	-0.683952059621132
c.2.1.5	-2.7859245384474	-0.577935393756086	0.538525655642754
c.2.1.5	-1.3367752894511	0.477423341134511	-1.09767761029543
c.2.1.5	-2.38525084056079	0.161003817160256	-0.0992238183581992
c.2.1.5	-0.629647754205019	0.847663125346726	-0.489662333531612
c.2.1.5	-3.40347220291741	-0.271026622012418	-0.145401031439763
