c.2.1.1	0.658339	0.546026	0.779317	0.640121	0.434758	0.719161	0.596681	0.475023	0.895846	0.850027	0.553821	0.799246	0.843743	0.697802	0.457967	0.635955	0.697714	0.637719	0.745141	0.275008	0.569519	0.40422	0.641557	0.651366	0.39914	0.579452	0.373184	0.482269	0.330726
c.2.1.1	0.65473	0.543388	0.779028	0.639896	0.437815	0.719964	0.599856	0.473689	0.899598	0.851679	0.547958	0.807889	0.84695	0.700494	0.475749	0.641076	0.70723	0.651475	0.752421	0.269583	0.579517	0.431429	0.6429	0.662641	0.398626	0.584558	0.394415	0.483089	0.327092
c.2.1.1	0.655414	0.544916	0.778483	0.639716	0.430608	0.720472	0.601205	0.476058	0.89728	0.851624	0.552714	0.805761	0.845799	0.700157	0.468673	0.629873	0.707748	0.650289	0.752219	0.202338	0.567911	0.427677	0.643355	0.662912	0.400023	0.588349	0.396349	0.482828	0.33339
c.2.1.1	0.657836	0.549526	0.778745	0.636739	0.418333	0.722034	0.600242	0.48661	0.894277	0.845714	0.532492	0.79905	0.847704	0.696127	0.439041	0.622436	0.700901	0.641965	0.748125	0.218071	0.561265	0.413486	0.653395	0.656147	0.380535	0.588176	0.358938	0.492995	0.351062
c.2.1.1	0.659061	0.549903	0.778969	0.633284	0.417746	0.720122	0.595247	0.483482	0.895176	0.844566	0.519938	0.797078	0.845063	0.693509	0.453745	0.617765	0.693428	0.637332	0.741749	0.191971	0.556681	0.377892	0.646506	0.644223	0.382258	0.579263	0.3493	0.487429	0.344087
c.2.1.1	0.657128	0.550135	0.779444	0.643334	0.419701	0.722655	0.603058	0.48544	0.897557	0.853912	0.563306	0.806892	0.848055	0.707227	0.451264	0.625116	0.709536	0.654098	0.752071	0.200833	0.553635	0.418797	0.64921	0.663044	0.387601	0.587875	0.382785	0.492671	0.348944
c.2.1.1	0.654929	0.546728	0.778022	0.637926	0.422249	0.72238	0.599951	0.48193	0.897602	0.84903	0.540747	0.808558	0.848387	0.702975	0.453083	0.620605	0.707361	0.655418	0.750457	0.239418	0.56726	0.406881	0.651419	0.660349	0.391288	0.587043	0.362192	0.490562	0.341892
c.2.1.1	0.656395	0.549415	0.777772	0.6339	0.398741	0.720636	0.594798	0.485129	0.894378	0.845177	0.525384	0.799307	0.848151	0.696478	0.446148	0.603902	0.693676	0.642826	0.742659	0.172893	0.546909	0.387737	0.650688	0.645836	0.348344	0.57871	0.34042	0.485855	0.345786
c.2.1.1	0.655084	0.546733	0.777634	0.638199	0.406177	0.72171	0.601741	0.481968	0.895559	0.849655	0.541594	0.806464	0.847504	0.701232	0.455095	0.611413	0.707977	0.653282	0.752135	0.16995	0.542989	0.423501	0.649843	0.662684	0.360156	0.591829	0.369561	0.491893	0.343645
c.2.1.1	0.655519	0.547026	0.777541	0.638205	0.406628	0.721892	0.598115	0.485205	0.894948	0.850034	0.54141	0.804991	0.846794	0.702025	0.464076	0.609887	0.704252	0.652486	0.746665	0.210455	0.54919	0.411125	0.65468	0.657362	0.355338	0.589874	0.334564	0.492215	0.34741
c.2.1.1	0.662271	0.553946	0.781112	0.639615	0.427026	0.725265	0.6034	0.486122	0.896643	0.846138	0.53588	0.804924	0.847128	0.697311	0.445896	0.625785	0.704326	0.65087	0.748216	0.203266	0.565219	0.412553	0.651895	0.659586	0.385241	0.58658	0.383753	0.486976	0.346351
c.2.1.1	0.653238	0.544629	0.777607	0.637337	0.412299	0.721003	0.599742	0.481217	0.8972	0.850416	0.537488	0.807456	0.84916	0.700694	0.468166	0.618533	0.707351	0.65244	0.751563	0.214658	0.558294	0.419632	0.650685	0.662479	0.37619	0.589816	0.356429	0.490725	0.34321
c.2.1.1	0.654952	0.544369	0.779348	0.642379	0.424205	0.722082	0.597854	0.480908	0.898433	0.853827	0.545952	0.809256	0.849592	0.706437	0.470086	0.62851	0.709695	0.653484	0.74963	0.228374	0.568702	0.419917	0.655641	0.660193	0.38657	0.586591	0.361812	0.488214	0.343598
c.2.1.1	0.657898	0.548768	0.778259	0.637098	0.420808	0.721184	0.600653	0.479658	0.894451	0.847213	0.544987	0.799751	0.844433	0.697114	0.448712	0.622287	0.69973	0.646283	0.749432	0.212154	0.561254	0.409909	0.645847	0.655868	0.374903	0.588212	0.384941	0.485698	0.332947
c.2.1.1	0.656172	0.543644	0.777603	0.63566	0.411945	0.717692	0.590677	0.473396	0.894651	0.849184	0.542052	0.800118	0.843837	0.695383	0.446675	0.618053	0.694337	0.639314	0.738577	0.14915	0.555605	0.382508	0.643293	0.64525	0.353654	0.572738	0.3605	0.476171	0.325645
c.2.1.1	0.655859	0.549167	0.77864	0.633547	0.408808	0.724927	0.605713	0.485899	0.897107	0.843739	0.520673	0.809501	0.850337	0.695506	0.455861	0.607828	0.709583	0.658887	0.756731	0.145801	0.555054	0.420738	0.656218	0.667616	0.366163	0.596176	0.375546	0.497128	0.348005
c.2.1.1	0.657282	0.551579	0.779125	0.635763	0.413682	0.722145	0.601338	0.488545	0.897266	0.84802	0.534806	0.804031	0.8488	0.695888	0.448404	0.618493	0.700975	0.648582	0.748821	0.240902	0.552348	0.390319	0.65205	0.657468	0.373437	0.588004	0.368157	0.496684	0.3499
c.2.1.1	0.65589	0.552435	0.77867	0.631316	0.407042	0.723402	0.604969	0.491222	0.89813	0.845158	0.51996	0.807949	0.850985	0.691695	0.455407	0.604239	0.704615	0.654688	0.753325	0.145945	0.54904	0.40481	0.655474	0.664728	0.377516	0.594043	0.366526	0.501163	0.34835
c.2.1.1	0.65423	0.545963	0.776407	0.639287	0.410015	0.722704	0.599472	0.482366	0.894218	0.84919	0.557335	0.808269	0.847857	0.708915	0.454735	0.612494	0.709555	0.657174	0.749618	0.195957	0.551128	0.408925	0.654066	0.660725	0.372145	0.589573	0.362088	0.492239	0.343609
c.2.1.1	0.652887	0.538467	0.777	0.643237	0.431482	0.722336	0.595876	0.468617	0.896425	0.852544	0.553175	0.814187	0.8479	0.71147	0.454813	0.63282	0.714489	0.660628	0.749261	0.21872	0.573311	0.422929	0.651682	0.662286	0.407859	0.582987	0.388663	0.475624	0.323658
c.2.1.1	0.654733	0.544887	0.77816	0.638462	0.424782	0.722098	0.601156	0.475178	0.89803	0.850708	0.545082	0.810019	0.847447	0.702274	0.473785	0.623392	0.708353	0.6563	0.752948	0.194321	0.568395	0.424782	0.647322	0.66597	0.38797	0.587291	0.397515	0.481806	0.326207
c.2.1.1	0.651253	0.54202	0.77574	0.639632	0.415286	0.721415	0.598124	0.477265	0.895174	0.85225	0.55315	0.810036	0.848755	0.707456	0.457174	0.618809	0.712792	0.658308	0.750422	0.187056	0.562539	0.41722	0.652635	0.663933	0.378847	0.587687	0.368217	0.486529	0.331249
c.2.1.1	0.656014	0.546817	0.778622	0.642962	0.418124	0.725656	0.601298	0.481994	0.898276	0.851524	0.546012	0.813173	0.849913	0.708713	0.461431	0.616853	0.71492	0.666318	0.751965	0.111384	0.563472	0.414049	0.657238	0.66551	0.385987	0.587806	0.379115	0.488686	0.343616
c.2.1.1	0.657685	0.548791	0.779832	0.638679	0.426012	0.720396	0.598905	0.482189	0.896892	0.850178	0.539511	0.79963	0.847587	0.697047	0.447536	0.631705	0.699764	0.641099	0.74684	0.245759	0.566606	0.410506	0.645547	0.653636	0.383343	0.582597	0.370952	0.484007	0.344938
c.2.1.1	0.654022	0.542727	0.776976	0.637502	0.410234	0.7216	0.595233	0.478828	0.89477	0.848425	0.537655	0.807214	0.848564	0.701536	0.457438	0.611768	0.707372	0.654163	0.746836	0.203718	0.554612	0.40335	0.655112	0.658136	0.375044	0.585129	0.356114	0.483235	0.35061
c.2.1.1	0.654388	0.547671	0.777957	0.638853	0.417944	0.721868	0.600785	0.485448	0.897178	0.85116	0.549839	0.806631	0.849315	0.704623	0.459797	0.618674	0.705898	0.653537	0.751427	0.194694	0.561915	0.419811	0.654131	0.660205	0.388035	0.591035	0.373095	0.493838	0.343783
c.2.1.1	0.659198	0.55017	0.778202	0.634084	0.407674	0.720498	0.598609	0.481307	0.893101	0.843743	0.527496	0.797628	0.843941	0.692977	0.426461	0.611991	0.697206	0.641299	0.745234	0.173887	0.545021	0.406387	0.644103	0.650918	0.361037	0.582117	0.358777	0.484678	0.346457
c.2.1.1	0.654911	0.54889	0.778588	0.63763	0.419099	0.723623	0.60458	0.484897	0.898864	0.850432	0.544815	0.810866	0.850578	0.701633	0.46751	0.618552	0.711064	0.658748	0.754999	0.193112	0.566223	0.42085	0.65343	0.667569	0.379277	0.59243	0.399677	0.493947	0.34329
c.2.1.1	0.655527	0.544812	0.778749	0.640143	0.430379	0.720806	0.59899	0.474169	0.897513	0.852459	0.552534	0.806763	0.846289	0.70371	0.472726	0.631114	0.705572	0.650124	0.75031	0.202039	0.572226	0.411105	0.644512	0.659989	0.397003	0.583599	0.393863	0.479476	0.327287
c.2.1.1	0.656551	0.545966	0.778247	0.637692	0.424728	0.720395	0.59841	0.475363	0.896162	0.848914	0.545538	0.805243	0.844559	0.699643	0.454863	0.625111	0.701975	0.648446	0.748907	0.180491	0.56468	0.422361	0.643587	0.655236	0.391188	0.585106	0.382299	0.478818	0.327674
c.2.1.2	0.670246	0.567122	0.788084	0.650005	0.441016	0.732323	0.61422	0.507176	0.902646	0.85392	0.561821	0.811311	0.85403	0.709014	0.462025	0.635314	0.710207	0.660871	0.757619	0.207347	0.578173	0.415492	0.665961	0.66742	0.407126	0.601026	0.376147	0.512085	0.378723
c.2.1.2	0.66708	0.560926	0.786149	0.64659	0.424285	0.729625	0.611128	0.496493	0.900805	0.852479	0.54888	0.807883	0.852654	0.705516	0.468092	0.61922	0.709132	0.657267	0.756923	0.165446	0.562498	0.42543	0.65837	0.667189	0.383514	0.596188	0.379568	0.500868	0.364792
c.2.1.2	0.663633	0.556185	0.785103	0.65622	0.444759	0.727408	0.607391	0.492569	0.903739	0.862871	0.590441	0.812131	0.852241	0.722327	0.480082	0.647192	0.714469	0.663153	0.756668	0.250559	0.584828	0.443985	0.657517	0.664721	0.412811	0.595825	0.399313	0.495568	0.359243
c.2.1.2	0.671724	0.564899	0.790895	0.660469	0.449037	0.733833	0.614774	0.502123	0.906117	0.862887	0.580459	0.816803	0.857164	0.720054	0.489442	0.646765	0.718862	0.668462	0.760607	0.269529	0.585986	0.448822	0.667741	0.670786	0.407594	0.600361	0.400641	0.509184	0.370254
c.2.1.2	0.666242	0.560162	0.785647	0.648327	0.422349	0.730347	0.612434	0.498278	0.901807	0.852436	0.550307	0.810535	0.85305	0.708053	0.462158	0.618497	0.714233	0.660077	0.757852	0.153976	0.561418	0.429613	0.662216	0.670355	0.374069	0.600968	0.381419	0.506308	0.363603
c.2.1.2	0.670995	0.564703	0.788061	0.656196	0.436971	0.731651	0.613211	0.500021	0.900653	0.858977	0.578223	0.808998	0.852497	0.716703	0.460777	0.636981	0.712699	0.658158	0.756745	0.242901	0.571862	0.431333	0.661282	0.666027	0.390539	0.599733	0.386047	0.504241	0.366464
c.2.1.2	0.670543	0.562819	0.789792	0.661443	0.445852	0.735479	0.616872	0.499388	0.906036	0.861932	0.582098	0.822355	0.857066	0.724488	0.486294	0.63925	0.726509	0.677196	0.764084	0.205812	0.58267	0.451454	0.668844	0.680025	0.408169	0.606196	0.405654	0.507746	0.365106
c.2.1.2	0.66938	0.564563	0.788841	0.658561	0.44142	0.735241	0.618993	0.503839	0.904223	0.860585	0.583419	0.820224	0.856983	0.721322	0.480203	0.639049	0.723695	0.675881	0.765666	0.216694	0.57846	0.446935	0.671197	0.681078	0.404465	0.608405	0.4086	0.516169	0.368672
c.2.1.2	0.664812	0.557591	0.784996	0.6502	0.431798	0.728226	0.610342	0.492706	0.90217	0.856167	0.567866	0.810491	0.851685	0.712026	0.466614	0.630749	0.714266	0.65972	0.757162	0.208239	0.570138	0.427716	0.65736	0.668776	0.388793	0.597154	0.395372	0.501949	0.355065
c.2.1.2	0.666368	0.561786	0.785995	0.650925	0.426064	0.730374	0.612512	0.50227	0.902534	0.856039	0.557427	0.810689	0.854026	0.714534	0.466941	0.625105	0.712043	0.66198	0.759216	0.188326	0.565448	0.436724	0.664828	0.667719	0.384078	0.605261	0.373337	0.50917	0.371279
c.2.1.2	0.667936	0.565128	0.785353	0.645423	0.426007	0.730945	0.6135	0.505281	0.89897	0.849437	0.550481	0.804856	0.853356	0.704933	0.435564	0.624192	0.70686	0.656258	0.756074	0.191907	0.566218	0.420764	0.663643	0.665506	0.394334	0.602631	0.37691	0.511015	0.373973
c.2.1.2	0.673237	0.564554	0.791056	0.66405	0.448936	0.735576	0.615567	0.501988	0.905912	0.863356	0.586648	0.819495	0.855433	0.725469	0.497321	0.64083	0.722644	0.671251	0.760146	0.228378	0.587441	0.44022	0.670411	0.672599	0.411871	0.603728	0.391972	0.511014	0.370485
c.2.1.2	0.665127	0.555524	0.786673	0.659445	0.446802	0.72958	0.609043	0.490898	0.904505	0.863782	0.587616	0.81707	0.853562	0.723575	0.488197	0.64339	0.720667	0.667543	0.757887	0.245116	0.582971	0.437305	0.660806	0.670289	0.416696	0.594115	0.402216	0.499672	0.355953
c.2.1.2	0.66176	0.555584	0.783483	0.648805	0.42774	0.727349	0.605125	0.494762	0.901036	0.857282	0.563884	0.810742	0.853418	0.713197	0.464359	0.629903	0.711424	0.66086	0.754202	0.228457	0.570645	0.416375	0.662921	0.663495	0.393364	0.593932	0.366332	0.501146	0.359105
c.2.1.2	0.6676	0.561018	0.78657	0.650286	0.428817	0.728971	0.609773	0.498688	0.902353	0.854678	0.564157	0.806287	0.852241	0.709667	0.463498	0.627728	0.70789	0.654946	0.755592	0.196903	0.568096	0.424827	0.659656	0.66304	0.384473	0.596115	0.374596	0.504884	0.370273
c.2.1.2	0.667727	0.559886	0.787602	0.6516	0.439213	0.730319	0.609651	0.496489	0.903955	0.856376	0.55908	0.812065	0.853214	0.711532	0.482065	0.633929	0.7106	0.661533	0.757656	0.221982	0.57868	0.425044	0.6634	0.665385	0.406431	0.598073	0.379541	0.501848	0.363887
c.2.1.2	0.666646	0.562454	0.785873	0.650092	0.43049	0.72912	0.610721	0.501951	0.901291	0.856056	0.560044	0.80779	0.853684	0.713043	0.463664	0.628378	0.70914	0.656357	0.755988	0.164351	0.57312	0.431506	0.662541	0.663118	0.385318	0.598584	0.380977	0.506507	0.372933
c.2.1.2	0.665638	0.560877	0.7858	0.651743	0.427312	0.731329	0.61357	0.501709	0.902987	0.856451	0.568593	0.812588	0.854225	0.714076	0.473319	0.627476	0.715761	0.666824	0.759567	0.21179	0.567882	0.43024	0.666124	0.672719	0.382462	0.604006	0.388132	0.510991	0.373763
c.2.1.2	0.673512	0.565001	0.792044	0.665722	0.453986	0.735303	0.616956	0.501402	0.907427	0.865056	0.586629	0.819798	0.856042	0.726732	0.499567	0.646994	0.723844	0.672152	0.762485	0.279282	0.587441	0.452272	0.668276	0.67448	0.415249	0.60429	0.408347	0.510229	0.369097
c.2.1.2	0.668127	0.560993	0.786342	0.652124	0.430728	0.729188	0.610191	0.496387	0.900286	0.855847	0.565859	0.807179	0.851257	0.713175	0.472053	0.626761	0.708269	0.656782	0.755348	0.215013	0.562471	0.430728	0.658508	0.663807	0.396767	0.595129	0.383357	0.501854	0.360727
c.2.1.2	0.668006	0.559285	0.78704	0.650672	0.441486	0.727827	0.608086	0.492427	0.902645	0.8557	0.565699	0.806254	0.850847	0.705851	0.476149	0.636298	0.708363	0.652523	0.752343	0.224786	0.576934	0.421937	0.654122	0.661823	0.401664	0.590901	0.387399	0.494011	0.356126
c.2.1.2	0.65871	0.544094	0.781608	0.65109	0.430391	0.72411	0.600098	0.472246	0.900786	0.85779	0.579757	0.812517	0.848282	0.715967	0.467961	0.6319	0.714655	0.660467	0.75322	0.203824	0.57008	0.432826	0.651463	0.66385	0.3868	0.582772	0.3868	0.482044	0.326671
c.2.1.2	0.665868	0.557922	0.784368	0.647993	0.421254	0.728248	0.60744	0.493832	0.898675	0.85355	0.559349	0.806672	0.850522	0.708312	0.457013	0.621495	0.708056	0.655264	0.753544	0.166614	0.555693	0.415188	0.660489	0.661014	0.378779	0.596232	0.365716	0.500466	0.356902
c.2.1.2	0.664937	0.559082	0.785044	0.651719	0.429585	0.729845	0.61147	0.497139	0.902061	0.856508	0.572744	0.811663	0.852982	0.71678	0.473597	0.626635	0.71585	0.663262	0.758043	0.227075	0.571719	0.428247	0.662068	0.669898	0.390441	0.600642	0.390441	0.506517	0.36335
c.2.1.2	0.673693	0.565894	0.793058	0.668813	0.454247	0.737339	0.619519	0.503238	0.909296	0.867712	0.598525	0.824027	0.859192	0.731792	0.503671	0.647941	0.729028	0.67894	0.765159	0.262679	0.589425	0.456229	0.672576	0.680079	0.413929	0.608112	0.41277	0.512444	0.36916
c.2.1.2	0.666256	0.560008	0.785991	0.652468	0.436865	0.730257	0.610411	0.498735	0.902971	0.8571	0.57828	0.811625	0.853135	0.714959	0.470907	0.63601	0.712914	0.663623	0.755824	0.242342	0.577043	0.420333	0.664674	0.667681	0.396417	0.596663	0.385733	0.505973	0.369234
c.2.1.2	0.666064	0.55899	0.786751	0.652027	0.438883	0.730613	0.611022	0.497543	0.903364	0.857409	0.567503	0.813682	0.854211	0.71304	0.476882	0.635406	0.714918	0.664191	0.758222	0.237739	0.579734	0.426325	0.664883	0.67015	0.401499	0.600229	0.386988	0.505288	0.366335
c.2.1.2	0.669818	0.566818	0.787691	0.650707	0.432559	0.732239	0.615403	0.507944	0.901595	0.854319	0.563286	0.809959	0.854549	0.709982	0.471257	0.62698	0.711337	0.659058	0.758259	0.222939	0.571533	0.424053	0.667247	0.66947	0.390514	0.602421	0.378017	0.515376	0.379928
c.2.1.2	0.667992	0.561622	0.786168	0.652102	0.439306	0.728324	0.607435	0.500511	0.900597	0.857003	0.574063	0.805181	0.850887	0.71197	0.454276	0.640584	0.706522	0.65085	0.749922	0.25592	0.574295	0.411535	0.660335	0.658406	0.398375	0.594559	0.36206	0.504376	0.371518
c.2.1.2	0.672256	0.56466	0.791934	0.666527	0.459879	0.735727	0.617212	0.502462	0.907882	0.866775	0.592773	0.821231	0.857976	0.728162	0.495579	0.654862	0.726592	0.675465	0.763401	0.275379	0.594284	0.460374	0.669843	0.676121	0.424351	0.604279	0.419127	0.509541	0.371448
c.2.1.2	0.665984	0.55656	0.786149	0.651862	0.435978	0.728076	0.607925	0.490159	0.902271	0.857323	0.581119	0.81054	0.851512	0.711467	0.467529	0.63666	0.710827	0.658274	0.756179	0.208081	0.569649	0.422721	0.655829	0.665865	0.395072	0.595138	0.382567	0.495484	0.354796
c.2.1.2	0.664219	0.557958	0.785143	0.651125	0.435665	0.728411	0.610644	0.497374	0.902587	0.857223	0.567909	0.809727	0.852831	0.712823	0.47106	0.638433	0.712687	0.659748	0.758006	0.222753	0.575136	0.43928	0.662085	0.668258	0.398031	0.601881	0.383297	0.505263	0.366649
c.2.1.2	0.670342	0.561113	0.789345	0.656552	0.44874	0.731359	0.610421	0.495935	0.903978	0.859956	0.573147	0.814286	0.853763	0.71545	0.485041	0.641501	0.713182	0.661791	0.756296	0.259085	0.585717	0.425479	0.661509	0.665053	0.408374	0.593847	0.391126	0.504074	0.3596
c.2.1.2	0.67082	0.564484	0.789203	0.648835	0.426289	0.731462	0.61388	0.50162	0.904008	0.853203	0.550816	0.810141	0.854602	0.703562	0.463987	0.620039	0.708302	0.657316	0.758513	0.109023	0.561798	0.424529	0.663553	0.669061	0.380963	0.600541	0.378446	0.509007	0.373157
c.2.1.2	0.669591	0.561898	0.790205	0.663412	0.455136	0.734757	0.618239	0.50002	0.907934	0.864058	0.587777	0.822272	0.85745	0.725664	0.499421	0.650287	0.727897	0.675912	0.765564	0.251282	0.594149	0.458142	0.668618	0.681628	0.420482	0.608036	0.413295	0.51238	0.367061
c.2.1.2	0.66292	0.554826	0.784042	0.653033	0.430175	0.72882	0.607035	0.491984	0.902158	0.857983	0.58766	0.813983	0.852422	0.721161	0.484539	0.628542	0.715592	0.667139	0.755571	0.194892	0.572843	0.42853	0.66116	0.667155	0.394025	0.596377	0.391933	0.497553	0.359601
c.2.1.2	0.66559	0.556551	0.783696	0.647152	0.425261	0.72517	0.601423	0.489164	0.896889	0.85448	0.567289	0.802908	0.847999	0.708464	0.464676	0.626551	0.700878	0.646375	0.746228	0.224713	0.563116	0.407175	0.651531	0.652777	0.383145	0.583216	0.3647	0.491269	0.352057
c.2.1.2	0.668241	0.56306	0.785525	0.643206	0.422825	0.726392	0.607086	0.499743	0.898158	0.850286	0.54511	0.797093	0.84948	0.700195	0.452907	0.619638	0.695221	0.642515	0.749432	0.202112	0.559287	0.403658	0.655148	0.652523	0.376177	0.591054	0.358425	0.504324	0.364168
c.2.1.2	0.665789	0.558314	0.785982	0.652416	0.429998	0.729521	0.608694	0.495439	0.901679	0.858279	0.567669	0.813072	0.853003	0.71582	0.469646	0.6274	0.714682	0.662712	0.756147	0.195109	0.571011	0.428002	0.661997	0.668086	0.3913	0.594574	0.363907	0.502663	0.365417
c.2.1.2	0.671114	0.563256	0.791237	0.665773	0.459416	0.734722	0.617083	0.500517	0.907559	0.866815	0.593857	0.819928	0.857235	0.727231	0.495325	0.655833	0.726297	0.674014	0.763837	0.283465	0.592967	0.465448	0.667456	0.677156	0.428858	0.606506	0.421369	0.506018	0.367423
c.2.1.2	0.665458	0.555784	0.784518	0.650623	0.432233	0.726537	0.604248	0.489348	0.898925	0.856102	0.568569	0.80474	0.85003	0.711495	0.463605	0.631412	0.707159	0.652148	0.751142	0.226857	0.567706	0.425824	0.656204	0.656337	0.387876	0.588816	0.374156	0.4935	0.354778
c.2.1.2	0.671024	0.563757	0.790848	0.663476	0.453051	0.734903	0.617022	0.502193	0.907438	0.864785	0.592053	0.820747	0.856843	0.724995	0.491123	0.648514	0.724389	0.674249	0.763512	0.240413	0.587094	0.451519	0.669011	0.67695	0.420653	0.60674	0.40557	0.511585	0.368798
c.2.1.2	0.667149	0.561481	0.786443	0.649778	0.430938	0.730042	0.611233	0.500514	0.902633	0.854649	0.556572	0.810184	0.853556	0.710285	0.467311	0.626413	0.709358	0.659647	0.757744	0.213422	0.569383	0.437323	0.664016	0.665657	0.388317	0.601396	0.372566	0.507234	0.371159
c.2.1.2	0.666074	0.560792	0.784665	0.647526	0.423256	0.730561	0.610721	0.498332	0.900279	0.851195	0.549583	0.810055	0.852576	0.709638	0.456651	0.619866	0.71269	0.662461	0.756323	0.20395	0.565337	0.427043	0.663319	0.668062	0.381989	0.598268	0.374475	0.504149	0.362931
c.2.1.2	0.666707	0.561596	0.785536	0.647963	0.4245	0.729765	0.61216	0.499188	0.900423	0.853683	0.556308	0.806994	0.851906	0.706976	0.466567	0.623046	0.709851	0.659276	0.756576	0.203993	0.564014	0.428235	0.66015	0.667988	0.375974	0.59912	0.390709	0.504536	0.367829
c.2.1.2	0.668162	0.56086	0.786649	0.64971	0.426463	0.729007	0.607697	0.497634	0.901321	0.855472	0.562487	0.807302	0.851392	0.707914	0.46824	0.625636	0.705655	0.654529	0.752595	0.229713	0.565319	0.413152	0.660101	0.661193	0.373572	0.595887	0.371375	0.500757	0.362753
c.2.1.2	0.669466	0.563974	0.789073	0.656806	0.438532	0.733463	0.616156	0.501287	0.905345	0.860239	0.572772	0.816778	0.856065	0.717832	0.485837	0.636365	0.720268	0.670545	0.761977	0.222355	0.575768	0.447736	0.664842	0.673598	0.399917	0.604054	0.404054	0.508246	0.367006
c.2.1.2	0.670486	0.559328	0.790012	0.661886	0.455348	0.731803	0.610185	0.491907	0.906374	0.863647	0.582621	0.817679	0.853221	0.721347	0.493781	0.652355	0.71957	0.66643	0.756281	0.275064	0.590152	0.438576	0.660829	0.668345	0.410434	0.593118	0.40194	0.497043	0.353485
c.2.1.2	0.670678	0.562347	0.790375	0.662918	0.451431	0.733876	0.615985	0.496875	0.906473	0.864219	0.590592	0.818024	0.856049	0.723789	0.484167	0.651387	0.723346	0.672509	0.762112	0.266196	0.584742	0.459493	0.664525	0.674664	0.421268	0.600754	0.418198	0.504706	0.359905
c.2.1.2	0.669652	0.562528	0.789464	0.666546	0.445437	0.736208	0.617498	0.50134	0.906208	0.866261	0.604664	0.824604	0.85817	0.734597	0.488263	0.642051	0.730413	0.680979	0.765412	0.235647	0.581387	0.453415	0.672509	0.681527	0.413752	0.607593	0.413138	0.512063	0.368655
c.2.1.2	0.666498	0.560764	0.788712	0.662685	0.443155	0.736218	0.621105	0.501295	0.907976	0.864676	0.587838	0.826679	0.859827	0.729941	0.500747	0.639903	0.734762	0.685439	0.770772	0.197145	0.584538	0.464398	0.674164	0.69008	0.408794	0.614448	0.421731	0.517141	0.364759
c.2.1.2	0.670055	0.562951	0.790209	0.664497	0.451032	0.734265	0.615087	0.501569	0.906611	0.866244	0.595089	0.821611	0.857514	0.728576	0.48965	0.645236	0.72588	0.674237	0.762195	0.240256	0.585903	0.450057	0.668412	0.675322	0.418911	0.603175	0.406012	0.509305	0.37027
c.2.1.2	0.664047	0.554799	0.785299	0.655559	0.437049	0.728082	0.607476	0.490533	0.901861	0.860887	0.591491	0.812803	0.852816	0.719457	0.47098	0.640584	0.716485	0.661213	0.756208	0.241789	0.573352	0.428055	0.658859	0.668503	0.396503	0.59464	0.378306	0.499202	0.353706
c.2.1.2	0.666041	0.557345	0.786236	0.649533	0.430049	0.727011	0.605525	0.492974	0.901927	0.856627	0.558544	0.806961	0.851561	0.708158	0.464447	0.630327	0.706861	0.651358	0.752953	0.165112	0.566776	0.423811	0.657282	0.660077	0.390074	0.592696	0.370286	0.496413	0.359897
c.2.1.2	0.666091	0.563409	0.784823	0.643499	0.417602	0.730394	0.614597	0.503933	0.900881	0.848265	0.548624	0.807929	0.853432	0.704229	0.455929	0.608794	0.709322	0.658417	0.758054	0.183629	0.55673	0.420926	0.664169	0.67034	0.379095	0.604596	0.377006	0.513022	0.374132
c.2.1.2	0.669809	0.560244	0.79027	0.666531	0.459414	0.734586	0.616058	0.494653	0.907694	0.866634	0.598457	0.823245	0.856821	0.731022	0.497526	0.654139	0.729005	0.676079	0.763638	0.277403	0.596214	0.45582	0.666542	0.680066	0.431631	0.602949	0.413999	0.503893	0.358114
c.2.1.2	0.665418	0.556799	0.785732	0.650672	0.434471	0.727033	0.606806	0.492713	0.902191	0.856568	0.570107	0.806242	0.850658	0.709577	0.464507	0.63915	0.706774	0.65412	0.75402	0.237664	0.57118	0.42681	0.657184	0.661872	0.387972	0.592054	0.381123	0.500592	0.357865
c.2.1.2	0.671043	0.563503	0.790419	0.662581	0.446537	0.735929	0.617797	0.500596	0.906456	0.863211	0.585141	0.822256	0.857197	0.726362	0.500903	0.640154	0.725971	0.677158	0.7647	0.234165	0.584738	0.448392	0.669827	0.680112	0.408944	0.606607	0.405076	0.512055	0.363934
c.2.1.2	0.665278	0.560479	0.784675	0.648142	0.426807	0.729259	0.610514	0.500002	0.900208	0.854095	0.560615	0.808739	0.852776	0.71009	0.45851	0.624419	0.710069	0.660485	0.756234	0.165112	0.56809	0.420298	0.662513	0.664398	0.387704	0.600078	0.376757	0.50976	0.365659
c.2.1.2	0.667316	0.560189	0.786377	0.648106	0.42449	0.7281	0.608268	0.497327	0.901475	0.854745	0.561874	0.804967	0.850699	0.704354	0.473916	0.628675	0.702791	0.652282	0.752641	0.246499	0.560047	0.416733	0.660658	0.662547	0.365634	0.594254	0.363154	0.502023	0.367245
c.2.1.2	0.663771	0.557082	0.783765	0.644971	0.418856	0.726546	0.605913	0.493665	0.899763	0.85273	0.558465	0.805843	0.851522	0.705105	0.461303	0.619985	0.704835	0.652741	0.752042	0.192395	0.56269	0.405689	0.656686	0.660808	0.38001	0.593544	0.361929	0.499587	0.35924
c.2.1.2	0.667632	0.559087	0.787617	0.656395	0.440224	0.732007	0.612718	0.494175	0.903875	0.859216	0.574252	0.816693	0.854534	0.718093	0.489158	0.636359	0.719294	0.668563	0.760282	0.223875	0.577766	0.438627	0.664172	0.67439	0.403503	0.59932	0.396416	0.503792	0.357466
c.2.1.2	0.66548	0.556221	0.786781	0.655814	0.445004	0.728283	0.608912	0.49342	0.903921	0.861104	0.577627	0.811063	0.852563	0.71639	0.484545	0.647502	0.714036	0.659126	0.755994	0.262713	0.581248	0.434139	0.658606	0.666931	0.399767	0.597818	0.393985	0.498167	0.363098
c.2.1.2	0.667895	0.564193	0.786575	0.652848	0.435718	0.732208	0.614103	0.503497	0.902907	0.856808	0.569123	0.814343	0.854089	0.71414	0.472469	0.632465	0.717009	0.667715	0.759142	0.221095	0.577186	0.431188	0.666215	0.670283	0.390492	0.602098	0.387828	0.511781	0.372289
c.2.1.2	0.667302	0.5606	0.788186	0.651756	0.433539	0.731299	0.614073	0.500274	0.905129	0.857154	0.557956	0.815074	0.855899	0.709877	0.481439	0.630089	0.715932	0.665334	0.761354	0.170492	0.570806	0.43778	0.665495	0.674475	0.392336	0.604578	0.387229	0.510513	0.372765
c.2.1.2	0.670967	0.56502	0.790692	0.665923	0.450235	0.736946	0.619815	0.505981	0.907005	0.865206	0.598689	0.823494	0.858921	0.732535	0.489389	0.64409	0.729658	0.680539	0.766452	0.25009	0.587394	0.460652	0.674333	0.681519	0.413796	0.611256	0.419055	0.517917	0.374544
c.2.1.2	0.663962	0.558011	0.784281	0.649877	0.428889	0.729411	0.610954	0.498162	0.900795	0.855286	0.561772	0.809769	0.853046	0.71387	0.463643	0.630217	0.714469	0.661521	0.757435	0.232595	0.569791	0.428193	0.663696	0.669159	0.391484	0.603529	0.388074	0.506629	0.366119
c.2.1.2	0.666012	0.560656	0.786288	0.652051	0.44231	0.729665	0.612627	0.500581	0.903103	0.856896	0.569589	0.80936	0.853777	0.713918	0.46813	0.639357	0.712265	0.660416	0.75919	0.261235	0.578933	0.43919	0.662873	0.666044	0.408836	0.603147	0.39539	0.5098	0.369214
c.2.1.2	0.670699	0.560167	0.789834	0.664051	0.457935	0.731618	0.611779	0.492427	0.905732	0.865997	0.597872	0.816409	0.853077	0.725	0.494264	0.652672	0.719497	0.665165	0.756176	0.274585	0.592958	0.444584	0.66011	0.669638	0.420587	0.594609	0.412584	0.498388	0.355134
c.2.1.2	0.668602	0.566176	0.786994	0.64882	0.432607	0.732228	0.615629	0.506627	0.902188	0.852361	0.554614	0.81017	0.855021	0.709414	0.459866	0.625952	0.71263	0.662867	0.759891	0.188706	0.573018	0.430316	0.66592	0.670351	0.393262	0.604873	0.386608	0.512917	0.3761
c.2.1.2	0.668382	0.563678	0.78705	0.651224	0.441243	0.732004	0.614917	0.503752	0.902661	0.853855	0.55961	0.811285	0.854471	0.711977	0.467785	0.636638	0.713795	0.663319	0.759856	0.24918	0.57733	0.438953	0.666937	0.670213	0.406286	0.606714	0.38857	0.511605	0.372713
c.2.1.2	0.666329	0.562189	0.786936	0.649126	0.439466	0.72912	0.612302	0.502748	0.905269	0.856508	0.558569	0.811594	0.85405	0.707341	0.477167	0.6393	0.710968	0.658579	0.75685	0.23424	0.57914	0.419206	0.662534	0.669711	0.39924	0.600667	0.385268	0.510658	0.37434
c.2.1.2	0.665469	0.559997	0.786405	0.651564	0.441137	0.728981	0.611697	0.499495	0.904648	0.857872	0.566907	0.812053	0.85415	0.711657	0.473598	0.642898	0.713866	0.660606	0.757186	0.241234	0.5779	0.435753	0.662427	0.669695	0.404402	0.600671	0.393604	0.507848	0.370985
c.2.1.2	0.67072	0.561298	0.790674	0.664799	0.4577	0.734204	0.613709	0.498557	0.906817	0.865216	0.591134	0.821077	0.856234	0.727196	0.484663	0.654901	0.724274	0.674132	0.762253	0.2693	0.592482	0.446054	0.66817	0.674184	0.424053	0.603115	0.405018	0.505852	0.37042
c.2.1.2	0.665801	0.560304	0.786379	0.650197	0.445456	0.727536	0.609435	0.500048	0.903702	0.858095	0.57228	0.809162	0.852681	0.709877	0.473802	0.648027	0.707695	0.654988	0.754901	0.255973	0.582575	0.424463	0.66093	0.664411	0.412646	0.59578	0.388241	0.507031	0.37481
c.2.1.2	0.66531	0.560296	0.785052	0.648476	0.430504	0.73062	0.61421	0.500207	0.901022	0.852801	0.54987	0.810979	0.853912	0.710162	0.456185	0.627799	0.716338	0.663447	0.760245	0.213705	0.568864	0.435407	0.664201	0.673508	0.392737	0.605235	0.387098	0.510762	0.368013
c.2.1.2	0.663996	0.56063	0.784894	0.650006	0.433639	0.729633	0.61449	0.500526	0.90229	0.855915	0.569649	0.811152	0.854701	0.714032	0.461063	0.634697	0.716686	0.663123	0.761489	0.226512	0.572702	0.439602	0.662223	0.6745	0.394735	0.603206	0.399665	0.510078	0.367651
c.2.1.2	0.665797	0.555909	0.785589	0.64803	0.427958	0.728099	0.603985	0.49129	0.901532	0.853814	0.554936	0.808623	0.851022	0.706465	0.466102	0.626797	0.706228	0.656128	0.75217	0.225764	0.567649	0.409245	0.658749	0.658995	0.375993	0.592067	0.362032	0.49521	0.355865
c.2.1.2	0.669126	0.564489	0.787524	0.654072	0.422758	0.733399	0.614875	0.501718	0.901738	0.857778	0.56789	0.814408	0.854712	0.716757	0.472015	0.620596	0.71702	0.667944	0.761478	0.139743	0.562444	0.436052	0.666214	0.67314	0.375943	0.603438	0.387062	0.507283	0.365169
c.2.1.2	0.670654	0.56254	0.789679	0.664102	0.44603	0.735513	0.615608	0.500193	0.905317	0.864124	0.592013	0.821753	0.856043	0.729351	0.49221	0.641115	0.725493	0.677108	0.762474	0.270184	0.583681	0.444512	0.669834	0.676231	0.415217	0.604643	0.393783	0.509865	0.368724
c.2.1.2	0.666634	0.558073	0.786598	0.652022	0.436683	0.728089	0.606756	0.494594	0.902134	0.857354	0.563321	0.810267	0.851867	0.712544	0.465173	0.634965	0.7114	0.656919	0.753385	0.2601	0.573812	0.421982	0.658116	0.66257	0.391657	0.592143	0.37446	0.500367	0.364215
c.2.1.2	0.671977	0.564477	0.791794	0.660591	0.453593	0.736325	0.61766	0.501253	0.908164	0.861808	0.571947	0.822828	0.858412	0.720519	0.495137	0.644922	0.725147	0.676028	0.764636	0.251851	0.58976	0.450927	0.669685	0.678768	0.419404	0.60538	0.406965	0.507003	0.369047
c.2.1.2	0.668627	0.563969	0.787259	0.653114	0.440443	0.731422	0.613927	0.501506	0.903526	0.858162	0.56486	0.814214	0.853457	0.714613	0.482828	0.634816	0.716344	0.664776	0.759215	0.205636	0.582215	0.44313	0.661111	0.670662	0.406349	0.603222	0.391973	0.506699	0.37107
c.2.1.2	0.666735	0.562982	0.786329	0.652236	0.437201	0.733485	0.61746	0.504574	0.901738	0.855412	0.565058	0.814425	0.855505	0.7165	0.475807	0.63294	0.719564	0.669812	0.762244	0.193673	0.577372	0.437201	0.66932	0.677909	0.401647	0.60921	0.402987	0.515341	0.373136
c.2.1.2	0.663539	0.557718	0.785296	0.65197	0.441511	0.729702	0.611777	0.496741	0.904017	0.858705	0.575727	0.815057	0.854038	0.716142	0.483808	0.641328	0.716469	0.666414	0.759397	0.236788	0.582317	0.43455	0.663646	0.673526	0.407678	0.601795	0.397586	0.505523	0.36343
c.2.1.2	0.665093	0.556806	0.785942	0.654346	0.445378	0.726817	0.607252	0.49215	0.902892	0.861157	0.581714	0.808898	0.851719	0.71588	0.477947	0.642819	0.70995	0.655587	0.752837	0.258893	0.58318	0.434033	0.654743	0.661873	0.40615	0.59357	0.396674	0.494503	0.360954
c.2.1.2	0.660269	0.550514	0.782714	0.644048	0.430269	0.725718	0.604799	0.487124	0.901727	0.852868	0.550434	0.811638	0.850458	0.703864	0.463186	0.629703	0.708679	0.658704	0.75405	0.234691	0.569833	0.420293	0.657691	0.666147	0.395571	0.594696	0.376095	0.499839	0.345188
c.2.1.2	0.664727	0.558719	0.784402	0.648635	0.422277	0.726112	0.606237	0.496722	0.90035	0.856547	0.568084	0.804168	0.850345	0.709976	0.461797	0.624591	0.70418	0.651221	0.752426	0.184042	0.560682	0.412812	0.655368	0.658365	0.376424	0.593876	0.365648	0.500774	0.365648
c.2.1.2	0.66719	0.562183	0.786563	0.649844	0.420474	0.730973	0.612881	0.500808	0.902254	0.85516	0.562121	0.810381	0.853882	0.711102	0.463272	0.618309	0.713166	0.662983	0.758652	0.181227	0.56023	0.427322	0.663104	0.669849	0.369237	0.60121	0.373454	0.507939	0.369956
c.2.1.2	0.66537	0.557425	0.785471	0.652777	0.437325	0.729693	0.611047	0.49398	0.902348	0.856414	0.571592	0.811335	0.852844	0.715934	0.475132	0.633698	0.715406	0.662679	0.757895	0.249597	0.575352	0.444756	0.661272	0.669015	0.391401	0.600452	0.399568	0.500143	0.357651
c.2.1.2	0.670757	0.55968	0.790052	0.659963	0.447636	0.731939	0.609644	0.492239	0.905572	0.862372	0.576258	0.817121	0.853814	0.719325	0.48079	0.642267	0.717302	0.666549	0.757378	0.241654	0.582337	0.435097	0.661724	0.665925	0.411736	0.593255	0.381403	0.498707	0.358683
c.2.1.2	0.665576	0.558939	0.785169	0.6465	0.433862	0.729253	0.608846	0.49774	0.90126	0.851048	0.551295	0.809392	0.853136	0.707482	0.453268	0.63054	0.709267	0.658513	0.755982	0.203831	0.572912	0.424164	0.66314	0.664079	0.396037	0.598985	0.377758	0.504275	0.365964
c.2.1.2	0.667125	0.563522	0.785128	0.650163	0.427342	0.731454	0.616317	0.50096	0.901197	0.853077	0.571246	0.810265	0.852432	0.712874	0.46616	0.623054	0.715881	0.663483	0.760599	0.189199	0.562073	0.444878	0.663201	0.67521	0.391579	0.606018	0.39535	0.5097	0.36569
c.2.1.2	0.663727	0.557668	0.78344	0.646145	0.421564	0.727976	0.607475	0.495065	0.899044	0.854169	0.554077	0.807888	0.851001	0.70683	0.465065	0.623178	0.709099	0.658905	0.753524	0.175663	0.562875	0.413368	0.661169	0.66485	0.386013	0.596541	0.362371	0.5027	0.357039
c.2.1.2	0.671108	0.562139	0.791427	0.661435	0.456344	0.733429	0.614153	0.497852	0.908803	0.863365	0.579206	0.818505	0.856785	0.720168	0.495438	0.649678	0.720865	0.668286	0.761249	0.272153	0.591734	0.449106	0.665653	0.671745	0.420836	0.600133	0.400072	0.503372	0.362955
c.2.1.2	0.664933	0.557234	0.78568	0.651092	0.440506	0.727335	0.608925	0.494745	0.902635	0.857219	0.567837	0.808607	0.85169	0.709589	0.47289	0.641763	0.710175	0.656436	0.75592	0.253951	0.579965	0.437174	0.658297	0.665294	0.398909	0.59587	0.389868	0.502549	0.362529
c.2.1.2	0.672233	0.562792	0.792344	0.665795	0.459752	0.736406	0.617527	0.497698	0.909348	0.865379	0.587839	0.824941	0.858049	0.72644	0.495833	0.652117	0.728449	0.678594	0.765303	0.27423	0.595987	0.45959	0.668803	0.680364	0.423107	0.603806	0.415947	0.506644	0.360208
c.2.1.2	0.664485	0.559526	0.784332	0.647506	0.424319	0.730622	0.610678	0.499106	0.901518	0.851895	0.557082	0.811477	0.853348	0.712719	0.466972	0.622038	0.713667	0.664768	0.758154	0.202826	0.566373	0.423203	0.665489	0.667817	0.391886	0.601952	0.37241	0.50676	0.363363
c.2.1.2	0.663567	0.55384	0.784033	0.652398	0.435611	0.725255	0.603612	0.489609	0.900479	0.859102	0.584304	0.804859	0.849446	0.715957	0.462825	0.639713	0.705518	0.652134	0.751065	0.183294	0.574533	0.431844	0.655626	0.656611	0.395059	0.591462	0.381101	0.493904	0.357311
c.2.1.2	0.662177	0.549325	0.782729	0.645009	0.410303	0.721756	0.597155	0.475867	0.898575	0.854811	0.55958	0.803069	0.845846	0.705598	0.460987	0.61359	0.700988	0.645447	0.746097	0.112781	0.549325	0.400852	0.641565	0.649984	0.351246	0.576195	0.360465	0.479085	0.331725
c.2.1.2	0.665005	0.558609	0.784539	0.646867	0.425263	0.726599	0.605796	0.493066	0.900483	0.855032	0.555235	0.80747	0.851223	0.70559	0.461338	0.624883	0.706909	0.653224	0.751321	0.210838	0.565768	0.417062	0.653292	0.659508	0.378382	0.591247	0.381137	0.493565	0.357701
c.2.1.2	0.664732	0.55813	0.786201	0.651335	0.436563	0.730863	0.611232	0.497331	0.904614	0.856991	0.56361	0.816416	0.855262	0.714675	0.473094	0.632069	0.716377	0.667272	0.759591	0.224654	0.579956	0.429155	0.664987	0.671772	0.396859	0.602916	0.383532	0.503542	0.363918
c.2.1.2	0.663078	0.55722	0.783439	0.64683	0.422455	0.727976	0.610367	0.493374	0.900745	0.853835	0.56517	0.810694	0.851757	0.709988	0.460957	0.623323	0.713763	0.661055	0.757581	0.182742	0.560415	0.433294	0.65787	0.670674	0.381266	0.597435	0.392188	0.501641	0.357122
c.2.1.2	0.666494	0.560111	0.786528	0.655363	0.436967	0.730944	0.612026	0.495866	0.903411	0.860842	0.580636	0.815826	0.853739	0.719817	0.479069	0.639124	0.71838	0.6659	0.758273	0.255748	0.578466	0.432972	0.661929	0.67324	0.388293	0.597978	0.397143	0.503309	0.358121
c.2.1.2	0.668401	0.561981	0.787836	0.651115	0.437998	0.728713	0.608979	0.500169	0.903621	0.85791	0.564136	0.808466	0.85264	0.707415	0.476561	0.638156	0.706912	0.653297	0.753721	0.235802	0.574426	0.412591	0.660723	0.661907	0.3944	0.595808	0.36781	0.50482	0.369268
c.2.1.2	0.661554	0.555368	0.782689	0.640465	0.419038	0.723866	0.603713	0.492976	0.900601	0.851606	0.547644	0.803486	0.850395	0.700419	0.456119	0.623027	0.700965	0.648812	0.751147	0.218522	0.556844	0.401031	0.65441	0.657176	0.366614	0.590879	0.357538	0.499352	0.362204
c.2.1.2	0.665703	0.554144	0.785638	0.65117	0.43702	0.727425	0.604367	0.483013	0.902476	0.856148	0.560246	0.811469	0.850567	0.71199	0.477704	0.634303	0.710124	0.657588	0.752903	0.224247	0.574442	0.422462	0.653072	0.661601	0.405086	0.587381	0.387068	0.485454	0.338495
c.2.1.2	0.66479	0.559243	0.78537	0.651204	0.429045	0.730227	0.611413	0.498705	0.902991	0.857471	0.563637	0.813554	0.854503	0.716151	0.472325	0.626547	0.71496	0.665859	0.759522	0.179982	0.568558	0.43673	0.664806	0.66865	0.387923	0.60406	0.383423	0.506155	0.365254
c.2.1.2	0.668329	0.562579	0.78674	0.65013	0.442791	0.731057	0.610114	0.502776	0.900706	0.853808	0.556594	0.809275	0.853117	0.709941	0.461793	0.637194	0.709142	0.659533	0.755045	0.237096	0.582159	0.415689	0.665715	0.663195	0.407855	0.597843	0.373443	0.508749	0.374147
c.2.1.3	0.652406	0.540182	0.772913	0.637022	0.405355	0.719036	0.590599	0.46453	0.88754	0.845483	0.553727	0.800967	0.840459	0.708032	0.442734	0.61439	0.702719	0.651139	0.738594	0.194288	0.553489	0.386871	0.635815	0.649622	0.363169	0.566836	0.35848	0.462094	0.315378
c.2.1.3	0.651097	0.538659	0.772413	0.64018	0.421615	0.720442	0.592584	0.464951	0.888422	0.847423	0.562157	0.804983	0.841993	0.712493	0.448218	0.628331	0.711661	0.658887	0.740287	0.207204	0.569412	0.407782	0.640757	0.655422	0.382318	0.569862	0.382318	0.468354	0.309656
c.2.1.3	0.657777	0.551923	0.778918	0.638121	0.403408	0.724569	0.601502	0.48796	0.89473	0.849163	0.549003	0.805485	0.849815	0.70234	0.455229	0.605421	0.703651	0.656324	0.747592	0.131576	0.553438	0.392743	0.654544	0.659539	0.343746	0.589082	0.366036	0.491238	0.348487
c.2.1.3	0.654534	0.546494	0.772484	0.616954	0.38783	0.717473	0.595312	0.472339	0.885819	0.829961	0.485486	0.790298	0.840743	0.671856	0.416837	0.584165	0.685338	0.634928	0.740063	0.156005	0.516277	0.374746	0.635046	0.648053	0.35202	0.572599	0.340611	0.478269	0.312009
c.2.1.3	0.653697	0.535282	0.775899	0.636563	0.412889	0.716448	0.58755	0.446711	0.890635	0.849593	0.547339	0.801565	0.840731	0.699395	0.456368	0.616591	0.699455	0.644604	0.739718	0.116339	0.557224	0.406528	0.625751	0.649127	0.364536	0.554775	0.366687	0.441213	0.279641
c.2.1.3	0.648486	0.541	0.771376	0.620543	0.381717	0.717702	0.594851	0.472423	0.887733	0.836753	0.495176	0.79804	0.84512	0.683884	0.419455	0.588153	0.69839	0.647032	0.745202	0.137213	0.532018	0.381717	0.640585	0.6568	0.346175	0.580602	0.336865	0.4807	0.320663
c.2.1.3	0.655422	0.543785	0.775359	0.62505	0.387043	0.717301	0.58796	0.466562	0.889177	0.840733	0.52912	0.79781	0.841928	0.688108	0.435482	0.586285	0.686278	0.637694	0.735491	0.118377	0.540501	0.361554	0.63602	0.643218	0.326931	0.560854	0.310617	0.463241	0.314997
c.2.1.3	0.648717	0.535441	0.770863	0.622493	0.390955	0.712437	0.585015	0.460066	0.886022	0.840268	0.515515	0.791267	0.838803	0.684069	0.41565	0.603416	0.685704	0.632672	0.735257	0.13949	0.535081	0.381929	0.627483	0.640932	0.348876	0.565903	0.331828	0.456116	0.310583
c.2.1.3	0.65295	0.534564	0.774811	0.640801	0.426793	0.716881	0.586351	0.448137	0.889222	0.852153	0.56528	0.803	0.840045	0.708449	0.441185	0.634162	0.702789	0.647603	0.738538	0.200434	0.570251	0.407506	0.627089	0.646841	0.392902	0.555555	0.377965	0.44161	0.278531
c.2.1.3	0.6595	0.546502	0.779179	0.642801	0.417703	0.723361	0.598217	0.472764	0.893956	0.850348	0.551079	0.806601	0.844779	0.706416	0.445582	0.618832	0.708604	0.654078	0.747009	0.196635	0.559798	0.410888	0.64519	0.659051	0.376814	0.57884	0.361365	0.476532	0.320798
c.2.1.3	0.652629	0.542732	0.773811	0.634965	0.408003	0.716933	0.593262	0.469389	0.890186	0.847672	0.547064	0.798427	0.842193	0.702493	0.430678	0.620128	0.700419	0.644863	0.741119	0.184467	0.55071	0.404005	0.6354	0.651598	0.361346	0.576423	0.367891	0.471248	0.31577
c.2.1.3	0.655585	0.540001	0.77683	0.633483	0.414147	0.717385	0.587794	0.460637	0.892456	0.845494	0.531757	0.797412	0.842259	0.692575	0.444722	0.618795	0.694685	0.638802	0.738461	0.209171	0.556918	0.397187	0.635367	0.644802	0.357624	0.561522	0.352671	0.457024	0.296837
c.2.1.3	0.657558	0.538909	0.778368	0.639844	0.426702	0.715521	0.588118	0.452414	0.893144	0.851427	0.55152	0.798054	0.84039	0.696226	0.445372	0.630114	0.696734	0.634057	0.736261	0.214607	0.560232	0.403309	0.624453	0.644806	0.385311	0.555662	0.376495	0.446184	0.289975
c.2.1.3	0.648398	0.531269	0.770784	0.617751	0.382617	0.712011	0.582459	0.447399	0.886718	0.835114	0.496262	0.794291	0.837113	0.675611	0.43148	0.59069	0.686212	0.632842	0.731359	0.169907	0.532061	0.358941	0.620299	0.642648	0.312895	0.551426	0.341579	0.451461	0.287776
c.2.1.3	0.656078	0.539528	0.777815	0.638445	0.426213	0.717326	0.589487	0.456386	0.894199	0.850935	0.548231	0.801183	0.842897	0.697625	0.43895	0.629283	0.69876	0.642437	0.739392	0.224996	0.561875	0.394948	0.631556	0.649921	0.382616	0.55934	0.371996	0.454309	0.290504
c.2.1.3	0.647277	0.535634	0.771532	0.627137	0.398555	0.714625	0.588709	0.46328	0.88966	0.843501	0.529609	0.799105	0.841718	0.692944	0.436949	0.612651	0.697647	0.643802	0.740483	0.217483	0.547737	0.386125	0.633788	0.65022	0.356517	0.575543	0.339783	0.465758	0.314875
c.2.1.3	0.649596	0.537357	0.771839	0.630852	0.395375	0.716756	0.589245	0.461943	0.886703	0.847382	0.542235	0.802302	0.841765	0.698559	0.440782	0.596594	0.701644	0.648292	0.738154	0.151603	0.543754	0.376889	0.632211	0.6529	0.355765	0.569622	0.340591	0.463724	0.305525
c.2.1.3	0.650387	0.537026	0.773006	0.629961	0.405809	0.718133	0.589718	0.460763	0.890371	0.841986	0.527383	0.803141	0.8423	0.694886	0.4438	0.609689	0.702335	0.650462	0.739999	0.135723	0.556334	0.396389	0.637318	0.653242	0.361813	0.566916	0.360649	0.459684	0.306756
c.2.1.3	0.655252	0.536205	0.77619	0.637325	0.401346	0.715272	0.583138	0.451053	0.890709	0.849501	0.550412	0.798893	0.839993	0.69995	0.451456	0.604262	0.694592	0.639216	0.733581	0.135885	0.539952	0.387109	0.627575	0.63965	0.339861	0.552381	0.345686	0.446489	0.289932
c.2.1.3	0.671732	0.565723	0.786606	0.65157	0.437428	0.731578	0.613927	0.493801	0.899406	0.854744	0.56547	0.810141	0.851236	0.71025	0.464195	0.630879	0.712124	0.662365	0.756299	0.209226	0.570261	0.432502	0.65624	0.66876	0.396717	0.594604	0.401366	0.496718	0.34741
c.2.1.3	0.650344	0.536603	0.773014	0.631541	0.405519	0.715127	0.585028	0.463522	0.888578	0.847293	0.536	0.801133	0.84126	0.695773	0.444443	0.611033	0.693566	0.643571	0.734839	0.117424	0.551064	0.383013	0.634287	0.643656	0.365708	0.562754	0.329652	0.464231	0.314554
c.2.1.3	0.648129	0.537139	0.772723	0.630051	0.408058	0.715793	0.589873	0.46989	0.890281	0.846059	0.537704	0.798653	0.844154	0.69837	0.437659	0.623162	0.698203	0.644179	0.739954	0.243081	0.557865	0.387297	0.641888	0.652047	0.363103	0.573566	0.338534	0.474188	0.329003
c.2.1.3	0.651647	0.540896	0.773252	0.619939	0.398124	0.717138	0.588911	0.471576	0.890063	0.835006	0.488651	0.796249	0.84249	0.682341	0.441748	0.595834	0.686546	0.639377	0.737777	0.153592	0.546331	0.368951	0.640505	0.643993	0.365403	0.572262	0.320399	0.470165	0.328197
c.2.1.3	0.65537	0.537675	0.775929	0.637755	0.416389	0.717558	0.58847	0.453052	0.890163	0.847959	0.547145	0.799797	0.839853	0.699239	0.440595	0.62155	0.700838	0.643646	0.738997	0.201759	0.554854	0.406925	0.629877	0.6471	0.380464	0.558349	0.359839	0.451886	0.288936
c.2.1.3	0.648899	0.535332	0.772948	0.636033	0.411133	0.713431	0.587332	0.460767	0.890521	0.850332	0.549162	0.796869	0.840356	0.70445	0.442243	0.625467	0.698192	0.640669	0.737646	0.228018	0.546136	0.400253	0.629282	0.647293	0.378885	0.565233	0.356513	0.464232	0.310605
c.2.1.3	0.648749	0.537893	0.771652	0.630447	0.403177	0.716858	0.586691	0.465947	0.885971	0.847528	0.534328	0.803984	0.842824	0.701194	0.444318	0.612279	0.697798	0.651902	0.736922	0.164451	0.552547	0.371381	0.636863	0.646767	0.367101	0.571037	0.346018	0.461755	0.315875
c.2.1.3	0.6505	0.541926	0.770523	0.626897	0.386051	0.716255	0.58955	0.472681	0.884492	0.838153	0.533687	0.790535	0.839724	0.693503	0.427175	0.597994	0.689737	0.64341	0.737103	0.179755	0.532782	0.3788	0.636566	0.642902	0.343208	0.573069	0.316693	0.475551	0.327121
c.2.1.3	0.663969	0.554411	0.783061	0.646596	0.418762	0.726642	0.60317	0.48541	0.897509	0.853307	0.557808	0.807064	0.850299	0.708291	0.463651	0.619155	0.706897	0.656881	0.750239	0.176996	0.558675	0.408828	0.65496	0.657504	0.375661	0.588249	0.371768	0.487523	0.341076
c.2.1.3	0.654004	0.532978	0.776169	0.641224	0.426726	0.714	0.582845	0.444819	0.891999	0.853287	0.56487	0.796766	0.837896	0.702513	0.444401	0.638076	0.696899	0.639971	0.736277	0.237638	0.565069	0.408269	0.623753	0.638946	0.378352	0.550074	0.363244	0.435564	0.282435
c.2.1.3	0.654998	0.542796	0.774187	0.636772	0.414207	0.71887	0.589293	0.467323	0.887704	0.846145	0.548853	0.796266	0.839805	0.703967	0.452894	0.620822	0.697347	0.644715	0.735229	0.203099	0.565007	0.392557	0.635146	0.641861	0.378258	0.569908	0.352253	0.457601	0.314536
c.2.1.3	0.67107	0.56463	0.786338	0.649922	0.431811	0.732166	0.615528	0.493711	0.89931	0.853006	0.558553	0.811626	0.851716	0.708833	0.476384	0.621205	0.715845	0.664736	0.759256	0.141937	0.563606	0.438958	0.658787	0.674605	0.381203	0.598135	0.404953	0.501699	0.349084
c.2.1.3	0.649469	0.536118	0.771877	0.627217	0.400589	0.71263	0.58436	0.463864	0.888355	0.840751	0.530325	0.791548	0.83944	0.690739	0.425351	0.612333	0.688485	0.632695	0.734058	0.167494	0.544983	0.386359	0.630455	0.635843	0.346482	0.565226	0.336727	0.464646	0.32172
c.2.1.3	0.650419	0.539211	0.772382	0.630987	0.396846	0.712568	0.583585	0.467727	0.887313	0.848032	0.5422	0.788997	0.839166	0.695658	0.428204	0.612005	0.684638	0.632403	0.731655	0.197574	0.544035	0.373828	0.630601	0.630822	0.340671	0.561377	0.332169	0.466615	0.320711
c.2.1.3	0.643326	0.532186	0.768418	0.616212	0.376062	0.713207	0.588217	0.458625	0.886659	0.836484	0.488214	0.797006	0.841925	0.679534	0.436993	0.582943	0.694229	0.639227	0.7402	0.119662	0.536259	0.380379	0.631607	0.654526	0.301811	0.569334	0.351965	0.460725	0.30689
c.2.1.3	0.650881	0.540528	0.773769	0.623595	0.394839	0.714564	0.592412	0.468949	0.890577	0.840738	0.511712	0.79217	0.841823	0.683513	0.451033	0.606909	0.688836	0.63263	0.740847	0.1374	0.539918	0.393149	0.63232	0.648983	0.346645	0.573507	0.353704	0.474393	0.324979
c.2.1.3	0.654116	0.533328	0.776586	0.640743	0.417587	0.713901	0.582664	0.445406	0.892018	0.853805	0.558336	0.797584	0.838718	0.701437	0.465937	0.630642	0.695283	0.63435	0.733249	0.208503	0.560892	0.40446	0.623395	0.642704	0.363383	0.54787	0.357672	0.437117	0.279598
c.2.1.3	0.65841	0.544697	0.775794	0.63262	0.407071	0.717796	0.587677	0.464269	0.887416	0.841935	0.53001	0.792605	0.838166	0.689906	0.436468	0.612923	0.690374	0.635739	0.732445	0.19754	0.546184	0.382141	0.630164	0.641411	0.355442	0.559535	0.369249	0.450596	0.309783
c.2.1.3	0.654283	0.545393	0.773797	0.633223	0.408138	0.720196	0.59769	0.473548	0.888623	0.841654	0.538159	0.797718	0.841026	0.699648	0.442638	0.614207	0.700886	0.648383	0.742138	0.202695	0.55328	0.403267	0.638036	0.655597	0.361507	0.57787	0.363823	0.478691	0.319878
c.2.1.3	0.65365	0.539658	0.775582	0.643013	0.435218	0.718238	0.590959	0.463746	0.891644	0.852777	0.568878	0.801963	0.843115	0.709396	0.457729	0.643328	0.704526	0.647844	0.738368	0.181887	0.577506	0.42367	0.637883	0.647943	0.409072	0.568878	0.388352	0.459355	0.307411
c.2.1.3	0.652969	0.535765	0.775184	0.640745	0.417136	0.716688	0.586818	0.45173	0.890833	0.85277	0.562261	0.800867	0.841022	0.706116	0.440584	0.628148	0.701683	0.64636	0.738905	0.207424	0.55851	0.402367	0.629044	0.646251	0.371821	0.559438	0.376538	0.442687	0.283911
c.2.1.3	0.650687	0.531415	0.772978	0.629746	0.415191	0.710074	0.57545	0.446329	0.889552	0.84688	0.541919	0.791752	0.835287	0.689593	0.456796	0.615852	0.681719	0.629861	0.727111	0.233256	0.558943	0.360873	0.617194	0.625742	0.371883	0.548961	0.329777	0.434411	0.280634
c.2.1.3	0.650327	0.531937	0.77272	0.628632	0.409022	0.71135	0.575177	0.447778	0.88939	0.845255	0.52567	0.794249	0.837786	0.690301	0.433404	0.616021	0.682663	0.629609	0.72578	0.233014	0.55503	0.356496	0.623021	0.626645	0.377051	0.547209	0.312996	0.436693	0.276968
c.2.1.3	0.654325	0.547426	0.775601	0.630738	0.380138	0.716091	0.594997	0.477515	0.891477	0.847041	0.542765	0.79163	0.842724	0.692959	0.450909	0.595365	0.690684	0.634657	0.742217	0.0928094	0.520669	0.40789	0.635757	0.646878	0.305046	0.575032	0.345885	0.4784	0.328776
c.2.1.3	0.657198	0.545354	0.774469	0.633259	0.392376	0.717644	0.588325	0.46483	0.885771	0.843103	0.534241	0.791313	0.839848	0.6956	0.428418	0.597694	0.691061	0.635776	0.729795	0.167281	0.533203	0.384896	0.629426	0.640148	0.341308	0.561929	0.344492	0.451062	0.300579
c.2.1.3	0.655353	0.53588	0.777	0.636009	0.424229	0.714021	0.583304	0.449313	0.892748	0.848703	0.543584	0.796722	0.839729	0.694665	0.44682	0.629016	0.691551	0.632864	0.733638	0.248312	0.563624	0.396403	0.625086	0.638738	0.37948	0.550024	0.357073	0.443378	0.277946
c.2.1.5	0.655614	0.552047	0.774937	0.617672	0.368083	0.721462	0.599751	0.488071	0.887844	0.832829	0.498238	0.793779	0.846593	0.678527	0.428508	0.564536	0.6892	0.642009	0.744577	0.0939531	0.51897	0.365739	0.650921	0.653792	0.29087	0.58399	0.331064	0.495156	0.34871
c.2.1.5	0.656236	0.550468	0.775839	0.632714	0.389779	0.725292	0.603587	0.483559	0.890584	0.842151	0.533942	0.803788	0.847243	0.699152	0.450363	0.587327	0.70486	0.660065	0.750741	0.0575899	0.540157	0.407553	0.651311	0.664762	0.331423	0.588938	0.359817	0.490191	0.334445
c.2.1.5	0.656826	0.546871	0.778094	0.638884	0.410063	0.722124	0.598006	0.476853	0.894353	0.850746	0.557553	0.80451	0.846414	0.705223	0.460605	0.615572	0.702441	0.652	0.747966	0.210476	0.558376	0.399422	0.646841	0.658131	0.363586	0.582278	0.369247	0.48116	0.32733
c.2.1.5	0.651532	0.54293	0.774263	0.630023	0.402389	0.718742	0.596002	0.475149	0.89186	0.843651	0.531986	0.796958	0.844783	0.69279	0.438012	0.616473	0.697797	0.645519	0.745437	0.201195	0.549786	0.397389	0.642561	0.657143	0.357659	0.577984	0.344922	0.483463	0.328237
c.2.1.5	0.654144	0.545462	0.775457	0.629798	0.399947	0.720128	0.598333	0.478763	0.890646	0.841734	0.517666	0.795228	0.845001	0.691222	0.457903	0.608532	0.696833	0.644688	0.747409	0.201749	0.546485	0.389126	0.646411	0.657028	0.34724	0.583185	0.355012	0.487656	0.340166
c.2.1.5	0.653907	0.546508	0.774683	0.623307	0.391231	0.720619	0.597754	0.480205	0.88961	0.835597	0.487074	0.795676	0.844818	0.683809	0.438773	0.592356	0.694192	0.644836	0.746554	0.136729	0.538793	0.371205	0.646071	0.656938	0.346406	0.582935	0.335677	0.488438	0.337295
c.2.1.5	0.655271	0.548262	0.775745	0.623372	0.384969	0.719537	0.596929	0.482726	0.89051	0.837355	0.498739	0.79352	0.84576	0.68169	0.41599	0.584983	0.691804	0.638535	0.744982	0.176614	0.533415	0.384051	0.645016	0.651871	0.330545	0.582163	0.311159	0.488044	0.346319
c.2.1.5	0.65329	0.541447	0.774807	0.632356	0.408168	0.715464	0.590455	0.472951	0.889148	0.846884	0.543149	0.79093	0.841948	0.693113	0.446818	0.622151	0.691125	0.63132	0.738229	0.195305	0.548457	0.380725	0.637403	0.64676	0.359136	0.574394	0.320974	0.478845	0.330103
c.2.1.5	0.655656	0.551425	0.773654	0.631532	0.381357	0.724488	0.601172	0.487404	0.887042	0.838685	0.533158	0.799851	0.845653	0.704385	0.41395	0.584737	0.704093	0.657476	0.748216	0.0924334	0.528568	0.390763	0.654043	0.660447	0.327444	0.588136	0.341631	0.492625	0.349914
c.2.1.5	0.657346	0.551815	0.775874	0.624766	0.398242	0.719912	0.59854	0.483131	0.889775	0.837632	0.513556	0.792857	0.843841	0.682616	0.44539	0.603547	0.690551	0.640237	0.743443	0.186887	0.543098	0.381784	0.642406	0.64918	0.343885	0.578488	0.348248	0.487654	0.337696
c.2.1.5	0.654095	0.544721	0.774547	0.631935	0.405875	0.721541	0.59502	0.476697	0.888762	0.843209	0.525643	0.803357	0.844004	0.698989	0.447131	0.610902	0.70107	0.652665	0.74293	0.163306	0.555911	0.383923	0.645506	0.654509	0.368795	0.57913	0.344997	0.480065	0.336307
c.2.1.5	0.657042	0.537947	0.776416	0.631566	0.405921	0.714623	0.584984	0.455795	0.889058	0.844009	0.522642	0.792752	0.838715	0.686821	0.426536	0.60943	0.688171	0.627187	0.732492	0.212972	0.538748	0.373397	0.625405	0.639212	0.362889	0.556034	0.338646	0.456214	0.299672
c.2.1.5	0.656806	0.547019	0.77697	0.627454	0.405111	0.715439	0.590855	0.479178	0.891641	0.841785	0.524435	0.785483	0.840759	0.681422	0.430279	0.619207	0.679866	0.624273	0.736531	0.166444	0.544556	0.368148	0.636844	0.636994	0.341198	0.568388	0.325603	0.482581	0.344309
c.2.1.5	0.651965	0.542756	0.775459	0.628461	0.401622	0.719989	0.597559	0.475272	0.892799	0.843216	0.520516	0.803451	0.84783	0.692342	0.448645	0.601863	0.702088	0.64889	0.748306	0.115313	0.553066	0.398226	0.647031	0.659789	0.352195	0.583347	0.3645	0.483623	0.330251
c.2.1.5	0.654325	0.548579	0.773945	0.630151	0.396408	0.722132	0.599657	0.484999	0.886561	0.8409	0.532866	0.79569	0.845507	0.69456	0.417558	0.606442	0.698667	0.646341	0.747082	0.209969	0.544514	0.378325	0.650197	0.657805	0.361369	0.58757	0.338611	0.490775	0.347359
c.2.1.5	0.657941	0.551227	0.778933	0.631524	0.4064	0.723371	0.598916	0.487569	0.894613	0.844241	0.520001	0.803404	0.848425	0.695437	0.456741	0.609417	0.696307	0.651063	0.747823	0.190198	0.557943	0.379566	0.653702	0.652944	0.360925	0.585378	0.32638	0.493027	0.350934
c.2.1.5	0.652388	0.543405	0.77585	0.632498	0.412131	0.721978	0.599692	0.474964	0.89348	0.845498	0.532359	0.80693	0.84837	0.699373	0.468317	0.615506	0.707411	0.6569	0.752376	0.189391	0.562025	0.399086	0.64805	0.667043	0.378781	0.584122	0.371024	0.485274	0.328099
c.2.1.5	0.659647	0.556126	0.779152	0.629633	0.404002	0.723123	0.604402	0.492957	0.893435	0.841032	0.515582	0.795143	0.848274	0.688834	0.450955	0.603686	0.692693	0.641822	0.748857	0.162288	0.548008	0.391256	0.650972	0.656558	0.362271	0.590118	0.351904	0.496929	0.354322
c.2.1.5	0.655182	0.546015	0.776029	0.630184	0.402109	0.723046	0.600474	0.476365	0.89205	0.838974	0.508327	0.803745	0.846244	0.692804	0.456147	0.600972	0.704075	0.653547	0.749599	0.149469	0.548958	0.409815	0.647841	0.662702	0.35441	0.586884	0.36962	0.481195	0.326342
c.2.1.5	0.657983	0.551774	0.778172	0.635288	0.413753	0.724397	0.601826	0.490073	0.892537	0.844894	0.532777	0.802577	0.848199	0.701334	0.452563	0.613197	0.700689	0.653729	0.747568	0.205191	0.563969	0.400656	0.657265	0.656831	0.372484	0.590598	0.353145	0.497385	0.35199
c.2.1.5	0.655475	0.551059	0.776895	0.632477	0.413697	0.724426	0.605076	0.488512	0.892924	0.844261	0.532023	0.805033	0.850186	0.697257	0.448639	0.608868	0.706084	0.656995	0.7522	0.160029	0.558778	0.407561	0.654905	0.664813	0.381949	0.592643	0.381154	0.497522	0.347007
c.2.1.5	0.65087	0.543529	0.773456	0.629244	0.389375	0.720623	0.59864	0.478471	0.889933	0.841176	0.526848	0.801383	0.845965	0.696706	0.445859	0.594973	0.702445	0.651685	0.749232	0.174336	0.538511	0.400671	0.645803	0.662029	0.352512	0.586586	0.341852	0.485929	0.33896
c.2.1.5	0.662306	0.558491	0.780456	0.635054	0.415404	0.726463	0.60726	0.494124	0.893294	0.842491	0.525476	0.800463	0.849253	0.694538	0.444067	0.615134	0.701562	0.650096	0.751311	0.242832	0.56146	0.400795	0.65566	0.662654	0.380615	0.591075	0.360354	0.499704	0.354962
c.2.1.5	0.655782	0.548826	0.7734	0.618156	0.369634	0.719385	0.594121	0.480037	0.884644	0.829775	0.484465	0.791806	0.842255	0.678248	0.410525	0.564185	0.684997	0.637026	0.738375	0.180918	0.510403	0.327237	0.640132	0.645772	0.316482	0.573855	0.292966	0.485455	0.334976
c.2.1.5	0.655158	0.547873	0.776622	0.630958	0.397101	0.721449	0.599409	0.480402	0.892816	0.844621	0.534386	0.80052	0.846121	0.69513	0.454443	0.600702	0.697704	0.650922	0.748042	0.115392	0.5447	0.401898	0.645821	0.658368	0.346176	0.583146	0.352437	0.487363	0.332034
c.2.1.5	0.657832	0.548404	0.776408	0.624221	0.396106	0.719934	0.596709	0.475897	0.890183	0.833959	0.500157	0.792629	0.843052	0.683028	0.422336	0.59647	0.686981	0.63805	0.743173	0.177719	0.536912	0.380689	0.639553	0.648404	0.349922	0.57728	0.336032	0.480036	0.325335
c.2.1.5	0.660393	0.549128	0.777565	0.623135	0.397854	0.717801	0.592065	0.471746	0.890784	0.834714	0.482621	0.789461	0.840009	0.67445	0.424135	0.595408	0.681724	0.626689	0.734565	0.154462	0.541412	0.375577	0.633052	0.641592	0.335501	0.567295	0.328159	0.468045	0.320134
c.2.1.5	0.657563	0.548315	0.776658	0.626619	0.391352	0.720699	0.595069	0.47536	0.890625	0.839066	0.526475	0.795439	0.84381	0.684897	0.436002	0.591737	0.69097	0.64343	0.742761	0.0931599	0.535835	0.362652	0.640768	0.650158	0.345766	0.575211	0.339813	0.474734	0.320891
c.2.1.5	0.657329	0.546712	0.778492	0.634422	0.414511	0.721968	0.596336	0.478345	0.893985	0.845716	0.536786	0.801878	0.847003	0.695697	0.461894	0.616221	0.696938	0.646412	0.744863	0.218611	0.558559	0.388616	0.649564	0.654218	0.381478	0.582047	0.340532	0.480127	0.333447
c.2.1.5	0.656468	0.550855	0.776128	0.624516	0.386467	0.722123	0.598392	0.485683	0.891676	0.835899	0.501579	0.798435	0.846885	0.686196	0.447434	0.587957	0.694981	0.647089	0.745513	0.135659	0.535756	0.374471	0.651391	0.655661	0.328041	0.581407	0.331413	0.488805	0.349225
