c.2.1.1	0.0408163	0.163265	0.190476	0.00680272	0.00340136	0.00340136	0.0646259	0.00680272	0.0816327	0.0170068	0.0204082	0.00340136	0.115646	0.0272109	0.0646259	0.0136054	0.105442	0	0.00340136	0.047619	0	0	0	0	0	0	0	0.00340136	0	0.0170068	0	0	0	0	0	0	0	0	0	0	0	0
c.2.1.1	0.0494845	0.158763	0.14433	0.014433	0.00824742	0.0103093	0.0371134	0.0226804	0.121649	0.0103093	0.014433	0.00824742	0.113402	0.0185567	0.0907216	0.0185567	0.0412371	0.00412371	0.00412371	0.0556701	0	0	0	0	0	0	0	0.00412371	0.0123711	0.00824742	0	0.00206186	0.0226804	0	0.00206186	0.00206186	0	0	0	0	0	0
c.2.1.1	0.0493506	0.168831	0.150649	0.00519481	0.0025974	0.0103896	0.0857143	0.012987	0.0727273	0.0103896	0.0155844	0	0.114286	0.0207792	0.101299	0.0207792	0.0701299	0	0	0.0623377	0	0.00519481	0	0	0	0.0025974	0	0	0.00779221	0.0103896	0	0	0	0	0	0	0	0	0	0	0	0
c.2.1.1	0.0847458	0.214689	0.169492	0	0	0.00564972	0.0564972	0.0225989	0.039548	0.0734463	0.0225989	0	0.107345	0.039548	0.079096	0	0.0169492	0	0.039548	0.0282486	0	0	0	0	0	0	0	0	0	0	0	0	0	0	0	0	0	0	0	0	0	0
c.2.1.1	0.0519031	0.16609	0.176471	0.00346021	0.0207612	0.00692042	0.0519031	0.0242215	0.103806	0.00692042	0.0415225	0	0.0657439	0.0207612	0.0795848	0.017301	0.0657439	0	0.0276817	0.0519031	0	0.00346021	0	0	0	0	0	0	0	0.0138408	0	0	0	0	0	0	0	0	0	0	0	0
c.2.1.1	0.0805687	0.0924171	0.208531	0.014218	0.014218	0.007109	0.0521327	0	0.0781991	0.0308057	0.0473934	0.00947867	0.056872	0.028436	0.0663507	0.0260664	0.123223	0.00473934	0.00236967	0.0236967	0	0	0	0.00236967	0	0.00236967	0.00473934	0.00236967	0	0.0118483	0	0	0.00947867	0	0	0	0	0	0	0	0	0
c.2.1.1	0.0766423	0.135036	0.233577	0.0218978	0.0218978	0.00729927	0.0364964	0.0255474	0.0583942	0.0109489	0.0255474	0	0.0620438	0.0218978	0.116788	0.0145985	0.0364964	0	0.0364964	0.0145985	0	0	0	0.00364964	0	0	0	0	0.0182482	0.00729927	0	0	0.0145985	0	0	0	0	0	0	0	0	0
c.2.1.1	0.0829016	0.222798	0.181347	0.00518135	0	0.0207254	0.0414508	0.0259067	0.0829016	0.015544	0.0259067	0	0.103627	0.0103627	0.0932642	0.0207254	0.00518135	0.00518135	0.0103627	0.0414508	0	0	0.00518135	0	0	0	0	0	0	0	0	0	0	0	0	0	0	0	0	0	0	0
c.2.1.1	0.0863309	0.143885	0.183453	0.0143885	0.0107914	0.0107914	0.0683453	0.0179856	0.0863309	0.0251799	0.0395683	0.0215827	0.0323741	0.0359712	0.057554	0.0503597	0.0395683	0	0.0143885	0.0215827	0.00359712	0.00359712	0	0	0	0	0.00359712	0.0107914	0.00359712	0.0107914	0	0	0.00359712	0	0	0	0	0	0	0	0	0
c.2.1.1	0.0294118	0.111111	0.238562	0.0163399	0	0.00326797	0.0653595	0.00326797	0.114379	0.00326797	0.00326797	0.0130719	0.0882353	0.00980392	0.104575	0.0294118	0.107843	0	0.00326797	0.0196078	0	0.00326797	0	0	0	0	0.00326797	0	0	0.0228758	0	0.00653595	0	0	0	0	0	0	0	0	0	0
c.2.1.1	0.0885714	0.105714	0.118571	0.0114286	0.0428571	0.02	0.0757143	0.0371429	0.08	0.0257143	0.0742857	0.0128571	0.0242857	0.04	0.05	0.00857143	0.0414286	0.0257143	0.0314286	0.0214286	0	0.00285714	0.00428571	0	0.00285714	0	0.0128571	0.0142857	0	0	0.00714286	0.00571429	0	0.00571429	0.00571429	0.00142857	0	0.00142857	0	0	0	0
c.2.1.1	0.0748663	0.176471	0.213904	0.026738	0.00534759	0.0160428	0.0481283	0.0106952	0.0802139	0.00534759	0.00534759	0.0106952	0.0855615	0.0213904	0.0641711	0.0160428	0.0748663	0	0.0160428	0.0160428	0	0	0	0	0.00534759	0	0	0.00534759	0.0106952	0.00534759	0	0	0	0	0	0	0	0	0	0	0.00534759	0
c.2.1.1	0.0934579	0.199377	0.140187	0.00934579	0.0124611	0	0.05919	0.0311526	0.0809969	0.0186916	0.0218069	0	0.0996885	0.0342679	0.0903427	0.00311526	0.0186916	0	0.0186916	0.0623053	0	0	0	0	0	0	0	0	0.00623053	0	0	0	0	0	0	0	0	0	0	0	0	0
c.2.1.1	0.0732484	0.16879	0.16242	0.00636943	0.022293	0.022293	0.0382166	0.0127389	0.0477707	0.0286624	0.0414013	0	0.066879	0.0382166	0.0573248	0.0191083	0.0987261	0	0.0191083	0.0509554	0	0	0	0	0	0	0	0.00318471	0	0.0159236	0	0	0.00636943	0	0	0	0	0	0	0	0	0
c.2.1.1	0.139442	0.131474	0.151394	0.0119522	0.0557769	0	0.0557769	0.00796813	0.0438247	0.0517928	0.0557769	0.00398406	0.0398406	0.063745	0.0517928	0.00796813	0.0199203	0	0.0677291	0.0199203	0	0.00398406	0	0	0	0	0	0.0119522	0	0	0.00398406	0	0	0	0	0	0	0	0	0	0	0
c.2.1.1	0.0652174	0.173913	0.182609	0.00869565	0.00434783	0.0173913	0.0478261	0.0304348	0.1	0.026087	0.0391304	0.00434783	0.0913043	0.00869565	0.0913043	0.0173913	0.0173913	0	0.0217391	0.026087	0	0	0	0	0	0	0	0.0173913	0.00434783	0	0	0	0.00434783	0	0	0	0	0	0	0	0	0
c.2.1.1	0.13198	0.116751	0.258883	0.0203046	0.0101523	0	0.0304569	0.00507614	0.0862944	0.0101523	0.0203046	0.00507614	0.0507614	0.0406091	0.0659898	0.035533	0.0558376	0.00507614	0.0253807	0.00507614	0	0	0	0	0	0	0	0.00507614	0	0	0	0	0.0152284	0	0	0	0	0	0	0	0	0
c.2.1.1	0.0792453	0.139623	0.192453	0.0113208	0.00754717	0.00377358	0.0679245	0.00754717	0.139623	0	0.0264151	0.00377358	0.045283	0.0377358	0.0716981	0.0415094	0.0490566	0	0.00377358	0.0339623	0	0	0.00377358	0	0	0	0	0	0	0.0150943	0	0	0.00754717	0.00377358	0.00754717	0	0	0	0	0	0	0
c.2.1.1	0.0626959	0.109718	0.22884	0.0125392	0.0031348	0	0.0564263	0.00626959	0.0438871	0.00626959	0.00626959	0	0.122257	0.0470219	0.106583	0.00626959	0.0971787	0.0125392	0.0344828	0.0031348	0	0.0031348	0	0	0.00626959	0	0	0.0031348	0	0.0188088	0	0	0	0.0031348	0	0	0	0	0	0	0	0
c.2.1.1	0.0538244	0.1983	0.184136	0.0283286	0.00566572	0	0.0623229	0.0311615	0.0708215	0.00566572	0.0113314	0.00849858	0.11898	0.0311615	0.0651558	0.00283286	0.0424929	0.00283286	0.00849858	0.0396601	0	0	0	0	0	0	0.00283286	0.00283286	0.00283286	0	0	0.00283286	0.00283286	0.00849858	0	0	0	0.00283286	0	0	0.00283286	0
c.2.1.1	0.0643678	0.174713	0.11954	0.0091954	0.0229885	0.0183908	0.0321839	0.0298851	0.0896552	0.0091954	0.016092	0	0.121839	0.016092	0.0804598	0.0206897	0.0367816	0.00229885	0.0045977	0.0942529	0	0	0	0	0	0	0	0.0045977	0.00689655	0.0091954	0.00229885	0.00229885	0.0114943	0	0	0	0	0	0	0	0	0
c.2.1.1	0.0814607	0.146067	0.162921	0.0140449	0.0589888	0.00561798	0.0449438	0.0168539	0.0702247	0.0280899	0.0337079	0.00561798	0.0365169	0.0337079	0.117978	0.0140449	0.0224719	0.00280899	0.0477528	0.0224719	0	0	0	0.00280899	0	0.00280899	0	0.00842697	0	0	0.00280899	0	0.00280899	0.00561798	0.00561798	0	0.00280899	0	0	0	0	0
c.2.1.1	0.100223	0.131403	0.151448	0.0155902	0.0289532	0.0111359	0.0579065	0.00890869	0.0757238	0.0289532	0.0512249	0.013363	0.0668151	0.0356347	0.0623608	0.0155902	0.0311804	0.0200445	0.0267261	0.0289532	0	0.00222717	0	0.00445434	0	0	0	0.0178174	0	0	0.00445434	0.00222717	0	0.00222717	0.00222717	0	0.00222717	0	0	0	0	0
c.2.1.1	0.0394737	0.1875	0.194079	0.00986842	0	0.00657895	0.0394737	0.00328947	0.141447	0.0131579	0.00986842	0.00657895	0.0526316	0.0394737	0.0789474	0.0427632	0.0723684	0	0	0.0263158	0	0.00657895	0	0	0	0.00986842	0	0	0	0.00328947	0	0	0.0164474	0	0	0	0	0	0	0	0	0
c.2.1.1	0.0968992	0.20155	0.186047	0.0232558	0	0.0155039	0.0465116	0.0193798	0.0503876	0.0310078	0.0310078	0.00387597	0.116279	0.0232558	0.0310078	0.00387597	0.0193798	0.00775194	0.0193798	0.0232558	0	0.00387597	0	0	0	0.0116279	0.00387597	0.00387597	0.00775194	0.00387597	0	0.00387597	0.00387597	0.00775194	0	0	0	0	0	0	0	0
c.2.1.1	0.0816327	0.134694	0.236735	0.00816327	0.00408163	0	0.0489796	0.0163265	0.0938776	0.00816327	0.0122449	0.00816327	0.0612245	0.0367347	0.110204	0.0326531	0.0530612	0.00408163	0.0204082	0.0244898	0	0	0	0	0	0	0	0	0	0	0	0	0.00408163	0	0	0	0	0	0	0	0	0
c.2.1.1	0.0888889	0.192593	0.244444	0.00740741	0	0	0.111111	0.00740741	0.0962963	0	0.00740741	0.00740741	0.0666667	0.0148148	0.0592593	0.0444444	0.0222222	0	0.00740741	0.0222222	0	0	0	0	0	0	0	0	0	0	0	0	0	0	0	0	0	0	0	0	0	0
c.2.1.1	0.0611814	0.147679	0.126582	0.0253165	0.00632911	0.021097	0.0611814	0.0316456	0.0801688	0.0105485	0.0316456	0.00421941	0.0527426	0.0274262	0.0949367	0.00843882	0.021097	0.0021097	0.0400844	0.0611814	0	0	0	0	0	0.00421941	0.0021097	0.0253165	0.0253165	0.0021097	0.0021097	0.00632911	0.00843882	0	0.00632911	0	0	0.0021097	0	0	0	0
c.2.1.1	0.046875	0.179688	0.15625	0.00520833	0.0104167	0	0.0546875	0.0208333	0.0729167	0.0078125	0.015625	0.00260417	0.140625	0.0286458	0.0807292	0.015625	0.078125	0	0.00260417	0.0677083	0	0	0	0	0	0	0	0.00260417	0.0078125	0	0	0	0.00260417	0	0	0	0	0	0	0	0	0
c.2.1.1	0.0421836	0.186104	0.129032	0.00992556	0.00992556	0.00992556	0.0595533	0.0272953	0.0744417	0.00992556	0.00992556	0	0.141439	0.0148883	0.0744417	0.0124069	0.0421836	0.00248139	0.00248139	0.101737	0	0	0	0	0	0	0	0.00496278	0.00744417	0.00992556	0.00248139	0.00248139	0.0124069	0	0	0	0	0	0	0	0	0
c.2.1.2	0.118177	0.0556439	0.0964494	0.0111288	0.0842607	0.0397456	0.0614732	0.0280869	0.0264971	0.0217276	0.0953895	0.0100689	0.0206677	0.0349762	0.036566	0.0651828	0.0243773	0.0688924	0.0323264	0.0111288	0.00158983	0.00264971	0.00264971	0.00582936	0.00317965	0.00370959	0.00264971	0.00317965	0.00317965	0.00529942	0.00847907	0.00264971	0.0063593	0.00529942	0	0	0	0	0	0.000529942	0	0
c.2.1.2	0.147982	0.0753363	0.0914798	0.00986547	0.121973	0.0313901	0.0538117	0.0466368	0.0278027	0.0188341	0.106726	0.0188341	0.0125561	0.038565	0.0251121	0.0233184	0.0134529	0.0654709	0.0269058	0.00807175	0	0	0.00538117	0.00538117	0	0.00269058	0.000896861	0.000896861	0.00179372	0.00269058	0.00627803	0.00179372	0.000896861	0.00538117	0	0.000896861	0	0.000896861	0	0	0	0
c.2.1.2	0.118919	0.0660661	0.0912913	0.0102102	0.126727	0.0324324	0.0396396	0.0306306	0.0294294	0.0276276	0.0924925	0.0186186	0.0318318	0.0492492	0.0396396	0.0144144	0.0198198	0.0552553	0.0282282	0.00960961	0.0018018	0.000600601	0.0036036	0.0162162	0.0018018	0.00840841	0.0024024	0.0036036	0.0036036	0.0018018	0.00660661	0.003003	0.000600601	0.0102102	0.000600601	0	0	0.000600601	0	0.0024024	0	0
c.2.1.2	0.118192	0.0633449	0.0830436	0.0142912	0.102356	0.0417149	0.0432599	0.0432599	0.0328312	0.0142912	0.0896099	0.01236	0.0196987	0.0502124	0.038625	0.0274237	0.0243337	0.0529162	0.0363075	0.010815	0.000772499	0.000772499	0.0038625	0.0119737	0.0038625	0.00617999	0.00502124	0.00811124	0.0038625	0.00656624	0.00733874	0.00347625	0.000772499	0.00926999	0.00463499	0	0.00038625	0.00115875	0	0.0023175	0.00038625	0.00038625
c.2.1.2	0.134974	0.0611484	0.087994	0.00745712	0.108874	0.0551827	0.0454884	0.0320656	0.0223714	0.0290828	0.132737	0.0141685	0.0149142	0.0462342	0.0193885	0.0141685	0.0238628	0.0641312	0.0328113	0.01044	0	0	0.0059657	0.0141685	0	0.00372856	0	0	0.00298285	0	0.00149142	0.00447427	0.00223714	0.00671141	0	0	0	0	0	0.000745712	0	0
c.2.1.2	0.130966	0.0669383	0.0896391	0.00640279	0.0948778	0.0378347	0.0506403	0.0384168	0.0227008	0.0221187	0.107683	0.0133877	0.0296857	0.0378347	0.032596	0.0395809	0.0314319	0.0622817	0.0366705	0.00698487	0.000582072	0.00116414	0.00349243	0.00349243	0.00174622	0.00232829	0.00116414	0.00349243	0.000582072	0.00116414	0.00232829	0.00174622	0.00989523	0.00349243	0.00232829	0	0.000582072	0.000582072	0.000582072	0.000582072	0	0
c.2.1.2	0.124614	0.0709877	0.0798611	0.0154321	0.108025	0.0532407	0.0289352	0.0532407	0.0381944	0.0154321	0.0694444	0.0119599	0.029321	0.0516975	0.0335648	0.0258488	0.0108025	0.0520833	0.0378086	0.0123457	0.000771605	0.000771605	0.00347222	0.0173611	0.00385802	0.00771605	0.00192901	0.00462963	0.00270062	0.00385802	0.00887346	0.00540123	0.00192901	0.00925926	0.00192901	0	0	0.000385802	0	0.00192901	0.000385802	0
c.2.1.2	0.0893448	0.0807412	0.0804103	0.0152217	0.0727995	0.0479815	0.0512905	0.0526142	0.049636	0.024818	0.0777631	0.0125745	0.0254798	0.0373925	0.0416942	0.0129054	0.0221707	0.0469887	0.0340834	0.0281271	0	0.00099272	0.00330907	0.0162144	0.00694904	0.00926539	0.00397088	0.00794176	0.00893448	0.00430179	0.00529451	0.0049636	0.00099272	0.0119126	0.00363997	0.00099272	0.000661813	0.00165453	0.000330907	0.00264725	0.000661813	0.000330907
c.2.1.2	0.141471	0.0711399	0.0759903	0.0105093	0.113177	0.0501213	0.0460792	0.0404204	0.0299111	0.0379951	0.0759903	0.0194018	0.0113177	0.0501213	0.0291027	0.0137429	0.0129345	0.0759903	0.0242522	0.025869	0.000808407	0.00161681	0.00323363	0.00565885	0	0.00404204	0	0	0.00404204	0.00242522	0.00242522	0.00242522	0.00161681	0.0105093	0.00323363	0.000808407	0	0.000808407	0	0.000808407	0	0
c.2.1.2	0.145275	0.0648801	0.0796897	0.0119887	0.12976	0.0444288	0.0557123	0.0338505	0.0133992	0.0133992	0.105078	0.00634697	0.0282087	0.0585331	0.0211566	0.0148096	0.0077574	0.0698166	0.0324401	0.00846262	0	0.00211566	0.00141044	0.0112835	0.00564175	0.00423131	0.00141044	0.00282087	0.00352609	0.00211566	0.000705219	0.00423131	0.00141044	0.0119887	0	0	0	0.000705219	0	0.00141044	0	0
c.2.1.2	0.17121	0.0610687	0.0796074	0.00763359	0.172301	0.0338059	0.0348964	0.0294438	0.0229008	0.0130862	0.0817884	0.00218103	0.0207197	0.0567067	0.0218103	0.0163577	0.0087241	0.0937841	0.0261723	0.00327154	0	0	0.00436205	0.0152672	0.00109051	0.00109051	0.00109051	0.00327154	0.00109051	0.00545256	0.00109051	0.00109051	0.00109051	0.00654308	0	0	0	0	0	0	0	0
c.2.1.2	0.110569	0.0735961	0.0795256	0.0163934	0.101849	0.0439484	0.0432508	0.0425532	0.0495291	0.0177886	0.0694105	0.00488315	0.0299965	0.0442972	0.0348797	0.0184862	0.0146495	0.0509243	0.0449948	0.0132543	0.000348797	0.00104639	0.00139519	0.0143007	0.00837112	0.00627834	0.000697593	0.00767353	0.00418556	0.00732473	0.0104639	0.00662714	0.00418556	0.00871992	0.00453436	0.00244158	0.00174398	0.000697593	0.000348797	0.00348797	0.000348797	0
c.2.1.2	0.114438	0.0693191	0.0775226	0.0147662	0.100082	0.035685	0.0360952	0.0430681	0.0307629	0.0192781	0.0709598	0.0184578	0.0270714	0.0693191	0.0360952	0.0176374	0.0229696	0.0586546	0.033224	0.0176374	0.000820345	0.00205086	0.00205086	0.011895	0.00615258	0.00410172	0.00246103	0.00574241	0.00410172	0.0123052	0.00656276	0.00533224	0.000820345	0.00779327	0.00656276	0.000410172	0.00123052	0.00246103	0.000820345	0.00328138	0	0
c.2.1.2	0.116048	0.0696286	0.0782493	0.0106101	0.0994695	0.0384615	0.0729443	0.0583554	0.0258621	0.0159151	0.129973	0.0139257	0.0119363	0.0397878	0.0218833	0.0139257	0.0192308	0.066313	0.030504	0.0179045	0.00331565	0.00132626	0.00397878	0.00729443	0.00066313	0.00397878	0.00464191	0.00132626	0.00397878	0.00198939	0.00397878	0.0066313	0	0.00331565	0	0	0	0.00066313	0	0.00198939	0	0
c.2.1.2	0.125538	0.0703013	0.0882353	0.00573888	0.123386	0.0315638	0.0530846	0.0337159	0.0394548	0.0236729	0.0997131	0.0186514	0.0208034	0.0373027	0.0351506	0.0208034	0.0193687	0.0810617	0.035868	0.00860832	0.00215208	0	0.00143472	0.00215208	0.00071736	0.00143472	0.00430416	0.0035868	0.00071736	0.00143472	0.00215208	0.00143472	0.00215208	0.00430416	0	0	0	0	0	0	0	0
c.2.1.2	0.149321	0.081448	0.0877828	0.0081448	0.141176	0.0298643	0.0325792	0.0307692	0.0443439	0.0316742	0.0751131	0.0144796	0.0180995	0.040724	0.0298643	0.0289593	0.0108597	0.0624434	0.038009	0.00995475	0	0.00180995	0.00180995	0.0108597	0.00271493	0.00271493	0	0	0.00180995	0.00271493	0.00271493	0	0.000904977	0.00271493	0.00271493	0	0	0	0.000904977	0	0	0
c.2.1.2	0.136207	0.0715517	0.0931034	0.00603448	0.131897	0.0275862	0.0612069	0.0258621	0.0318966	0.0146552	0.112931	0.00689655	0.0181034	0.0439655	0.0353448	0.025	0.0215517	0.0663793	0.037069	0.00775862	0.00258621	0.000862069	0.00172414	0.00344828	0.00258621	0.00172414	0.00172414	0.00258621	0.000862069	0	0.00172414	0.000862069	0.00172414	0.000862069	0.00172414	0	0	0	0	0	0	0
c.2.1.2	0.116482	0.0599884	0.075131	0.00815376	0.11357	0.0500874	0.039604	0.0331974	0.0291206	0.0174723	0.122306	0.00640652	0.0180547	0.0454281	0.0262085	0.0163075	0.0186372	0.075131	0.0541642	0.0168899	0.00174723	0	0.00465929	0.00815376	0.00640652	0.00174723	0.000582411	0.00349447	0.00116482	0.00465929	0.00232964	0.00873617	0.00174723	0.00582411	0.00465929	0	0.000582411	0.000582411	0	0.000582411	0	0
c.2.1.2	0.099944	0.0772676	0.0795073	0.0120381	0.0865062	0.0478723	0.043953	0.0386338	0.055991	0.0207167	0.0837066	0.0120381	0.0305151	0.0478723	0.0321948	0.0237962	0.0218365	0.0470325	0.0447928	0.0246361	0.00055991	0.00223964	0.00223964	0.00867861	0.0081187	0.00475924	0.0025196	0.00335946	0.00363942	0.00587906	0.0055991	0.00447928	0.00111982	0.00587906	0.00531915	0.00111982	0.000839866	0	0.00055991	0.00167973	0.00055991	0
c.2.1.2	0.120595	0.0712608	0.0845732	0.0109632	0.101801	0.0352388	0.0649961	0.0407204	0.0242756	0.0164448	0.0931872	0.0266249	0.0117463	0.036805	0.0328896	0.0289742	0.0195771	0.0610807	0.0360219	0.0117463	0.000783085	0	0.00391543	0.00939702	0.00313234	0.00391543	0.00939702	0.00626468	0.00469851	0.00234926	0.00391543	0.00469851	0.00391543	0.00783085	0.00234926	0	0.00234926	0.000783085	0	0.000783085	0	0
c.2.1.2	0.134391	0.0676127	0.090985	0.00500835	0.114357	0.0283806	0.042571	0.0267112	0.0267112	0.0217028	0.126043	0.0183639	0.0141903	0.0734558	0.0258765	0.0183639	0.0133556	0.0717863	0.0250417	0.0183639	0	0.00166945	0.0066778	0.0100167	0.00166945	0.00166945	0	0.000834725	0.00250417	0	0.00166945	0.00166945	0.00166945	0.00584307	0	0	0	0.000834725	0	0	0	0
c.2.1.2	0.0905861	0.103612	0.0639432	0.0148017	0.0846655	0.0686797	0.044405	0.026643	0.0284192	0.0130255	0.0704559	0.0130255	0.0165779	0.0586146	0.0497336	0.0130255	0.026643	0.0307874	0.0236827	0.0728242	0	0.000592066	0.0035524	0.0106572	0.00296033	0.00296033	0.0053286	0.000592066	0.0124334	0.00414446	0.0071048	0.0224985	0.00118413	0.0035524	0.000592066	0.00118413	0	0.00296033	0	0.00296033	0.000592066	0
c.2.1.2	0.151741	0.0721393	0.0970149	0.00746269	0.15796	0.0373134	0.0248756	0.039801	0.0136816	0.0199005	0.0858209	0.00373134	0.0248756	0.0522388	0.0373134	0.011194	0.0236318	0.0659204	0.0335821	0.00497512	0.00248756	0	0.00124378	0.00746269	0	0.00248756	0.00497512	0.00124378	0	0.00124378	0.00248756	0	0	0.011194	0	0	0	0	0	0	0	0
c.2.1.2	0.154023	0.0605364	0.0773946	0.0045977	0.137165	0.0429119	0.035249	0.0344828	0.0222222	0.0268199	0.117241	0.00613027	0.0153257	0.0613027	0.0252874	0.0137931	0.0122605	0.0766284	0.0421456	0.0045977	0.00153257	0.000766284	0.00383142	0.00766284	0.000766284	0.00153257	0.00153257	0.00383142	0.000766284	0.000766284	0.00153257	0.00153257	0	0.00383142	0	0	0	0	0	0	0	0
c.2.1.2	0.0891802	0.078643	0.0950912	0.0125932	0.0914932	0.0277564	0.0544847	0.0408635	0.0426626	0.0156772	0.07376	0.0236443	0.0514007	0.0472886	0.0426626	0.0272424	0.0380365	0.0364945	0.0292984	0.0218453	0.00128502	0.00359805	0.00154202	0.00565407	0.00359805	0.00077101	0.00539707	0.00642508	0.00488306	0.00719609	0.00257003	0.00257003	0.00154202	0.00719609	0.00257003	0.00128502	0	0.00154202	0	0	0.000257003	0
c.2.1.2	0.127558	0.0525239	0.0811733	0.00886767	0.115962	0.0436562	0.0293315	0.0306958	0.03206	0.0225102	0.0859482	0.0143247	0.0156889	0.0545703	0.0334243	0.0286494	0.0163711	0.0791269	0.0579809	0.00750341	0.00136426	0.000682128	0.00272851	0.0156889	0.00272851	0.00341064	0.0047749	0.00409277	0.000682128	0.000682128	0.00613915	0.00272851	0.00204638	0.0047749	0.00545703	0	0.00136426	0.00136426	0.000682128	0.000682128	0	0
c.2.1.2	0.125081	0.0654569	0.0874919	0.0110175	0.112119	0.036941	0.0544394	0.0285159	0.0233312	0.0123137	0.108231	0.0129618	0.0272197	0.0492547	0.0330525	0.0187946	0.0194426	0.0725859	0.036941	0.00777706	0.00129618	0.000648088	0.00583279	0.0110175	0	0.00129618	0.00324044	0.00259235	0.00194426	0.00648088	0.00388853	0.00259235	0.000648088	0.00648088	0.00648088	0.000648088	0	0.00129618	0.000648088	0	0	0
c.2.1.2	0.125434	0.0572254	0.0976879	0.0109827	0.0734104	0.0404624	0.049711	0.0248555	0.017341	0.0138728	0.109827	0.0104046	0.0294798	0.0248555	0.034104	0.0722543	0.0277457	0.065896	0.0369942	0.0115607	0.0017341	0.00346821	0.00231214	0.00924855	0.00346821	0.00346821	0.00346821	0.00346821	0.00289017	0.00115607	0.00751445	0.00346821	0.00924855	0.00867052	0.00115607	0	0	0	0	0.000578035	0.000578035	0
c.2.1.2	0.134942	0.0705987	0.0759607	0.0107239	0.131367	0.0321716	0.0437891	0.0366399	0.0187668	0.0241287	0.101877	0.0169794	0.0268097	0.054513	0.0339589	0.0125112	0.0142985	0.0670241	0.0294906	0.00983021	0.00357462	0	0.00536193	0.0116175	0.00268097	0.00357462	0.00178731	0.00625559	0.00178731	0.00268097	0.00178731	0	0.00178731	0.00446828	0.00268097	0.000893655	0.000893655	0	0	0.000893655	0.000893655	0
c.2.1.2	0.0986862	0.0763825	0.0886037	0.0131378	0.0711885	0.035747	0.0488848	0.0388023	0.0617171	0.020165	0.0901314	0.0137489	0.0302475	0.0464406	0.035747	0.0311641	0.0232203	0.0476627	0.0262756	0.0271922	0.00152765	0.00274977	0.00427742	0.0106936	0.00397189	0.00947143	0.00336083	0.00488848	0.00366636	0.00488848	0.00947143	0.00152765	0.00213871	0.00672166	0.00213871	0.00030553	0	0.00061106	0.00061106	0.00152765	0.00030553	0
c.2.1.2	0.150132	0.0649693	0.0913082	0.00965759	0.108867	0.0359965	0.0430202	0.0351185	0.0184372	0.0219491	0.116769	0.000877963	0.0254609	0.0430202	0.0193152	0.04741	0.022827	0.0517998	0.0395083	0.00965759	0.00175593	0	0.00614574	0.00614574	0.00263389	0.00351185	0.00175593	0.00438982	0.000877963	0.00263389	0.00263389	0.00175593	0.00351185	0.00438982	0	0	0	0	0	0.000877963	0.000877963	0
c.2.1.2	0.14077	0.065073	0.0843293	0.0106242	0.112882	0.0431607	0.0584329	0.0298805	0.0205843	0.0152722	0.0982736	0.00996016	0.0305445	0.0391766	0.0338645	0.0146082	0.0106242	0.0849934	0.0325365	0.0159363	0.00132802	0.00132802	0.00398406	0.00863214	0.00132802	0.00531208	0.00199203	0.00199203	0.00464807	0.00199203	0.00132802	0.00132802	0.00132802	0.00996016	0.00132802	0	0	0	0	0.000664011	0	0
c.2.1.2	0.106928	0.0600721	0.0857028	0.0136163	0.114537	0.0348418	0.0392471	0.040849	0.0448538	0.0172207	0.060873	0.00841009	0.0240288	0.0612735	0.040849	0.0276332	0.031638	0.0596716	0.0352423	0.0136163	0.000800961	0.000800961	0.0020024	0.0112135	0.00600721	0.0020024	0.00320384	0.00680817	0.00360433	0.0116139	0.00520625	0.00160192	0.00400481	0.00881057	0.00560673	0.000800961	0.000800961	0.0020024	0.00120144	0.000400481	0.000400481	0
c.2.1.2	0.125272	0.0666184	0.0876177	0.00868936	0.125272	0.0369298	0.0405503	0.051412	0.019551	0.025344	0.115858	0.00796524	0.0188269	0.057929	0.0275163	0.0115858	0.0289645	0.057929	0.0354815	0.013034	0.000724113	0.00362056	0.00506879	0.00289645	0.00144823	0.00217234	0	0.00724113	0	0.000724113	0.00144823	0.00362056	0.00506879	0.00144823	0.00217234	0	0	0	0	0	0	0
c.2.1.2	0.109133	0.0639631	0.0873722	0.0131883	0.104187	0.0412133	0.0501154	0.0445104	0.0507748	0.013518	0.0666007	0.00956149	0.0267062	0.0514342	0.0356083	0.0323112	0.0194527	0.0570392	0.0336301	0.0118694	0.00164853	0.00164853	0.00197824	0.016815	0.00461589	0.00395648	0.00230795	0.0049456	0.00197824	0.00725354	0.00857237	0.00329707	0.00164853	0.0105506	0.00296736	0.000329707	0	0.000329707	0	0.00263765	0	0.000329707
c.2.1.2	0.1382	0.0524451	0.0892984	0.00637845	0.116938	0.0382707	0.0389794	0.0333097	0.0240964	0.0212615	0.114812	0.0127569	0.0141743	0.075124	0.0290574	0.0184266	0.0170092	0.0715804	0.0411056	0.00496102	0	0.000708717	0.00496102	0.0106308	0.000708717	0.00283487	0.00354359	0.00283487	0.00212615	0.00141743	0.00212615	0.00212615	0	0.00708717	0	0	0	0	0	0.000708717	0	0
c.2.1.2	0.123355	0.0641447	0.0929276	0.00411184	0.0797697	0.03125	0.0509868	0.0254934	0.0230263	0.00657895	0.120066	0.0172697	0.0271382	0.0402961	0.0353618	0.0863487	0.0386513	0.0583882	0.0370066	0.00986842	0.00164474	0.00164474	0.00164474	0.00657895	0.00246711	0	0.00246711	0.000822368	0.000822368	0.00328947	0.00164474	0.00164474	0.00246711	0	0	0	0.000822368	0	0	0	0	0
c.2.1.2	0.157388	0.0728051	0.0749465	0.00856531	0.140257	0.0246253	0.0406852	0.0513919	0.0203426	0.0203426	0.0824411	0.0246253	0.0107066	0.0471092	0.0299786	0.0171306	0.0192719	0.0728051	0.0353319	0.00642398	0	0	0.00107066	0.00749465	0.00107066	0.00214133	0.00535332	0.00428266	0	0.00214133	0.00642398	0.00428266	0.00107066	0.00107066	0.00535332	0	0	0	0.00107066	0	0	0
c.2.1.2	0.121111	0.0516667	0.102222	0.0138889	0.0727778	0.035	0.0444444	0.0255556	0.0227778	0.01	0.125556	0.00666667	0.0266667	0.0416667	0.0422222	0.0555556	0.0411111	0.0583333	0.0288889	0.005	0.000555556	0.000555556	0.00444444	0.00611111	0.00166667	0.00166667	0.00722222	0.00388889	0.00388889	0.005	0.00166667	0.00222222	0.0116667	0.01	0.00277778	0.000555556	0.00222222	0.00277778	0	0	0	0
c.2.1.2	0.0981461	0.0730643	0.0839695	0.0130862	0.0861505	0.0384406	0.0471647	0.0305344	0.0670665	0.0226281	0.0858779	0.0185387	0.0231734	0.0471647	0.0354417	0.0215376	0.0160851	0.0493457	0.030807	0.0288986	0.000817884	0.00109051	0.00245365	0.00817884	0.00545256	0.0122683	0.00327154	0.00436205	0.00436205	0.00654308	0.0100872	0.00245365	0.0019084	0.00763359	0.00708833	0.000272628	0.000545256	0.000817884	0.000272628	0.00163577	0.00136314	0
c.2.1.2	0.14947	0.0549662	0.0761813	0.00771456	0.152363	0.0405014	0.0424301	0.0491803	0.0192864	0.00675024	0.0906461	0.00192864	0.0183221	0.045323	0.0385728	0.021215	0.0125362	0.0703954	0.0549662	0.00192864	0.00192864	0.00096432	0.00096432	0.0106075	0	0.00096432	0.00289296	0.00385728	0.00096432	0.0048216	0.00385728	0	0	0.00771456	0.00578592	0	0	0	0	0	0	0
c.2.1.2	0.0963474	0.0710383	0.0816796	0.012367	0.0802416	0.0342249	0.0526316	0.0388266	0.0583837	0.0336497	0.0730515	0.0218579	0.026172	0.0532068	0.0411274	0.0241588	0.0258844	0.0468795	0.0333621	0.0189819	0.000575209	0.00172563	0.00373886	0.010929	0.00575209	0.00891573	0.00402646	0.00402646	0.00460167	0.00517688	0.00834052	0.00345125	0.00172563	0.00834052	0.00172563	0.000287604	0	0.000575209	0	0.00172563	0.000287604	0
c.2.1.2	0.145639	0.0779001	0.084674	0.0143946	0.122777	0.0397968	0.0499577	0.0330229	0.0177815	0.0186283	0.0939881	0.00338696	0.0330229	0.0313294	0.0321761	0.0177815	0.00931414	0.0753599	0.0321761	0.0135478	0	0.00084674	0	0.0110076	0.00592718	0.00592718	0.00084674	0	0.00677392	0.0042337	0.00084674	0.0042337	0.00084674	0.00931414	0	0	0	0.00084674	0	0.00169348	0	0
c.2.1.2	0.130038	0.0486692	0.0935361	0.0114068	0.103422	0.0463878	0.0479087	0.0326996	0.0258555	0.0220532	0.126236	0.00988593	0.0129278	0.043346	0.0190114	0.0159696	0.0288973	0.0844106	0.0281369	0.00532319	0.000760456	0.000760456	0.00304183	0.0136882	0.00228137	0.00228137	0.00684411	0	0.00380228	0.00228137	0.0114068	0.00532319	0.00304183	0.00608365	0	0	0	0.000760456	0	0.00152091	0	0
c.2.1.2	0.122663	0.0545999	0.091997	0.00373972	0.146597	0.0224383	0.0314136	0.0284218	0.0351533	0.0119671	0.136126	0.0149589	0.0179506	0.0493642	0.0321616	0.0157068	0.0344054	0.0852655	0.0329095	0.00448766	0.00224383	0.000747943	0.00373972	0.00448766	0	0.000747943	0.00224383	0.00299177	0.000747943	0.00299177	0.00149589	0	0.00299177	0.00224383	0	0	0	0	0	0	0	0
c.2.1.2	0.118902	0.0615854	0.0859756	0.00609756	0.130488	0.029878	0.0384146	0.0396341	0.0280488	0.0207317	0.132317	0.0121951	0.0243902	0.0567073	0.0335366	0.0115854	0.029878	0.0713415	0.0353659	0.00731707	0.00182927	0.00121951	0.00365854	0.00182927	0.00121951	0.000609756	0.00182927	0.000609756	0.000609756	0	0.000609756	0.00121951	0.00487805	0.00243902	0.00243902	0	0	0.000609756	0	0	0	0
c.2.1.2	0.133654	0.0572115	0.0870192	0.0139423	0.166346	0.0254808	0.0389423	0.0389423	0.04375	0.0158654	0.0644231	0.00961538	0.0144231	0.0620192	0.0211538	0.0259615	0.0192308	0.0673077	0.025	0.00528846	0.000961538	0	0.00432692	0.0115385	0.000961538	0.00384615	0.00144231	0.00336538	0.000480769	0.00673077	0.0100962	0.00240385	0.00144231	0.00576923	0.00769231	0.000480769	0.000961538	0.000480769	0	0.000480769	0.000961538	0
c.2.1.2	0.133965	0.059991	0.0838972	0.0108254	0.139829	0.0351827	0.0360848	0.0433018	0.0356337	0.0117276	0.0631484	0.0090212	0.0216509	0.0460081	0.0234551	0.0428507	0.0243572	0.0780334	0.0315742	0.00766802	0	0.00090212	0.0045106	0.0108254	0.0022553	0.00360848	0.00090212	0.0022553	0.00270636	0.00631484	0.00721696	0.0022553	0.00045106	0.00766802	0.0067659	0.00135318	0.00045106	0	0	0.00135318	0	0
c.2.1.2	0.102919	0.0683118	0.0800481	0.0114354	0.0827565	0.0391213	0.0415287	0.0457418	0.0677099	0.0261812	0.0713211	0.00872705	0.0318989	0.0520614	0.0346073	0.027084	0.0228709	0.0559735	0.0364129	0.0204634	0.000300933	0.00150466	0.00361119	0.0114354	0.00631959	0.00872705	0.00361119	0.00391213	0.00391213	0.00541679	0.00662052	0.00120373	0.00150466	0.00692146	0.00331026	0.000300933	0	0.00120373	0.000902799	0.000902799	0.00120373	0
c.2.1.2	0.108036	0.0676892	0.0860287	0.0173391	0.112371	0.0406802	0.0310103	0.0356786	0.0416806	0.0160053	0.0760253	0.0113371	0.0290097	0.0430143	0.042014	0.0350117	0.0203401	0.0453484	0.0410137	0.0136712	0.00100033	0.00200067	0.00233411	0.00866956	0.00666889	0.00433478	0.00433478	0.00800267	0.00466822	0.00733578	0.00733578	0.00400133	0.00366789	0.00733578	0.00866956	0.000333444	0.00100033	0.000666889	0.00100033	0.00200067	0.00100033	0.000333444
c.2.1.2	0.101069	0.0636456	0.0720468	0.0165479	0.0977597	0.0328411	0.0376782	0.0470978	0.0565173	0.0147658	0.061609	0.0101833	0.0343686	0.0654277	0.0333503	0.0203666	0.0178208	0.0575356	0.037169	0.0173116	0.000254582	0.000254582	0.00178208	0.014002	0.00789206	0.00992872	0.00560081	0.00509165	0.00534623	0.00891039	0.0180754	0.00483707	0.00356415	0.00636456	0.00407332	0.00178208	0.000254582	0.000509165	0.000254582	0.00483707	0.00101833	0.000254582
c.2.1.2	0.10935	0.0744849	0.0782884	0.0161648	0.0903328	0.036767	0.0408875	0.0377179	0.051981	0.022504	0.0716323	0.0126783	0.0272583	0.0532488	0.0386688	0.0177496	0.0158479	0.0580032	0.0412044	0.0171157	0.000633914	0.000950872	0.00190174	0.0101426	0.00729002	0.0044374	0.00316957	0.00633914	0.00633914	0.0066561	0.00760697	0.00570523	0.00126783	0.00824089	0.00950872	0.00158479	0.00126783	0.000950872	0.000633914	0.00285261	0.000316957	0.000316957
c.2.1.2	0.129149	0.0649351	0.0916306	0.010101	0.0808081	0.0324675	0.049062	0.0324675	0.0324675	0.017316	0.125541	0.001443	0.033189	0.037518	0.0411255	0.0353535	0.031746	0.0483405	0.0519481	0.010101	0.0021645	0.000721501	0.00505051	0.001443	0.002886	0.001443	0.000721501	0.00865801	0.001443	0.002886	0.001443	0.0021645	0.00577201	0.002886	0.0021645	0.000721501	0.000721501	0	0	0	0	0
c.2.1.2	0.12432	0.0590521	0.0994561	0.00777001	0.0947941	0.00854701	0.0551671	0.042735	0.018648	0.01554	0.159285	0.010101	0.017094	0.048951	0.039627	0.03885	0.03885	0.0637141	0.020979	0.004662	0.000777001	0	0.003108	0	0	0.000777001	0.003885	0.010878	0.002331	0.000777001	0.000777001	0.000777001	0.001554	0.003885	0.000777001	0.000777001	0.000777001	0	0	0	0	0
c.2.1.2	0.148459	0.076564	0.0989729	0.0130719	0.131653	0.0261438	0.0345472	0.0354809	0.0298786	0.0168067	0.116713	0.00653595	0.0354809	0.0364146	0.0289449	0.015873	0.0233427	0.0494865	0.0270775	0.0121382	0.00186741	0.00186741	0	0.00840336	0.000933707	0.00373483	0	0.000933707	0.00373483	0	0.00373483	0.00280112	0	0.00746965	0	0	0	0.000933707	0	0	0	0
c.2.1.2	0.104074	0.0674993	0.0773119	0.0148677	0.097532	0.0440083	0.0392507	0.0454951	0.0535236	0.0112994	0.068094	0.00951531	0.0303301	0.049658	0.0321142	0.0246803	0.0169492	0.0559025	0.0392507	0.0220042	0.000297354	0.00118941	0.00208147	0.014273	0.00654178	0.0104074	0.00297354	0.0038656	0.00416295	0.00862325	0.0139756	0.00564972	0.00327089	0.00921796	0.0038656	0.00118941	0	0	0	0.00416295	0.000594707	0.000297354
c.2.1.2	0.13305	0.0636943	0.0856334	0.009908	0.115357	0.0424628	0.0516631	0.0417551	0.0233546	0.0155697	0.104034	0.004954	0.02477	0.0332626	0.044586	0.019816	0.019816	0.0629866	0.0410474	0.0113234	0.000707714	0.00212314	0.00566171	0.00707714	0.00141543	0.004954	0.00283086	0.00141543	0.00141543	0.000707714	0.004954	0.000707714	0.00353857	0.0106157	0.000707714	0.000707714	0	0	0	0.00141543	0	0
c.2.1.2	0.114638	0.0758377	0.0835979	0.0144621	0.0931217	0.0455026	0.0328042	0.0447972	0.0493827	0.0296296	0.0677249	0.0102293	0.0285714	0.0560847	0.0310406	0.0204586	0.0201058	0.0451499	0.0398589	0.0169312	0.00176367	0.00176367	0.00176367	0.010582	0.00599647	0.00529101	0.00141093	0.00705467	0.0042328	0.00740741	0.010582	0.00599647	0.0042328	0.00388007	0.00282187	0.000705467	0.000705467	0.000705467	0.000352734	0.00282187	0	0
c.2.1.2	0.13162	0.0693146	0.0739875	0.00934579	0.124611	0.0514019	0.0490654	0.038162	0.0327103	0.0249221	0.0716511	0.0288162	0.0140187	0.0218069	0.0202492	0.0257009	0.0132399	0.0771028	0.046729	0.0147975	0.000778816	0	0.00389408	0.0132399	0.00311526	0.00700935	0.00155763	0.00233645	0.00389408	0.000778816	0	0.00311526	0.00155763	0.0140187	0.00233645	0	0	0.000778816	0	0.00233645	0	0
c.2.1.2	0.119543	0.0785762	0.0873069	0.0107455	0.10141	0.0342512	0.0416387	0.0423103	0.0248489	0.0127602	0.124916	0.0080591	0.0255205	0.0483546	0.0402955	0.00940228	0.0396239	0.0570853	0.0409671	0.0080591	0	0.000671592	0.00537273	0.00470114	0.00268637	0.00268637	0.00402955	0.00335796	0.00604433	0.00335796	0.000671592	0	0.00134318	0.00537273	0.00134318	0	0	0.00134318	0.000671592	0.000671592	0	0
c.2.1.2	0.14459	0.0728008	0.0869565	0.00808898	0.129424	0.033367	0.0394338	0.0465116	0.0293225	0.00505561	0.152679	0.00101112	0.0182002	0.0343782	0.0293225	0.0202224	0.0202224	0.0606673	0.0262892	0.00707786	0.00101112	0	0.00404449	0.00404449	0.00202224	0	0.00202224	0.00303337	0	0	0.00606673	0.00404449	0.00303337	0	0.00303337	0	0.00101112	0	0	0	0.00101112	0
c.2.1.2	0.0950149	0.078824	0.0997017	0.0132084	0.089902	0.0421815	0.0668939	0.0387729	0.039199	0.017043	0.0664678	0.0144866	0.0289732	0.0575202	0.0434597	0.0221559	0.0311035	0.0319557	0.0276949	0.0195995	0.00127823	0.000426076	0.00127823	0.0102258	0.00255646	0.00213038	0.00298253	0.00766937	0.00255646	0.0136344	0.00340861	0.00724329	0.00340861	0.011078	0.0017043	0.000426076	0.000426076	0.00213038	0.000426076	0.000426076	0.000426076	0
c.2.1.2	0.1254	0.0703775	0.0825336	0.0121561	0.106846	0.0351887	0.0556622	0.0307102	0.0275112	0.0243122	0.0940499	0.0166347	0.0307102	0.0396673	0.0294306	0.0230326	0.0211132	0.0710173	0.0332694	0.0121561	0.00127959	0.00127959	0.00447857	0.00959693	0	0.00255918	0.00319898	0.00255918	0.00383877	0	0.00639795	0.00575816	0.00127959	0.0102367	0.00255918	0.00127959	0.000639795	0	0	0.000639795	0.000639795	0
c.2.1.2	0.140896	0.066474	0.0903179	0.00433526	0.135838	0.0296243	0.0520231	0.0317919	0.0238439	0.0151734	0.0859827	0.0195087	0.015896	0.0368497	0.0397399	0.0303468	0.0296243	0.0787572	0.0361272	0.00578035	0.00216763	0.000722543	0.00144509	0.00433526	0.00144509	0.00144509	0.00578035	0.00361272	0.00144509	0	0.00144509	0.00144509	0.000722543	0.00361272	0.00144509	0	0	0	0	0	0	0
c.2.1.2	0.112987	0.0701299	0.0967532	0.0116883	0.121429	0.0305195	0.0474026	0.0506494	0.0318182	0.0116883	0.101948	0.0136364	0.0246753	0.038961	0.0331169	0.0168831	0.0292208	0.0636364	0.0272727	0.0136364	0.000649351	0.0025974	0.00454545	0.00844156	0.000649351	0.00454545	0.00324675	0.0025974	0.00454545	0.0012987	0.00194805	0.00324675	0.00454545	0.00649351	0.0012987	0.000649351	0	0	0	0	0.000649351	0
c.2.1.2	0.10382	0.0696996	0.0787402	0.0154564	0.111403	0.0379119	0.0405366	0.0338291	0.0551181	0.0209974	0.0653252	0.0148731	0.0317877	0.0443278	0.0364538	0.0332458	0.0154564	0.0463692	0.0463692	0.0154564	0.000874891	0.00233304	0.00174978	0.0104987	0.00466608	0.00554097	0.00408282	0.00874891	0.00554097	0.00349956	0.00670749	0.00320793	0.00233304	0.00904054	0.00874891	0.00029163	0.00174978	0.00029163	0.00058326	0.000874891	0.00116652	0.00029163
c.2.1.2	0.149554	0.0602679	0.0803571	0.00744048	0.134673	0.0252976	0.03125	0.0297619	0.0379464	0.0193452	0.119792	0.0133929	0.016369	0.046875	0.0260417	0.0200893	0.016369	0.0863095	0.0364583	0.00892857	0	0	0.00223214	0.00669643	0.000744048	0.00744048	0.00520833	0.00223214	0.000744048	0.00372024	0.0014881	0	0	0.0014881	0.000744048	0	0	0	0	0.000744048	0	0
c.2.1.2	0.127261	0.0561447	0.0823456	0.0155958	0.107923	0.0305677	0.0467873	0.0311915	0.0299439	0.0374298	0.110418	0.0137243	0.0124766	0.0399251	0.0274485	0.0280724	0.0143481	0.0723643	0.0343107	0.0155958	0.00062383	0	0.00249532	0.00935745	0.00249532	0.00436681	0.00311915	0.00873362	0.00561447	0.00249532	0.00499064	0.00311915	0.00124766	0.0124766	0.00124766	0.00062383	0.00062383	0.00062383	0	0.00124766	0.00062383	0
c.2.1.2	0.126697	0.0561086	0.0828054	0.0122172	0.124434	0.0411765	0.0325792	0.0312217	0.0375566	0.0153846	0.0511312	0.0104072	0.0361991	0.0638009	0.0339367	0.0420814	0.0199095	0.0692308	0.040724	0.00859729	0	0.000904977	0.00271493	0.0122172	0.00723982	0.00316742	0.00226244	0.00361991	0.000904977	0.00542986	0.0122172	0.00226244	0.0040724	0.00316742	0.00180995	0	0	0	0	0.00180995	0	0
c.2.1.2	0.141991	0.0718615	0.0961039	0.0112554	0.114286	0.0320346	0.0458874	0.0268398	0.0311688	0.0207792	0.0926407	0.012987	0.0294372	0.038961	0.0320346	0.0225108	0.0225108	0.0727273	0.0268398	0.00952381	0.000865801	0	0.00519481	0.00952381	0.0025974	0.004329	0.0025974	0.00606061	0.0034632	0	0.0025974	0.0034632	0.000865801	0.00519481	0	0	0	0	0	0.000865801	0	0
c.2.1.2	0.152406	0.0819964	0.0944742	0.0115865	0.131907	0.0285205	0.0534759	0.0311943	0.0258467	0.0240642	0.0918004	0.0178253	0.0240642	0.0418895	0.0204991	0.026738	0.0142602	0.0650624	0.0222816	0.00891266	0	0	0.00356506	0.00445633	0.0026738	0.00178253	0.00178253	0.00356506	0.00534759	0	0.00356506	0.000891266	0.000891266	0.00178253	0	0	0.000891266	0	0	0	0	0
c.2.1.2	0.138032	0.0580029	0.0859031	0.0110132	0.0873715	0.0389134	0.0558003	0.0484581	0.020558	0.0146843	0.12188	0.00807636	0.0264317	0.0374449	0.0345081	0.0301028	0.0190896	0.0653451	0.0425844	0.00881057	0.000734214	0	0.00367107	0.00954479	0.00660793	0.00220264	0.000734214	0.000734214	0.00440529	0.000734214	0.00734214	0.00220264	0.00440529	0.00220264	0	0.000734214	0	0.000734214	0	0	0	0
c.2.1.2	0.130564	0.0697329	0.0808605	0.00964392	0.100148	0.041543	0.055638	0.0378338	0.0192878	0.0267062	0.110534	0.00445104	0.0304154	0.0385757	0.037092	0.0304154	0.0148368	0.0534125	0.0385757	0.0170623	0.00074184	0	0.0074184	0.0126113	0.00519288	0.0074184	0.00074184	0.00296736	0.0037092	0.00074184	0.00222552	0.00222552	0.00296736	0.00296736	0	0	0	0.00074184	0	0	0	0
c.2.1.2	0.106846	0.063278	0.0874827	0.0124481	0.0943983	0.0363071	0.0363071	0.0525588	0.0376902	0.0238589	0.0667358	0.0155602	0.0231674	0.0504841	0.0373444	0.033195	0.0276625	0.074343	0.0325035	0.00968188	0.00172891	0.000691563	0.00345781	0.0134855	0.00345781	0.0038036	0.00518672	0.00622407	0.00345781	0.00795297	0.00760719	0.00103734	0.00311203	0.0117566	0.000691563	0.00103734	0	0.00172891	0.000345781	0	0.00138313	0
c.2.1.2	0.129274	0.0650542	0.0959133	0.0133445	0.0950792	0.0442035	0.0650542	0.030859	0.0241868	0.0100083	0.108424	0.00500417	0.0208507	0.030859	0.059216	0.0350292	0.0191827	0.0450375	0.0391993	0.00917431	0.000834028	0.000834028	0.00417014	0.0133445	0.00250209	0.00417014	0.000834028	0.00166806	0.00500417	0.00250209	0.00166806	0.00500417	0.00417014	0.00500417	0.000834028	0.000834028	0	0.000834028	0.000834028	0	0	0
c.2.1.2	0.149554	0.0691964	0.0881696	0.0100446	0.135045	0.0379464	0.0368304	0.0256696	0.0256696	0.0145089	0.111607	0.00223214	0.0189732	0.0401786	0.0267857	0.0558036	0.0178571	0.0513393	0.0301339	0.00558036	0.00446429	0	0.00223214	0.00334821	0.00446429	0.00223214	0.00223214	0.00334821	0.00223214	0.00223214	0.00446429	0.00111607	0.0078125	0.00334821	0.00111607	0	0	0.00223214	0	0	0	0
c.2.1.2	0.124526	0.05689	0.0847029	0.00695322	0.137168	0.0366625	0.0613148	0.0259166	0.0366625	0.0208597	0.102402	0.0120101	0.0214918	0.0404551	0.034134	0.0183312	0.0214918	0.0733249	0.0322377	0.00505689	0.000632111	0.000632111	0.00126422	0.00695322	0.000632111	0.00126422	0.00821745	0.00379267	0.00316056	0.000632111	0.00379267	0.00126422	0.00252845	0.00948167	0.00126422	0	0.00126422	0	0	0.000632111	0	0
c.2.1.2	0.130031	0.0588235	0.0882353	0.00928793	0.130805	0.0270898	0.0425697	0.0356037	0.0178019	0.0147059	0.148607	0.00464396	0.0170279	0.0479876	0.0301858	0.0178019	0.0232198	0.0758514	0.0263158	0.00309598	0.000773994	0.000773994	0.00232198	0.00154799	0.00154799	0.000773994	0.00232198	0.00773994	0.00386997	0.00154799	0.00696594	0.000773994	0.00464396	0.00619195	0.00541796	0.000773994	0	0.000773994	0.00154799	0	0	0
c.2.1.2	0.122884	0.0752351	0.0965517	0.00626959	0.124765	0.0344828	0.0752351	0.0319749	0.0282132	0.0175549	0.0984326	0.00626959	0.0206897	0.0376176	0.0382445	0.0238245	0.0169279	0.0677116	0.0294671	0.0137931	0	0.00125392	0.00188088	0.00815047	0.00125392	0.0031348	0	0	0.00438871	0.00188088	0.00188088	0.00188088	0	0.00689655	0	0	0	0.000626959	0	0.000626959	0	0
c.2.1.2	0.113062	0.0751404	0.0740871	0.0136938	0.102528	0.051264	0.0333567	0.0530197	0.0389747	0.0242275	0.0793539	0.00702247	0.0214185	0.0498596	0.0308989	0.0182584	0.0172051	0.0505618	0.0354635	0.0224719	0.000351124	0.00175562	0.00140449	0.0143961	0.00772472	0.00772472	0.00175562	0.00772472	0.0073736	0.00632022	0.00772472	0.00491573	0.000702247	0.00772472	0.00491573	0.000702247	0.00140449	0.000351124	0.000702247	0.00245787	0	0
c.2.1.2	0.12007	0.0609049	0.0974478	0.00928074	0.0812065	0.0388631	0.0562645	0.0278422	0.0284223	0.00928074	0.118329	0.00638051	0.0185615	0.0359629	0.0591647	0.0551044	0.0307425	0.0527842	0.0313225	0.0087007	0.00174014	0.00290023	0.00406032	0.00464037	0.00232019	0	0.00522042	0.00174014	0.00638051	0.00406032	0.00174014	0.00232019	0.00464037	0.0087007	0.00116009	0	0	0.00174014	0	0	0	0
c.2.1.2	0.105945	0.0650947	0.08635	0.014281	0.106277	0.0322152	0.0308867	0.0451677	0.0647625	0.0169379	0.0767187	0.0176021	0.0298904	0.063102	0.0288941	0.0235802	0.022916	0.0511458	0.0215875	0.014281	0.000332116	0.000996347	0.00232481	0.0119562	0.00365327	0.0063102	0.00199269	0.00332116	0.00199269	0.00929924	0.0119562	0.00398539	0.00398539	0.00830289	0.00664231	0.00166058	0.000332116	0.000996347	0	0.00199269	0.000332116	0
c.2.1.2	0.118221	0.0578915	0.0956734	0.00609385	0.0944546	0.0255941	0.0572821	0.0359537	0.0353443	0.0231566	0.126752	0.0255941	0.0170628	0.0469226	0.0322974	0.0274223	0.0255941	0.0761731	0.0201097	0.0146252	0.00243754	0.00121877	0.00365631	0.00365631	0.00243754	0.00121877	0.00365631	0.00182815	0.00182815	0.000609385	0.00365631	0.000609385	0.00304692	0.00426569	0.00243754	0	0.000609385	0.000609385	0	0	0	0
c.2.1.2	0.132972	0.0583634	0.0758123	0.0102286	0.123947	0.0385078	0.0523466	0.0391095	0.0282792	0.0120337	0.0836342	0.0108303	0.0276775	0.0391095	0.0318893	0.0246691	0.0150421	0.078219	0.0589651	0.0078219	0.000601685	0	0.00180505	0.0102286	0.00361011	0	0.00240674	0.00421179	0.00300842	0.00120337	0.00541516	0.00240674	0	0.0078219	0.00541516	0	0.000601685	0	0	0.000601685	0.00120337	0
c.2.1.2	0.124756	0.0617284	0.0955166	0.00779727	0.105263	0.0279402	0.0396361	0.0311891	0.0350877	0.0259909	0.109812	0.0214425	0.0279402	0.0552307	0.0337882	0.0305393	0.0175439	0.0688759	0.0298895	0.0071475	0.00259909	0.000649773	0.00129955	0.00779727	0.00259909	0.00259909	0.00519818	0.00194932	0.00259909	0.000649773	0.00454841	0.00324886	0.00129955	0.00454841	0.000649773	0.000649773	0	0	0	0	0	0
c.2.1.2	0.115113	0.0655949	0.0906752	0.00900322	0.106109	0.0231511	0.0508039	0.0250804	0.0263666	0.0160772	0.108039	0.0353698	0.022508	0.0411576	0.0450161	0.022508	0.0508039	0.0501608	0.0257235	0.0109325	0	0.000643087	0.00385852	0.00836013	0.00192926	0.00321543	0.00450161	0.00192926	0.00192926	0.00450161	0.00385852	0.00257235	0.0135048	0.00385852	0.00257235	0	0.00192926	0	0	0.000643087	0	0
c.2.1.2	0.131206	0.0617021	0.0737589	0.00425532	0.112766	0.0411348	0.0368794	0.0539007	0.0304965	0.00992908	0.113475	0.00425532	0.0234043	0.0687943	0.0326241	0.0241135	0.0212766	0.0496454	0.0524823	0.0156028	0.00070922	0.00212766	0.00638298	0.00992908	0.00212766	0.00141844	0.00070922	0.00070922	0.00212766	0.00070922	0.00283688	0.00141844	0.00212766	0	0.00283688	0	0	0.00070922	0.00141844	0	0	0
c.2.1.2	0.126995	0.0659264	0.0777238	0.0104094	0.129771	0.0402498	0.0464955	0.0284525	0.0298404	0.0235947	0.0853574	0.019431	0.0242887	0.0312283	0.0291464	0.0235947	0.0173491	0.074254	0.0395559	0.0166551	0.00208189	0	0.00346981	0.0104094	0.00208189	0.00693963	0.00346981	0.00138793	0.00277585	0.000693963	0.00208189	0.00277585	0.000693963	0.0138793	0.00208189	0	0	0.00138793	0.00138793	0.00138793	0.000693963	0
c.2.1.2	0.13613	0.0654893	0.0890361	0.00809419	0.122149	0.0279617	0.0573951	0.0331126	0.0323767	0.0316409	0.10596	0.013245	0.0183959	0.049301	0.0213392	0.0139809	0.0125092	0.0787344	0.0323767	0.0125092	0.000735835	0	0.00588668	0.00441501	0	0.00220751	0.00220751	0.00367918	0.00220751	0.00220751	0.00367918	0.00220751	0.00147167	0.00441501	0.00294334	0	0	0	0	0	0	0
c.2.1.2	0.134172	0.0628931	0.0789658	0.00908456	0.133473	0.0356394	0.0419287	0.0363382	0.0230608	0.0160727	0.0999301	0.0153739	0.0160727	0.055905	0.0412299	0.0160727	0.0167715	0.0649895	0.0468204	0.00908456	0	0	0.00349406	0.00908456	0.00349406	0.00349406	0.00279525	0.00419287	0.00279525	0.00419287	0.00349406	0.000698812	0.00139762	0.00628931	0	0	0	0.000698812	0	0	0	0
c.2.1.2	0.114653	0.084108	0.0743692	0.0154936	0.0836653	0.0509075	0.0522355	0.0385126	0.0451527	0.0154936	0.0677291	0.023019	0.0278884	0.040726	0.0376273	0.0168216	0.00973882	0.0438247	0.0464807	0.0261178	0.000885347	0.00177069	0.00309872	0.0115095	0.00708278	0.00973882	0.00265604	0.00664011	0.00442674	0.00619743	0.00619743	0.00309872	0.00221337	0.00885347	0.00619743	0.000442674	0.000885347	0.000442674	0	0.00221337	0.000885347	0
c.2.1.2	0.135947	0.058382	0.0925771	0.00834028	0.126772	0.0333611	0.0525438	0.0275229	0.0175146	0.030859	0.108424	0.0166806	0.0108424	0.0433695	0.0233528	0.0266889	0.0208507	0.06005	0.0325271	0.0133445	0.000834028	0	0.00166806	0.0100083	0	0.00917431	0.00500417	0.00166806	0.00166806	0.00250209	0.00333611	0.0058382	0.00250209	0.0125104	0	0	0	0.000834028	0	0.00250209	0	0
c.2.1.2	0.146119	0.0675799	0.090411	0.00639269	0.110502	0.0347032	0.0502283	0.0429224	0.0292237	0.0210046	0.0922374	0.0127854	0.0237443	0.0292237	0.0292237	0.0292237	0.0200913	0.0712329	0.0520548	0.00639269	0	0.00182648	0.00273973	0.00730594	0.00273973	0.00365297	0.00182648	0.000913242	0.000913242	0.00182648	0.00182648	0.000913242	0.000913242	0.00639269	0	0	0	0	0	0.000913242	0	0
c.2.1.2	0.135638	0.0578457	0.0738032	0.00465426	0.118351	0.0698138	0.0378989	0.0505319	0.0132979	0.0119681	0.0904255	0.0099734	0.012633	0.0385638	0.049867	0.0239362	0.0325798	0.0611702	0.0545213	0.00598404	0.00199468	0.00132979	0.00797872	0.00731383	0.00265957	0.00199468	0.00265957	0.00199468	0.00332447	0.00265957	0.00199468	0.000664894	0.00265957	0.00199468	0.00465426	0	0	0	0	0.000664894	0	0
c.2.1.2	0.10377	0.0590591	0.0897564	0.0123457	0.114781	0.0286954	0.0323657	0.0397064	0.0567234	0.0173507	0.0757424	0.00734067	0.0256924	0.0857524	0.034034	0.013013	0.032032	0.0593927	0.026026	0.014014	0.000333667	0.001001	0.00333667	0.01001	0.00533867	0.00500501	0.002002	0.00333667	0.003003	0.011011	0.00433767	0.00333667	0.003003	0.00834168	0.00467134	0.001001	0.000667334	0.001001	0.000333667	0.000667334	0.000667334	0
c.2.1.2	0.128134	0.0633705	0.0835655	0.00417827	0.126741	0.0236769	0.045961	0.0417827	0.0306407	0.0250696	0.112117	0.0139276	0.0118384	0.0445682	0.0243733	0.0424791	0.0278552	0.0835655	0.0229805	0.0097493	0.000696379	0.000696379	0.00278552	0.00905292	0	0.00278552	0.00348189	0.00139276	0	0.00208914	0.00139276	0.000696379	0.00139276	0.00696379	0	0	0	0	0	0	0	0
c.2.1.2	0.0854178	0.0827568	0.0851517	0.0130389	0.0654604	0.0324641	0.0556147	0.0319319	0.0792975	0.0196913	0.0649282	0.0252794	0.0377861	0.0508249	0.0433741	0.0151676	0.0186269	0.0417775	0.0377861	0.0340607	0.00133049	0.00239489	0.00212879	0.00878127	0.00745077	0.00771687	0.00319319	0.00798297	0.00532198	0.00691857	0.00505588	0.00399148	0.00133049	0.00691857	0.00505588	0.000532198	0.000798297	0.000266099	0.000266099	0.0010644	0.000798297	0.000266099
c.2.1.2	0.130367	0.058548	0.0944575	0.00936768	0.113193	0.0241998	0.0601093	0.028103	0.0265418	0.0249805	0.127244	0.0257611	0.0179547	0.0413739	0.0320062	0.0179547	0.0140515	0.0757221	0.0288837	0.0117096	0.00156128	0.00156128	0.00312256	0.00702576	0.00234192	0.0039032	0.00078064	0	0.00234192	0.00234192	0.00078064	0.00078064	0.00156128	0.00702576	0	0	0	0	0	0.00234192	0	0
c.2.1.2	0.119944	0.0627615	0.0843794	0.00906555	0.128312	0.0264993	0.0662483	0.0341702	0.0216179	0.013947	0.1053	0.0132497	0.0216179	0.0460251	0.0334728	0.0146444	0.0251046	0.0801953	0.0285914	0.0097629	0.00209205	0.0013947	0.00627615	0.011855	0.00069735	0.0027894	0.0027894	0.0041841	0.00488145	0.0055788	0	0.00069735	0	0.0069735	0.0027894	0	0	0.0013947	0	0.00069735	0	0
c.2.1.2	0.0964467	0.0580936	0.0998308	0.00451213	0.106035	0.034405	0.0445572	0.0338409	0.034405	0.0219966	0.102087	0.0203046	0.0282008	0.0479413	0.0445572	0.0174845	0.0603497	0.0518895	0.0411732	0.00958827	0.00112803	0.000564016	0.00846024	0.000564016	0.00282008	0.000564016	0.0101523	0.00112803	0.00169205	0.00112803	0.00507614	0.00225606	0.00282008	0.000564016	0.00282008	0	0.000564016	0	0	0	0	0
c.2.1.2	0.122634	0.0493827	0.107819	0.00493827	0.0806584	0.0246914	0.037037	0.0213992	0.0444444	0.00740741	0.100412	0.0139918	0.0452675	0.0378601	0.0386831	0.0748971	0.0633745	0.0510288	0.036214	0.00493827	0.000823045	0.00576132	0.000823045	0.00246914	0	0.00164609	0.00246914	0.00246914	0	0.00493827	0.00164609	0.000823045	0.00411523	0.00493827	0	0	0	0	0	0	0	0
c.2.1.2	0.133733	0.0618762	0.0858283	0.011976	0.124418	0.0452428	0.0432468	0.0432468	0.0279441	0.0272788	0.0858283	0.00998004	0.0206254	0.0412508	0.0272788	0.0246174	0.0172987	0.0558882	0.0372588	0.00798403	0.00199601	0.00133067	0.00199601	0.0166334	0.00465735	0.00532269	0.000665336	0.00532269	0.00133067	0.00465735	0.00133067	0.00199601	0.00266134	0.0133067	0.00133067	0	0	0.000665336	0	0.00199601	0	0
c.2.1.2	0.140441	0.0632353	0.0691176	0.0102941	0.121324	0.0558824	0.0470588	0.0419118	0.0294118	0.0257353	0.0727941	0.00808824	0.0198529	0.0455882	0.0279412	0.00882353	0.0132353	0.0919118	0.0330882	0.0147059	0.00147059	0.00220588	0.00661765	0.00955882	0.000735294	0.00441176	0.000735294	0.00294118	0.00441176	0.00220588	0.00367647	0.00147059	0	0.0132353	0.00294118	0.000735294	0	0.00147059	0	0.000735294	0	0
c.2.1.2	0.103089	0.0558243	0.0748046	0.00930406	0.080387	0.0420543	0.0565687	0.0353554	0.0323781	0.0130257	0.116115	0.0100484	0.0286565	0.0472646	0.0308895	0.0502419	0.0368441	0.0532192	0.0416822	0.00818757	0.00186081	0.00111649	0.00260514	0.00930406	0.00334946	0.00446595	0.0104205	0.00446595	0.00334946	0.00409378	0.0059546	0.00409378	0.00632676	0.00483811	0.00372162	0	0.00148865	0.00186081	0.000372162	0.000372162	0	0
c.2.1.2	0.105444	0.069341	0.0830946	0.0108883	0.0974212	0.0355301	0.0504298	0.0361032	0.0297994	0.0154728	0.115186	0.0103152	0.017192	0.0441261	0.0424069	0.017192	0.0355301	0.0538682	0.034384	0.0212034	0.0017192	0	0.0034384	0.0103152	0.0034384	0.00744986	0.00974212	0.00114613	0.00687679	0.00114613	0.0034384	0.00286533	0.00687679	0.0108883	0.00286533	0	0	0.00114613	0	0.0017192	0	0
c.2.1.2	0.137662	0.0519481	0.0813853	0.00692641	0.143723	0.0225108	0.0311688	0.0380952	0.0363636	0.0147186	0.141126	0.00779221	0.0112554	0.0588745	0.017316	0.0147186	0.0164502	0.0822511	0.0380952	0.00692641	0.000865801	0	0.00606061	0.00952381	0	0.0034632	0.0017316	0.0034632	0.000865801	0	0.00519481	0.000865801	0.000865801	0.00519481	0.0017316	0	0	0	0	0	0.000865801	0
c.2.1.2	0.103552	0.0770385	0.0850425	0.0090045	0.0990495	0.0555278	0.046023	0.050025	0.0235118	0.0135068	0.096048	0.00850425	0.052026	0.0505253	0.048024	0.0135068	0.0310155	0.0490245	0.0225113	0.0225113	0.00050025	0.00250125	0.002001	0.006003	0.0010005	0.00250125	0.00550275	0.0010005	0.00350175	0.00350175	0.004002	0.004002	0.00250125	0.004002	0.00050025	0	0	0.00050025	0	0.00050025	0	0
c.2.1.2	0.13625	0.068125	0.074375	0.0125	0.12125	0.0475	0.0675	0.039375	0.014375	0.015625	0.095625	0.005625	0.026875	0.046875	0.03125	0.01625	0.006875	0.06875	0.035	0.011875	0	0.001875	0.00125	0.011875	0.00625	0.00375	0.001875	0.0025	0.00375	0.001875	0.000625	0.00375	0.001875	0.011875	0.001875	0	0.000625	0.000625	0	0.001875	0	0
c.2.1.2	0.152135	0.0756228	0.0845196	0.0044484	0.131673	0.0338078	0.0480427	0.0418149	0.0169039	0.0204626	0.104982	0.0044484	0.0258007	0.0382562	0.0338078	0.0151246	0.0160142	0.0934164	0.0293594	0.00711744	0	0.00088968	0.00177936	0.00533808	0	0.00177936	0	0	0.00088968	0.0044484	0.00177936	0.00088968	0	0.0044484	0	0	0	0	0	0	0	0
c.2.1.3	0.0716612	0.104235	0.166124	0.00325733	0.0521173	0.0228013	0.0586319	0.029316	0.0358306	0.00325733	0.0618893	0	0.0521173	0.00977199	0.110749	0.0586319	0.0977199	0	0.0260586	0.0228013	0	0	0	0	0	0	0	0	0	0	0	0.00325733	0.00977199	0	0	0	0	0	0	0	0	0
c.2.1.3	0.0658683	0.122754	0.170659	0.011976	0.0538922	0.0269461	0.0329341	0.0299401	0.0149701	0.00299401	0.0688623	0	0.0598802	0.00898204	0.110778	0.0419162	0.0838323	0	0.0299401	0.0179641	0	0	0	0	0	0	0	0	0.00598802	0	0	0.00299401	0.0359281	0	0	0	0	0	0	0	0	0
c.2.1.3	0.110345	0.0672414	0.0982759	0.0112069	0.0327586	0.0844828	0.0241379	0.0439655	0.0189655	0.00517241	0.133621	0.00689655	0.0310345	0.0431034	0.0336207	0.0758621	0.0586207	0.0267241	0.0189655	0.0137931	0	0.00172414	0.00689655	0.0112069	0.00258621	0.000862069	0.00775862	0.00517241	0.000862069	0	0.00344828	0.00172414	0.0137931	0.00172414	0	0	0	0.00258621	0	0	0.000862069	0
c.2.1.3	0.13253	0.0883534	0.168675	0.0120482	0.0200803	0.0120482	0.0481928	0.0120482	0.0281124	0.00401606	0.0361446	0.00401606	0.0120482	0	0.0963855	0.204819	0.0200803	0.0522088	0.00401606	0.0120482	0	0	0	0	0	0.00401606	0	0	0	0	0.0120482	0	0.0160643	0	0	0	0	0	0	0	0	0
c.2.1.3	0.106494	0.0805195	0.168831	0.00779221	0.0155844	0.0311688	0.0623377	0.0285714	0.0493506	0	0.025974	0.0025974	0.0337662	0.0233766	0.0467532	0.197403	0.0337662	0.0415584	0	0.0025974	0	0	0	0	0	0	0	0	0	0.00779221	0.0103896	0	0.0155844	0	0.00519481	0	0.0025974	0	0	0	0	0
c.2.1.3	0.0582524	0.126214	0.262136	0	0	0	0.038835	0	0.0485437	0	0.0194175	0	0.0485437	0.0776699	0.15534	0	0.135922	0	0.00970874	0.0194175	0	0	0	0	0	0	0	0	0	0	0	0	0	0	0	0	0	0	0	0	0	0
c.2.1.3	0.0294118	0.0947712	0.281046	0.00326797	0.00653595	0.00326797	0.0653595	0	0.0522876	0	0.0261438	0.00653595	0.0228758	0.0130719	0.140523	0.0392157	0.186275	0.00326797	0	0.00326797	0	0.00980392	0	0	0	0	0.00326797	0	0	0	0.00326797	0	0.00653595	0	0	0	0	0	0	0	0	0
c.2.1.3	0.017341	0.144509	0.242775	0	0	0	0.109827	0.00578035	0.0520231	0	0.00578035	0	0.0635838	0	0.219653	0.017341	0.0924855	0	0	0.017341	0	0.0115607	0	0	0	0	0	0	0	0	0	0	0	0	0	0	0	0	0	0	0	0
c.2.1.3	0.118919	0.0864865	0.175676	0.00810811	0.027027	0.0189189	0.0675676	0.0324324	0.0351351	0	0.0513514	0.0027027	0.0135135	0.0162162	0.0405405	0.167568	0.0621622	0.0216216	0.00540541	0.0108108	0	0	0	0	0	0	0	0	0.0027027	0.0108108	0.00810811	0	0.0135135	0	0	0	0.0027027	0	0	0	0	0
c.2.1.3	0.119347	0.0577889	0.138191	0.00376884	0.0741206	0.0263819	0.0464824	0.0125628	0.0125628	0.00251256	0.13191	0.00251256	0.0464824	0.0665829	0.0628141	0.0628141	0.0502513	0.0226131	0.0364322	0.00628141	0	0.00125628	0.00502513	0.00376884	0	0	0	0	0.00125628	0	0.00251256	0	0.00251256	0	0.00125628	0	0	0	0	0	0	0
c.2.1.3	0.0915493	0.102113	0.221831	0.0176056	0.028169	0.00704225	0.0669014	0	0.00704225	0.00352113	0.0598592	0.00352113	0.00704225	0.0598592	0.183099	0.0352113	0.0352113	0	0.0105634	0	0	0	0	0	0.0140845	0.00352113	0	0	0	0	0	0	0.0316901	0	0.0105634	0	0	0	0	0	0	0
c.2.1.3	0.111349	0.0728051	0.14561	0.00428266	0.0256959	0.0342612	0.0299786	0.0342612	0.0342612	0.00214133	0.0642398	0.00214133	0.0214133	0.0321199	0.0706638	0.169165	0.0578158	0.0278373	0.0171306	0.00642398	0	0	0	0	0	0	0	0	0	0	0.0107066	0	0.0171306	0	0.00856531	0	0	0	0	0	0	0
c.2.1.3	0.0979532	0.0701754	0.133041	0.00438596	0.0263158	0.0570175	0.0321637	0.0350877	0.0438596	0.00292398	0.0570175	0.00292398	0.0526316	0.0380117	0.0482456	0.144737	0.0423977	0.0438596	0.0263158	0.0102339	0	0	0.00438596	0	0	0	0.00146199	0.00146199	0	0.00584795	0.00730994	0	0.00730994	0	0.00146199	0	0.00146199	0	0	0	0	0
c.2.1.3	0.0241935	0.153226	0.274194	0.00806452	0	0	0.0806452	0	0.0645161	0	0.016129	0	0.0645161	0.016129	0.145161	0	0.112903	0	0	0.00806452	0	0	0	0	0	0	0	0	0	0.0322581	0	0	0	0	0	0	0	0	0	0	0	0
c.2.1.3	0.0956175	0.0756972	0.126162	0.00398406	0.0212483	0.0531208	0.0371846	0.0411687	0.0345286	0.00398406	0.0517928	0.00265604	0.0424967	0.0398406	0.0849934	0.139442	0.0544489	0.0438247	0.0146082	0.0132802	0	0.00132802	0.00398406	0	0	0	0.00132802	0	0.00132802	0	0.00796813	0	0.00398406	0	0	0	0	0	0	0	0	0
c.2.1.3	0.0243902	0.10453	0.261324	0.0139373	0	0	0.0766551	0.0139373	0.0348432	0	0.010453	0.0278746	0.0940767	0.00696864	0.170732	0.010453	0.0940767	0	0	0.0174216	0	0.00348432	0	0	0	0	0.00696864	0	0.0139373	0.010453	0	0	0.00348432	0	0	0	0	0	0	0	0	0
c.2.1.3	0.133152	0.0788043	0.133152	0.00815217	0.100543	0.013587	0.048913	0.0163043	0.0217391	0.00543478	0.125	0.00271739	0.0353261	0.0353261	0.0896739	0.0298913	0.0434783	0.013587	0.0380435	0.00543478	0	0.00543478	0	0	0	0.00271739	0	0.00543478	0	0	0	0	0.00543478	0	0	0	0	0	0	0	0.00271739	0
c.2.1.3	0.117895	0.0505263	0.136842	0.00842105	0.0968421	0.00210526	0.0378947	0.0273684	0.0294737	0.00421053	0.117895	0	0.0294737	0.0484211	0.0842105	0.0505263	0.0715789	0.00842105	0.0336842	0.00631579	0	0.00210526	0.00210526	0	0	0	0.00421053	0	0.00210526	0.0147368	0	0.00210526	0.00842105	0	0.00210526	0	0	0	0	0	0	0
c.2.1.3	0.103011	0.0713154	0.150555	0.00475436	0.0348653	0.0158479	0.0522979	0.0364501	0.0237718	0	0.0808241	0.00158479	0.0126783	0.0522979	0.088748	0.128368	0.0538827	0.0253566	0.0174326	0.00792393	0	0.00158479	0.00158479	0	0.00158479	0	0	0	0	0.00475436	0.00633914	0	0.0126783	0.00316957	0.00633914	0	0	0	0	0	0	0
c.2.1.3	0.097352	0.0521807	0.136293	0.0116822	0.0163551	0.0303738	0.0334891	0.021028	0.0194704	0.00778816	0.124611	0.00623053	0.0366044	0.0841121	0.0451713	0.0700935	0.0638629	0.0529595	0.0132399	0.00389408	0	0.00233645	0.0046729	0.00623053	0.00155763	0.00155763	0.00623053	0.00545171	0.00155763	0.0116822	0.0046729	0.000778816	0.0132399	0.00700935	0.00155763	0.000778816	0	0.00233645	0	0.00155763	0	0
c.2.1.3	0.123853	0.0688073	0.126147	0.00458716	0.0963303	0.016055	0.0550459	0.0114679	0.0229358	0.00917431	0.116972	0.00458716	0.0206422	0.0366972	0.0917431	0.0619266	0.0550459	0.0114679	0.0412844	0.00458716	0	0.00688073	0	0	0	0.00458716	0	0.00458716	0	0	0	0	0.00458716	0	0	0	0	0	0	0	0	0
c.2.1.3	0.0566802	0.0890688	0.267206	0.00809717	0.00809717	0.00809717	0.0445344	0	0.0526316	0	0.0404858	0.00404858	0.0607287	0.0121457	0.1417	0.0607287	0.0931174	0	0.0121457	0.00404858	0	0.00404858	0	0	0	0	0.0161943	0	0	0	0	0.00404858	0.0121457	0	0	0	0	0	0	0	0	0
c.2.1.3	0.0921053	0.0833333	0.223684	0.00877193	0	0.0307018	0.0263158	0	0.0175439	0	0.0789474	0	0.0263158	0.0131579	0.153509	0.105263	0.0570175	0.00877193	0.0394737	0.00877193	0	0.00877193	0	0	0	0	0	0	0	0.00877193	0.00877193	0	0	0	0	0	0	0	0	0	0	0
c.2.1.3	0.132678	0.0712531	0.144963	0.00982801	0.039312	0.017199	0.041769	0.014742	0.041769	0.002457	0.0933661	0.002457	0.022113	0.036855	0.0515971	0.117936	0.029484	0.036855	0.027027	0.00737101	0	0	0	0	0	0.002457	0	0	0	0.00737101	0.014742	0	0.019656	0	0.012285	0	0.002457	0	0	0	0	0
c.2.1.3	0.095941	0.0701107	0.236162	0.0147601	0.0295203	0.0110701	0.0258303	0.0147601	0.00738007	0	0.0664207	0	0.0369004	0.0738007	0.107011	0.0332103	0.095941	0	0.0184502	0	0	0	0.00369004	0	0.00369004	0	0.00369004	0	0	0.0147601	0	0	0.0295203	0	0.00738007	0	0	0	0	0	0	0
c.2.1.3	0.138122	0.0773481	0.110497	0.00552486	0.107735	0.0220994	0.0497238	0.0276243	0.019337	0.0110497	0.0994475	0.00276243	0.0248619	0.0524862	0.0662983	0.0662983	0.0331492	0.0165746	0.0359116	0.00276243	0	0.00828729	0.00552486	0	0	0.00552486	0	0.00552486	0	0	0	0	0.00552486	0	0	0	0	0	0	0	0	0
c.2.1.3	0.015544	0.108808	0.284974	0.015544	0	0	0.0310881	0.0103627	0.0518135	0	0	0	0.0518135	0	0.243523	0.0259067	0.108808	0	0	0.0259067	0	0	0	0	0	0	0	0	0	0.00518135	0	0	0.0207254	0	0	0	0	0	0	0	0	0
c.2.1.3	0.0930408	0.0476551	0.139939	0.0136157	0.0310136	0.0234493	0.0347958	0.0121029	0.0189107	0.0121029	0.0983359	0.00605144	0.0612708	0.0718608	0.0559758	0.0438729	0.0869894	0.0370651	0.02118	0.00453858	0	0.00378215	0.00075643	0.00907716	0.00151286	0.00075643	0.0075643	0.00832073	0.00226929	0.015885	0.00378215	0.00226929	0.0196672	0.00605144	0	0	0.00075643	0.00151286	0	0.00151286	0	0.00075643
c.2.1.3	0.0983982	0.0778032	0.160183	0.0114416	0.0183066	0.0411899	0.0594966	0.0251716	0.0594966	0.00228833	0.0297483	0.00228833	0.0480549	0.0183066	0.0526316	0.15103	0.0411899	0.0389016	0.00457666	0.00457666	0	0	0	0	0	0	0	0	0.00228833	0	0.0228833	0.00228833	0.020595	0	0.00686499	0	0	0	0	0	0	0
c.2.1.3	0.0789474	0.0714286	0.25188	0.0112782	0	0	0.0526316	0	0.0413534	0.0037594	0.0037594	0.0037594	0.0413534	0	0.109023	0.0977444	0.101504	0.0639098	0.0225564	0.0075188	0	0	0	0	0	0.0037594	0	0	0.0037594	0	0.0150376	0	0.0150376	0	0	0	0	0	0	0	0	0
c.2.1.3	0.0809289	0.0605208	0.13019	0.00914849	0.0070373	0.0408163	0.0513723	0.0161858	0.0330753	0.00492611	0.114708	0.0070373	0.0485574	0.0626319	0.0534835	0.0767065	0.0682618	0.0534835	0.018297	0.00492611	0	0.00281492	0.00422238	0.00633357	0.00281492	0.00140746	0.00281492	0.00211119	0.00351865	0.0070373	0.00281492	0.00422238	0.00774103	0.00492611	0	0	0	0.00281492	0	0.00140746	0.00070373	0
c.2.1.3	0.0456853	0.0964467	0.269036	0.00507614	0	0.00507614	0.0761421	0.00507614	0.0203046	0	0.0101523	0	0.0507614	0.00507614	0.162437	0.0659898	0.126904	0.00507614	0	0.0152284	0	0.0101523	0.00507614	0	0	0	0.00507614	0.00507614	0	0	0	0	0.0101523	0	0	0	0	0	0	0	0	0
c.2.1.3	0.0923077	0.112821	0.174359	0.0102564	0.0358974	0.0102564	0.0358974	0.00512821	0.025641	0	0.0512821	0	0.0923077	0.0461538	0.164103	0.0358974	0.0358974	0.00512821	0.0410256	0.00512821	0	0	0	0	0	0.00512821	0	0	0.00512821	0	0.00512821	0	0.00512821	0	0	0	0	0	0	0	0	0
c.2.1.3	0.049505	0.0841584	0.272277	0	0.029703	0.0346535	0.0544554	0.0049505	0.049505	0	0.0792079	0	0.029703	0.029703	0.158416	0	0.0940594	0	0.0148515	0.0049505	0	0.00990099	0	0	0	0	0	0	0	0	0	0	0	0	0	0	0	0	0	0	0	0
c.2.1.3	0.0625	0.121094	0.234375	0.00390625	0	0.0078125	0.078125	0.015625	0.015625	0.00390625	0.015625	0.00390625	0.0664062	0.0585938	0.144531	0.0546875	0.0507812	0.0078125	0.0195312	0.0117188	0	0.00390625	0.00390625	0	0	0.00390625	0	0	0	0	0.00390625	0	0.0078125	0	0	0	0	0	0	0	0	0
c.2.1.3	0.120853	0.0592417	0.175355	0.00947867	0.0450237	0.0331754	0.049763	0.00947867	0.0236967	0	0.0592417	0.00236967	0.021327	0.0331754	0.042654	0.158768	0.0616114	0.0308057	0.007109	0.00473934	0	0	0	0	0	0	0	0	0.00236967	0	0.0165877	0	0.0236967	0	0.00947867	0	0	0	0	0	0	0
c.2.1.3	0.0643939	0.132576	0.215909	0	0	0	0.128788	0	0.030303	0	0.0189394	0	0.0189394	0	0.151515	0.113636	0.0757576	0	0.0227273	0.0151515	0	0.0113636	0	0	0	0	0	0	0	0	0	0	0	0	0	0	0	0	0	0	0	0
c.2.1.3	0.0766423	0.0948905	0.182482	0.0109489	0.0583942	0.0328467	0.0693431	0.0182482	0.040146	0	0.080292	0	0.0218978	0.0109489	0.0729927	0.0693431	0.120438	0	0.0182482	0.00364964	0	0	0	0	0	0	0	0	0.00364964	0	0	0.00364964	0.0109489	0	0	0	0	0	0	0	0	0
c.2.1.3	0.0796915	0.0874036	0.18509	0.00771208	0.0154242	0.0231362	0.0205656	0.0385604	0.0205656	0.00514139	0.0257069	0.0128535	0.066838	0.0154242	0.118252	0.0976864	0.0874036	0.00257069	0.0205656	0.0128535	0	0.00257069	0.00771208	0	0	0	0.00257069	0.00771208	0	0.0128535	0	0	0.0205656	0	0	0	0	0.00257069	0	0	0	0
c.2.1.3	0.0913706	0.0888325	0.175127	0.00761421	0.0329949	0.0177665	0.0583756	0.00507614	0.0380711	0	0.0634518	0	0.0507614	0.0304569	0.106599	0.0837563	0.0406091	0.0329949	0.0304569	0.0177665	0	0	0	0	0	0	0	0	0.00253807	0.0101523	0.0101523	0	0.00507614	0	0	0	0	0	0	0	0	0
c.2.1.3	0.09375	0.0989583	0.234375	0.0104167	0.0416667	0	0.046875	0	0.0104167	0.00520833	0.0364583	0.00520833	0.015625	0.0520833	0.140625	0.0729167	0.0572917	0.0104167	0.015625	0.00520833	0	0	0	0	0	0.00520833	0	0	0	0	0.00520833	0	0.0260417	0	0.0104167	0	0	0	0	0	0	0
c.2.1.3	0.0620438	0.0912409	0.222628	0.00729927	0.0364964	0	0.0255474	0	0.0474453	0.00364964	0.0437956	0.00729927	0.0255474	0.0182482	0.167883	0.0547445	0.116788	0.00364964	0.0255474	0.0145985	0	0.00729927	0	0	0	0.00364964	0	0.00364964	0	0	0	0	0.0109489	0	0	0	0	0	0	0	0	0
c.2.1.3	0.133641	0.0599078	0.112135	0.0168971	0.107527	0.0353303	0.030722	0.0430108	0.0138249	0.00614439	0.145929	0	0.0414747	0.0199693	0.0506912	0.0168971	0.0322581	0.0291859	0.0399386	0.00768049	0	0.0030722	0.00460829	0	0.00460829	0	0.00768049	0	0.00460829	0.00614439	0.0015361	0.0015361	0.00768049	0.0015361	0.00921659	0	0.0015361	0.0030722	0	0	0	0
c.2.1.3	0.0634921	0.119048	0.246032	0.00793651	0	0	0.0674603	0	0.031746	0.00793651	0.00793651	0.00396825	0.0238095	0.00396825	0.146825	0.146825	0.0793651	0.0119048	0	0.0119048	0	0.00396825	0	0	0	0	0	0	0.00396825	0	0.00793651	0	0.00396825	0	0	0	0	0	0	0	0	0
c.2.1.3	0.133333	0.07	0.17	0.01	0.04	0.0133333	0.0333333	0.0166667	0.04	0.00333333	0.0566667	0.00333333	0.0233333	0.0133333	0.0433333	0.183333	0.0533333	0.0266667	0.00666667	0.00333333	0	0	0	0	0	0	0	0	0	0.0133333	0.01	0	0.0233333	0	0.00666667	0	0.00333333	0	0	0	0	0
c.2.1.5	0.143713	0.0479042	0.125749	0.00998004	0.0578842	0.0219561	0.0379242	0.0299401	0.00598802	0.00199601	0.115768	0.00199601	0.0379242	0.0279441	0.0499002	0.103792	0.0578842	0.0319361	0.0239521	0.00199601	0	0.00199601	0.00199601	0	0	0	0.00798403	0.00399202	0.00399202	0	0	0.00199601	0.0279441	0.011976	0	0	0	0.00199601	0	0	0	0
c.2.1.5	0.143885	0.0513875	0.0955807	0.00308325	0.057554	0.024666	0.0380267	0.0606372	0.0143885	0.00308325	0.133607	0	0.020555	0.065776	0.024666	0.113052	0.032888	0.0421377	0.0400822	0.0061665	0	0.00308325	0.00513875	0	0.0020555	0	0.0020555	0	0	0.00308325	0.00102775	0.00102775	0.004111	0.00719424	0	0	0	0	0	0	0	0
c.2.1.5	0.120249	0.0642709	0.0843124	0.00691085	0.0677263	0.0234969	0.0400829	0.0290256	0.0214236	0.040774	0.105045	0.00207326	0.0228058	0.040774	0.0628887	0.0829302	0.0262612	0.0545957	0.0442294	0.0152039	0.000691085	0.00207326	0.00276434	0	0.000691085	0.0048376	0.00138217	0.00345543	0.00345543	0.00207326	0.00345543	0.000691085	0.0048376	0.00414651	0.00829302	0	0	0.000691085	0	0	0.00138217	0
c.2.1.5	0.132353	0.0588235	0.108824	0.00588235	0.0529412	0.0441176	0.025	0.0382353	0.0102941	0.00147059	0.142647	0	0.0264706	0.0470588	0.0455882	0.0970588	0.0647059	0.0132353	0.025	0.0132353	0	0.00735294	0.00147059	0	0	0	0	0.00147059	0	0.00441176	0.00147059	0.00147059	0.0205882	0.00147059	0.00441176	0	0.00147059	0.00147059	0	0	0	0
c.2.1.5	0.138439	0.0368189	0.11782	0.00441826	0.0559647	0.0162003	0.017673	0.017673	0.00883652	0.00294551	0.16053	0.00147275	0.0162003	0.114875	0.0338733	0.0810015	0.0633284	0.0486009	0.0206186	0.00147275	0	0.00589102	0.00147275	0	0	0	0.00147275	0.00147275	0	0.00736377	0.00294551	0	0.011782	0.00147275	0.00589102	0	0.00147275	0	0	0	0	0
c.2.1.5	0.145558	0.0434783	0.134216	0.00567108	0.0396975	0.026465	0.0283554	0.0245747	0.00567108	0	0.168242	0	0.0094518	0.0964083	0.0245747	0.0888469	0.0775047	0.0170132	0.0170132	0.00189036	0	0.00756144	0.00189036	0	0	0	0.00189036	0.00189036	0	0.00567108	0.00378072	0	0.0132325	0.00189036	0.00567108	0	0.00189036	0	0	0	0	0
c.2.1.5	0.125471	0.0401506	0.101631	0.00250941	0.0501882	0.0250941	0.04266	0.0175659	0.0100376	0.00752823	0.151819	0.00250941	0.0313676	0.0702635	0.0501882	0.114178	0.0539523	0.0326223	0.0376412	0.00125471	0.00125471	0.00627353	0.00501882	0	0.00125471	0	0.00250941	0.00250941	0.00125471	0.00250941	0.00125471	0	0.00376412	0.00376412	0	0	0	0	0	0	0	0
c.2.1.5	0.151938	0.055814	0.0945736	0.00465116	0.0728682	0.0341085	0.0387597	0.027907	0.0139535	0.00310078	0.127132	0.00155039	0.0186047	0.055814	0.0635659	0.0883721	0.0294574	0.0341085	0.0465116	0.00310078	0.00155039	0	0.00465116	0	0.00465116	0	0.00465116	0	0.00155039	0	0.00310078	0.00155039	0.00310078	0.00155039	0.00775194	0	0	0	0	0	0	0
c.2.1.5	0.14871	0.0455235	0.106222	0.0030349	0.0500759	0.0333839	0.0242792	0.030349	0.0106222	0.0060698	0.162367	0.0060698	0.0242792	0.07739	0.0273141	0.104704	0.0515933	0.0273141	0.0227618	0.00151745	0	0.0060698	0.0030349	0	0	0	0.00151745	0.00151745	0	0	0.0030349	0.00151745	0.0136571	0	0.0060698	0	0	0	0	0	0	0
c.2.1.5	0.148256	0.0479651	0.0988372	0.00145349	0.0552326	0.0436047	0.0421512	0.0319767	0.0218023	0.00726744	0.162791	0.00436047	0.0247093	0.0625	0.0261628	0.0915698	0.0406977	0.0421512	0.0218023	0.00290698	0	0.00290698	0.00581395	0	0	0	0	0	0	0	0.00145349	0	0.00581395	0	0.00581395	0	0	0	0	0	0	0
c.2.1.5	0.115801	0.0573593	0.106061	0.00865801	0.04329	0.0378788	0.0627706	0.0227273	0.00757576	0.00541126	0.121212	0	0.0183983	0.0735931	0.04329	0.0930736	0.0660173	0.0205628	0.0367965	0.00865801	0	0	0.00757576	0	0	0	0.00108225	0.0119048	0.00108225	0.012987	0.00108225	0.0021645	0.00757576	0.00108225	0.0021645	0	0.0021645	0	0	0	0	0
c.2.1.5	0.157197	0.0530303	0.119318	0.00568182	0.0852273	0.0132576	0.0416667	0.0378788	0.00757576	0.00378788	0.151515	0.00378788	0.0265152	0.030303	0.0568182	0.0700758	0.0284091	0.0397727	0.0284091	0.00189394	0	0	0	0	0.00189394	0	0.00378788	0.00378788	0.00189394	0	0.00378788	0.00189394	0.0094697	0.0113636	0	0	0	0	0	0	0	0
c.2.1.5	0.116751	0.0482234	0.106599	0	0.0583756	0.0279188	0.0558376	0.0241117	0.0215736	0.00126904	0.123096	0.00126904	0.0177665	0.0913706	0.0571066	0.0926396	0.071066	0.034264	0.035533	0.00380711	0	0.00380711	0.00761421	0	0	0	0	0	0	0	0	0	0	0	0	0	0	0	0	0	0	0
c.2.1.5	0.162207	0.0317726	0.107023	0.0083612	0.0852843	0.0217391	0.0217391	0.0217391	0.0133779	0.00167224	0.158863	0	0.00668896	0.0785953	0.0234114	0.117057	0.0367893	0.0367893	0.0234114	0	0	0	0.00668896	0	0	0.00167224	0.00334448	0	0.00167224	0.0117057	0.00167224	0	0.00501672	0.00334448	0.00668896	0	0	0.00167224	0	0	0	0
c.2.1.5	0.136134	0.0537815	0.119328	0.00504202	0.0487395	0.0268908	0.0420168	0.0319328	0.00840336	0.00504202	0.144538	0.00168067	0.0184874	0.0689076	0.0453782	0.087395	0.0537815	0.0268908	0.0336134	0.00672269	0	0.00672269	0.00504202	0	0	0	0.00672269	0.00168067	0	0.00504202	0	0	0.00504202	0.00336134	0	0	0	0.00168067	0	0	0	0
c.2.1.5	0.10545	0.0521327	0.123223	0.0106635	0.00236967	0.0296209	0.0379147	0.0260664	0.0236967	0.007109	0.111374	0.0130332	0.0509479	0.0580569	0.0687204	0.0687204	0.0616114	0.042654	0.0236967	0.00592417	0	0.0035545	0.00118483	0.0035545	0.00118483	0.00118483	0.00592417	0	0.00236967	0.0118483	0.014218	0.0035545	0.0201422	0.00592417	0	0.00118483	0	0	0	0	0	0.00118483
c.2.1.5	0.127368	0.0442105	0.0978947	0.00842105	0.0663158	0.0294737	0.0210526	0.0252632	0.0105263	0.00526316	0.155789	0.00105263	0.0357895	0.0557895	0.0421053	0.106316	0.0505263	0.0389474	0.0294737	0.00315789	0.00105263	0.00210526	0.00210526	0	0.00315789	0	0.00736842	0.00105263	0.00421053	0.00421053	0.00210526	0.00210526	0.00736842	0.00526316	0.00105263	0	0	0	0.00105263	0	0.00105263	0
c.2.1.5	0.144154	0.0408627	0.106697	0.00340522	0.0397276	0.0340522	0.0283768	0.0238365	0.015891	0.00681044	0.178207	0.00113507	0.0204313	0.0499432	0.0363224	0.120318	0.0385925	0.046538	0.0374574	0.00113507	0	0.00227015	0.0045403	0	0	0	0	0.00340522	0	0	0.00567537	0	0.00908059	0	0	0	0	0	0	0	0.00113507	0
c.2.1.5	0.183445	0.0536913	0.127517	0.00447427	0.098434	0.0178971	0.0178971	0.0223714	0.00671141	0	0.14094	0	0.00894855	0.12528	0.0469799	0.0178971	0.0223714	0.0469799	0.0313199	0.00223714	0	0	0.00223714	0	0	0	0.0111857	0	0	0	0	0	0	0.0111857	0	0	0	0	0	0	0	0
c.2.1.5	0.145985	0.0406674	0.103233	0.00625652	0.0406674	0.0229406	0.0229406	0.0344108	0.016684	0.00521376	0.162669	0.00208551	0.0156413	0.0656934	0.0323253	0.101147	0.0271116	0.0834202	0.0271116	0.00104275	0	0	0.00521376	0.00834202	0.00208551	0.00104275	0.00312826	0	0	0.00104275	0.00625652	0.00104275	0.00938478	0.00104275	0.00417101	0	0	0	0	0	0	0
c.2.1.5	0.110193	0.0459137	0.103765	0.00826446	0.0211203	0.0229568	0.046832	0.020202	0.0229568	0.00642792	0.128558	0.00826446	0.0266299	0.0541781	0.0596878	0.10652	0.0413223	0.0449954	0.0523416	0.00459137	0	0.00459137	0.00367309	0.00275482	0	0	0.00550964	0.00275482	0	0.00550964	0.00826446	0.00367309	0.0137741	0.00642792	0.00183655	0	0	0.00367309	0	0	0.000918274	0.000918274
c.2.1.5	0.170082	0.0655738	0.10041	0.00614754	0.0778689	0.0409836	0.0491803	0.0286885	0.0143443	0.00204918	0.129098	0	0.0184426	0.0901639	0.0348361	0.045082	0.0143443	0.0307377	0.0512295	0.00204918	0	0.00204918	0.00819672	0	0	0	0	0	0	0.00819672	0.00204918	0	0.00614754	0.00204918	0	0	0	0	0	0	0	0
c.2.1.5	0.155116	0.0363036	0.151815	0.00330033	0.0049505	0.00990099	0.0363036	0.029703	0.0049505	0.00990099	0.174917	0.00165017	0.0231023	0.0643564	0.0115512	0.123762	0.0627063	0.0544554	0.00825083	0.00165017	0	0	0.00660066	0	0	0	0	0.00165017	0	0	0.0049505	0	0.0165017	0	0.00165017	0	0	0	0	0	0	0
c.2.1.5	0.156766	0.0429043	0.110561	0.00825083	0.0775578	0.0363036	0.0330033	0.0313531	0.00825083	0.00165017	0.127063	0.00165017	0.0247525	0.0676568	0.029703	0.0759076	0.0462046	0.0330033	0.0231023	0.0049505	0	0	0	0	0	0	0.00330033	0.00660066	0	0.0165017	0	0.00165017	0.00825083	0.0132013	0.00330033	0	0.00330033	0.00330033	0	0	0	0
c.2.1.5	0.14503	0.0496957	0.0963489	0.00608519	0.0496957	0.025355	0.040568	0.035497	0.00912779	0.0030426	0.131846	0.00811359	0.0212982	0.0720081	0.040568	0.0933063	0.030426	0.0547667	0.0344828	0.00811359	0	0.0020284	0.00507099	0	0.0020284	0	0.0020284	0.0040568	0	0.00608519	0.00709939	0.0010142	0.00507099	0.00709939	0.0010142	0	0	0.0020284	0	0	0	0
c.2.1.5	0.155556	0.0393162	0.112821	0.0034188	0.0615385	0.0153846	0.0290598	0.0205128	0.017094	0.0102564	0.124786	0.0017094	0.0358974	0.034188	0.0307692	0.147009	0.0393162	0.0735043	0.0136752	0.0017094	0	0.0034188	0.00512821	0	0	0	0.0017094	0.0017094	0	0	0.0034188	0.0034188	0.0119658	0	0	0	0	0	0	0	0.0017094	0
c.2.1.5	0.151119	0.0447761	0.125	0.00186567	0.0615672	0.0335821	0.0373134	0.0335821	0.0130597	0	0.13806	0.00186567	0.011194	0.0578358	0.0466418	0.0988806	0.0634328	0.0242537	0.0335821	0.00373134	0.00186567	0	0.00746269	0	0	0	0.00186567	0	0	0	0.00186567	0	0.00559701	0	0	0	0	0	0	0	0	0
c.2.1.5	0.157821	0.0656425	0.101955	0.0027933	0.0363128	0.0335196	0.0405028	0.0572626	0.00837989	0.00418994	0.148045	0	0.0265363	0.0600559	0.0293296	0.103352	0.0265363	0.0363128	0.0335196	0.0125698	0	0.0027933	0.0027933	0	0.00139665	0	0	0	0	0.00139665	0.00139665	0.00139665	0.00418994	0	0	0	0	0	0	0	0	0
c.2.1.5	0.153115	0.0686378	0.0865892	0.0031679	0.0675818	0.0211193	0.0454065	0.0538543	0.0116156	0.032735	0.106653	0.00105597	0.0137276	0.0559662	0.0496304	0.0760296	0.0179514	0.0601901	0.0485744	0.0105597	0	0.00105597	0.00211193	0	0	0.00105597	0.00105597	0.0031679	0	0	0.00211193	0	0.00211193	0	0.0031679	0	0	0	0	0	0	0
c.2.1.5	0.152566	0.0416089	0.105409	0.00554785	0.0540915	0.0305132	0.0263523	0.036061	0.0124827	0.00832178	0.153953	0.00277393	0.0138696	0.0998613	0.0319001	0.0846047	0.0485437	0.0402219	0.0152566	0.00138696	0	0	0.00138696	0	0.00277393	0	0.00138696	0	0	0.00554785	0.00138696	0	0.00693481	0.00832178	0.00416089	0	0.00138696	0.00138696	0	0	0	0
