c.2.1.1	-6.65618852031879	-2.7014281758372	-1.46647219540549	0.337370229529046	-1.06146426363048	-0.717847833013512	1.01232098829575	-2.80990396069085	-0.895186653332346	-0.14327195319735	0.937206344361698	0.552341078129362	0.389542651093082	0.301373800411634	0.441188619391367	0.100798882107168	-0.24304561452981	-0.054294942177436	-0.227406872541922	-0.572338329409602	-0.140665414462093	-0.478809281716282
c.2.1.1	-5.19294561791681	-5.32385741905754	0.782286975826051	2.12004756338888	-2.08431388862131	1.86204377885752	0.215480014731752	-1.05863466123123	-0.164612576222398	0.0779691208995213	0.421007087554428	-2.30636309360396	-1.88080868471545	0.239357534558813	-1.27701086831831	0.246959643486798	2.60167812561277	0.555163219022745	1.24240512086334	1.7724014966343	-0.23870064897663	-0.368617669101673
c.2.1.1	-6.63364522125542	-3.19324193248935	-2.07573190020631	-0.326653054243368	-0.402814008371249	1.0078594829852	1.08854794360064	-1.48200946329705	1.34496152366249	-0.345060257558406	0.413402006968019	0.707012455553329	0.816048761518337	0.0710052386734619	-0.0232486523753958	-0.364148065264441	-0.283925124393549	0.93106467084342	1.98338089278827	-0.00900636125393583	0.82788529349336	-0.20373761902034
c.2.1.1	-3.92388201462597	-1.62612439456913	-4.44091773471099	2.21606909945026	-0.59819663524492	-0.957208655459661	1.59551684511133	-0.615221136660198	0.185201946430803	1.90005838633781	-1.16770191217177	-0.97151928177982	1.10967904151077	-1.22654430285136	0.0580649828883696	-0.616410682740931	-1.76110131896747	0.466284541448081	-2.27915354327159	0.700079084266066	-1.16736628336925	-1.43701546687162
c.2.1.1	-5.58998654034201	-1.66618606331962	-1.7235873761543	0.412162388920509	-0.65878699927492	-0.361056963082746	1.8798667138718	-2.03121095077997	0.40191698747064	-0.163444811308584	0.833931769732107	0.259548942174127	0.710105838104494	0.377054696217309	0.536127961593461	0.699149243544954	-0.469962074393156	0.518318633790974	0.0472920063417696	0.410630139693664	0.432889026106807	0.903635961555703
c.2.1.1	-4.83865863885766	-1.4353485711162	-0.195027121372284	-0.64015981403569	-0.057321874072418	-1.2338519192911	-0.682622871361742	-1.37285114119545	-2.36175938248497	0.0702034308084907	-0.0306244001553072	-0.402454740373752	-0.608083265266258	-0.950264704245521	0.723982385269123	0.34354617369248	0.158329781015761	-0.530256119218729	-0.272248551243931	-0.980323584685256	-0.620193386125924	-0.738797684991556
c.2.1.1	-4.37675423449153	-2.72984447379902	0.0290239888254289	1.28540113232586	-1.4192717938391	1.26318561690912	-0.474590157975652	2.21072758727902	-1.50164374514348	-1.08749023155416	-1.98853210759265	-0.917163841316162	0.758940330982274	1.59601261676927	-0.842333702746972	0.0225326825727843	1.33405037888048	-1.27133425067965	1.52166227855295	-0.345099140801947	0.79375989577661	0.759161074320924
c.2.1.1	-4.87938807240253	-1.60212073989035	-2.87729173537399	1.97049386422101	-1.07333959224277	1.32883303932442	1.19718691735654	-0.788947590038956	0.230389042338461	0.206051319884347	0.823950794559226	-0.366433635548763	0.134154951951122	-0.624144632085564	0.648562692061394	-0.940393012593955	-1.2729953769777	-0.0653933532751287	-1.29143300497981	1.48804727899121	0.503211297131347	0.0600272046641664
c.2.1.1	-3.13296122056669	-2.37058222102697	-1.84389216020344	-0.447907031613764	-0.291120367533462	-2.41470170418977	-2.63682240246701	-0.750939750622758	0.0332080797566906	1.16942751548619	1.07546330480647	-0.69017390422636	-0.898190737251426	1.7300102430035	1.70814091122145	0.00304453116094526	0.861626816113145	1.64973085354416	0.576786149073087	-1.56053768955983	-0.161728244338037	-0.832056657449013
c.2.1.1	-6.72000725700146	-3.29932595719828	0.386202365660654	-2.12161952101638	0.198455842877491	-0.726652214036954	-0.286596254009254	-2.60447282319348	-1.28602402264447	-0.982133527463479	1.3297869815998	0.835868164575258	-0.192326382198911	0.542517880765545	-0.0344987425630127	1.27060452538324	-0.174725685489729	-0.799859480705336	-0.132095273620359	-1.40623785334378	-0.596861160739361	0.894959866864707
c.2.1.1	0.466150335963259	-2.73450856164292	0.433779192786616	-1.78199204081132	-1.39449934141168	-1.46272137170495	-1.70448552641111	-0.607812404853319	2.68666872853075	1.67177924372034	0.820184656857976	-1.68896515926853	-2.67559788191475	-1.07313404415478	-2.05336252525761	-0.745308510764291	-0.483106186685801	0.451555530336766	-2.74540560353201	-0.185858938880373	1.10785354278214	0.0521015116914471
c.2.1.1	-4.51700902755983	-5.12887594659785	0.376324072906846	1.03698116934481	-1.87448612720781	-0.651998709685697	0.0975935095288028	6.29816559853732	-3.03714178561561	0.633646446298553	4.61406483134605	4.3988850148774	-1.21241744870074	0.747930783408534	-0.65355314668754	1.13517502166551	-0.728271302116829	-1.0861039823141	0.857975063765071	0.160157092134852	-0.376618138651468	-0.426655829942771
c.2.1.1	-4.88745004211574	-2.93030559925283	-2.99498191791183	2.24064799085108	-1.52534285051882	1.07809736644526	0.914600341512666	-0.38891744222577	0.303630702547997	0.362677183499409	-0.239515265440941	-0.444273970500605	0.72314628941565	-0.332912384546717	-0.905414412118688	-0.362678664758427	-1.14242380215158	0.964372295309406	0.388738819108021	0.550194874974695	0.571916609917665	-0.171972992332327
c.2.1.1	-4.73827627403529	-1.29551464493022	-1.10943948879126	1.0157351443311	-1.62602195636357	-0.457601174691051	1.537828862129	-2.02272074081679	-0.895218109710686	0.0218160118571032	-0.234481889697892	-0.0961680457608194	0.427863366702824	0.164012504633496	1.19084465662404	0.787037601205753	-0.118933563655947	-0.0438349596717688	-0.525842081313494	-0.312409075999403	-0.898338745070843	-0.383892472430183
c.2.1.1	-1.63325603741727	-0.602320070577258	-2.72868754674708	1.51336555574205	-0.727714412129969	-3.19100868080679	0.943589294876071	1.31346949911688	1.13492781196034	3.09827623465108	-2.11569590498864	-0.404759316693136	0.0534884485526089	-0.129224637152656	-0.24924535767652	0.00127173498261272	0.123608262300304	0.045875946904871	-1.69566433119251	-1.85035444158815	-0.803842997733833	-0.105388155829884
c.2.1.1	-4.37048879521598	-3.16998905107861	-2.26871784579802	2.11109261973224	-1.74469792053651	-0.883133149204182	-0.571862206220047	0.652278111033179	1.25264792274667	1.89254912961768	-0.614447348757402	-0.889880143813923	-0.0786935628314616	0.129113270932016	0.914617113846653	-0.0983671452837703	0.819502795328808	-0.763509430966473	-1.29806493833578	-0.00223692973678079	0.743739617565505	-0.470299665713557
c.2.1.1	-4.50145972898271	-0.413707963257128	0.121351147782751	1.55065745621891	-0.384361910647485	-1.13048433259657	-0.374912669688488	1.30702921252743	-2.19053742665749	0.635505714971223	-1.13191136632937	-0.510545221256315	-0.536225867798671	-0.344412880964998	0.00509161076710917	0.0434737702424179	0.778687565585299	-0.219382260555648	-1.15918929986685	-0.617893814805611	-0.663887648754679	-0.0524031701093378
c.2.1.1	-5.22663997445855	-1.66891555906737	0.34809493789796	1.40518971966795	-0.224765449412373	-0.963185730658932	0.399534499885966	-2.30235170056978	-0.77662929315101	-1.09643868799342	1.28097123829338	0.562843019161995	-0.902132091644514	0.226509671146472	-0.230023354721601	-2.07430855160164	-0.807204643840369	0.825984867644013	0.520260732855486	-0.48578564329313	0.0596516644030911	1.45157734647008
c.2.1.1	-5.27305102559248	-1.50067041432254	0.0780762422413087	-1.11529782619586	-0.251274007320874	-2.32412439381084	2.16605572803461	-0.553952064606882	-1.52896159369924	-0.982727297204633	-0.484668772478455	1.13403953528279	0.693822043997707	2.07281548603587	-0.255679250633502	0.0645841217842761	0.0255184188498026	-0.591141435033206	-1.03478548990729	-0.452618624371932	0.882715750363071	-0.903431660086824
c.2.1.1	-4.26364374853956	-5.18526097788215	-0.230594342061247	-0.22101755046939	-3.35632875289104	0.612248038436084	-1.11855585851099	2.89107746755459	-1.9285941353525	0.325388470156094	2.32404957173038	2.93381830556424	0.514949457616406	-1.58355316436324	-0.923229460341001	-0.9550063887704	-0.848682783654503	1.38447458567544	-1.2738942951758	0.997005160276141	-0.633520127861448	0.440534933083981
c.2.1.1	-5.33761622940348	-4.06507104145447	-1.11310483122675	2.52813874344773	-2.80954044246434	2.45749358316384	0.839761812922564	-1.54236892034138	0.20065595688946	0.119581655808063	0.143057267685244	-0.991061266274754	0.550441659194227	-0.000879361220096998	1.08346781070112	1.05561883772408	-0.336187695756461	0.631024515636757	0.984656150503713	0.563528836360759	0.383555212349779	0.120277184621368
c.2.1.1	-2.30367560423179	-1.94369047226953	-0.207955792978151	2.75457097585072	0.0732986785260442	-3.46779841951424	-1.00187975069204	0.134019988217649	1.01132210168551	0.841494497217052	-2.15152552702376	0.572997826019727	0.185891345171064	-0.639934738675362	0.0388417511758764	0.242771697648216	-0.796471711818959	-0.616778141135407	-1.06462210808844	1.29230684354443	-0.141760238486625	1.14791679429427
c.2.1.1	-2.33709743155424	-2.6868784069421	-0.767623110200445	1.95330730414946	-0.798989503789923	-3.1570449283623	-1.69587417180638	-0.358079259803635	1.87547050461716	2.41646886569339	-1.19691217255169	0.863283346780103	-0.475455259128444	-0.704011540907799	0.280200237901336	0.729549825924984	0.193811663409719	-0.981217811554584	-0.848883614752615	-0.579135928776705	-0.616247345017017	-0.137305952643151
c.2.1.1	-6.17702946797693	-2.3329638327947	-0.451952468227136	0.122560579645629	1.37221004607444	-0.495577411176031	1.29049642747199	-0.356251998783144	-0.764386046651952	0.499265922184555	-0.211504318401556	-0.335887259429875	-1.117135343142	-2.45826565090957	2.50130645933329	-0.284664148113129	0.229557282512435	1.48061479824398	1.11063285860971	0.324800675678511	-0.183494370293487	0.336990589598392
c.2.1.1	-2.83042526633009	-4.56554796038182	-1.48940172149002	0.361498528074385	-0.852857543781735	0.434265741903088	-0.0463554198722229	1.26754330950452	-1.03972001704846	1.03538270607026	-2.23264739963008	0.374862080695295	0.477403182418137	-1.78378275981979	0.720784427364205	-0.147980201108915	0.186875227470539	0.884209525303069	0.696593605188325	-0.43730762974251	1.24022680970109	-0.429586739308563
c.2.1.1	-5.36540483462753	-0.863537677014295	-1.41254122252614	0.851740898116443	0.385834317679294	-0.372364454105554	0.378205869566009	-0.235464851518379	-0.888241281551854	0.0642343154189952	0.134652613653596	-0.479342021190411	-0.121942774812553	-0.550974019730516	-0.427298189084138	-0.150480331306	-0.619317551875315	0.0841658960878592	-0.779107730173514	0.246330455376346	-0.21866753534738	0.253498957658393
c.2.1.1	-6.1993711945099	-1.66760014141951	-2.48470632565756	0.741969561988532	1.40287746541774	0.0499357758615156	-0.969348460770117	-0.83153218020309	0.611281426107821	0.122939681677854	0.958752725255781	1.26103889716169	0.599573725611132	-0.0800827212811351	-1.89049251266743	-1.8523100174385	-1.24494336497354	0.661202072632931	-0.472340943852569	-0.362919093606811	0.018860053136155	-0.712592241993902
c.2.1.1	-2.1510972278888	-7.23056809982577	0.741659588027163	1.48700838368559	-4.74660549123341	0.864078808679512	-2.72011964791968	3.26869092067727	3.4769885583039	0.594957325773845	-2.88583645206665	-1.3209996096288	-0.697457999554927	1.39010149895019	-0.103361036284671	-0.90662736478611	1.25855894921678	-0.535789013533323	1.80471960207012	-3.09643711731169	0.972903846483	1.79035598462173
c.2.1.1	-6.4048989387165	-3.17122660515308	-2.26348335647412	1.28393785413207	-1.779152104803	1.52574636755027	0.677313447207959	-0.840867237119835	0.202514010782448	0.0228431561647766	0.320193345365425	-0.743303997074427	0.318036987122299	-0.429543366265709	-0.225691458726405	0.225774872515719	-0.71778271800141	0.531213972182152	1.03284642913406	0.635950853560903	0.707245483238528	-0.564948038572666
c.2.1.1	-6.13505741270836	-4.82994668653802	-1.41632499932019	2.11928217511752	-2.69670084212282	2.52673576807357	0.450376966290352	-1.76783735815542	0.67778662897803	0.102161967411377	0.160010227912658	-0.639819196864724	0.709528729998685	0.31348966240807	0.516187334474368	0.315694828521377	-0.613958102208646	0.659922856562139	1.21575863558692	0.32436045878334	0.276912337382075	-0.537823841375984
c.2.1.2	1.53692957336431	0.0994528668209636	-0.488753932863817	-0.26634445162888	1.41279365227359	0.685234224254955	-0.901481696999288	-0.0426276628595223	0.171827372111731	0.484495610040411	3.24976475169145e-05	0.182385256595631	0.239100891594971	0.930846241281452	0.64371349439222	0.084057360187946	0.267505414613014	0.275450124531928	0.0838797702806939	-0.982929949032506	0.20440386063731	-0.616012596233477
c.2.1.2	2.32446882352593	0.484608134033982	-1.25379371163883	0.345486856379792	0.221156684403999	1.03953870083696	-0.389877997198935	-0.909846256609138	-0.141707553441528	0.402443784709077	0.693884193611609	0.128448982960995	-0.570938917317804	-0.705839195096446	-1.35561950874974	-1.12410616217242	1.31264989585277	-0.857732209011068	-0.283991488179713	0.450893197348342	-0.566087891750317	0.386861337593915
c.2.1.2	3.54475280457137	-1.60141804690813	-1.27682787431754	-0.705377917199124	1.65809748674294	0.435987595024145	-0.18629861587908	-0.314467896655277	-1.32590672302378	0.172995614931348	-0.98656089132849	0.155657938278688	-0.257524676263878	-0.566670403213115	1.4421761158348	-0.0576711309752363	0.272310601239909	0.351813386596556	0.0659441097920838	-0.637080310117509	0.0225468266892542	0.171773292771738
c.2.1.2	3.71527834820533	-2.00524114989137	1.64130238913416	-1.17921516741642	0.136579850191482	-0.0993538591814388	0.193941587658011	0.0113439630748823	-0.443387450536966	1.53930347954251	-0.615098158877103	0.302693492199208	0.551132888118418	0.781147375410954	0.692546335195147	-0.795288449732791	-0.896001282381115	-0.444879652911519	0.160463244633573	-0.125014257849369	0.590050050431779	0.759567234674187
c.2.1.2	3.02967731867222	0.694877959215348	-2.10575336142951	-0.0454630371399876	0.396469178286729	1.58270481054232	0.43133492239993	-0.474438960337793	-0.357629968228013	-0.0598940770296636	-0.735553097745921	0.451459773346567	-0.253562006798664	-0.789104735717739	0.183929723767781	-0.0985995660288391	-0.120075985295992	-1.5288260332766	0.255203330142268	-0.10961329516574	-1.44621737658205	0.327464074841231
c.2.1.2	1.6386567007374	1.00022089922119	-0.603237391763024	0.571041272682132	0.0950462343656302	-0.484904478123172	-0.293473382746739	0.0836777409409833	0.743506541000644	-0.452936606967403	0.26043764151081	-0.738706501150133	0.934685244651681	-0.629281791806426	0.448969782663819	-0.231685072577953	-0.0207235535573634	-0.75524647546741	0.129054096234357	0.280469749335185	-0.939896991840254	-0.853902227913047
c.2.1.2	4.06685696282337	-2.01858979782951	0.248394766882514	0.266855126566773	0.947826235378362	1.3143647283018	0.864011682160979	0.355880273606578	-0.726476133404976	-0.10008760767136	-0.71437575986485	0.711756444806018	-0.2129307690713	-0.0900599189311123	1.40285092149994	0.539453564431809	-0.199893726414602	-0.439542023241142	-0.597114973571504	-0.28344997358608	0.573804242800955	0.718549300395838
c.2.1.2	4.20991072953117	-5.20978381026726	1.82955962205174	-1.22586192304278	0.0965830487463656	0.654039353677018	1.01515320863799	0.447743408355942	0.839595004534616	0.707025856280068	-0.547477640708676	0.27800630482431	0.437031473590697	-0.34625951933636	0.120809415067805	-1.00430242376193	0.0456658318441621	-0.613866610990626	0.306473229829834	0.916964130866527	0.333886485395236	-0.533583777353449
c.2.1.2	3.09734994954885	-0.910414040826093	-1.5554723596955	0.412068215530047	0.400112702701859	0.794120922109273	-0.0996578806400432	-1.02235964264204	-0.136404216688873	0.160188371836947	-0.278007626672524	-0.00527629301011193	-0.442623696044706	-1.14812076051199	-0.277768276589589	-0.786012401918142	1.12748831177982	0.70980194750343	0.551328423781825	0.800137105141009	-1.31133317604995	0.676096168194617
c.2.1.2	3.21880660016465	-0.443135770300004	-0.878123489464215	-0.765133314950627	0.305985054822311	0.775505023648615	0.775829252780911	0.395039732244302	-0.357593829882065	-0.658840984956574	-1.85190980958889	1.66411158178781	0.833353957409595	-0.0927839153663136	-0.824253527473058	0.00179215530865369	-0.0430038764107709	0.356412565451015	0.136376784543942	-0.0968236364981079	0.0194807362509456	-0.69179860955739
c.2.1.2	2.61462880220744	1.69296248351815	-1.71721358567832	0.77181157751256	-0.191109852818568	0.217928282575724	0.708991692629305	-0.623615484654931	-1.51838178533012	-0.313083871779749	-0.524704783033068	0.798733033636353	0.618429326762032	0.0615745604422723	-0.796912961692906	0.00449210162319778	0.92132694300627	-0.939787992622625	-0.23841599337225	-0.0640362032710782	0.0557172862938549	0.793692230829005
c.2.1.2	4.43562203812454	-4.6538306448835	3.27558761794327	0.938870506778253	1.44298829386757	-0.296785318629828	1.85190813100753	-0.562473258157867	1.67704058078377	-0.445957575734569	-0.691280774322521	0.657243742106303	-1.24315668531251	0.5643124461458	-1.45588117246717	1.28551818120078	1.81779087920029	0.0633750327610624	-1.64778838662344	1.13635324242287	-0.00775619048552852	-1.18153356427711
c.2.1.2	4.21078076457229	-3.16226539931845	2.47916552592682	-0.436091893438895	-0.262133126942036	-1.46504466501481	0.797678519465651	-1.02626489475631	0.719696599326779	-1.958636629764	-0.207224775876651	0.118470844315032	0.881442403530058	-0.753123299402561	0.610696300083414	0.0210783354104863	-0.0968449099634365	0.269001176506629	0.018526010234153	-0.91163203679857	-0.662186440301455	-0.198752381523408
c.2.1.2	3.26338151197521	-0.712700574959742	-1.9227340259228	-1.44200675107585	0.514048827957677	1.61786912167425	-1.6086360207341	-0.70643506662371	0.728686862639522	-0.325339132485924	0.528778218354874	-0.105881480371497	-0.369707316915243	1.49049349798732	0.450884146498292	0.573390114249831	-0.694853918313056	1.20925732260125	0.338060016299271	-0.691650851924919	-0.370869521691191	-0.350970118605402
c.2.1.2	1.66017217879052	0.768849962891861	-2.60036228632093	-0.00130263008474076	0.487543105221247	-0.524312167497717	-1.79605791704137	-0.541278251905437	-0.648372592131279	0.646205523578266	0.549676608184649	-0.847458670689329	0.117522029097336	0.59187597467809	-0.0171492891233245	0.587470208857831	-0.182728690701415	0.430975839967429	-0.0648061325082567	0.0304984648708445	-0.233040196300421	-0.128717951728283
c.2.1.2	2.00325285508116	0.242246892797993	-1.58787573251784	1.5940874202518	1.00284081885186	-1.2878851059041	1.14796506795438	0.338752286191488	-0.32345322568457	-0.832207978335051	0.637121696496894	-1.31878476503178	1.87405371172873	-1.426941539684	-0.00151014016142927	0.0607815832633584	0.285983288120271	-0.908188801178947	0.632576274077366	-0.203808606156912	-0.827156895603862	0.0675414243691724
c.2.1.2	1.18523952417222	1.45002345836983	-2.25603597242144	0.418472761093569	0.778965486553582	-0.637153014509859	-0.830965511587005	0.213645819059747	0.0169156569768985	-0.0769041862148069	0.285451414127675	-0.408841034109219	0.0505998295433602	1.78942057327293	-0.202108947262515	0.267649345258408	-0.394814930807999	1.26174414702754	0.108188526844332	-0.18161838021125	-0.371217940020801	-0.225967824411643
c.2.1.2	3.63411735651779	-0.10829152431698	-0.429335001301697	0.273223305957109	-0.32304010340063	0.25463776737158	0.25790569894002	-0.271860170314293	0.831676584742813	-1.06043309675703	-0.604486207606416	0.201361898213038	-0.292149243774273	1.9411084027724	0.409810833541298	0.934912116700782	-1.59125902336689	0.0761855889391435	-0.867764364063104	-0.109360122653538	-1.55806793748803	0.341112811270777
c.2.1.2	3.00927103474134	-2.91412755770152	1.12337151289592	0.594587313639326	0.838815252482173	-0.745019714935289	1.64239831954711	0.0644151937480297	1.24502888929723	-0.890130244262711	0.686934316956716	-0.284592547971065	-0.540417696553592	0.141126045225266	-0.350943344620945	0.92370423007069	-0.446236657719906	-0.0538195269181673	0.0521971617127965	0.611289603488771	0.0600969193640056	-0.9142506154588
c.2.1.2	3.24904939371927	-1.17527342044191	0.180909327037843	-0.948965629672078	-0.0687781906960919	-0.799356849255279	-3.44686224205657	-0.918982677359457	0.819861435462874	0.00153964796854834	-0.700482518499271	0.58866689798296	-0.424210617522657	-0.664617559571626	-0.306765662116926	0.3732848164505	-1.57559571953212	-1.47446595546724	0.471889675859015	0.50976486249738	0.62330700461052	-0.537588268612886
c.2.1.2	2.1942952255954	1.39393993714685	-2.03771913989992	-0.23123072391165	-0.443870480945216	0.453266414593443	0.598896144088628	-0.641391759567675	-0.431545619721525	0.0698342740627275	-0.0885751539683926	0.28112020614553	-0.681636885568552	-1.16799886136328	-0.251479821502198	-1.21805154984615	-0.0672546989376049	-0.644242366356502	0.800027847487953	-0.233956326203582	-1.19989278017925	0.189699803450333
c.2.1.2	3.31975049713992	-5.80561275387713	1.89125709234666	-2.57798047079498	-2.26654769324609	5.8020430072972	0.407062787802678	-0.782561097879178	2.47939635020396	-1.2686838384899	-0.757953369314517	0.289073592955648	-1.68284927754062	-0.842827533649776	-1.53289347524902	2.77278492935179	-1.88934512771712	0.631788144490613	-0.680372716550918	-2.25030452833601	-3.69858123053602	1.0957592809784
c.2.1.2	2.53867053540852	1.53526880515839	-2.18380799092505	0.109561115391364	0.0134695538432615	-0.320015032526549	-0.543708900651423	-0.161718720431402	-1.99813358773844	-0.008242322183749	-0.341628876555402	-0.55382001271446	0.945876400986856	0.392222257653581	0.19619031229585	1.17329277468824	0.476333450054746	1.47470836982039	-0.868681518088233	0.899040487834524	0.866751892413071	0.609264094037458
c.2.1.2	2.86105038212285	2.00377448447278	-2.56534981349124	0.581792761556021	-0.299155447065537	-0.274579405389311	0.321755160314578	-0.120569603830516	-0.388703614581651	0.499083749178059	-0.307024264055014	-0.351400669660081	0.0491173731738979	0.614592798108119	0.219084220824044	0.57988937169036	0.188644970730632	0.0276281377470044	-0.459808053308157	-0.115134246854994	-0.441025884024208	0.295411399588513
c.2.1.2	1.13464701531004	-2.36103841686351	-0.00765762640511711	-1.57328148511031	-1.08513215833407	-0.606250515926991	-0.928519154797049	-0.603637094057225	0.52777417188122	0.140990555450232	0.992510439944095	-0.506170807358215	-1.1007811920171	0.305855801100706	-0.865272125909608	-0.13611858061644	1.2067885094783	0.867795525862411	0.0906133295393836	0.824936918512111	0.17333471286233	-0.12895853134564
c.2.1.2	4.15481934944444	-0.0372086772280888	0.359204213587136	0.473818380473505	0.311470371811925	-1.76825141354653	-0.52638021592087	0.0999829143043686	0.525111514312525	-0.815713743208643	0.0857621741331627	-1.13481543772165	1.27594371773404	-0.721234172569566	0.861789284633581	0.617697866742475	-0.960682143758513	-0.499918345703269	-0.848831968683335	-0.0688102108849194	-0.357802831189035	0.904393106503209
c.2.1.2	2.83237987158896	0.106299607688767	-0.140846976966594	-0.298520286419295	-0.448298043259905	-0.727115370956672	-0.326038289418163	-0.546337963306871	0.383719244749897	-1.37077462020263	1.42429846769642	-1.01412228470056	0.485736407744723	0.0811734162394651	-0.894744722195254	-1.23476517870804	0.555492119731714	-0.0254285335895685	-0.209652558094524	-0.377622150226973	-0.647353061608926	1.21106692925321
c.2.1.2	1.85600883599117	0.189570192083272	0.00397500029842351	-0.586455265642782	1.25655956243007	0.915083973594592	-1.03047177672924	1.18015628166824	-0.00355648244855048	0.551226210194894	0.159450551598473	0.379985367146011	0.265622486137381	0.625122338551523	0.808066387448996	0.709891781237902	0.0607971042030677	0.646934089791414	0.0501225127315611	-0.166976257098309	0.183771365175983	-0.443746167547757
c.2.1.2	3.55867875419344	-0.462772518617859	-1.42267723595376	0.578823696653401	0.299696713148089	-1.37989319610752	-0.92156176185063	0.0644497460990648	-0.726482868239181	0.211666117780113	1.2643776041603	0.0716499288972326	-1.71994312050946	1.67352555405436	0.672441999942379	0.0339175791130939	0.931335252780082	0.742371282808231	0.161863380769249	1.13879931491511	-0.518032041160255	-0.662901669388506
c.2.1.2	2.47162425434227	-2.59556884120614	0.0827952381892399	-0.199190220274527	1.17215272661555	-0.121293143126835	0.640779679574318	0.112664989404996	0.310543006672838	-0.303076730063872	1.06130481387299	-0.646168939813617	-0.0276925319522215	-0.780652940344491	1.68672405683657	-0.626590153386396	0.343561343789753	0.52785181662958	0.543514672649005	-0.909360517642566	0.980865623921599	-0.46178825706197
c.2.1.2	2.34467425299343	1.05323882747737	-1.35512435694185	0.582905100683802	-0.335879938860288	0.326016651638681	0.355433633224473	1.02430326585012	-0.566903404077143	0.393432289974519	0.440773196576523	0.771391825990401	-0.398028704414673	1.16015158289727	0.915526746140033	0.091623833470315	-0.0442913629695185	0.0103192477987102	-0.716008337408411	-0.238096466572714	-0.014094764231875	-0.684565067556382
c.2.1.2	2.51894601952722	-0.01694457083643	-1.98168249366409	-0.190297768367494	0.648560484961833	0.70766537910682	-0.498920273731683	0.0937643355838717	-0.471222876160705	-0.292848262462216	-0.614750411788546	0.583098431678481	0.415217262717839	0.405082359285067	-0.0243415297235518	-0.577500764121407	0.338570252602964	0.229451889178667	0.905128740317682	0.102686265449059	0.484670970634401	0.276101190278009
c.2.1.2	3.06649971820418	-2.11578388403161	2.0562879813061	0.293047396203147	-1.00129103993913	-2.30352941765767	0.67327135786324	-0.0266635243412436	0.468172427666071	-2.22677212763665	1.47919763019403	-0.925351711087902	1.73292191521137	-0.417743893312093	-0.331474314041087	-0.465847776851038	1.17539472486594	0.0628147819566959	-0.567624871674251	-0.164306688953279	-0.0722421400259143	-0.369173567892124
c.2.1.2	1.92299012992699	1.28504469001378	-1.64514150366204	0.440086813390754	-0.740301007000994	-0.255031245478215	0.643990685800656	0.248410182930025	1.02642935824623	0.549233560500166	-0.483757310554279	-0.416269372715384	-1.00526900044759	0.304607115074057	0.628259766949927	0.201049074236057	0.276091271782839	-0.469041299483559	0.0739756115026283	0.161220711255138	-0.962260421521046	0.148556979485986
c.2.1.2	3.29530669903276	-2.22638395660283	0.969202353980667	-0.826322399395689	1.63733469312559	0.299253174674144	0.907183385994231	-0.982473074819733	-0.614538231219189	1.18296154953454	-0.290054076685197	0.180896884896038	0.775176334561869	1.66300618375471	0.490049848153159	-0.250729268419511	-0.110894120086738	0.565685730313173	-0.246341913347174	0.175157566344943	0.429230926335272	0.262502993181344
c.2.1.2	2.97907265600957	1.33318308365576	-1.69577603495072	-0.370561744703442	-0.147159557944338	0.0711818945955746	0.687664807184488	-0.367019518467203	-0.761808662880276	0.40476191289177	-0.741758496857745	0.0687652408976775	-0.419924249547689	-0.729717265620542	-0.437136459469124	0.0147001767625527	-0.221520488547477	-1.03575742691424	0.0124596502108335	-0.514564769503829	0.178508841206439	0.359255118322606
c.2.1.2	0.528591516921665	1.92477916922442	-0.960033749919826	-0.163737443799431	0.568398910726816	-0.16576018081465	-1.05473334990793	-0.719288743221925	0.295867128702888	0.0314728434420789	0.704934229556734	0.183608379288427	0.204238072019228	1.01645282167465	0.217671772211746	1.14079003543703	-0.626965132137334	-0.131129610249307	0.633043754878416	0.0531758791489235	-0.375729671046296	-0.757935925637438
c.2.1.2	3.05611469403231	0.268947792361698	-0.554585231225087	0.962989913971274	0.584843230243815	-1.38019221924444	-0.541366802765185	0.0160211459264282	0.202281372498985	-0.681116236166635	1.31384717439544	-2.48812878578057	1.31169499746692	-1.8133406468315	-1.21362293479639	0.757035505431602	-0.679707584142883	-1.33952748761949	0.342047386551803	-0.944475508644414	-0.657502188543543	0.200253981846009
c.2.1.2	1.75998744246527	0.425266805735039	2.20719239001252	-1.0873716950915	-2.20177887922003	-0.414871542925963	-2.49981879227019	-0.544878499417483	0.208252091727145	-0.759800250824874	-0.830854225778451	0.955580477108952	0.176182906875248	-0.742744681467798	-0.292965970574529	-0.542900622132402	0.442324680998071	0.010257792052614	-0.714895696530954	1.19642163008484	0.177048911076558	0.0148497448260234
c.2.1.2	2.97802553350114	-3.53268010420009	1.18077218577668	0.662762925464538	1.45255835658731	-0.689895269780713	0.359901527878799	0.796512466661103	-0.260021562488833	-0.0924501906382634	0.913171108585384	0.767756202485002	-0.857599386966128	-1.1529772068663	1.30045646319681	-0.54332899734402	-1.06983889241125	0.672243470610113	1.05927163515867	-0.530850252519362	0.553510609487579	0.510516355880022
c.2.1.2	2.86842622582989	1.61694320044945	-1.13946828868859	0.899529640798921	0.228655468376672	-0.777882149239466	-0.265002038994777	0.0983593164003677	-0.208707922799242	-0.34912662875272	-0.210793033004535	-0.245874219553326	1.11060077106257	1.82066198148281	-0.377883859871893	0.547791906303584	0.258332136087049	0.823154261082427	-0.40653300981104	0.656932948306533	1.16661589906979	1.97340610751445
c.2.1.2	2.90697416562153	-3.0009526707522	-0.279442576030311	-0.659820150455939	1.42386916082615	0.128451088612579	0.288320078629347	-0.258502298473572	-0.356158753943054	0.442487208436385	-0.34393989201629	0.169620581289099	-1.10787713429537	-0.846546321812291	1.03044568345797	-0.687241373737491	-0.52276282757888	-0.251346028843751	0.206058819798751	-0.682352783076289	0.525490363728355	-0.50969995185525
c.2.1.2	2.63961842978914	-1.51654342788501	-0.807523525270475	-0.0863643812154191	0.634236256049792	1.51980197685225	0.580754651607919	0.669754623454632	-0.82563602477296	-1.06373649063388	-2.09551781877343	1.54804796951071	1.49209984510973	0.113845199626868	-0.62940985939612	0.297143046595863	0.0748665481777225	0.251850615969568	0.373579421045503	-0.125154116463343	0.0593384633140458	-0.543861174870285
c.2.1.2	3.40716339910507	-0.0798136138508839	-0.0416292954303439	-1.12517703707416	0.975002657463832	1.77847436969114	-0.85167856526186	-0.498284243055985	-0.748830845353255	0.0821909744765524	-0.200915776418386	-0.0788433861922688	0.196213911158913	-0.400161028052536	-0.376923137018898	0.881404422307768	-0.653553434475908	-0.270525803478082	-0.792042273071422	-1.13076619080523	0.194472705372594	0.214245917651986
c.2.1.2	1.58047864438328	2.24646941539598	-2.22305979884856	-0.0596153603257197	-0.0287142350204216	-0.669514182298267	-0.711812048816621	-0.597194018498525	-1.23439601703338	0.164096196501274	0.801389680272955	-0.93954466022727	-0.4295087888535	0.926069855860129	0.384878021193297	0.765316442046449	0.581307120492277	0.180761797565631	0.555294598037923	0.0442902964578418	-0.341270895080046	0.497713336151929
c.2.1.2	1.73116140038551	1.91252864605778	-1.87281107903194	0.127972838245607	-0.492790727214542	-0.302857965104898	-0.340429402746525	-0.154060262407385	-0.493753077251199	-0.194065006863707	0.3086125520854	-0.915694451100561	-0.415555088439466	0.533842888730832	0.182329192213875	0.0760510954944743	-0.315767888738643	0.671516614753566	0.244306929820963	0.631486945717704	-0.875060314047095	0.308175001773107
c.2.1.2	3.03580911047847	-0.354133103994685	0.999747476333622	1.68841244298601	0.707074804289519	-0.963405158236447	-0.199808027896397	-0.426698902758684	-0.898477452956869	-0.0392490033179544	1.12779843483582	0.95584401787074	-1.04847588461447	-0.0680749064907926	-0.509658941615512	-0.208970779537619	0.181663235987697	0.128205919723582	-0.192851883638644	0.134744773332631	-0.236842686275432	1.95863942348342
c.2.1.2	3.08808334549738	-0.546609137181177	0.95211669146244	1.19935643520303	1.18025246523387	0.31928243154595	1.0412104133319	-1.17707505114721	0.0281702797273214	-0.334708140898624	0.195106229250789	0.145172232963718	-1.17420021941724	0.00412147726440689	-1.3544991371907	-0.201659762896021	1.41239072599391	-0.391372201843987	-0.205767845657396	0.959765132728939	0.539444167261811	1.20246940604668
c.2.1.2	3.0113582593117	-2.66214734945251	0.477484479645281	0.316459878944112	0.225800637079633	-0.747742932099197	1.69523263833819	1.28773897932684	0.0165201313521864	-0.947679877555569	1.76419784651507	-0.272181440914526	0.849642584268641	-1.49394804051644	1.03948642324221	-0.739314585142111	-0.198520702437462	-0.18905440943305	-0.0288228215619558	-0.328123800464015	0.81884286798973	-0.510520326621867
c.2.1.2	3.53155635768926	-3.02297915462888	3.12377736731402	0.181480543491305	0.11267807537381	-1.97266553966045	0.793056304647529	1.3928882399009	0.457563665881904	0.0216047550542235	1.06219270944348	-1.00796394533267	1.50698544548347	0.444431193801437	0.371374509617399	0.366015276504604	-0.853901694907029	-0.346902123449335	0.674827647730595	0.0779137372573659	-0.0901790154164431	0.0353156111359722
c.2.1.2	4.71015221834318	-5.14571547827718	3.96259661991877	-0.184167864408672	2.27675493820844	0.817957012186076	2.67775651985594	-0.176503727302103	-0.652791102422308	1.35274220905157	0.462038627762249	-0.244933923411113	-1.2286453651333	0.19469310683465	-0.852606868548983	0.568807659388363	0.117468818252705	0.195296825158982	-0.642342982005101	-0.366008606818085	1.48836726057043	-0.685534845776389
c.2.1.2	4.17686201532045	-4.30574184703525	3.31256712675075	0.318979383609832	0.588976143059137	-1.27946566986282	1.25262167601908	-0.313305846021777	1.08611140799635	0.279132963358431	0.0464034430382189	-1.0163662637044	0.0254499190214396	0.475470187215498	-1.4065593358671	-0.0415586025397806	-0.110876185742009	0.201849904910747	0.124550568922686	0.693277995571144	-0.481679441607305	-0.214946872397138
c.2.1.2	1.38798961243346	0.660685094423552	-0.768968995632007	0.884086448702638	-0.876509334365095	-0.923741761061185	-0.29857966948559	0.342534904722821	1.18547039376719	0.422295623893766	-0.18403806851738	-0.403596682709318	-0.954310589106004	2.36294924265108	0.191235814636678	0.24756739813963	0.844305714939507	0.133463365305671	-0.883475938228722	0.428835306802185	-0.203764040368131	-0.645323711365107
c.2.1.2	0.973612336095747	1.29862076483505	-0.977631597356334	0.150715605080662	-1.11034458900573	-1.16205680085973	-1.43514616344657	-0.362116401840238	0.613842784419411	1.09907063133164	0.0131557184379065	-0.315442907260476	-1.25772140759297	0.127074484168056	-1.64788106231264	0.17204614229596	1.57151449510092	-0.290180928483407	0.0997343618818082	0.120412957460009	0.402829692471458	-1.15978815671728
c.2.1.2	1.60930495200626	0.046012168415057	-1.60306823403947	0.336443441339238	0.0103318851895339	0.620501112648543	-0.497268171071694	0.557012236938542	-0.943162601583184	-0.0813365207239271	-0.660704304661424	0.274554847233245	1.06493206480116	0.200670720970602	0.0923433987652718	0.874552889716087	0.946088778111586	1.59027038739708	0.216748672506823	0.0870287416433781	-0.503330260890296	0.664671431325461
c.2.1.2	4.18678138098672	-4.25288029516847	2.75479289595294	-0.329595633770632	2.48487446059936	1.49594241570746	2.58738929703609	-0.444649166336598	-0.538842351312358	1.39397278255191	-0.448378639552185	0.320830575521121	-0.636417791952478	0.668497795026125	-0.0228107201013241	0.450952287110543	-0.147937070632406	0.13539649465963	-0.0527657202189219	0.0460718703981895	1.01732868180191	0.0869661768071796
c.2.1.2	2.65244173128805	0.27607249106376	-1.0633852386103	-0.364750991082887	0.977054892542834	0.948094754938076	0.645899120439889	0.00459689564136563	0.11604472603496	0.137401574614821	-0.422533631042924	0.19912227460808	-0.275151266752429	0.0678306964435353	-0.271156555834767	-0.476740401956938	0.937521045842652	-0.0602701838725412	-0.567997822403652	1.1356680284715	1.03804320622883	0.148045938833198
c.2.1.2	3.61514464565213	-3.14245282230466	1.24547897067596	0.700976359683081	0.806359690239982	-0.16183365753214	0.961575404119116	-0.433357109249058	0.74441266535988	-0.141522271555354	-0.521314095212947	-0.55415122226925	-0.440118702370963	0.722326369630506	1.22592237598072	1.28322896145137	0.357234289846167	0.434067483238531	-0.834883885056786	-0.847919779833397	-0.332367589818904	-0.694571410432036
c.2.1.2	4.40471394805432	-1.71048622813517	-1.79812422285349	-0.618872580593358	1.54814796475316	0.755739272464586	-0.8056507934471	-0.162150797574096	-0.588806765655454	-0.406189818385901	-1.07186126867613	0.695221363702742	0.311084591650132	-0.743857010334893	1.08920600962555	-0.754252271560082	-0.197418691327845	-0.745741047435867	0.447745955362841	0.677194240317792	-0.441023892226096	0.359780461814401
c.2.1.2	2.03685029052707	0.222112111383926	-0.660830869775336	-0.56894929835809	-1.5406018576863	-0.265577445693426	0.559565302892059	0.826094016160285	0.119438361153532	-1.43196370175308	0.159094286498383	-0.814294342564151	1.07310813153691	-0.549036574062292	-0.211426346607269	-0.844470414108311	0.248709476086693	-1.17222556759226	0.361136671775067	-0.275754677125897	0.761459716764253	-0.180013356273405
c.2.1.2	1.73049230864564	1.75960218681406	-0.24768838485597	1.43500888836692	-0.546866903769499	0.436163944644197	-0.449966945820085	0.65372203989282	0.342768739679864	0.00869321768537311	1.21433928782366	0.738255958252879	-0.480382518868867	0.822235667131666	-0.672449003903424	1.41217737653271	-0.923881020831747	-0.23885253871905	-0.318838320787576	0.715888064175133	-0.392251345552272	0.373930857778323
c.2.1.2	2.0094797050819	-2.7429000914167	0.67100722466983	-1.32046536465875	-1.30334927067777	-0.549275788840144	-0.819545351158092	-1.08166706697853	0.495144617397481	-1.04677459797952	0.513470655423074	0.875075857284898	0.913751246240601	0.273961830247382	-0.19171804434892	-0.133767580615252	0.48270615830037	0.568328436215487	-0.893517803596912	-0.918819533499307	-1.32760727061273	-0.0775111956852406
c.2.1.2	2.99892000006822	-1.26067060573622	-0.618117015220237	-0.202928851297076	0.694084995883131	0.596931740093962	-0.979373247550421	-0.284484246574494	0.289686791552471	0.808619725396158	0.731410437685248	0.20343370691772	-1.25519067841029	-0.253857190140887	-1.61542422108909	0.512136121951806	0.911404613932653	0.108578672461041	-0.325507528166116	0.694262840071814	-0.821900709446441	0.36319769726618
c.2.1.2	1.81867426257216	1.21943074752171	-2.24916483853579	-0.504794737038976	0.742808502618535	-0.631037594467949	-1.93913595683047	-0.14748790476477	-0.449390995704821	0.233693987445776	0.495233476506084	-0.955530578903905	-0.00373520625169604	0.668479415810218	-0.293868643793182	0.7511234676615	-0.450334566764293	0.408407857133945	0.194836082933883	0.126368504480312	0.140138974312689	0.0794852952780653
c.2.1.2	1.95643450322435	-0.415569976849692	-1.04534255843689	-0.49529629297849	-0.0506190321792543	0.881487800209402	-0.275615454182546	0.515844467232278	-0.1732506622433	0.0697462561693426	0.644512908463592	0.0505619130531126	-1.03036844164724	-0.300747966522389	-0.665876046034559	0.157958953964706	0.944817869486088	-0.410813379179919	0.883253095502729	1.02678414957446	0.151522142786078	0.470904566467325
c.2.1.2	3.23204033730454	-3.02781947991757	2.07498240170055	0.722910749720198	0.279643592309698	-2.36554196263139	-0.276257019438145	1.27138115005686	0.792770735126354	1.05410698883316	0.605555302197216	-0.130082617895958	0.883500979558886	0.00147956933953497	0.211448285042006	0.351649205569586	-1.00719877184182	-0.452567135032964	1.11378239622217	0.784163588056498	0.158517857817085	0.731742681521833
c.2.1.2	2.28367067701523	0.984415193797613	-1.65901538922178	0.392697266519001	0.524546488098228	-0.389651958607491	0.192203855166717	-0.289519893987746	-1.58885651301717	0.50249810463426	-0.599221811382155	-0.324772242738402	-0.163719957196024	-1.12549276093717	0.0536218181348624	0.457054503123891	-0.211871681213352	-0.668925629327822	0.594046411367618	-0.425278713301776	0.840190744164581	0.488515368392935
c.2.1.2	3.55592456249389	-1.97262051311863	-0.465821957049411	0.229351240862571	-0.0404596186797816	-0.381167906023875	-1.10458582325181	0.535170296886912	-0.379493894247534	1.10308811510872	-0.819585404244612	0.844676733174816	-0.386848503012896	-0.63994022429446	-0.497589350858527	0.0724976184759599	1.25155722231575	-0.17579128004801	-0.365890007414666	-0.302150412026972	-0.176227516104032	-0.390945294308342
c.2.1.2	2.69201396301784	-0.576531886238526	0.794030361833744	0.83774837462951	1.5947959001034	0.343475651099387	1.40627628426592	-0.167593024813346	-0.88916781028428	0.0861733499600561	-0.547097184182556	0.122233376593328	-0.25591249117984	0.465459168705693	0.481317855353988	0.459744357752175	-0.784722114290523	-0.930704319224598	-0.889748855909799	-0.943924785001762	0.83975002912208	-0.142834821945351
c.2.1.2	2.25603627097125	-0.325717985205259	-1.70274641919953	0.00413912865160381	0.36763344911979	0.475899365376064	-0.587034980455424	0.236072259454935	-0.592626878902055	0.26849118874997	-0.539512823270959	0.0569012736062127	-0.597877591090518	0.0128148887726135	0.193732494663675	-0.0890810977014334	0.138599845102235	-0.875826481589973	-0.0566773188661645	-0.703147733776346	-0.0901329066467985	-0.314047525601324
c.2.1.2	1.49281765160271	0.301200527524226	-1.60337241037548	1.14822722485264	0.102449108007309	-0.0369838467972047	-1.27393263659576	-0.0350619307475031	-0.238702798546951	0.41638765198825	-0.3755485860393	0.427732393126659	-0.20237947933373	-0.409253409879871	-0.886025469032192	-0.199601394542736	-0.0488674352361429	-1.44721302711935	0.94292406095626	-0.173510606347706	-0.184212889521024	-0.643033148936975
c.2.1.2	2.56088877295964	0.156791059161742	-0.433618204417542	0.501233155431255	0.457273214243462	1.45393032470007	0.25694177145096	0.510357446696632	0.383084019024877	-0.390566897610825	0.0919725522546837	-0.127945290920063	-0.128931936743182	1.38524804648548	-0.95916881570893	-0.505103607305016	0.315845428108029	-0.520690379600499	-0.595160553071418	0.494346317838927	0.0337212085379024	-1.03830375959709
c.2.1.2	2.61422683841272	-0.0778815684553213	-1.7717600779786	0.251835506772611	0.0392570128092689	1.12580265726884	0.559710730764276	0.668309336220213	0.320952576417172	-0.477126283178802	-0.74563244341239	0.340212079414797	-0.22190485190124	0.569079157483347	1.06477928704698	-1.52969806021229	-0.374049506975621	-0.986208091487674	-0.26787620095972	-0.051542326128424	-0.0962503081267443	-0.749589191982493
c.2.1.2	3.63050641473094	-1.92814370818095	0.420548503936951	-0.723399810548521	-0.600433283958921	-0.44785306192779	-0.456313674880827	0.51913267738569	-1.06833726407477	0.0851121128531234	2.29423931973516	0.0468405679115465	0.0169639791749548	-0.277973595351147	0.260644815959773	-0.426167720383967	1.80439457619451	0.371512664374434	-1.19494468841836	0.688543846944024	0.517532573797166	-0.0636210592752062
c.2.1.2	2.17388771072176	-0.78187770591579	-0.2957265205885	-0.447019365184028	0.255686685753994	0.74413575398964	0.347121710394507	0.906384566746914	1.20331303487422	-1.82999492428874	0.434027412859876	-0.644754161458162	1.25344237632823	0.396319621710474	-1.08423143969095	-0.430730254964803	1.18999864367618	-0.591900778049705	-0.179305563379174	-0.34856711289558	-1.01747788706118	-0.463093514585664
c.2.1.2	2.25321595367141	1.1395774220911	-0.559168915081509	0.168084557326361	-0.593249553607216	0.0814617333887445	-1.83012890287672	0.699210240871731	-0.694375629660716	-0.76483726205862	0.371582852599104	-0.562319606111137	0.618670395869828	2.46918916072318	1.77913074707059	-0.0799282922708731	0.393463764725569	3.09603032567472	-1.05526283103165	-0.262533937526053	-0.609011553475995	-0.329065298677078
c.2.1.2	2.07675625673141	0.391597815749232	-1.0873240899068	-0.4944644453253	0.434206066114539	-0.757066279909713	-2.1395089645595	-0.747514474330317	-0.149396565904091	0.484679021704986	-0.59842936050515	0.254200374459263	0.521992444895029	-0.653081113889511	-1.13103350441664	0.890621107994294	-0.648696503256882	-0.288005146232174	0.0532812146911157	0.442788990177343	1.07561042353535	0.0272803012627382
c.2.1.2	2.61741359533311	0.577517565311435	0.624376929261992	1.0124905143013	-0.600286712656882	-1.72339188064091	0.264710392575591	0.992645947841255	1.20688175713149	-1.45835889285261	1.76159282862977	-2.78841384839065	1.95823356263504	-0.997525712232425	-1.73081988283549	-0.204852940965769	2.00742044661076	0.241299464346192	0.186404193472963	-0.88406647921826	-0.249955765648992	-0.688980100942512
c.2.1.2	1.14569351066192	0.205076342974983	-2.04272450029456	-0.163185993894086	0.845389998758042	1.04135318936085	0.0265756175116118	-0.282950615435543	0.377247535003053	-0.357650995233652	-0.663769369525665	1.24307929773965	1.12268017053459	-0.119812960157974	-1.1539406966471	-0.697517691398108	0.140170928088502	-0.0606527003655185	0.488871737851554	-0.0975272085809579	-0.303347092891988	0.151219009574322
c.2.1.2	4.31883214140442	-3.58463817222151	1.69264587068561	1.08166260516307	0.713554607991989	-0.481017435568427	1.45359731203798	-0.00938889207428072	1.51843490327252	-1.22880830097451	-0.991842694480428	-0.162033752784968	0.472113597311413	-0.38256099388327	0.498259931406912	1.118097411788	0.369733410559996	-0.501356368798735	0.34828211412758	-0.0176314250585652	0.693213070528374	-0.946030330095305
c.2.1.2	1.15898098614703	0.770166122984736	-0.370763566836408	-1.80644992479365	-1.01763264706658	0.773477010492532	-1.48872129803242	0.356708788087528	0.426409113433044	-0.79818159676188	0.0615575580859192	0.16771655622357	0.596669926986798	0.896005419577457	-0.00606102454011364	-0.564684103586887	0.192973591795426	1.02991476023549	0.033340551924395	-0.111461531948621	0.403163369796398	0.307809005724675
c.2.1.2	3.22017838897746	-2.90279649596143	2.35773601161458	0.636446645741146	1.10729410434674	0.136778406574741	1.15413980329396	-1.53571327439768	-0.589361226197437	0.0676864309906055	0.547639383480785	-0.0412745755556992	-2.01825472254782	-0.811046521805726	-0.653259536643373	-0.0960254495943228	1.28246981408161	0.784459921946711	-0.457229326338495	0.47482221424638	0.0782246305181345	0.855137568187753
c.2.1.2	1.84875392134689	0.819792447648606	-1.66382124495134	-0.324222953699644	0.501345770945825	-0.679884049233551	-2.20818462700351	-0.970971259151466	-0.193160118777967	0.138888361076218	1.10235541608194	-0.610006281082208	-0.71963489639944	0.178570797198486	0.355389105995003	-0.509088596955549	-0.560831488672241	0.73277534115864	0.965381190069197	0.359059064749459	-0.56916994032323	-0.55410106733075
c.2.1.2	2.97143422701311	-0.14278776317669	-0.449764284135198	1.03945372824349	0.387444553921049	-0.538297043521112	-0.446186235121262	1.3199889906886	0.0410648612343645	0.149745111933039	0.526382951158353	1.13576219409625	0.436779517207387	1.02952604003744	-1.08739284880643	0.637546420463742	-1.09228288221589	-0.662958171884473	-0.312262360059876	0.598593743862618	0.307412985039419	0.994764270035829
c.2.1.2	2.4608042685059	-0.0297074311763896	-1.55524982608442	-0.35137725683749	0.757451713386996	-0.266470495153513	-1.27778189431224	-0.531600332229637	-1.00512415455755	0.599551186610678	0.621488342565016	-1.43046241954583	-0.907561724371335	0.392080534301718	-0.358669205802663	1.02495406222771	0.110518670592048	1.13093309018633	0.0177177224420473	-0.0376938637729294	-0.337660642605645	-0.569980874504685
c.2.1.2	1.29134282157834	0.0551123309544995	0.384340052909005	-0.326450418131833	0.839325257825438	-0.942975936980939	-2.23950220927281	-1.36346403444818	-0.603092763212072	-0.0423460137429034	-0.442801796150946	0.067547267353527	-1.13781715410727	-1.25200974367518	0.131804498104257	0.321914763692067	-1.02916462965425	-2.1470320513172	1.74917187303572	0.811702438632356	-1.04043363124667	-0.508429816712245
c.2.1.2	2.78939935755933	1.52926995049379	-0.88650447032629	0.726582273091175	-0.955620477691311	-0.606566799912101	2.43106919289792	0.688365329280598	1.71619641588531	-2.15957527422342	1.88460597532974	-2.33921311889113	1.98379226175798	-0.475819478567422	0.246642891922285	-0.254746742295904	-0.252667421579245	-1.02234386877594	0.357011386763938	-0.385480617704611	-0.33855816303981	-0.0675425511219919
c.2.1.2	4.20719015435899	-1.66847212141668	-1.16001326218234	-0.697670840678793	0.735774053819958	-0.858172362789204	-0.438826379724771	1.13860639001705	-0.461077098679904	-1.88015402298925	1.74828691325126	-1.06784590171975	2.75503933935114	-1.73015896039442	0.857753824151506	-0.350786249502311	0.213536127999108	0.490549673807498	0.218282261018968	-0.441866216851404	-0.835412615855756	-0.420122254624612
c.2.1.2	2.14983859477646	0.771041945685653	-2.18092005105854	0.740917915454373	0.00157350528291191	-0.152176305995168	-0.711500709081651	-0.587456082806887	-0.12381281129516	0.599672778617519	0.108554378518551	-0.337816105837932	-0.608460473051921	-0.126125860762652	-0.475171110167437	-0.958038311127782	-0.227582614501226	-0.615071865727008	0.186916895930034	-0.597248724538053	-0.560082082424053	0.4759410550598
c.2.1.2	2.66011353240486	0.500730071293501	-1.26533200520248	-0.0315680896202373	-0.24405305718593	-0.200062736039226	0.131370429884032	0.141522077700975	-0.751313931067467	-0.0446943091801643	-0.71651032688523	0.143439424442548	0.238090180386094	0.0316786266640308	-0.246554066588988	-0.451382614224188	-0.00939088308726019	-1.15803409007541	-0.0742050103110014	-0.166932609789689	0.397531079036897	0.323304158624461
c.2.1.2	3.70923308753494	-3.68980016484061	0.860634494707211	0.253476467773542	1.28604276477848	-0.562634745989127	0.138094125418738	0.661442589135013	0.450063427213109	-0.179384808116914	-0.3553326588402	1.30347175540294	-1.16515898999506	0.264690247894065	1.1909513204208	-0.322032740360318	-0.958863520477502	-0.21775984718579	0.790544250694142	0.456500003740398	0.674500544763356	0.0647213219440421
c.2.1.2	3.56168679258654	-0.952246679876876	-1.23744513638688	-1.3572720578186	1.37370241863219	0.823027294495168	-0.697434739376325	-0.643009761641602	-1.10034127303813	0.358218741322846	-1.7064364356412	0.637889691377262	0.351592158024391	-1.69211317738029	0.324942680838867	0.392192957546524	-0.316070282674286	0.649699671155507	-0.187406955281679	-0.922562949754301	-0.58107281033196	-0.0523023348075454
c.2.1.2	2.16926021342296	0.764878561791701	-1.9951186863177	0.0927218536402487	1.03368661235446	0.193845155203183	0.468850676153608	0.0749818831144483	-0.140659052181566	0.311222828247132	-0.642614984192508	0.471368072138415	0.736064888704503	-0.154513106876975	-0.0940560096260901	0.0399878741532064	-0.158411484036707	-0.950063627406267	-0.141477439241023	0.618601614632403	0.427852066318435	-0.0536618303184695
c.2.1.2	3.26349652610135	1.74685580948152	-1.32040283456335	0.0217406145897361	0.0518128528974617	0.593724108044244	0.270569921591962	0.269182234444702	0.821085916661717	-1.04723522844406	0.429897920315639	-0.883415739938464	-0.68402391684013	2.11855968120127	1.50264167710956	-0.221435240816649	-0.715125124724916	-1.05799753880162	0.010949704826678	1.03714995061794	0.581739731238634	1.03948415957244
c.2.1.2	2.72393352701195	-1.74689960887151	1.48955405709328	0.303416384285059	-0.587242333760378	-1.1221454014106	1.77698028330738	-0.715551353465378	-0.755912336242046	-1.06487795177765	0.591873581194147	0.39183342084884	-0.910087174117832	-0.461701004979989	-0.666593442574534	-0.14067950836973	0.66820223746771	0.415879673518083	0.0169320903892766	0.187655376528526	-0.110694675829116	0.121274790612196
c.2.1.2	1.88985226446503	1.48537502128933	-2.24933517334432	-0.045559183110286	0.56060402797156	0.0450100822088369	-0.602182425847373	-1.03751762258871	-0.982376650521838	0.454136867710202	0.271740885003154	-0.077234090295282	0.241297851608379	-0.963135246827782	-0.177587627526603	0.0172342246366408	0.336372868751389	-0.108396353303088	0.252331741080731	0.379484012543899	0.0015967911514674	-0.0432291671255871
c.2.1.2	2.25026704965485	-4.41605670465775	0.797089882376278	-0.377291536423831	0.69252435239067	-1.50548989905052	0.236780552997685	0.0138182788528261	0.498388615098433	1.14754602086576	0.784338215283807	-0.216536880179735	-0.576380365863762	0.615381749409452	0.659524232259778	-0.357809545887848	-1.17980753143127	0.0884650521314762	1.59462883318523	0.205226612905873	-0.097236984306744	-0.432555099635688
c.2.1.2	2.46803195443223	-0.0900156477609415	-2.29648904436184	-0.678268627074919	1.78609685968398	-0.0824002996685775	-0.580910244407786	-0.571666530929147	-1.05686989753713	0.0729881414382642	-0.329751309307847	0.51379288185403	-0.286659643802679	0.00295341200423487	0.233731816488451	-0.413735397166933	0.0652250789275392	0.192030351150975	1.36143937321904	-0.163124325095816	-0.758925897323958	-0.883137156959532
c.2.1.2	2.55805160578163	0.139656241373788	-1.79663191539611	-1.23395086907422	-0.337999539033777	-0.196595910523068	-1.2363104569719	-0.521638872030931	-0.147417806614639	-0.82855743780534	0.294088553057753	0.451786817138955	-0.0624585246385422	0.999620491417972	0.241140732877872	-1.67004825725151	0.585472973274312	0.284063319615441	0.702733817684401	-0.258609272036384	0.0138196274180844	0.717103810034549
c.2.1.2	1.49119258059789	1.25564029468999	-1.00143048303006	-1.2592952890036	-0.418826774793261	-0.453337875694553	-1.29733244753516	-0.763609142310056	0.0485570660629045	-0.0105777473547242	1.17147726080661	-1.84583193343063	-1.87939183839635	0.054699645365142	0.250734326649463	0.192035565436523	-2.27769616921996	-1.59417416731754	-0.267581582471801	0.30286969620555	0.76033509651866	0.0447196631972127
c.2.1.2	-0.620428342890811	1.83527714628816	-0.793503936071943	-1.04595386058791	0.451484341822344	-0.600840051196413	0.0191553421150046	-0.332625920729508	-0.156336032260895	0.771522212217363	0.328493752082219	0.0488873863779632	0.316066383810821	-0.231247423124218	0.70070211073204	1.31938432015635	0.802842386717621	0.353077078190528	0.723357633310311	0.0112284537431713	0.316755199224099	0.379558460304112
c.2.1.2	3.87031432990061	-1.16489608522253	-1.18315553836614	-0.331962020924627	1.01589101589987	-0.227648130841272	0.163000170870648	-0.0213350066486643	-0.869053568399985	-0.439355308438547	-1.32620942120384	0.951653934010901	0.673486498129724	0.733285362443957	1.57447131832731	-0.0983798651268609	0.731364942195554	0.839311273643223	-0.618014021666189	0.448737290862477	-0.0430642130829761	-0.420182135369925
c.2.1.2	4.00362700062624	-0.512330763727518	-1.33044589532587	-0.28056884304131	-0.0975903688272634	0.874375030286589	0.0492834548341763	-0.469124381422418	0.308338875393246	-0.268923617134083	-0.0495377001303366	0.416494262765806	-0.0998049442812695	-0.0602607763272447	0.313205602617461	-1.52407444398629	1.6461368667343	0.665368310767237	-0.461950382719374	0.9259927738247	-0.0103692631961355	1.25012317128582
c.2.1.2	2.76652037635105	-0.387947226243832	1.23486720523128	-1.35685086116419	-0.710949459851109	-0.736721468347442	-2.19137918267595	-0.32825759616391	1.02526391066708	-0.789903512608644	0.222975073623004	-0.603834252763936	0.690965300334862	-0.0952042526966272	0.656179950702898	0.504677185333406	-1.52109385781749	0.448889271833897	-0.471809387204939	-0.268740941581179	0.937615697723468	-0.299164684499598
c.2.1.2	3.01136392194674	-1.34928485073705	-0.17540588832956	-1.76931889957785	0.0721036626177545	1.02081878423689	-1.28379407175796	0.300290423868359	-0.854114072793645	-0.89397485629364	-1.01118007154977	-0.679440923997633	-0.231472829062425	-0.286680340009247	0.500078890110339	-0.27201117398694	-1.16800201784346	1.10279720364709	0.350124764637236	-0.008254960842342	1.46464566178485	-0.0643338596184756
c.2.1.2	2.94169051320485	1.75674060906011	-1.61011146187158	0.86307672541466	-0.189942987556942	-0.0999180214422117	0.403405583988788	0.607753593354055	-1.12804793474557	0.657847710699825	0.914002326565123	0.214258223360853	-0.7314696060091	-0.190768136585487	-0.130121282547387	-0.0209865754095722	0.154131288237481	-0.443492293009232	0.0924922488912112	-0.0774673130555787	0.100942721782334	1.14394163007774
c.2.1.2	1.17732242257708	-0.24209340146027	-0.85715228129424	-0.858369826699408	-0.718656466922221	1.65107628186228	0.0867302455388417	-0.616047897363957	0.235763630472475	-0.30746870644122	-0.0911044061054581	-0.246648549184501	0.212793300954377	-0.278192446369602	0.0848506611911591	1.01938701512198	-0.714839897832172	0.0326624515726996	0.23403655767076	0.394596742047784	0.633875905466721	0.288175863131855
c.2.1.2	3.20788661971246	-0.980977781142964	-0.556713994051498	-0.468323389085353	0.695995387771323	0.553801254524426	0.293607022153186	0.214029850718412	0.386371373285721	-0.929051345834041	-1.95563891173155	1.92923479582599	0.989572543354569	0.157656538898812	-0.866657384581553	-0.155456968158949	-0.590776141214994	0.13798421572643	0.125157462583388	0.570369775874959	0.24496421576197	-0.844100419676198
c.2.1.2	1.40880443073411	1.80454152719218	-2.30884115044103	0.883736511586607	0.321263388219211	0.590306753700074	0.508796343761363	-0.696921008918865	-0.540039133777792	0.0851670542751651	-0.259258890982718	0.615536601715106	1.17383741702198	-0.140697658088561	-0.933132401039871	0.223065292683616	0.539727623230896	-0.409701801281777	0.129176611954636	0.450740922651753	-0.206080503722198	0.403875448741624
c.2.1.3	-4.30315796055995	0.702900906106291	-0.73855145609515	-0.112073562288168	0.355636136015185	1.35451967980801	0.112189158108281	0.0599095859851246	0.654236698429479	-0.729905019064479	-0.244754145798803	-0.357418551155327	0.581479918465765	0.446807822336975	-0.265053579717788	1.05381654730512	-0.52537933758226	-0.455176032150739	-0.875997162720984	0.965609245698694	-0.925450222950049	-0.209607933941942
c.2.1.3	-4.23798363838924	0.285873011444193	1.08187147002881	0.674330066133407	-0.809788998237457	2.45500520344829	-0.654103519867216	1.82325233632246	-0.753179713393675	-1.05931891727863	-1.91462918122047	-1.709706004548	0.369267173529173	0.727353112678272	0.530921618449678	1.04719875269139	0.479988356497805	-0.84646485681911	0.217174251507271	1.76527277539983	-1.44867877872145	-0.622373992929435
c.2.1.3	1.48884671850799	1.31355575706052	1.66396243660927	-1.70131989043396	-2.79634172557737	2.35112711505026	-0.470061403579462	1.12420441834789	0.311895226112929	-0.431223422008186	1.11765913366413	0.203686421032161	-0.69329844650869	-0.983058950472103	2.39451182442762	-0.261138020913453	-0.564179191723748	-1.06293994299192	-1.5166553805538	0.889850823419225	0.293340770054533	-0.214312968361216
c.2.1.3	-3.24133266629876	1.74535669408088	1.75467582080254	2.12564373205908	2.95611428316657	2.31702988848634	-1.78357552127404	0.776770601063879	-0.449506445142171	0.943665200050395	0.253098520029687	0.147152878532218	0.962830880963658	-0.880334382960295	0.396715157018134	-0.622457727580591	1.00514870898731	0.333063624176291	-0.668644363139991	-1.0651504769891	0.223922851659271	-0.631104409211102
c.2.1.3	-3.10758644888918	1.79691709195139	3.47039577695985	3.02148709313542	1.74531809945644	0.487056251539578	-2.27496425913527	-1.90578315068865	1.06213895902592	0.0633010837565273	0.9115216475535	1.70578138455821	0.915271315000352	-0.260852976160803	0.226001557366952	-0.0568775172284621	-0.181634582094933	-0.201310909340251	0.0472618014742964	0.395352021287743	0.500895830587966	-0.625138289483336
c.2.1.3	-6.43500145584129	0.789761537521376	-0.788828594905498	-0.962416254180141	0.289253237497138	-0.948918033944513	1.93009213291186	-0.423427471556799	-1.22465570681251	-0.959049406996296	-0.382914240190674	-0.682915593193359	-0.838507923743073	-0.502540831665952	-0.808806440759294	0.666492573984835	-0.713423313267413	0.176097585102082	-0.955706242388142	-0.274939262179227	-0.586803698352291	0.351294668189706
c.2.1.3	-7.39232674357351	1.01019793394859	0.314893657793907	-4.05300951960776	2.73627401413033	-0.975713656228861	-0.0976089812490779	0.268538088270555	0.833145343412187	-0.511100248979415	0.558158310286554	-0.332872858492527	-0.792766761504513	-1.01600123135216	0.300345547179707	1.09204723137317	0.686215269899625	-0.173463510610953	0.0255643876072957	0.412565379680625	-0.251144287602559	0.451552518514709
c.2.1.3	-8.43027561554042	-0.514789685649002	-1.97087050638997	-3.52754566021153	3.04598483944599	-0.673833446363112	0.587036462092629	0.265546387151215	3.13679112777067	-0.573638093268236	0.323282479807545	0.80052365217954	0.473567997387327	-0.0336077980086725	-0.780501860712263	-0.626474124566551	0.0714380801043246	0.668585579717996	0.147382899254366	1.2929051388178	0.056178629446946	0.389479555315856
c.2.1.3	-3.33394409126579	1.6350052137311	2.53631827656045	2.01833186406282	1.03729412572672	0.543418811860285	-2.26667808818557	-1.8841241050274	0.879299172676427	-0.0736436957651888	0.423636704184645	2.158177786755	1.22367637104156	0.191745942901673	-0.098637466065861	0.61413967729083	0.533809857510521	-0.854112814104582	0.563938547906209	0.0975521704577218	0.316901513550714	-1.3617264861754
c.2.1.3	-1.14556715849189	3.1204789575092	-0.742810727984767	0.0491735657050786	-0.307737471392705	0.329098250839598	1.34681468051824	0.258560639574139	0.121420805982811	-0.121658757424835	-0.131122449477383	0.0619975288657692	-0.410480246986455	0.406536441453743	-0.636190641004683	-0.230310535804238	-0.438097998067178	-0.610297336695734	0.118658242362613	-0.56479653974612	-0.121381945012094	0.21951630225175
c.2.1.3	-3.47792815019096	0.160357682696451	3.32276447231073	0.776030724518054	2.40201488267686	-1.60230051024931	0.21641712369323	3.09500211910015	-1.19826045206001	-3.00976214666038	-2.78957750469538	-0.84740408092622	-1.75493193347387	1.5143342365765	-0.999137152163626	-2.85924102259489	-2.31210484663294	1.08305995481286	0.159808756809409	0.965741724251382	-1.44615704563476	-2.47313256711869
c.2.1.3	-2.32356907441834	2.84160142465425	2.73040108672078	2.61184613747504	1.44442133959206	1.45773464568302	-0.365963153131157	0.177767130431657	0.410484130526557	0.0532685990089538	0.573961836272822	-1.05061066447132	0.0556812453597209	-0.358602968771837	0.539914035462717	-0.0799491978247806	-0.332297641170211	0.647644897521928	-0.429514582688832	0.195923933187656	0.191492720406563	0.690091712377002
c.2.1.3	-1.39030280128366	2.21102859759204	1.41210600521775	1.78106482540661	-0.208030511592265	1.15935844322504	-0.130647127699086	-1.40562893420247	0.834804318422129	0.251101224732545	1.09168101016729	0.516121821881278	0.269430582814041	0.0983093229620467	1.34805284275505	0.556230003378707	-0.388704698266008	-1.40091025586111	-0.758256515182432	0.506471772386502	1.11692047368469	0.000452724165023864
c.2.1.3	-7.83523445518664	-1.74328262172615	0.148819323595472	-1.51988172721019	0.513588583644387	-1.65944911198192	0.811608625478174	-3.10772497486781	-1.91392053503142	-2.10284979367474	0.871368671549735	1.67604563603507	0.850700586392125	2.17468021736483	-0.555409044544547	-0.443010861277725	0.645399178283719	-1.02324569011631	-0.487058746782492	-1.24025399484428	-0.0488416545236888	0.443434916611481
c.2.1.3	-1.89227358149921	2.25321891786615	0.342076699548054	0.740778692943615	0.463799122787526	2.40421269772995	0.429571107717243	-0.415592432590766	0.828996261874358	0.243679960172568	1.31642724274949	-0.25786260377709	0.089608452644902	-0.26576524913822	0.87856820581011	0.11057867947507	-0.0241216633901488	-0.733342114300562	-0.736945442060268	0.15860754925603	1.13165721656066	-0.00998284488181906
c.2.1.3	-6.50838884713794	-3.06910341404801	-0.342648794896344	-3.17551132762792	0.340285341807088	0.203879687197026	-2.43018748744774	0.110730270023074	-0.894500817925394	-1.30573481383439	0.286205840806622	-0.844875553961129	-0.24270366654061	0.30574174223248	-1.30141529072827	-0.117152108308314	0.188311278213305	-1.82188675591289	2.57796749217991	-0.194749424776402	1.38859922049446	0.0225183000327977
c.2.1.3	-1.81964760678676	1.34903817991255	-0.839699618331237	-0.225077009260808	-0.237175045074032	-1.2601047261834	1.05631851440485	3.98821468607063	-0.149478305905039	1.34998156116023	1.19686744916868	2.25751238805705	-0.252522871048695	-0.115990039121471	-0.475466350114577	1.45337294681572	0.275586143902722	0.218955228748852	0.572320135666187	0.500883993087057	-0.755929436099142	0.398736469415137
c.2.1.3	-2.02217036726507	2.0126252383764	0.638076103926	-0.681717987731865	-1.12873348405657	-0.640547117369299	0.723426143065619	-0.489150877761351	-0.999220777935866	-0.790694695418046	-0.483157453048959	-0.281989162037877	-0.103641116124238	0.910038365260094	-0.806241461329515	1.04221506634847	0.124593060174535	-0.342288302862287	0.556165903644309	-0.646478160567317	0.260056420845473	0.597207902681686
c.2.1.3	-2.27648594701786	2.61596035394839	1.76762334931969	1.01694836118431	1.0213954048185	0.410293468838552	0.33584621624967	-0.176614021382292	0.425027837398272	-0.513849514439729	0.219782368253954	-0.0623913107371481	-0.120321203187714	0.218169809795696	-0.450644037559615	-0.927654974445122	-0.212552544584632	0.717002587535096	0.125069332742836	0.0235060165345135	0.264836488215122	0.0167519101979335
c.2.1.3	0.448435587364057	0.675964003688397	2.87853592090158	-2.16616247913541	-1.79682491798301	0.153032424009197	0.53526245697945	-1.11116528330432	-1.02499025125295	-0.187815963199167	-0.223957600916033	0.198682541385017	-1.20178214970861	-0.92159223676744	0.286623018380763	-1.09269520580711	1.40230592894396	0.524691390182702	-0.9121078451825	-0.868961652931128	0.513093983387311	-0.634799564798483
c.2.1.3	-1.97874588638931	2.21309568878233	-1.17979940890443	-0.874985497687001	1.04950042696642	-1.1595712938827	0.849351763563708	1.39188290621274	1.31753316322527	0.809132298549588	-1.31676362110628	0.32558449652818	0.18623271092059	-0.202346175895225	0.136297152838637	0.703266737899041	0.770614197858718	0.308135019214726	0.706499398830591	-0.268463676828058	-0.241574496723151	0.254648817505969
c.2.1.3	-5.61552088016531	0.321520072265439	0.990197402777836	-3.76099136787795	0.288820491510806	-0.0412818170607246	-1.94560667539549	0.635899329164228	-0.918294631670918	-0.239974831434857	-0.143562508642572	-2.03143739576769	-0.661880420150148	-1.46009997137299	-0.677840697041383	2.13125447357396	-1.79227479313546	-0.0714800558534533	-1.51843927069652	0.25121604452362	1.6635234666167	-0.10273741984288
c.2.1.3	-4.29926741948944	2.00877187920044	1.11454091089964	-1.13542634607904	1.69396586409973	-0.127467097708069	1.43323367612001	1.03093649873339	1.02163522850727	0.384690411160634	-0.290248095684073	0.3783659496978	1.0138459378988	0.595366786606066	0.934193768213889	1.62189630201317	0.999078166729213	-0.0800562855953518	-0.711637481463106	-0.662706342214656	0.587212501274953	1.63375011860647
c.2.1.3	-1.57849248411457	1.98682780672916	4.3193846151597	3.95774613659208	1.59080716543006	-0.989614073509966	-1.40597986562943	-0.828151401337555	0.534701888886295	0.0953554347288468	-0.402008494013166	0.352343863840493	0.105783267581642	-0.17895248456585	-0.112304617328377	-0.0634088078484996	-1.05348546941757	0.477611121187022	0.615627735392522	0.0737423868212559	0.0428170678581617	1.27796632040643
c.2.1.3	-3.56447995006924	1.89366911550986	3.52690720552772	-0.109044396097549	-1.00075855934775	-1.17627452546732	0.818642554361803	0.321568469483882	-2.78240309753661	-2.22795609742745	-1.31146301994006	-1.24160790656748	-1.64301423735171	1.1340314397452	0.194877576711004	-0.811474499251136	-0.52685699413338	-0.44595354010603	0.0280973600923153	0.16759077729885	-0.495074437441611	-0.35667230665035
c.2.1.3	-0.732309278103726	2.58911176146574	-1.3548636778529	-0.670792763977396	0.223085711878521	-0.683094018331016	1.51522364115188	1.22236979159727	1.72884784508096	0.918498243061343	-0.891491129617369	0.421059345329156	-0.724342886210241	-0.422865805085801	0.920099385240473	-0.447360892371876	0.9427291031945	-0.16445842894828	0.80315565367075	-0.0335620296423384	0.274369847765611	0.191599671679422
c.2.1.3	-7.98672115487354	-0.996674820837087	1.15561502804315	-0.54136336433494	0.896354990754098	0.401421855908019	-0.268878103946517	0.852688270608824	-2.02328989296557	-1.8022581471948	-0.890584618647416	-1.34520319570309	-0.183243926428566	0.328031071959773	0.665996381270478	0.300986918977033	0.891400892146993	-0.944327596086261	-1.21341351041163	1.49535330250537	-0.892475710737816	0.546921670024328
c.2.1.3	-0.642249308902028	-0.51949427163467	4.27244881846375	-3.6281811088166	-1.78650001043007	-1.01563949920564	0.560373761031354	-1.26278144925744	-2.04629553899529	3.48872182491166	-1.43532322640373	-0.62712113269819	1.94392937582682	1.01970908611969	0.62363320725898	-0.168167342209653	-0.147359133699339	-0.731616928272474	0.751749798441582	-0.0137068304447281	-0.648140065682395	-0.622666709956152
c.2.1.3	-2.77290971751554	0.735657442608707	3.49500729814153	2.93679950443594	2.76129253587236	2.89193388947277	-1.65468077347925	-0.0683923508268499	0.666958368852283	0.760892041149641	1.29967034090922	-0.684599288803207	0.339432802454718	-0.14019492147206	-0.047792807607312	-0.514466769852338	-0.272253995793012	0.470673396366479	-0.907125414909666	-1.11851611846225	0.409202777162369	0.714706374556799
c.2.1.3	-4.83150602104934	0.263560534619014	1.57260573670253	0.672835824860382	3.24022688874944	1.38358434832013	-1.39019178059888	1.03836773470767	-1.06783459898887	0.452079256056274	0.0338237575898794	-0.702302959199321	0.592348137069266	-0.167802447283311	-0.0393976399168069	-0.120451139708801	0.980600083335845	-0.935788030217809	-0.971066002712494	-1.25967994178427	0.282105494913642	0.388333680041499
c.2.1.3	-0.285207128589903	0.126126880286143	1.70340511553541	-2.56355028137242	-1.34302531792537	1.35934255052407	0.370865189727811	0.0918708897372243	-0.0421996490026747	-0.6846796493948	0.473935947138747	1.69002830717966	-0.123810847020108	-0.598830204361509	0.720478043058647	-0.750405167996587	-0.180673454655391	0.157022603860098	-0.599308348157329	-1.1325485732118	-0.726523812524049	-0.378038496321278
c.2.1.3	-6.93847029311157	0.986192306399459	-0.0334158517973707	-3.88398402381409	1.34793844902743	-0.385594070798354	-0.380712260498423	0.861289588038857	2.00476880742714	-0.262928290912837	0.203399138709874	-0.234952500881043	-0.980224087110761	-0.454098478686134	0.658993379758573	-0.462214659165926	0.6874331055359	-0.693779948429147	-0.388302849303529	0.69550871274844	0.637635440501886	-0.285605007578118
c.2.1.3	-3.88947177261412	-0.0141043086425875	-0.305991659881441	0.736940572508034	0.478508359953947	0.409982433169558	1.13503239104298	1.82826681939457	-1.02422100728265	-0.115814871734018	-1.615614025836	-0.653711738574514	0.624399457488585	0.438875186462779	-0.579918051649301	0.245438828965728	-0.21872444973091	-0.240233873588353	-0.326998302636496	-0.359401330734777	0.949968944631398	0.744003640713506
c.2.1.3	-5.53914803304499	1.59440212008201	-0.990532506709225	-2.93081866594632	1.73502760601526	-0.828444498604251	1.68742082658433	0.639553430659102	1.63639995830266	-0.660639575847766	-0.260825732370699	0.156459633039251	-0.169236674714927	-0.1790805541713	0.166557230626326	1.22824640223102	0.376591555513453	0.27171983555339	0.0291266404637536	0.893258974242343	-0.259787979431953	1.21902307156074
c.2.1.3	-4.91577151977371	0.770839765978269	-0.766404910499139	-0.972460239015475	1.52153324534992	0.160444742575978	1.05371109276265	0.364654244117581	0.781017588148607	-0.0720631486472468	-0.331686076295896	0.102241328512332	-0.453062463237853	-0.236414243403258	-0.257330117908836	-1.72093807390187	-0.583272062126956	-0.176943297486309	-0.384427434912717	-0.0724966680608664	0.189832469845352	-0.423413178124635
c.2.1.3	-2.59459010804327	2.50641283486735	3.79556434677515	2.63480503112418	2.29669832095731	1.70399953625592	-1.45131081219967	0.498983242623775	0.0487046187866857	0.0980510687552961	0.378796249531162	-0.808187716129756	-0.107962302576791	-0.190812646764015	-0.197264427975804	-0.709887309794527	-0.106547952495787	0.80667708192942	0.0931512515693912	-1.04986286427334	-0.225422918098245	0.623030472232224
c.2.1.3	-6.93608053631917	1.0971525918601	-1.65354107028685	-2.97715770128461	3.48722372319568	-0.552298513364512	-0.142897208034363	0.633728362462801	4.16959650902734	0.166662263937064	0.217776017554034	1.75593499836708	1.07676907057478	0.350749462554777	-1.16986764585069	-1.12026466216346	0.00225571514321258	0.903306272143136	0.271379965853587	-0.082184234395445	-0.0687182763745365	-0.288406746461133
c.2.1.3	-3.98873042517159	0.774229818900142	0.14402669406595	-0.593855486894175	0.643078648515304	1.46126764771477	-0.919062796155985	0.709404786731722	0.313540870704494	-1.12224296260324	-0.383043767462458	0.288732131666038	0.219957000880076	0.751949727027476	-0.731691524218628	0.905247656603927	0.183366628712543	-0.742491541849359	-0.210889617128258	-0.134497581288768	-1.23489326530486	-0.30799187206069
c.2.1.3	-3.42598939875019	0.835831789672855	1.70624451842132	-1.49210120979979	-2.56046557668961	0.496132500235052	-0.507435082049898	-0.272421561809702	-0.0993355812167012	-0.627928428930048	0.401075781270466	-0.675753268249668	-0.429442323047773	-0.0977684542765907	3.13330692563931	-1.49230472881867	1.45168099154232	-1.93595392189221	-1.4128612043335	0.892058640428964	-0.254155990208907	0.153383072051518
c.2.1.3	-3.70512219366007	0.72421266341215	0.513759324664893	0.882359590053105	1.0105082813163	0.776062211465891	0.237265371349016	-0.447861860570365	-0.31182717816715	0.0895103260042819	0.231754281328521	0.334515175659941	1.17345015450602	1.14227173033891	-0.800941792267376	0.14645830344276	0.114535396307867	-0.241560981707094	-0.539626517407871	-1.45313704597442	0.57097139395141	0.535688955036612
c.2.1.3	-4.09773523567447	1.4055793299283	2.49198675904778	1.44319002158637	2.20324137761261	-0.725326578377745	-0.472056640104463	1.51035830091324	-1.16800516126041	-0.920085553761317	-1.76449869743592	-1.42251684959946	-1.05850851104285	-0.627222471135309	-0.338267455444829	-1.62414435984151	-0.659268318968164	0.90555644697761	0.277816804333138	-0.0923624928943052	-1.29468971040308	0.885623608829231
c.2.1.3	-5.56503440932011	0.779362290004776	0.127469343746571	-1.68965786154163	1.5301737956344	-1.18027683112878	0.730206420664303	1.56790623403084	0.0504289914391923	0.0225036056499596	-1.12263061227902	-0.882372119215319	-0.607740939412647	-0.799074977451298	1.38103600561595	1.22960282004051	1.23086394015474	-0.250841913472134	0.135565882100726	0.517973191041106	-0.630335030768467	0.97717147236097
c.2.1.3	1.21507224052571	0.872761846675189	2.47241065722701	-0.42498065239649	-2.92690783656314	-0.450649881765856	-1.21301000904825	0.926764345470355	0.87662703863988	-2.01276821622029	-0.89155524519852	0.151740181635307	0.388150139307889	0.250106606514207	-0.136196471518446	-0.484315513237742	-1.4096049510011	0.0582239345049482	-0.192779940767761	1.76217005885324	0.823222092892308	1.44657551502828
c.2.1.3	-6.29207426266662	0.459029777982511	0.463992676674271	-0.487375110652023	2.83639720181964	0.886183610353905	-1.0809272545575	0.734759607998527	0.814302084419186	0.20236481146565	0.343303235504701	0.233920460642012	0.519828845488501	-0.451136999746172	-0.407177918394903	-0.36988065007236	0.775153916695309	0.0483541134249851	-0.391133806246677	-0.953452618129102	0.0152819770927729	-0.147565612349202
c.2.1.3	-3.01526947627185	2.26842199469311	4.78118072802615	3.5134214478877	1.08458871799364	-0.686082811029081	-2.46170324378122	-1.8738367213388	-0.0574720023190545	-0.11837524554478	-0.0297515025530322	1.41391791870686	0.739064119686001	-0.287736119397047	0.774740314002234	0.930151970802859	0.284915137750511	-0.49360071201114	0.556814068028676	0.651212226995137	-0.260636977852606	-0.285626244179285
c.2.1.5	-0.597204721759773	2.30064064992346	1.8949165354262	-1.62866248964111	-2.17915716153206	1.54765615483023	-2.27689140959583	1.33175969581042	-0.737253700620137	-0.0654376040281569	-1.46303007711768	-0.433291674113898	0.910904867698299	-1.23680380819568	-0.0867694673208868	-0.283576383513106	1.05612838283185	0.799893070534231	-0.507504272693862	0.80183516903103	0.533053131146435	-0.906738487816287
c.2.1.5	0.863713287178441	3.76056469553819	-0.340681163440838	0.00992015013224438	-1.07815314079692	0.909494338945328	1.44606036260105	-0.203809961641586	0.569325834219344	0.181377605951067	0.165495306573523	0.549743323029727	0.177653483875569	0.0547547607704313	-0.330064465611238	-0.0914267029528464	0.0369499390742543	0.126979164474234	-0.00401261278605593	0.50942064316556	1.2714037229094	-0.825180057907476
c.2.1.5	0.896661776360694	0.754072623450664	-0.194916379747337	1.47397163919795	-0.221636171900503	-0.758524969787525	0.211188253317174	2.01858438975844	0.441617931272023	0.98293405077514	0.312672383996723	0.229760727865464	-0.222414876423018	-0.521612697123044	0.661233921313337	-0.717285018512685	-0.525813580984679	0.986220095786746	0.131694175881831	-0.0494694425093484	-0.451053200732093	0.929610941801948
c.2.1.5	-1.04673952286575	3.39481718411376	2.49544335610173	0.0750611561927976	-1.51664359000126	0.263828173024019	0.369966531358901	0.0185541561065279	1.81856574098612	-0.338145342299978	-0.932547618089997	0.649455825814865	0.295336453014378	-0.642764267798246	1.49897766431807	1.01334826155761	0.515081859779681	0.840373280496777	0.92319192205334	1.60840346777648	-0.917272449229811	0.270665391948331
c.2.1.5	-0.46837181194088	4.53578320673835	2.34894562218245	0.4188403216388	-1.07201642626456	-1.90156244802779	1.45739358392859	-0.850656688947311	-0.111486725698411	0.200888905080508	-0.867329646837782	0.394580592801538	-1.04810546640506	-0.837071612226246	-0.251291758579474	1.15329961086501	0.0480564664945154	1.11907981182865	1.8611149996494	-0.448453692026945	-0.197601367900068	0.174656423151795
c.2.1.5	-0.886418762722046	4.53452650766144	2.78124984624681	0.0348741593798375	-0.91965522901481	-1.60156443270986	0.932586581610538	-0.603892584374667	1.00999555627113	0.183406339630921	-0.858605774037576	0.87855909738191	-1.00376670219116	-0.842647245140754	0.147720505469144	1.26212651983783	0.0982789904743613	0.991288704028624	1.86000910167177	0.114039972845773	0.0255043464558154	-0.172936344751707
c.2.1.5	-0.33939264520845	3.91944246139582	-0.443079664329748	-1.37495784139778	-0.509248652230274	-0.400565675851622	0.93632841742762	0.355066162506153	0.926494160937335	0.653173717404508	0.163844513525652	0.120636483448468	-0.478523250196027	0.627804860209975	0.543860553323035	0.297488506059355	0.380165840599052	0.829470178683638	0.584779035046576	-0.686407647630539	0.619857391411203	-0.744837824423401
c.2.1.5	1.08098012667601	3.07622206080398	0.42840123080362	0.691885356406148	-0.175897128865301	-0.100280704130873	0.126296545066183	0.862873638108594	0.475569390224087	-0.847989357783271	0.164526017082603	-1.03264863458742	-0.722006897147329	1.6763249482696	-0.473865150875371	-0.12338855872023	-2.01735096016052	0.922529904870824	-0.315516524208583	-0.0633998084704416	0.817505233651961	0.143187650230973
c.2.1.5	-0.219783912249386	4.40258619075975	1.27356155688319	0.261028284339125	-0.609847107347293	0.159511918827416	1.12067745463471	0.335605556937595	0.856312441893573	0.533239784464364	-0.205890121621986	-0.655774367565733	-1.1936322175677	-0.879690737452195	0.367396176229268	0.539767701947509	-0.18875649187895	0.897384892353269	1.29996076434671	-0.111208932097086	-0.424589912906698	0.0660039521571745
c.2.1.5	0.147148018764358	4.25714660315269	-0.079958554255628	0.78684038219385	-0.440497384809813	0.597502970102651	1.05656307401025	-0.25663598719819	1.01695847091403	-0.0164218802116412	0.594211176173662	-0.0169363559238069	-0.971677572266202	-0.278957445205484	0.0443042867551313	-0.692714399559339	-0.492622727525269	0.105491633272959	0.940187136688135	0.102579263288037	-0.221848261364395	0.153332337674529
c.2.1.5	-0.366994599600857	2.29225790500857	1.47472965572106	0.550733777761932	-2.29961347151978	-1.5390528332593	-0.339042957512311	-1.30447089528797	1.9114958797046	0.157426435853148	-0.659079597357908	1.73377772667781	-1.06716368125595	1.49484210253468	0.328597029990769	-0.255455685141649	0.118486130536444	-2.21505575460508	-0.0387918428967957	-1.25903630360692	-0.0916227722074892	-0.822744931574752
c.2.1.5	0.25309066587968	2.40917442181314	-0.0407491290813127	0.146541018917106	-0.318574286437377	0.669797970224438	-0.890454119269928	0.744580452766067	-0.643456877575286	0.427062304070375	-1.04777222671838	0.0420380725377253	1.00215187095724	-0.245786179712345	-1.60952977972698	0.728479875203652	0.512276038717796	0.512031679104047	-0.311451523024584	0.341750736567661	0.872619646573927	-0.972630677371816
c.2.1.5	-0.876767669487544	4.35327758514282	-1.03123811863314	-0.934423286028809	-0.481168922998501	0.1253951815874	2.07125745916929	-0.2933455715566	1.22340145374542	0.0125120020250275	0.537639483693348	0.513187057995565	-1.14947772192048	0.176872687464724	-0.342817711802053	-0.724653894521875	-0.340130226826936	-0.527180073852136	0.403754026800786	-0.745029962056093	0.0439523794414241	-0.15359357063739
c.2.1.5	0.942093193813757	3.99238040612364	1.988573480796	0.337338373244748	-2.17376127379509	-0.0738857185813704	0.657504268783898	-0.574358049880975	-1.09477811737469	-0.947580540063941	0.0866368665073636	0.441365064784797	-0.588284921089116	-0.261943354205857	-0.11930594023581	-1.42776050900546	0.0682007099944912	0.615403435118231	0.437462263633921	-1.40509541747203	0.400222050346173	1.11253773461107
c.2.1.5	-0.287709247237155	3.63162336438058	0.289340692471834	-2.41509828467293	-2.01254726797252	-0.132686516330174	0.684163047759436	0.0383046713071692	0.865111725046838	0.223620380999858	-0.059062765389093	0.354474383008476	-0.096919531766368	-0.833928380704774	0.225372410370481	-0.314772270980075	0.101040613690025	0.621256975839021	-0.109029496137677	-0.267507828252636	0.942677878706519	0.00235387137423434
c.2.1.5	-0.351993963624042	-0.0562087887077005	5.1245992319023	-3.03640569852239	0.418517109546973	1.29244394983148	1.49661398212996	-1.69904420474621	-1.84989777800309	6.24289497882156	0.63442817199459	-2.78052594787055	2.17218459100573	1.9409940031087	-1.56767026814767	-0.729467861231594	-0.195557009318605	-0.646529735634788	1.50070503868277	1.4928042184601	-1.09192121349887	-0.340487123545535
c.2.1.5	0.747548682216837	2.15372402034113	1.34438648985784	-0.612394192660734	-1.47139139055207	-0.403211504098808	0.504877620688834	2.0009306547596	-0.554370695775093	-1.10435613681021	2.02783682270789	-1.31643347538197	1.49428134939108	-0.591629262591434	-0.311852158303622	1.90766023470779	-0.119357997821832	0.4974417068932	0.658608483369539	-0.921554426508561	0.783342148211118	-1.70462805964651
c.2.1.5	-0.0386764122925098	4.18853022194617	0.408612460521413	0.874065635929724	-0.635262659361233	0.818561382227935	0.935812524733799	1.59649389331925	0.268944971734263	1.43478496046851	1.13745944028428	0.725764096106754	-0.44635830686429	-0.0568755902297078	0.437119994567355	0.630438848384429	0.370340404446426	-0.458486485964701	-0.107725635220073	-0.560688675641533	-0.152672641845194	-0.421310609055011
c.2.1.5	1.49795295424721	4.05745025936047	-0.498004198473974	-1.13669353414351	-2.16822760752672	-0.960049325562807	0.963756519208752	-0.0980461461765538	-2.54006922284096	0.198572153497241	-1.21842816980267	-0.570358632800558	-0.456971064368999	-1.54636522778028	-2.5853898634421	0.978148216615559	-1.17441329704402	1.44004245581426	-0.368948282722051	-0.626777108517994	2.13593267837466	0.0630896678494509
c.2.1.5	1.35864258642854	3.73091474245072	1.05585202992978	1.09853663050708	-0.0971849777764874	0.996054962935392	0.63624918868201	0.0197050033999538	-0.823169729093506	0.0697590707559003	0.251696328380943	-0.597062661323006	-0.715964863236705	-0.345271828305882	-0.270330469403477	-0.315400226193068	-0.511399783655465	-0.283164812227284	-0.0752419051241651	-0.499288772432977	0.542398927602532	-0.155055182326309
c.2.1.5	0.578774584840181	1.42084881486607	3.9747158224292	-3.72967253415206	-1.84820920049227	0.451736527830772	0.352634200913968	0.673641801009631	-0.0383009627413217	4.91323650838796	0.804808123085559	-0.396440099288085	3.08381471631517	0.719092422538468	-0.0579461508638114	-2.30573663479276	-1.4571928414284	0.261112020597007	-0.289270633538007	0.422874450372532	-1.85816275915885	1.45325053608031
c.2.1.5	0.825730255410861	3.88720322048629	-0.710505550894987	0.368004882668422	-1.44352779854774	0.138692535570057	2.14918577810081	-0.326923239649121	0.139160252439865	-0.0414390389364071	-0.223039564607588	0.794825042645123	-0.477624822188452	1.14488420114933	-0.477826580501721	-1.05273692324012	-0.20688970624289	-0.774975311732552	0.0859729152577978	-0.826498152872723	0.188955857636396	0.269698236081963
c.2.1.5	-0.8446407516842	4.83045009493061	0.931631186634974	1.09458181702196	-0.616926050501598	1.24338518361376	0.23959327185726	-0.199960267199854	-0.538051578302414	0.678049740064928	0.407679543442048	-0.310899869327499	-1.21801372984827	-0.684271800303436	0.0317985826226186	-1.04335332901643	0.551135107164425	-0.251181108194736	0.322736047379291	-0.921566448611331	-0.502626294202813	-1.74496886055353
c.2.1.5	1.00849608860413	2.0042681570072	3.33692593761166	0.00747393976245179	-3.62142662487384	-2.00870507754772	-1.71775377798752	-2.24824979841071	0.119720651007293	-0.896478972859612	-1.58808289334042	3.11000990429708	1.86273772990025	-0.803902005974507	-0.0200441123376151	0.479427505902553	0.674579897567364	0.747310017466645	-0.553124279432403	0.768822938704808	-0.141533424135824	0.256963130525306
c.2.1.5	1.10618991701963	2.80840949366895	0.960912282018618	-0.515971813312879	-1.52305454048567	0.399741334099989	0.32324039797292	-0.355966516193185	0.315756161501324	0.330067509294143	0.18946850552048	0.706878235845009	0.225579531913393	-0.320735471478434	-0.0891436091933252	-1.30003888803939	0.304854655599525	0.342678608789148	-0.743268691594345	-0.939333276622911	0.351066934062396	-0.00794356743639938
c.2.1.5	-0.585142601889479	3.6454975650741	0.551054179315007	0.422931968171844	-0.335871583969367	1.4677091829116	0.0791422781207443	1.63027865983799	-0.342369916324526	1.41415077384499	2.03314057152963	1.14894072994613	-0.632506769839556	-1.03762074327953	0.113041626969579	0.964603106251581	0.342820037895748	-0.15082880581336	0.143306242107849	-0.361629356832589	-0.827325744826436	-0.749917319865141
c.2.1.5	0.0147742311432813	4.49394492898785	-0.668656668107916	-0.0317295204851014	-0.631014815640819	0.886174535311718	0.251752890627168	0.0088463957930467	0.054914375607236	-0.280283721769783	0.944570726244025	-0.553316917355831	-0.904703306277179	1.30538139401277	0.688514244691576	-0.0191784158698301	-0.157665063261753	0.0242010706696245	-0.312304317968785	-0.22945265908309	0.173988097170467	-0.486463097354273
c.2.1.5	0.0739684220348631	3.6950538967578	-0.563665914220293	0.847692886403922	-0.928645225086525	1.40103089831907	1.50993100127503	-0.0231768681016384	1.0936425706073	0.34640004900532	0.0861669520161907	0.406618348497898	0.276289304048388	0.225162269448078	-0.249012200641061	0.451855414565971	-0.1978540345326	0.240806913167408	0.264230208584959	0.209075512957019	0.364819562722356	-1.02290753968703
c.2.1.5	0.848954951886988	2.7335915650963	-1.60038347041837	1.81708608371148	-0.351764268630958	-0.292059535558305	0.777797248578174	0.266447678895209	0.967262673599271	1.16868522356812	-0.598419654739315	-0.510942017157473	0.33373735350365	-0.190706785410568	-0.464072060335212	-0.280915474703648	-0.295563844353075	-0.0669960402630447	-0.58231268893263	-0.0043769630969713	0.11480843475992	-0.168694227070542
c.2.1.5	0.911254656248038	3.51209935478774	1.87343190322066	0.730471957900855	-1.75683360128111	-0.789473444156409	0.534904011129841	-1.07513798904182	-0.793304239516233	-0.711767381776897	-0.777161554034891	1.19736690232069	0.086903744563946	-0.955105889372941	-0.581818525502936	-0.158011137015299	-0.347552105350136	1.24648206224587	0.280845002792518	0.331671851816815	-0.144619162935626	-0.759905917640458
