c.37.1.10	-3.74735982552784	0.928225078142534	-3.08538126209822	-0.531012361257311	-0.543738914811728	-0.701121678709431	-1.63496768965928	1.12542637913273
c.37.1.10	-9.87137649103047	-0.673579140867181	-3.46503280075816	1.16728542214323	-0.0747890262710445	-0.204288425975203	-2.24670426063292	0.323047108217074
c.37.1.10	-22.5667804137605	1.28675776408145	-3.51250223647431	-2.17243602697109	-0.754818868178289	-0.527633016541142	1.83754441700026	2.08975285054581
c.37.1.10	-19.5634770272633	1.13447321099292	-3.00156540677139	-2.19622929009005	-0.82130866564791	-0.633034415223577	1.34392920356861	2.58750988525495
c.37.1.10	-31.6818826899247	3.33755313359338	-1.80846708775086	-2.89281961394934	-1.25461966795308	0.0465918158772506	-0.436311478345717	2.21911576082474
c.37.1.10	-6.39166847830244	-1.99704061636054	-4.27261235653064	2.62206960469921	-3.26218818230006	1.09145974806158	-1.62347414971603	0.412044320274163
c.37.1.10	-0.301814986789885	-2.80704520653723	-2.54951497579393	3.33941386896376	-1.84311397468998	1.00025121100456	-3.12436602443967	1.52973893513596
c.37.1.10	-4.74245124871007	-1.32172210952374	-0.235355012134111	2.34965961811014	-2.01926945949985	0.278967429124877	-0.143339842311191	-0.122707805531723
c.37.1.10	-3.32354416306335	-4.24405842646424	-1.55654611549444	2.0258128094528	0.366818538067904	-1.17391295392992	-1.2253400146236	0.895714141013592
c.37.1.10	-5.56224234065901	-2.34087139082499	-5.06445521571078	2.68220041936357	-2.8773001982202	0.697877907706579	-2.34116169019953	1.03347433870703
c.37.1.10	-23.2615039036745	0.885458931452461	-4.03440090036327	-1.8942579082809	-0.481983020089607	-0.401797670831404	2.18227405599811	2.22944864603046
c.37.1.10	-0.626691404164353	-2.95674588620856	-2.45582812412163	1.21956981631168	-2.14950508795233	0.469952236283542	0.771366672442075	2.9070338891471
c.37.1.10	0.399562524320667	-3.18353570608628	-2.89667628252667	2.82487740763369	-2.67346151192758	1.17066324648513	1.12480918769244	2.7588867586148
c.37.1.10	-2.2199198893985	-1.00019052598802	-3.84818460959189	1.56927412341133	-0.615859607952257	-0.362754619474921	1.47528482915141	0.443401583733277
c.37.1.10	8.90455684531744	-0.635430246291587	-2.9843534794421	2.72382462523116	-1.45632115170802	-0.301830988796711	-1.23870745599248	0.500550211831605
c.37.1.10	-26.9423257488591	1.02258027474311	-4.32549043187085	-2.09562514847457	-0.330673497413718	-0.316184697560147	2.45669899746679	1.64482122173015
c.37.1.10	-27.2216317359708	0.796816515616263	-5.068369941467	-1.76150281846246	-0.70393846774134	-0.653142801328322	1.97006645461765	1.47133415290751
c.37.1.10	5.74589557809914	-2.40293589372531	-1.29897556750282	1.91583199696288	-2.52695278592931	0.474295030127368	1.53369534009226	3.10018980093249
c.37.1.10	-4.96591184438358	0.514772973470102	-1.07493287503853	-0.372185410190547	0.367440566519948	-0.0440104712780831	-0.0525339675018289	0.654426014445924
c.37.1.10	-5.88402853687966	0.598517140093207	-0.909053288774243	-0.324598591553185	0.659437564472761	0.487160832540526	0.164646398406379	1.10190625666547
c.37.1.10	-0.0388482019394127	-2.32444310410094	-1.68536079037679	1.99640703139219	-2.40168045871363	0.654446964878902	1.15016577264994	2.84892848990976
c.37.1.10	6.61655255685732	-2.76632895132726	-3.91285477369584	3.57127390721715	-1.50522585722779	-0.0061863934450089	-1.38560858368444	0.677394152606872
c.37.1.10	-3.36706333554932	-0.706546244301013	0.860032473448702	3.30856155719461	-0.162220849304183	1.22680021628443	-0.722104481516461	0.183700436099062
c.37.1.10	2.61942048126091	-2.53170085621481	-2.01147194510438	3.12651721707254	-3.47475738601535	1.08092311029752	0.570937788165275	2.90164067788981
c.37.1.10	-15.4376961077623	-2.65262228736271	-6.72663597726776	3.77332113565054	-5.04861411911043	1.45041941636443	-0.765907301887143	-2.49654332502069
c.37.1.10	15.8713410157387	-1.62200981466706	-1.57251738317971	3.14102214770124	-4.99177753965496	-0.507940646387349	-0.0837381357939874	3.98468584809924
c.37.1.10	-5.4001837228186	-0.63538765180766	1.33235543401462	2.97726219846099	-0.177797942840754	1.58030950759765	-0.423463807606022	-0.62823579183145
c.37.1.10	-6.35508062604931	0.448105800378314	1.25767912034341	2.62133203709989	0.433879410001359	1.75876420009877	-0.139522602443933	-0.24061888572058
c.37.1.10	-1.83697431592967	-2.59847034791889	-1.80053194208516	1.66579495418761	-2.47304758914686	0.38984332646653	1.70799683278228	1.78279759239536
c.37.1.10	-1.96798824812195	-0.909159309229922	-0.480393090288829	0.139352308695821	0.296942910549773	0.21148220967149	0.0819950637196095	0.589644377305068
c.37.1.1	9.35957905509313	-0.853991907288025	3.87422216488758	0.459227242484084	0.961983319141108	-0.669631471516345	-0.876381137085777	0.663605948119062
c.37.1.1	10.6875161074716	-0.923032971199729	3.70087134664342	0.849755595990721	0.269951471806701	-0.418744840695854	-0.853161094367066	0.778813384963803
c.37.1.1	3.3256439030569	1.50991038510708	1.76429258455191	0.15032148888142	2.36890480178335	-0.354805234505265	0.640606869315779	1.25810100692465
c.37.1.1	-3.23525909879841	0.791818996831933	2.0860247611672	0.733516123772649	2.16449510316554	0.344670446195205	0.649769973726014	-0.00060349305820773
c.37.1.1	-14.871777268615	6.97515941386919	-1.82356121003668	12.3757761420865	2.62566923997276	-6.62239026700107	-2.00285301619874	0.175667552348333
c.37.1.1	10.2320101169523	-0.92252721725455	3.36425810991085	0.665226809163962	0.0303083296589215	-0.423225034679084	-0.496065105729274	0.818764556829996
c.37.1.1	5.0079987481631	-0.925462967144506	0.431121261514424	2.84668175456128	-0.334433640137961	-0.113887459158235	0.838635429742019	0.907938831823698
c.37.1.1	-1.90398406460776	-1.4171948974601	0.923912920738915	2.48309311803661	0.99906789912756	0.95780602446797	0.848382739020536	-0.989615432005428
c.37.1.1	3.81621634374032	0.137684551264981	2.60759784206977	2.65989223541009	0.780889397303585	0.299706975768996	1.08494010150094	-0.550462898345533
c.37.1.1	3.79616108758437	-1.34867333929684	-0.967264927573229	3.1541176245442	-1.0226625963786	-0.825697899972231	-0.112686803293954	0.555838845177725
c.37.1.1	2.5249187285132	-1.23384157237397	1.9821001921666	1.32837738293701	1.83201436243804	0.0306480138529262	-0.44269537418435	-0.0283968264112558
c.37.1.1	2.25549573163959	-1.47314183727694	1.62341776320579	1.060470922896	1.8670927082457	-0.40530767368022	0.0991625919481096	-0.523454498603198
c.37.1.1	3.22897420585229	1.60234532770674	0.858753756930004	1.0118711335738	-1.36034663136088	-0.364171856535072	0.291480947867216	-0.451545028853912
c.37.1.1	5.41128641938478	-1.32714700191132	1.08543823259764	1.51957399717918	1.6540633603716	0.00988423971799546	0.80278959256941	-0.434472149915636
c.37.1.1	3.42982573549434	-1.57918467816389	-0.350308135866224	2.84032215481208	-0.121539840606388	0.179896754598374	1.54130110734664	0.869761114970476
c.37.1.1	4.40960547549601	-0.590862560159499	2.30035612358318	1.01507577411283	-0.352281231119128	-0.851278735768161	0.0496185801950567	-0.31004969088041
c.37.1.1	5.05686016385063	-1.23943618209843	2.10844040412662	1.77791010290848	1.50853225300385	0.273547513434343	1.33208724638652	-0.46762954112085
c.37.1.1	3.86400711308084	-0.87059851146267	1.28646675899365	1.16889329903683	2.76652479417154	-0.0392232596324823	-0.353582070055151	0.460233242831005
c.37.1.1	-1.91313836098778	1.17872648222215	0.993351889615794	1.88485084426076	0.0463338841984344	-0.837651981060241	-0.176386210089554	-1.71491029238281
c.37.1.1	-8.71483279632741	6.95031376374576	0.0373983000417884	11.9844639753961	1.89843859080155	-6.6008163232775	-1.74127574042034	-1.18504349962422
c.37.1.1	8.96171796860616	-1.02039629467963	3.4442929593735	0.632923443050455	0.465245427352735	-0.353048901433437	-0.123616823710786	0.445723724061484
c.37.1.1	-3.67715298539328	-0.329888140416605	1.07689543550485	1.78705737558149	1.55196656160587	0.0362203444038591	0.867648772367797	-1.27224913284172
c.37.1.1	-15.3686342828471	7.16457826937907	-2.39510384461327	13.4082393076637	2.43316418132622	-8.18126169131859	-1.57316653364802	-1.89999187702113
c.37.1.1	4.55284153037741	2.24714236179434	3.31372206443	1.07117041661492	1.99237256278487	-0.144171759031959	0.42822487273992	1.12574661678529
c.37.1.1	2.09176702169071	-1.27543147610705	1.84712356410887	2.61965046849133	1.47142759050064	0.837125680490805	2.53940016358583	-0.65351164705675
c.37.1.1	2.70436407084791	0.866281534710485	1.2546425523255	1.71061443915733	1.22860138570271	-0.287105917854138	1.67633440959047	-0.941013173855362
c.37.1.1	9.29548846135302	-1.0050950493362	3.51457517853849	0.465174040519298	0.495174448078451	-0.503026267131499	-0.200335812899416	0.399176464756364
c.37.1.1	4.18449618883783	-1.23738325357501	0.303320057894759	2.23461343218298	-0.386552703425361	-0.533289187704128	0.8163121501282	0.798504078764599
c.37.1.1	0.383253532962674	-1.26200836337049	0.310427797217067	2.25906568929541	0.0397104221452923	-0.2503024881097	1.569259369971	0.105518414213503
c.37.1.1	3.07881977820781	-2.63947028847379	1.09672465194731	2.96508478354206	-1.05717776873914	0.92634077689786	3.24135991733088	0.32377846431437
c.37.1.1	3.48721676056744	-1.18497844085812	2.1895178250774	2.81748206188929	2.25285105021331	1.1998638459184	1.69430659239642	-0.241466981754593
c.37.1.1	-2.10721055605428	1.8703758110271	1.3554100811209	2.16796895316563	0.320807664994195	-1.47925480112316	-0.987542462412292	-1.85338608217726
c.37.1.1	5.28498020460242	-0.0895704280822401	2.49270527328936	2.40279290512041	1.5634917856481	0.118318905819051	2.42790653967341	0.120077141767969
c.37.1.1	0.849035443255456	-1.44170584092873	1.29765267672427	3.12567217897308	1.40690729092668	1.14165616724647	2.38425312283829	-0.753557547121467
c.37.1.1	3.77962999256123	1.34000835106843	3.88893996422137	1.81553886822332	0.655302188928116	0.0631734901718416	1.30753967416937	-0.0677697876898101
c.37.1.1	4.08899407783729	-2.12928584119174	-0.814755412344635	3.44263882254542	-0.289448026757419	0.460554763632146	1.21098411794726	0.658673509743926
c.37.1.1	5.29293269197557	-1.52820570936347	-0.0570241052410076	3.37820458341574	-0.0073120399682938	0.520154741422245	1.1079197616504	0.848138717608098
c.37.1.1	1.89522991237538	-1.31839139523844	0.0670467509817818	1.97694594714574	1.18787850160759	-0.262368029558992	1.91341052438885	-0.860734612734041
c.37.1.1	3.93729655842868	-0.631029497312606	-1.68209736687713	3.17279696408937	-1.48136667687338	1.55931737858289	3.74004465906082	1.81950847903431
c.37.1.1	11.6588424326195	-1.46928819826656	3.54690857189	0.620257343543802	1.14931428314098	-0.764146362071146	-1.25251837863557	0.850799656776386
c.37.1.1	9.28379247936513	-0.993550815539705	3.54981316508931	0.611130679098619	0.521443076856613	-0.30238153415276	-0.239775196018847	0.593875892612157
c.37.1.12	-3.37586295339937	1.53867784271238	1.4663738959247	-2.46433782051168	2.18744560264726	-0.0807772105469144	-0.531299156633977	0.737773958985624
c.37.1.12	2.02811633486498	-0.10201149115446	0.909993444000966	-4.10287189098719	-3.82407575499579	-1.98118407140676	-0.517073524113732	-0.306888880347919
c.37.1.12	-1.50570352485463	2.49887758744558	1.04356022138855	-3.63973964478302	1.99825026943368	-1.02958869251659	-0.214511513682927	1.78271502447715
c.37.1.12	1.59290436842513	0.25352497782701	1.34913240148121	-4.57920316999812	-3.17113851965749	-2.60739568841541	-0.714787260743145	-0.456937154317612
c.37.1.12	1.83180620722195	0.23467306968491	1.41311513360845	-4.453193950814	-3.69320177868996	-2.44082818743868	-0.785154565806761	-0.393799079350537
c.37.1.12	8.36755665969473	2.80769155391217	2.95743519090676	-1.36758590149823	0.185114095715523	-2.17386071598295	-0.736809301544148	2.64841110773716
c.37.1.12	0.940550056627301	0.243959959967961	1.37437644979013	-4.67957965444988	-3.07201558168819	-2.63510371682839	-0.879117677968038	-0.40483492040591
c.37.1.12	-3.37450877125222	0.199485621438942	0.814511247422577	-2.33984255273869	1.16168938768906	-0.378579832039817	-0.598888406771935	0.445718323874867
c.37.1.12	-6.55572835576065	0.620486670140431	0.442744375101058	-3.46186358236835	2.3836719559857	-1.3232139363185	-1.00064293806875	-0.0526663492780513
c.37.1.12	6.58402167558233	2.97561952402889	5.3227424162908	-0.178774345667078	0.981961986333073	-0.704316112705648	-0.82804111958632	1.78327201402978
c.37.1.12	-2.6828244330474	0.382059398382053	1.03108987271564	-2.53697463286663	1.46144909827176	-0.338340630931779	-1.17690770139094	0.314075035366424
c.37.1.12	-2.11532549217091	0.647255816948837	0.856932601541621	-2.54472372117306	0.501295530426318	-0.572356344917043	-2.08703795012961	0.409483182149701
c.37.1.12	-3.3385005915567	0.718789072777364	0.824983245894631	-2.67392251845545	1.62631209520721	-0.286150071918863	-0.136730094899523	0.357076420527931
c.37.1.12	1.04535557999158	0.0850060579584136	1.02836950593787	-1.86113457875877	0.0716055143902674	0.094746655248416	-0.856694172794313	0.604977669906431
c.37.1.12	2.54272267325752	0.120226973805858	1.54234545829353	-3.9311967626875	-3.08127106456486	-2.2540836223241	-0.438957165127664	-0.651095834586201
c.37.1.12	-3.45442554053737	0.4326170764384	0.651589815321035	-2.56624218402519	1.62901322347312	-0.443528628050892	-0.177758657687719	0.257160345058456
c.37.1.12	0.494504504091925	4.14836951404915	2.5956858460018	-2.60117849111113	1.4931477369814	-1.39157780373185	-0.106719573231332	2.36797213836353
c.37.1.12	-5.15336079262359	0.48658607799157	0.956056321383802	-2.61142332070704	1.01272748920639	-0.423115529392563	-0.287020090607214	0.313195176115237
c.37.1.12	-0.633521364153955	-0.552402674936716	-0.519212796887724	-2.41485836333444	1.47751876193694	-0.240691833096447	-0.0865253931754043	0.421152012008471
c.37.1.12	-3.89189168727937	0.549043285486223	-0.270367781600772	-2.78049967199964	1.04871942076769	-0.537621831612387	-0.872057398297219	0.288897779127786
c.37.1.12	-2.18137416568798	0.439301223564429	1.95011019273022	-2.55993398336257	1.28697542664686	-0.237293639764055	-0.402383894009459	0.933115322187502
c.37.1.12	-4.67111511355137	2.46060984895379	0.211024691542067	-3.92637292692205	2.33836406865788	-1.15835453123409	-0.793251830702357	0.817634417100218
c.37.1.12	2.01175692667631	-0.050381416189134	1.6455680027392	-3.79374663357658	-3.45180490933109	-1.80335801636498	-0.452581804333882	-0.432689427076707
c.37.1.12	2.75354390290665	-0.0882638893141476	1.4904494677843	-3.81062160217746	-3.36435210794659	-2.06313574273958	-0.433652809221821	-0.523759311376531
c.37.1.12	2.19044706151917	-0.075155300939431	1.49580250400256	-3.84924372983608	-3.37185722932362	-2.01150560978657	-0.406528486907738	-0.506584578868711
c.37.1.12	8.92518658753063	3.07685281506806	1.84460284664885	-1.8921594348072	0.596121382526246	-1.1377289930901	-1.00918285321067	2.34008229005643
c.37.1.12	-4.75178628436999	0.161141860908927	0.665113155137878	-2.50316369483903	0.500491792059877	-1.06311426851057	-2.21599408831644	-0.713910863015803
c.37.1.12	2.95359016316024	0.48978171526069	-0.497053525012812	-2.38141496782232	0.15327643235735	-0.76524453318291	0.386291609760992	0.643645217467312
c.37.1.12	-1.75422148259646	0.980313994264116	1.5404578271678	-2.08603634863252	0.591046958396963	-0.265333412539276	-2.35236744817373	0.757022565157134
c.37.1.12	-1.6313648018861	0.493848023945357	0.68028390779897	-2.18532643486118	0.987338616108989	0.048431049656383	-0.191362560320713	0.334583799994296
c.37.1.12	0.0476614533616975	1.08048944273122	1.41857999031976	-2.33848123790318	0.611033080513018	-0.755108371938394	-2.30716943996377	0.706789796285757
c.37.1.12	0.331900408731136	0.541463459317152	0.906595186333286	-1.86244536919327	0.889570337961668	-0.174355902313884	-0.0468832013011576	0.52559483211942
c.37.1.12	1.14035672167829	0.648439840154539	1.37975007910593	-2.12692163284603	1.14887398327464	-0.0661203702437171	-0.0197822726089453	0.870291016277197
c.37.1.1	10.7834788559186	-1.25389829592112	3.73171376437737	0.649752165128783	0.15030002376763	-0.872418258881383	-0.941121672092645	0.253540379131414
c.37.1.1	4.23916680750225	-1.84741187523619	0.446265099279509	3.01846683456732	0.589295959200852	0.188795640855223	1.46084922361017	-0.694105840793365
c.37.1.1	3.01423695867267	-0.141347725908115	2.09580806239855	2.65742169299253	0.775875375611791	0.852645015736587	2.076802298217	-0.143935443449524
c.37.1.1	-2.8886555703326	-0.136136180647121	1.35956962278315	2.61082742533433	1.09398174795381	0.627401976099251	0.497540078314086	-0.891716525412071
c.37.1.1	-1.98464068887489	-1.95708903450615	-0.0554459874024586	2.47730794873535	0.633498770019368	-0.00509355570023765	1.68574547684227	-1.45111593641052
c.37.1.1	3.98373678646231	-0.669501070746269	2.65341056140377	2.64831665956854	1.09780948419494	1.02383618467791	2.41448547913137	0.150891504318417
c.37.1.1	-0.967905537146925	-0.470784212946234	2.65860544481212	2.10744212359395	1.10660460353069	0.949238661267818	0.793746529950649	-1.00213858490579
c.37.1.19	-10.4928571964319	-1.26260244532377	1.54548089536793	-1.61334461288753	-0.1238233131748	0.170511797893775	-0.141215089797509	-0.401956242853176
c.37.1.19	3.68632599913562	-10.0722779870987	-0.64331652735343	-1.15933719925684	-0.0268440653519254	-1.50518371957028	1.56073990119738	-0.232714530399429
c.37.1.19	4.23463072781601	-9.84796915234385	-3.88315481185746	-0.627456328456374	2.87880752101571	-2.73705987999908	-0.146737324978633	1.50339696149088
c.37.1.19	-1.80389346101234	-3.64861219111089	-2.58139692635969	-0.467428117054217	0.654285573825753	2.09811731465168	-0.89341287663815	-1.02925766602257
c.37.1.19	3.83739893465432	-3.76312855799462	1.58789244835403	0.369448532464764	0.0385601044448655	1.69024851656741	-0.385778462692172	0.249933636654399
c.37.1.19	6.51915239561943	-3.48831241538668	1.78431096633277	-1.59119855841348	-1.50384814566093	-1.81943427563481	-2.04735504364161	-0.821452667891909
c.37.1.19	4.99516397987159	-11.9061718169149	-4.35484534029522	-1.20890078435424	2.57689117769667	-2.63737901462759	-0.923231966239742	0.448329182579247
c.37.1.19	0.0710500538724741	-5.17382446730203	-2.10959502313283	-0.401498545443403	0.436288130161774	1.72973061927254	-0.951894774882138	-0.27350322248184
c.37.1.19	-1.75150174071239	-1.83734117310858	3.64945550893141	1.45417854618153	-0.515378186090125	1.75228051988032	-1.08404190178507	-1.33726420858575
c.37.1.19	0.0181973279941634	-3.4889395635498	1.1461586869865	0.036421352456514	2.25262225123196	-1.46524340356393	-0.231231411856325	-0.989087045971079
c.37.1.19	-0.187634434655008	-5.02928942796976	-2.64137840369231	0.933129378818682	-2.18716659754709	1.91491453992696	-1.63558486740294	-1.45197389150623
c.37.1.19	0.641699977522532	-5.82572785159739	-0.943904481509182	0.0778047637834374	-0.0560422804558	-0.233462710790144	-0.460910188150907	0.156785420674726
c.37.1.19	-6.1519547534157	-1.79991079914372	2.87967875181153	1.97420153359039	-0.0825063657195567	3.03018654304638	-0.998431125263232	0.00868996956361373
c.37.1.19	-4.84039014112301	-3.72445890496869	1.86832631645275	1.91209933453727	0.549422984081657	1.09648154055192	-1.97214496856764	2.87837267198798
c.37.1.19	-0.886423897380874	-4.22907154708795	-1.90287514842029	-0.607098646447463	0.500880101951988	2.27840791857644	-2.09015786334701	-1.0127966623082
c.37.1.19	0.124421583348064	-4.31530788962028	-1.98931956272063	-0.403451333848603	1.54897241082729	1.43427031448394	-0.755021658045166	-0.415507199062861
c.37.1.19	9.77661071215009	0.922585232921135	8.33420773751744	1.21778124976494	1.54782539558634	0.172747953728689	-0.0176298755711119	-0.0485288645617037
c.37.1.19	1.83540743841944	-9.5325582384753	-5.17341389851012	-0.716491257724244	0.569926292268869	-1.98258677101139	2.11338182567274	0.513691806565873
c.37.1.19	-0.944262330395526	-3.74471812307735	-1.33369434396772	-0.103895810000674	0.0931668318201871	1.91451284082303	-1.29933992560342	-1.17217988070032
c.37.1.19	3.5750277643942	-8.28255619552774	-4.09164794026393	0.055192906739006	0.452848517322342	-1.89623066889704	-0.291555352780633	1.88435943874307
c.37.1.19	-15.9224894080879	-0.015300162073583	0.991466035131898	-2.14851497862732	-0.282625172936146	-0.207065255144877	-0.0253559258708304	0.257250916610588
c.37.1.19	4.18023539668715	-9.9259290678706	-0.676817725358941	-1.59912028454897	0.00540136056643718	-2.42747064708113	0.997578329505122	-0.376884041128798
c.37.1.19	-1.60632350006833	-4.03721508832529	-1.72709051505735	-0.567028885918078	1.17014854682721	1.51037316122243	-1.17042163363231	-1.49134684011044
c.37.1.19	3.45337173739068	-5.46003096921118	-1.97793862933479	0.356688088046805	1.44775796283069	-1.8628987409534	0.499657137350011	-0.644802542636657
c.37.1.19	-2.61087713182245	-1.71446761940691	3.51504489711235	2.32944937837531	-0.280252978520941	2.83292570753825	-1.10748408072194	0.284584800602642
c.37.1.19	-4.80023903469532	-1.43253194553569	4.96227172362972	1.01570501131308	1.95605962040113	1.22326603857242	-0.698663076387495	1.2752348805805
c.37.1.19	-0.527917624402039	-4.22731947879029	-1.38489036912879	-0.310084808127479	0.957725417239607	2.02692418160765	-1.09579265186845	-0.753187088038332
c.37.1.19	-11.5864681510705	-2.49728002101808	4.15250935200981	3.69425112811322	-1.04218097856965	3.56287459404683	-1.75281038070534	1.21515489212851
c.37.1.19	-9.89642862876301	-0.465595453885811	4.07313457196221	-0.797950792870372	2.43336157684634	1.35854951047329	0.561652391464063	1.45539271774088
c.37.1.19	-7.91811514009128	-1.841713825706	1.69402663678605	1.42482276293523	0.551217567100119	1.2000562056881	-1.96468677764604	0.70220108211213
c.37.1.19	-14.4619696913321	-2.37431724731221	3.62375199550112	1.87991675588615	-0.374351031465497	2.76143902111045	-0.376673191379698	0.350076711145193
c.37.1.19	-4.64007234393903	-1.68673183125554	1.15823658582454	1.82271944415182	-1.06863138623088	2.28507800807971	-1.48153431142447	-0.67064332043055
c.37.1.19	5.10129445139855	-2.59675368293442	0.59843701277835	1.24570767583501	-2.77774309821281	0.385376892225423	-3.15439513929827	0.471322745505356
c.37.1.19	-0.147171304081222	-3.91746096841845	-1.21569668782141	1.18608181069096	-1.49137120659772	2.24882323800093	-1.12819337717039	-1.35825796103228
c.37.1.19	-3.156280533373	-3.40762776607955	3.89096876469517	2.50527808819529	0.723109602115129	1.74975807415907	-0.177922968674365	0.090141477009914
c.37.1.19	-0.939871113515497	-4.58455301618175	-2.63460459480706	-0.748768530917057	0.982021332551552	1.88386658438137	-1.3502911488593	-0.980758856630655
c.37.1.19	2.22726946104762	-9.49561705317851	-4.75281192569258	-0.620982527834718	0.368113297779588	-2.13401168640444	2.14251241802626	0.547897734324009
c.37.1.19	-1.18845292224636	-4.51378038585085	-1.66065605817795	-0.560426235660457	0.298946574738649	1.85132315466111	-1.0835113910444	-1.25968346680494
c.37.1.19	-13.9810319222885	-2.5992950529598	-0.492103509581206	-1.83431433205593	-0.0463217386898037	-2.03787929472015	0.943868322159473	-0.174874382057248
c.37.1.19	-7.8570061591818	-2.15279512275732	1.25223484786791	0.0480904315127112	1.87633923826832	2.4078176790971	-1.08928800439721	-1.19188651848532
c.37.1.19	-1.61802987913722	-2.34203506338465	2.08411993956438	0.0236611590625724	1.09989815418963	-0.622641302902918	-0.94187684250731	-0.449630120380163
c.37.1.19	-3.44055975551651	-3.6525717314048	-1.53276645209514	1.2915103187742	0.346948628858156	2.70358550976042	-0.534679913249304	-0.39414762435118
c.37.1.19	-0.771025695380606	-3.2651314197954	1.31488323408876	-0.677439132517373	2.0238984922612	-0.89703677868864	-0.322277437584708	-0.492402512906534
c.37.1.19	-12.3241154983313	2.69416549109852	0.590638235614406	-2.34909407263246	-0.592250401464156	-1.28567983111967	1.22865959552523	-0.0954822129366852
c.37.1.19	-8.54674955350408	1.17690940577478	0.251971355711963	-1.48952064768487	-1.31961539985026	-0.694260220034663	1.38921668571637	1.08688700818715
c.37.1.19	11.2497342322053	-1.09433950643006	-1.42561872510856	1.39479374824974	-4.47672640637244	-0.370215656301279	-0.441433594818987	-0.207268528456462
c.37.1.19	3.31353651768849	-4.75254206005624	0.950616819862306	0.638532836280134	1.18937151502581	1.79751849222479	-0.59698926470379	-0.22409360300209
c.37.1.19	3.90502769640728	-3.0025494233144	2.72135608259486	-1.48275847242034	-1.38149960319661	-1.54307977475528	-1.06035680928621	-0.504040418298559
c.37.1.19	-12.8071657815427	-1.5484710116041	1.09415265001324	-1.89066277916313	0.480774048014378	0.371189453209014	-0.516050936233531	-0.651440888354817
c.37.1.19	2.73148553408287	-10.1226350104888	-1.33521870793624	-1.90823309723417	0.0272890498575464	-2.54518759102932	0.854018431665161	-0.577710867557328
c.37.1.19	-3.85909732540162	-3.42925095319351	-3.50864950924332	-1.15637341452135	0.781192537490121	1.91997631693954	-2.24469199511781	-1.51145129618713
c.37.1.19	4.30183492169175	-2.56663808655318	1.03413366207571	-0.773840992667994	-0.142795391787338	-0.803674542663915	0.266566934393957	-0.0222887699286717
c.37.1.19	-1.60703526849692	-2.60898875922504	-2.40391286491474	-2.28376538511335	1.67778257922797	0.983728900335987	-2.13702345584637	-1.3334866978719
c.37.1.19	1.29075993809602	-3.84898513080918	0.868028148150492	-0.642973603240194	1.14821435568331	-1.1004424486464	0.759749497152451	-0.375548514141278
c.37.1.19	-3.60924968063782	-8.60578773839123	-4.96957197391099	-1.86831292846665	3.75370067731798	0.335419369717694	-0.65096046007569	-0.0167380322604347
c.37.1.19	-2.3576783678741	-5.48652286230782	-2.57077585408922	-0.70246971052541	0.591726874903199	1.10116310153867	-0.552483538530008	-0.663515373898547
c.37.1.19	1.616810086575	-9.9953313200839	-3.80380425923326	-1.23891605466175	2.55336486562626	-3.15694908008774	0.751795434807742	-0.367543372743614
c.37.1.19	-0.926599063515753	-5.279013345214	-2.14239286923965	-0.38429961787051	0.591391302903882	1.35208609511498	-0.614209563935938	-0.284400142948366
c.37.1.19	1.38872558173688	-10.6807464267031	-4.4630969280424	-0.797583040146472	2.62157530422365	-3.39705846988526	1.48393915333121	0.528296857208004
c.37.1.19	2.16440197513602	-4.88305364098291	-1.1660453073446	0.782835547094364	-0.721053946196127	1.91873543764007	-1.5402354806305	0.0378065143143035
c.37.1.19	-1.49257089157241	-2.028224405028	-0.454931711777715	-3.5469636743476	1.01912169611477	-1.9922266041248	-1.71988034890724	-0.229936003071197
c.37.1.19	4.04015516295736	1.33103403222488	9.09075200855282	2.15770973365826	1.6035856548078	1.07374473807461	-0.47767654464321	0.00104022062656023
c.37.1.19	-9.22688651470917	-1.7120841920689	2.05745064936532	1.72862353325938	-0.10091710322257	2.92807137077783	-1.15630299013674	-0.17951458084704
c.37.1.20	0.674056433478739	0.348693830737674	3.89066157222499	-1.22371820634736	-1.22169816804951	-0.608599657517873	-0.942684443869727	-0.795823424422726
c.37.1.20	-3.10734233377321	-0.465440424171981	4.07227037033998	-1.3521140623022	-1.16543673193849	-0.504926608056927	0.505865390088137	-1.60617129881728
c.37.1.20	-0.516047267593343	-0.717053395131584	5.14213396799214	-0.452418275384657	-2.97761871526552	-0.748648698782748	0.392572562438893	-0.750088948915913
c.37.1.20	-11.5498806736682	0.845350072933394	6.29639331076408	-0.125391999599977	2.72924790312627	1.13575746248607	0.71895455126415	-0.378492114047632
c.37.1.20	-8.10997065295011	-0.575949972573643	3.41274612006319	-1.03753815174615	-0.297852866057424	-0.366020465267735	-0.0878340761574015	-1.26840417414533
c.37.1.20	-7.1661367302337	0.215294933409845	4.91994224931225	-0.805091795799348	1.23754901290631	0.506131323701611	1.04297171678539	-0.398895891527793
c.37.1.20	-7.63487116325105	2.06036846830231	3.43550471579369	-1.27920041622967	0.473135720019017	-0.352276843376812	-0.981439626463329	-0.189091207707918
c.37.1.20	-0.236091389436846	-0.403796020024771	4.25323326224765	-0.841608372223849	-1.87572896865603	-0.219245819679852	-0.00435937610323451	-0.345665455402082
c.37.1.20	-0.728446872282961	-0.321511722896876	4.81954832607489	-0.824985993415699	-0.777566778600266	-0.946161138731537	0.121745490112318	-0.98201615722778
c.37.1.20	0.601838576703759	0.673490254800273	4.06978320372383	-1.57484987437789	-0.768885025696373	-0.999343735443802	-0.0544370729511836	0.12800382975756
c.37.1.20	-0.584949651957766	-0.907045134657453	3.4686648994418	-0.625570173306181	-2.03271541122224	-0.108489980184713	2.06122607366021	-1.51736354413262
c.37.1.20	-1.31373449892603	-0.204100555036827	3.61535420608842	-0.421917818221615	-2.7557812892236	-0.306516426834986	0.945278391866808	-1.71821426399844
c.37.1.20	2.37519239737021	-0.86710107388505	1.32321684414234	-0.258606449198205	-1.9276295250398	0.84289452112387	-0.914639525208478	-2.03905892619207
c.37.1.20	7.2274292772242	-7.90639621793487	-0.989768667711742	-1.67793759391547	1.56922203084688	-1.72894338087445	-0.507274020137085	-1.21820814855333
c.37.1.20	0.784037668464615	-0.751088527498845	3.77097526483325	0.184851853274953	-2.51369305373824	0.579153737094851	0.497346909077512	-1.49213446776621
c.37.1.20	-4.00322704933086	0.602921562294627	2.93237761675184	-1.15156316089644	-1.55101357712071	-0.260243932869837	3.39703654406664	-1.63154903679993
c.37.1.20	-1.03676701300322	0.170982408233813	4.28439843242301	-0.875939286951007	-1.74167961967456	-0.109427795358019	-0.298061621429115	-0.601805297517251
c.37.1.20	-3.50065692347582	-0.510370670519907	2.8267431574786	-0.933230476838994	-1.49075263261559	-0.391557834290753	0.234602228563793	0.0787316757196114
c.37.1.20	-1.05372639128247	-0.493519040420306	3.21374742972461	-0.570710629700603	-1.40401593173117	-0.312266978822782	0.10675072585267	0.186770196063543
c.37.1.20	-2.7395504640486	-0.342217045429902	5.05710870391239	-0.948719926060941	-0.397178437663632	0.0722172255560009	1.02082810971129	0.402302215713927
c.37.1.20	-4.03681017669495	0.102055614091535	7.62693048129532	2.01603286460266	0.418413745642524	2.74808596482274	-0.903623965268511	-0.518100915545544
c.37.1.20	-3.54778006545133	0.502926598696958	5.84972223696179	-1.75596174352956	0.0497474709306426	-0.362027793255214	0.390743289352672	0.180200394446923
c.37.1.20	-0.845263593533233	0.615612965644204	4.04070364287188	0.0739928524226653	-2.70382439963838	0.53347100851727	2.05789814830994	-0.262673948036496
c.37.1.20	-3.42500704260747	-0.216516777519507	5.02970525321905	-1.99734820778812	-0.95755288222526	-0.856433377620157	0.871095716736398	0.114570372855713
c.37.1.20	-0.941329573306273	-0.689685922594109	4.63713982705923	-0.509611319864232	-2.28605719182238	-0.399556696030671	0.730037633372249	-0.522767821286793
c.37.1.20	11.9230883751944	-0.969993657582555	4.83701728337127	0.275887262416339	-3.94433872195527	-0.978936850834434	0.469109924124144	0.0277277904172456
c.37.1.20	-16.9272085299705	-3.09447115852914	1.76435933956742	3.04522822429968	-2.31384409135784	-1.09165178548459	0.572310892818589	-1.96992203270922
c.37.1.20	-0.687462243366705	-0.182040927601364	3.78214461863207	-0.16639000250015	-2.23945290719106	-0.464921499697403	0.0802041334649289	-1.11990240036984
c.37.1.20	0.363968429879464	-0.110230709187586	4.583683030059	-0.818252443146126	-1.70392532434741	-0.612706454038563	-0.390983583794331	-0.887591897794302
c.37.1.20	0.424366699643117	-0.0983254185242541	4.79333255653857	-0.826934488231162	-1.59924910028944	-0.946675638474086	-0.0338422462219999	-0.887104192454749
c.37.1.20	1.11021293155844	0.0703172449032111	4.72940483053826	-0.612614819046425	-1.77277443805146	-0.908787561377346	-0.106076062126913	-1.02167696429794
c.37.1.20	2.98176892298002	-0.227602206703302	3.94682332795711	-1.24903461002779	-2.33535900409121	-1.09094959759943	-0.419730624376611	-0.637364407165852
c.37.1.20	-0.0948828960815311	-4.82414584719933	-0.290197998603582	-0.8377383033421	0.206190607628121	-3.57161052809319	0.496595947934801	0.399228219311155
c.37.1.20	-6.90850949143608	-2.77774077335109	0.377951636605742	-0.649597538008296	0.276954198646887	-3.45477001212632	0.659069755144102	-0.537574418931692
c.37.1.20	-5.57446970108649	0.218375522594942	5.3709850885999	-0.68290528264393	-0.0160409015345915	0.433904635302791	1.26173372509738	-0.00872588796103038
c.37.1.20	-8.00687518564975	-0.136204471898917	3.41066918758786	-1.19703179172459	0.138367821915408	0.12554442195503	0.0842312413901923	-1.11627101365412
c.37.1.20	-3.88186679217212	-0.195653157734377	3.73500440930991	-1.76206365510599	1.19588206863797	0.657062741081866	1.2276336202855	0.0540482647632959
c.37.1.20	-1.68396397194614	-0.0811206504818771	3.72815709039395	-0.572334391580155	-2.12135665035206	0.314404084093676	3.82014041264731	-1.7534565956258
c.37.1.20	-5.75179190066048	0.273994894431268	3.66126383973961	-0.502142611060347	-0.876944935754104	0.292182115707621	-0.57537876903687	-0.332565779194323
c.37.1.20	1.88518686247793	-1.85181084413693	3.38364432809152	-2.46803868082737	-0.498298461357621	-1.85395091388503	0.923486570110753	-1.56045506958216
c.37.1.8	5.90065754039702	2.37431332754711	4.12160202355144	-0.778282215094169	0.846423898347832	-0.0684510335995343	0.0909643217833795	1.55126908855833
c.37.1.8	-2.04788691574931	2.28943853802055	-1.38101150528556	0.0858545223309347	-0.802890602804996	0.657173076208914	-1.26910045218586	0.500254027059994
c.37.1.8	2.45225099980228	2.78483037564217	-2.72442692724257	-1.23427669436073	0.66792367978284	0.449228804344115	0.614814473879566	-0.541406061909972
c.37.1.8	1.21099646811028	2.60502432673566	-2.96120678027898	-0.867501093535065	0.685119595555332	0.44059459784124	0.606393079056469	-0.84315709437489
c.37.1.8	0.0294228875350729	3.18175561567831	-1.73708765055778	0.0968738332494472	-0.614329120486249	0.500460626556277	-1.02169438749396	0.500504396079244
c.37.1.8	4.846789118443	2.2538168321132	-3.31726976311931	-0.725591671070998	0.60444205699347	0.752332435388747	-0.516495552805997	-0.254774472268049
c.37.1.8	-0.689675238867955	3.44024361457032	-1.87324177405741	-0.548580252290484	-0.260560273423421	0.132357352674655	-0.725798389320462	0.297921995945543
c.37.1.8	4.10413690546615	3.61723013004497	-2.4559746824068	0.723446313155435	-1.36039477897717	-1.42416138513237	0.328067647438869	-0.979862961384095
c.37.1.8	3.9176780108911	2.61765988226989	-3.13921795526948	-0.516104607233945	-0.119182332062258	0.952808501291632	0.0252219605475809	-0.73522970513979
c.37.1.8	-2.67377539824572	2.34020443415365	-0.595390084703108	-1.78178747423556	-0.469375294434748	0.600890620062622	0.678074468499069	-0.111519199471651
c.37.1.8	-1.20099108184649	3.42115190190939	-0.0145321671994983	0.173968730557447	-0.60543775983565	-0.0329388707478745	0.61266873843843	0.448544164566781
c.37.1.8	1.44799211519365	1.37330604904017	-3.60249085162863	1.85182055631812	-1.32781177083022	0.287399455124677	0.516981843137117	-1.75361534384928
c.37.1.8	3.68630706237418	2.78233903977317	-2.20022149247289	1.1636221230264	-0.456472306649116	-0.00896195738636787	-1.37983556739129	0.647448636208261
c.37.1.8	3.62449439974639	3.51425656213564	-3.22893354680106	-0.951050586801808	0.207947938456145	0.296184212714788	-0.119888814223473	-0.175074132891753
c.37.1.8	-1.45016223451576	3.08892583801312	-0.619671705015689	-0.0324944153150518	-0.827194333549966	-0.0311994531391855	-0.385690110387669	-0.724230123317608
c.37.1.8	-2.40528918718238	3.40912073441211	0.699774122946521	-1.31177107148086	0.0761746826907957	-0.80227130031177	-1.36169029515367	1.15742481420315
c.37.1.8	3.21896872799421	3.28795976565692	-3.16683205726007	-1.21856912784992	0.116681095814753	-0.697504875919797	-0.504737656934451	0.572541595957104
c.37.1.8	-0.75936973086605	2.1517678291426	1.77274476163949	1.38012234974548	0.931991662982231	0.705101941841873	-1.44624181013787	0.125595161183314
c.37.1.8	2.67918125975475	3.16045857373121	-2.20400710280113	-1.22926634542642	0.795813038389063	0.584454223761673	0.461321984777953	-0.270892193625873
c.37.1.8	2.44487717960676	4.05548148245924	-1.90074751336271	-3.52533462643117	1.10122564501615	0.719245025590261	0.0218286298028867	0.487805772316255
c.37.1.8	2.90055969008661	2.85362082917857	-2.29115716639964	-0.190080509883039	0.0577652945097547	0.432749114990725	0.253699814033563	-0.28001136067595
c.37.1.8	2.57487319036924	2.10050155092845	-2.67606570363969	0.562209303461489	0.229531003381454	0.81844986334081	0.802115031357123	0.309444905233027
c.37.1.8	4.89363041778445	3.41318803163246	-2.67219227866006	-0.523401968074512	0.0668331789962719	-0.108512444128927	-0.46166124419435	-0.360150244950612
c.37.1.8	4.7851410670239	3.71864335202112	-0.17217351123652	-0.269686602691924	0.132744897008674	-0.352562952120715	-0.0566981071447827	-0.0174891603771659
c.37.1.8	3.42543760542905	3.05131221983649	-1.59430330842746	-0.215912335374099	0.434772037359241	0.510623371202194	0.563855410980665	-0.2721604291542
c.37.1.8	1.98454776833695	2.70750777685267	-2.16266445754002	-0.528867744826987	0.0764910257764373	0.29657848007224	0.236835649246364	-0.623753667222695
c.37.1.8	5.34473043829052	2.92563066378957	-1.18824455784287	0.736950515886278	-0.343012153862363	-0.150573016823066	-1.41053836678954	0.998686132226025
c.37.1.8	4.26404069314372	1.90014363304072	-2.79773195921789	2.1034160255564	-1.2574787102032	0.566619368152284	1.21313666824129	0.271184601388768
c.37.1.8	4.65938367955162	3.06347692496209	-1.19288065721226	1.10397198518508	-0.131718785978545	-0.10114908660662	-0.845367972026986	0.504018702220494
c.37.1.8	3.21479297380409	3.45129438159025	-2.03359947107979	1.27134040774737	-0.700688392542647	-0.252023547276609	-0.997764487983141	0.175920708608635
c.37.1.8	-7.15692685704615	3.16906077450228	2.85420911774691	-1.36116265490942	-0.631622016013376	-0.25039805557623	-0.137883289124917	0.773612920978191
c.37.1.8	-2.96366823856584	1.99371990788189	2.28021708006748	0.517304607112161	1.24822564253743	1.04046897377918	-0.436441711386959	0.0235274302384362
c.37.1.8	3.74786519786923	0.973578738015221	-1.13585084475859	0.0824380616192731	1.28825140634128	0.516035029664064	-0.629840065269924	0.0896444360180231
c.37.1.8	2.99706977858458	2.8103824173865	-0.987447933887613	0.403921819980833	-1.26706876519203	0.591540633892986	-0.850885575458634	0.721961716670697
c.37.1.8	3.37622198397427	2.09098580481782	-3.99317293185819	-1.23110098097932	0.982586983849314	1.29710514432024	0.751390031403778	-0.725967911689671
c.37.1.8	4.92504542198339	0.653608653893129	-2.69592310347135	0.794354723865091	-1.78769909792026	0.849601766127105	-0.47442916914404	-0.301781921467209
c.37.1.8	-3.06886559613588	2.31462598138879	2.54844186519545	1.06464710877236	-2.21443136161763	-1.02319240456376	0.480065576870264	1.92793708571787
c.37.1.8	1.32785986334911	2.53238140357387	-3.54701783728493	-1.02568422230247	0.0745728149667707	-0.0978227085472837	0.570288027501531	-1.55191862473238
c.37.1.8	2.90615914436008	2.07280411691582	-1.06170410038673	1.92691886529402	-1.9670271217163	0.106419245796504	-0.112549600088121	-0.326885402060246
c.37.1.8	6.0974607605698	2.25026473562409	-1.92647671304203	1.22706909296153	-0.334382734173799	0.113511882853168	-0.0895555315079907	0.594040051988554
c.37.1.8	6.19161313600069	3.39514117429772	-1.85551056125526	-2.49184160201478	-0.0704421496076444	1.28867058067046	0.946610607829727	1.09948305655007
c.37.1.8	6.22886194288116	2.25795315440588	2.73745983268319	-0.361690388943414	1.7589438767703	0.559294021203711	0.435530367654959	1.21055405491476
c.37.1.8	0.175328710750452	2.7267394684857	0.00618625950206537	1.54978541965893	-0.978356323863901	0.53928007848999	-0.0397701257734444	0.224988521644961
c.37.1.8	1.53797431730254	1.30591726938441	-2.99746102563402	1.05782916361729	-2.94550858316681	0.370429906905728	0.139214604510575	-0.375562276036786
c.37.1.8	5.62621329249566	2.47276392812957	2.76918945045828	-0.440214025976167	1.79897998216566	0.582530228040265	0.221675002358335	1.29985207014195
c.37.1.8	0.423619502685346	0.122947551527359	-0.660650419213424	2.20234649430283	-0.00129807246438626	0.945366609235265	0.430583920216377	0.654596094213548
c.37.1.8	6.01259637385787	2.5162721553389	3.00780149081247	-0.639572630568175	1.71106707257831	0.444502776196306	0.451348433477316	1.33954487107275
c.37.1.8	-16.6238204191401	0.309405868628155	4.87898025430825	0.953603747095015	1.63321265529529	2.69682634114317	0.525954801033989	0.16199516377351
c.37.1.8	0.0052604422908178	-0.232200057100948	-1.69536810559014	2.75928565710049	-0.528097401422497	0.77910225400772	0.533479158154908	1.04322549361073
c.37.1.8	2.57778281230384	3.12877597965995	-2.55322200923704	-0.927957047239949	0.396530904175249	0.813004191896378	0.485023961990566	-0.577325838363391
c.37.1.8	4.41635103640691	3.60132263551042	-1.35693737935697	-2.4266475056233	0.623676462452732	0.261279736639671	-0.126897485500857	0.573890596328523
c.37.1.8	3.43063156813108	2.52450340730924	-3.25825902735506	-0.0552692405015643	0.557458688373103	0.73117669758949	1.02889103646951	0.242617693249326
c.37.1.8	3.22723943107486	3.87009955364375	-2.11485576852862	-0.513861989750162	-0.453685204065136	-0.354362425631979	-0.17141417799305	-0.396058772773612
c.37.1.8	1.31222675318401	3.06282109569148	-2.16373700524639	-1.07240151315103	0.599177264342897	-0.217568790440763	0.463323666956039	-0.877017059094373
c.37.1.8	1.56546264279895	1.34313232329125	-4.16695952292533	-1.46989940433186	1.17645584603353	0.336517339500168	0.154766405357656	0.0356213600162336
c.37.1.8	0.451205586226601	3.1396472104704	-3.77734089698121	2.13081733693271	-1.19377540722328	-1.51440508519792	0.994638421989915	-2.21498655722719
c.37.1.8	2.87188565095864	3.37269451762478	-2.87225885028554	-1.66694949444623	0.317269185190488	0.126858415874269	0.297908225453085	-0.61660437737098
c.37.1.8	-2.17655579920408	3.30079287188976	2.62065141513154	-1.1017810500781	1.75108521640261	0.612689935877848	-1.09663880761815	1.23230466778389
c.37.1.8	1.6196866787034	2.59772417038057	-3.0307355944492	-0.363443101779588	0.441882686827954	0.359610034252954	0.35227571937928	-0.666468489717577
c.37.1.8	1.37586890274468	2.80750613898873	-3.48350527004192	-0.977385265394361	-0.0358389373127116	0.58363355787084	0.534679569840208	-1.26939190738661
c.37.1.8	2.74556876671964	2.98364729273793	-2.94428958956261	-0.897570515098305	0.241619097985285	0.318814079727187	0.205256345677919	-0.15034928021854
c.37.1.8	7.86207750328986	1.91423125040983	-1.16148823134737	0.0960833757785295	0.275697292272352	0.227644823717903	-1.84514456484593	0.456019983873014
c.37.1.8	3.2950734901635	1.60315007274301	-2.14639966500466	1.28762870298394	-0.181189291214577	0.116607102463562	-0.108902274140399	0.0610327913691144
c.37.1.8	3.23604816554355	2.12569585158283	-3.73723534808059	-0.953538424558353	1.23599660553709	0.888754594258417	0.53775895124432	-0.490023113989246
c.37.1.8	2.05434522478633	1.93243318678445	-2.62231847127824	-0.326401567425996	0.369050411429757	0.161976413074064	0.436399364485778	-0.627487095673124
c.37.1.8	3.87750444287212	1.62675631330482	-3.80005385859441	-0.900178098485343	1.80687322559482	0.560931425235892	0.211003257132145	-0.695774428404064
c.37.1.8	3.26908513038695	2.80794639225935	-3.23917192982401	-0.871014746156321	0.759841303267827	0.579570544315422	0.731915160491269	-0.693106456268691
c.37.1.8	1.75883739937828	3.25293850378831	-3.57004561955718	-1.47250548255251	0.856276479723936	0.163139465111506	0.87058134633946	-0.820748835737869
c.37.1.8	4.37577088187982	2.43754218271128	-2.96723395809373	-0.972900228790991	0.570097570985788	0.248889321565729	-0.156984701270711	-0.692872048963909
c.37.1.8	2.12751875747727	2.48488439760712	-3.19914753545164	-0.856655803067756	0.0910493094490445	0.537406445092841	0.398925200186854	-1.00617949937976
c.37.1.8	4.61402851691905	3.08582998428217	-2.26261545345379	-0.977951599377315	0.847241203109274	0.0332744552767204	0.390725134258174	-0.368520385543411
c.37.1.8	3.51707599280059	2.76819143773201	-2.42283680480035	-1.00520094049585	0.397045431107787	1.07206419538115	0.456947511838327	-0.432427084060725
c.37.1.8	7.36498063751738	2.47930578812052	2.95074577585787	-0.382427544591216	1.59408678270381	0.380353274303432	0.324088018905068	1.39597444558678
c.37.1.8	6.92832223646949	2.54131248512427	2.94630914388292	-0.532560351310772	1.62935496157769	0.343298255302733	0.358717592521364	1.30626798051818
c.37.1.8	2.9231919305912	1.92930222762914	-2.77867444189997	0.0458321850430877	0.294035001326862	0.724385051605892	0.423197420550419	-0.609685764371581
c.37.1.8	3.09187734246244	2.58953275128572	-1.41707518707224	1.2830215752125	0.215288975606463	-0.441348715656649	-0.759137737906388	-0.215305687995324
c.37.1.8	1.94892543546888	2.37177362884858	-2.37496134793975	-0.451046012082238	-0.0711213032732964	0.520111012530685	0.314694281381405	-0.195996957085113
c.37.1.8	2.64806843571919	2.29611049523036	-3.24886625537469	0.0551306613912407	0.384309248346021	0.478447826642876	0.955995644984268	-0.0348079175925198
c.37.1.8	0.920788559976897	3.25860395853902	-2.8403891270396	-1.14437840673496	0.56159072674886	-0.320314122974714	0.551844206797415	-0.908743449898403
c.37.1.8	-6.48216254192879	1.33353452529509	-1.0528923832855	-1.01270232976144	-1.09777822876413	-0.565997142752583	-0.354287821626061	-2.00557567442997
c.37.1.8	3.04959984967212	2.9812980892022	-2.09297427418469	-0.75273829831043	0.387604319050283	0.414343707597201	-0.0096529323377385	-0.365786970838477
c.37.1.8	4.66953705065272	3.24877354808771	-1.45040164789096	-0.748334720654128	0.0924957113732564	0.171609604941729	-0.155877823703182	-0.613546545262191
c.37.1.8	3.2995956940266	2.86883324051701	-2.14923722515164	0.988797052937949	-0.13735364887301	-0.0363338258593851	-0.1311791829271	0.188502360167958
c.37.1.8	0.586137390513982	2.93772214085548	-1.99577182450577	-1.11246594715786	-0.0575370323679435	0.261344380629334	0.635485989391665	-1.29297378964054
c.37.1.8	-3.30998498271797	2.76878524019317	-1.39519316895829	0.12407762354537	-1.07993380971961	-0.505973609496962	-0.599921384022062	0.0312794361252494
c.37.1.8	1.48082721982562	2.84647016565694	-3.01413544322533	-1.18657450385123	0.735099547023843	0.417806972390545	0.496995913359177	-0.971555235354529
c.37.1.8	2.48290030550933	2.95930688800312	-2.49811749209653	-1.22496588798079	0.573082896989377	0.206008251919889	0.55601959204839	-0.677558250642522
c.37.1.8	-1.66329041776996	2.43942368924878	-1.67632666873759	0.384551767792302	-0.573513255409579	0.30957564007462	-1.44830557023567	0.359804000816959
c.37.1.8	3.21549007223999	1.17307311135437	0.180999345634622	2.10437737279767	-0.243947495981139	0.87569940324722	0.669606766172869	0.287736101447633
c.37.1.8	3.60217400533014	3.67263685532512	-1.29069084633066	0.214331008137066	-0.152648996848728	0.425369026989518	-0.0247590974485968	-0.396134768255941
c.37.1.8	-3.1139605226845	2.84981215735932	-0.921477218457933	-0.329173333279983	-0.174713373118891	0.141210809865958	0.413341118559343	1.01890025712586
c.37.1.8	3.54553269957036	2.05874569321692	-3.24568182306477	-1.2957658546613	1.92335533233592	0.362074748586487	0.601499741961981	-0.290995082084805
c.37.1.8	2.37391754762287	2.98190026664954	-2.44962180708888	-0.874518829256344	0.206046446077494	0.657446608297351	0.230357670692771	-0.418710980326528
c.37.1.8	2.4109712281148	2.73303221946343	-2.7347448532644	-1.05963793491503	0.558264053831601	0.985081615972313	0.54416918296776	-0.635592785809494
c.37.1.8	6.67442182842348	2.71566458351839	2.36464799040862	1.07227669002362	0.308147571725278	-0.299916487066411	-0.551003291444355	0.287415841397707
c.37.1.8	1.52603001760343	3.01945037051097	-3.0031176341665	-1.34562892830921	0.388100958502694	0.502105399247562	0.768881780322302	-0.921073556141532
c.37.1.8	4.19140676969203	2.49686694511685	-3.1323046136493	-0.783448875914184	0.478411543682881	0.813746787812959	0.315237213334457	-0.346970504816488
c.37.1.8	2.31666876848131	2.01408330934048	-1.67741387583832	-0.994091536056567	1.58645750206441	0.430767975612797	-1.03610231073094	0.800820552529653
c.37.1.8	3.41981931767363	2.54557889890471	-1.97880821851127	-0.269261065895532	0.0443919761526999	0.847237290027895	0.0220244006238716	-0.283416703465365
c.37.1.8	3.41862462961078	3.08843366299213	-3.26974656321312	-1.2249301364301	-0.161125391506045	0.149601271956199	0.0864861033033028	-0.831410994932412
c.37.1.8	7.62850704751184	2.79101409896124	-2.43646150182834	-1.34115671418461	0.453218525284333	0.121347872533863	0.606888950013979	-1.48509958395233
c.37.1.8	3.55017847705512	3.61778531792615	-1.45423696488178	0.35482314868806	0.128454561717268	0.0279521712581106	-0.160502670417127	-0.351178912769007
c.37.1.8	4.93125393640873	3.1392757713746	-1.705766664195	0.355523112248812	-0.235486563450339	-0.0958925589494442	-1.09338569133168	-0.166048899395034
c.37.1.8	2.97569303657253	2.75227522987809	-4.28916785265811	-2.2525643449975	0.365252968173183	0.84650417779859	0.120347706028621	-0.830468003818487
c.37.1.8	2.01751679001579	2.31389592829019	-3.09263702133655	-1.21724460918135	1.26116534317604	0.210699362944809	0.479170256625826	-0.654161855143564
c.37.1.8	3.92175340274574	0.979253911561843	-4.47412896132964	-0.0279179677197493	-0.271725060568459	0.977781656252571	-0.139154067555385	0.519676768152882
c.37.1.8	5.25213452997217	3.32646901635181	-2.45895882487479	1.14291050191179	-0.970959185772879	-0.0242737241824721	-0.862073423088122	0.295115038192686
c.37.1.8	3.12388838734689	3.85184369967345	-2.17512037820925	-2.0534017310784	-1.09374859758081	0.645630579000828	-0.172394477335265	0.340935589122099
c.37.1.8	5.02847102226387	1.94825479264507	-3.33784393881453	0.598982604983969	-0.188496402789891	0.954934495292965	0.786772982753742	-0.36181836751574
c.37.1.8	3.09965940597049	1.93343180381324	-3.42753974193729	0.0291188654203449	0.321423282073557	0.912373656113299	0.569306020777695	0.0682538785767343
c.37.1.8	2.05276878093328	2.63614302670818	-3.23310296633015	-1.15708420260861	0.895313470540072	0.945915019218477	0.685134584928688	-0.636186567684174
