a.104.1.0	0.489242	0.160247	0.155206	0.195305	
a.104.1.0	0.50365	0.145163	0.151331	0.199856	
a.104.1.0	0.504836	0.145208	0.144203	0.205753	
a.104.1.0	0.495592	0.156735	0.149154	0.198519	
a.104.1.0	0.494966	0.148378	0.151327	0.205329	
a.104.1.0	0.50433	0.143227	0.151986	0.200458	
a.104.1.0	0.494473	0.153506	0.154832	0.197188	
a.104.1.0	0.504788	0.148795	0.141534	0.204883	
a.104.1.0	0.485358	0.160082	0.15878	0.195779	
a.104.1.0	0.495409	0.145453	0.155794	0.203344	
a.104.1.0	0.497317	0.148152	0.153617	0.200914	
a.104.1.0	0.500954	0.145613	0.151971	0.201462	
a.104.1.0	0.49867	0.14822	0.152209	0.2009	
a.104.1.0	0.495645	0.149629	0.15678	0.197946	
a.104.1.0	0.497806	0.150252	0.153502	0.19844	
a.104.1.0	0.505168	0.140859	0.150182	0.20379	
a.104.1.0	0.501431	0.148261	0.147393	0.202915	
a.104.1.0	0.505621	0.144268	0.148867	0.201243	
a.104.1.0	0.490688	0.158412	0.155239	0.195661	
a.104.1.0	0.501304	0.144675	0.154004	0.200016	
a.104.1.0	0.504108	0.144	0.151784	0.200108	
a.104.1.0	0.507011	0.141331	0.143223	0.208435	
a.104.1.0	0.494381	0.14433	0.156404	0.204885	
a.104.1.0	0.501841	0.144135	0.154392	0.199632	
a.104.1.0	0.498462	0.147294	0.149344	0.2049	
a.104.1.0	0.491395	0.157314	0.155069	0.196221	
a.104.1.0	0.498764	0.145683	0.151579	0.203975	
a.104.1.0	0.494437	0.15439	0.154552	0.196621	
a.104.1.0	0.502827	0.148864	0.148556	0.199753	
a.104.1.0	0.490841	0.156299	0.158717	0.194142	
a.104.1.0	0.503798	0.143646	0.150725	0.20183	
a.104.1.0	0.504885	0.141461	0.149002	0.204652	
a.104.1.0	0.500827	0.143944	0.147581	0.207649	
a.104.1.0	0.497392	0.152579	0.151999	0.19803	
a.104.1.0	0.499356	0.148559	0.150837	0.201248	
a.104.1.0	0.5	0.147161	0.156074	0.196764	
a.104.1.0	0.51195	0.138883	0.144105	0.205061	
a.104.1.0	0.500956	0.147161	0.145925	0.205958	
a.104.1.0	0.498927	0.149515	0.152948	0.19861	
a.104.1.0	0.503635	0.145771	0.149761	0.200833	
a.104.1.0	0.502497	0.149303	0.154385	0.193814	
a.104.1.0	0.500555	0.145743	0.152813	0.200889	
a.104.1.0	0.498093	0.145891	0.152387	0.203629	
a.104.1.0	0.49897	0.1472	0.155732	0.198097	
a.104.1.0	0.504506	0.14389	0.145672	0.205932	
a.104.1.0	0.490032	0.15334	0.158006	0.198621	
a.104.1.0	0.489004	0.157056	0.159394	0.194545	
a.104.1.0	0.496152	0.152895	0.153444	0.197508	
a.121.1.1	0.528631	0.10656	0.108457	0.256352	
a.121.1.1	0.534367	0.105616	0.106454	0.253562	
a.121.1.1	0.554545	0.0931818	0.0833333	0.268939	
a.121.1.1	0.519397	0.112428	0.118175	0.25	
a.121.1.1	0.538493	0.0997963	0.103055	0.258656	
a.121.1.1	0.53998	0.0927937	0.100362	0.266864	
a.121.1.1	0.539847	0.101306	0.099955	0.258892	
a.121.1.1	0.55461	0.0775414	0.0903073	0.277541	
a.121.1.1	0.544976	0.0867099	0.0960292	0.272285	
a.121.1.1	0.519545	0.12	0.113636	0.246818	
a.121.1.1	0.542322	0.0999575	0.109315	0.248405	
a.121.1.1	0.544712	0.105365	0.096423	0.253499	
a.121.1.1	0.537992	0.105766	0.0946926	0.26155	
a.121.1.1	0.521918	0.115024	0.104534	0.258524	
a.121.1.1	0.521676	0.11694	0.119854	0.24153	
a.121.1.1	0.5425	0.1025	0.0954167	0.259583	
a.121.1.1	0.53365	0.108868	0.103325	0.254157	
a.121.1.1	0.531181	0.110418	0.10675	0.251651	
a.121.1.1	0.541683	0.100282	0.102296	0.255739	
a.121.1.1	0.542169	0.103133	0.0959036	0.258795	
a.121.1.1	0.525145	0.120082	0.11324	0.241533	
a.121.1.1	0.548828	0.0988281	0.0882813	0.264062	
a.121.1.1	0.529459	0.109475	0.111067	0.25	
a.121.1.1	0.518083	0.117541	0.122514	0.241863	
a.121.1.1	0.535067	0.107757	0.102183	0.254993	
a.121.1.1	0.546672	0.103978	0.09295	0.2564	
a.121.1.1	0.539722	0.101787	0.0948361	0.263654	
a.121.1.1	0.541102	0.105085	0.104661	0.249153	
a.121.1.1	0.545455	0.0972953	0.0909091	0.266341	
a.121.1.1	0.52648	0.119938	0.0872274	0.266355	
a.121.1.1	0.536672	0.0981861	0.108833	0.256309	
a.121.1.1	0.54404	0.10596	0.100993	0.249007	
a.121.1.1	0.527817	0.114479	0.113053	0.24465	
a.121.1.1	0.542758	0.0920647	0.0978428	0.267334	
a.4.5.0	0.554939	0.0864736	0.0833003	0.275288	
a.4.5.0	0.490261	0.1293	0.142976	0.237464	
a.4.5.0	0.577842	0.0521361	0.0658943	0.304127	
a.4.5.0	0.491525	0.137476	0.137853	0.233145	
a.4.5.0	0.54789	0.0921266	0.0921266	0.267857	
a.4.5.0	0.529892	0.101374	0.105459	0.263275	
a.4.5.0	0.540691	0.101449	0.0929023	0.264957	
a.4.5.0	0.536788	0.104035	0.111551	0.247627	
a.4.5.0	0.507864	0.12278	0.121258	0.248097	
a.4.5.0	0.547813	0.0925281	0.0963995	0.26326	
a.4.5.0	0.525275	0.107143	0.0989011	0.268681	
a.4.5.0	0.491383	0.124613	0.149801	0.234202	
a.4.5.0	0.534474	0.102125	0.101089	0.262312	
a.4.5.0	0.537253	0.0897666	0.0933573	0.279623	
a.4.5.0	0.521424	0.117484	0.118867	0.242225	
a.4.5.0	0.496911	0.127096	0.128861	0.247132	
a.4.5.0	0.493724	0.122734	0.148303	0.235239	
a.4.5.0	0.519088	0.11396	0.105413	0.261538	
a.4.5.0	0.503093	0.149691	0.128247	0.218969	
a.4.5.0	0.520576	0.113683	0.117284	0.248457	
a.4.5.0	0.514847	0.112229	0.118269	0.254655	
a.4.5.0	0.531988	0.100394	0.0920276	0.275591	
a.4.5.0	0.4972	0.1124	0.146	0.2444	
a.4.5.0	0.508955	0.114119	0.126614	0.250312	
a.4.5.0	0.528571	0.108333	0.101587	0.261508	
a.4.5.0	0.545706	0.0827068	0.0894341	0.282153	
a.4.5.0	0.480286	0.149218	0.158736	0.211761	
a.4.5.0	0.498296	0.128739	0.142749	0.230216	
a.4.5.0	0.484752	0.147474	0.148839	0.218935	
a.4.5.0	0.476813	0.13476	0.152596	0.23583	
a.4.5.0	0.539826	0.10391	0.0912382	0.265025	
a.4.5.0	0.524963	0.102086	0.109911	0.26304	
a.4.5.0	0.525326	0.109661	0.0955614	0.269452	
a.4.5.0	0.517974	0.118736	0.111656	0.251634	
a.4.5.0	0.515393	0.118896	0.118896	0.246815	
a.45.1.0	0.543462	0.109221	0.10771	0.239607	
a.45.1.0	0.523931	0.118378	0.116916	0.240775	
a.45.1.0	0.52714	0.116127	0.127871	0.228862	
a.45.1.0	0.543834	0.104383	0.109212	0.242571	
a.45.1.0	0.527198	0.117647	0.122391	0.232764	
a.45.1.0	0.534201	0.110444	0.117784	0.237571	
a.45.1.0	0.541364	0.10765	0.119072	0.231914	
a.45.1.0	0.524196	0.117702	0.127381	0.230721	
a.45.1.0	0.524959	0.117781	0.129527	0.227732	
a.45.1.0	0.521999	0.126716	0.122844	0.228441	
a.45.1.0	0.536364	0.117133	0.110839	0.235664	
a.45.1.0	0.532167	0.109619	0.125234	0.232979	
a.45.1.0	0.539527	0.108108	0.11723	0.235135	
a.45.1.0	0.534698	0.111289	0.122801	0.231212	
a.45.1.0	0.524326	0.122095	0.124264	0.229315	
a.45.1.0	0.531012	0.115755	0.127695	0.225539	
a.45.1.0	0.536896	0.108688	0.119956	0.23446	
a.45.1.0	0.533842	0.110153	0.127405	0.2286	
a.45.1.0	0.531212	0.115586	0.106726	0.246476	
a.45.1.0	0.520692	0.121777	0.133989	0.223541	
a.45.1.0	0.521711	0.113288	0.131897	0.233105	
a.45.1.0	0.539206	0.108117	0.112953	0.239724	
a.45.1.0	0.532285	0.116427	0.112412	0.238876	
a.45.1.0	0.527176	0.114742	0.124689	0.233393	
a.45.1.0	0.515771	0.119584	0.12513	0.239515	
a.45.1.0	0.525893	0.118688	0.120618	0.234802	
a.45.1.0	0.539223	0.104594	0.119788	0.236396	
a.45.1.0	0.537161	0.112281	0.12185	0.228708	
a.45.1.0	0.530982	0.120303	0.119314	0.2294	
a.45.1.0	0.530186	0.116891	0.127489	0.225434	
a.45.1.0	0.529219	0.115233	0.119829	0.235719	
a.45.1.0	0.533155	0.117883	0.118553	0.230409	
a.45.1.0	0.517921	0.123022	0.130126	0.228931	
a.45.1.0	0.52381	0.121535	0.126866	0.22779	
a.45.1.0	0.539967	0.105804	0.119071	0.235158	
a.45.1.0	0.527881	0.1171	0.120818	0.234201	
a.45.1.0	0.538014	0.117145	0.107836	0.237005	
b.1.1.0	0.433272	0.202316	0.1883	0.176112	
b.1.1.0	0.441176	0.198142	0.181115	0.179567	
b.1.1.0	0.413362	0.202064	0.196632	0.187941	
b.1.1.0	0.414286	0.203448	0.202956	0.17931	
b.1.1.0	0.424055	0.208935	0.183505	0.183505	
b.1.1.0	0.421418	0.190382	0.19881	0.18939	
b.1.1.0	0.458652	0.184851	0.178596	0.177901	
b.1.1.0	0.412414	0.218851	0.189885	0.178851	
b.1.1.0	0.412516	0.195828	0.211154	0.180502	
b.1.1.0	0.43659	0.198372	0.181234	0.183805	
b.1.1.0	0.430596	0.199902	0.188172	0.181329	
b.1.1.0	0.434615	0.20625	0.18125	0.177885	
b.1.1.0	0.428208	0.198221	0.194409	0.179161	
b.1.1.0	0.429692	0.203868	0.186095	0.180345	
b.1.1.0	0.470075	0.164589	0.182668	0.182668	
b.1.1.0	0.456113	0.189655	0.169801	0.184431	
b.1.1.0	0.459172	0.189941	0.166864	0.184024	
b.1.1.0	0.454432	0.188514	0.171036	0.186017	
b.1.1.0	0.451227	0.193297	0.181927	0.173549	
b.1.1.0	0.426246	0.212136	0.191909	0.169709	
b.1.1.0	0.423676	0.179128	0.206127	0.19107	
b.1.1.0	0.420046	0.205098	0.191194	0.183662	
b.1.1.0	0.425329	0.189964	0.207288	0.177419	
b.1.1.0	0.446418	0.204532	0.166565	0.182486	
b.1.1.0	0.417034	0.204325	0.195057	0.183583	
b.1.1.0	0.412571	0.217143	0.190286	0.18	
b.1.1.0	0.434718	0.20821	0.192878	0.164194	
b.1.1.0	0.413701	0.199288	0.210854	0.176157	
b.1.1.0	0.446449	0.1708	0.203495	0.179256	
b.1.1.0	0.431947	0.204376	0.188184	0.175492	
b.1.1.0	0.407136	0.20088	0.22825	0.163734	
b.1.1.0	0.449095	0.210973	0.16233	0.177602	
b.1.1.0	0.452906	0.185371	0.17986	0.181864	
b.1.1.0	0.430049	0.20577	0.191617	0.172564	
b.1.1.0	0.451081	0.187713	0.168942	0.192264	
b.1.1.0	0.416149	0.184424	0.212136	0.187291	
b.1.1.0	0.45614	0.18655	0.17193	0.18538	
b.1.1.0	0.449233	0.192444	0.174734	0.183589	
b.1.1.0	0.442308	0.182952	0.196466	0.178274	
b.1.1.0	0.420398	0.223259	0.18408	0.172264	
b.1.1.0	0.414168	0.211996	0.189762	0.184074	
b.1.1.0	0.407808	0.208373	0.203669	0.180151	
b.1.1.0	0.416785	0.187767	0.210052	0.185396	
b.1.1.0	0.423673	0.194137	0.201327	0.180863	
b.1.1.0	0.424942	0.202309	0.187991	0.184758	
b.1.1.0	0.415269	0.218888	0.193733	0.172109	
b.1.1.0	0.432485	0.202544	0.19227	0.172701	
b.1.1.1	0.432796	0.204301	0.181452	0.181452	
b.1.1.1	0.429146	0.190955	0.18392	0.19598	
b.1.1.1	0.421117	0.207501	0.191194	0.180188	
b.1.1.1	0.436448	0.191526	0.195589	0.176436	
b.1.1.1	0.417027	0.207311	0.190476	0.185185	
b.1.1.1	0.438114	0.191225	0.182711	0.18795	
b.1.1.1	0.437212	0.19631	0.195284	0.171194	
b.1.1.1	0.424519	0.1875	0.220673	0.167308	
b.1.1.1	0.423037	0.21436	0.191632	0.170971	
b.1.1.1	0.426428	0.180058	0.21636	0.177154	
b.1.1.1	0.431497	0.186251	0.212092	0.170161	
b.1.1.1	0.429594	0.190453	0.196181	0.183771	
b.1.1.1	0.428498	0.193082	0.19618	0.182241	
b.1.1.1	0.42427	0.185219	0.216697	0.173814	
b.1.1.1	0.425216	0.194631	0.203739	0.176414	
b.1.1.1	0.441696	0.192327	0.180212	0.185765	
b.1.1.1	0.409378	0.201791	0.209168	0.179663	
b.1.1.1	0.421105	0.197113	0.192633	0.189149	
b.1.1.1	0.442493	0.199916	0.185696	0.171895	
b.1.1.1	0.425511	0.195716	0.196689	0.182084	
b.1.1.1	0.42549	0.215686	0.183333	0.17549	
b.1.1.1	0.425437	0.191223	0.206897	0.176444	
b.1.1.1	0.429324	0.192621	0.205558	0.172496	
b.1.1.1	0.442006	0.19906	0.193312	0.165622	
b.1.1.1	0.421513	0.203323	0.194141	0.181023	
b.1.1.1	0.424812	0.205156	0.192803	0.177229	
b.1.1.1	0.452249	0.198398	0.173136	0.176217	
b.1.1.1	0.423666	0.197216	0.200928	0.17819	
b.1.1.1	0.443713	0.192561	0.187953	0.175774	
b.1.1.1	0.432287	0.199552	0.188341	0.179821	
b.1.1.1	0.411105	0.214468	0.191544	0.182883	
b.1.1.1	0.410564	0.204882	0.209284	0.17527	
b.1.1.1	0.436258	0.190499	0.195831	0.177412	
b.1.1.1	0.396648	0.212756	0.205307	0.185289	
b.1.1.1	0.442949	0.196645	0.183845	0.176561	
b.1.1.1	0.42271	0.183206	0.212309	0.181775	
b.1.1.1	0.422172	0.201008	0.193169	0.183651	
b.1.1.1	0.427724	0.196332	0.191478	0.184466	
b.1.1.1	0.425084	0.189564	0.205361	0.17999	
b.1.2.1	0.461345	0.162162	0.196732	0.179761	
b.1.2.1	0.454597	0.172531	0.19353	0.179342	
b.1.2.1	0.414944	0.18656	0.207707	0.190789	
b.1.2.1	0.463768	0.178324	0.173283	0.184625	
b.1.2.1	0.411738	0.184713	0.215196	0.188353	
b.1.2.1	0.429072	0.190309	0.198482	0.182137	
b.1.2.1	0.443299	0.179503	0.183141	0.194057	
b.1.2.1	0.448655	0.18154	0.204156	0.165648	
b.1.2.1	0.439282	0.187434	0.197994	0.17529	
b.1.2.1	0.427746	0.192678	0.197816	0.18176	
b.1.2.1	0.443517	0.185309	0.193656	0.177518	
b.1.2.1	0.453076	0.166319	0.202815	0.177789	
b.1.2.1	0.435673	0.18655	0.20117	0.176608	
b.1.2.1	0.430625	0.165837	0.221117	0.182421	
b.1.2.1	0.451357	0.164027	0.201923	0.182692	
b.1.2.1	0.428416	0.190889	0.201735	0.178959	
b.1.2.1	0.439501	0.182311	0.206186	0.172002	
b.1.2.1	0.425358	0.173824	0.222904	0.177914	
b.1.2.1	0.445954	0.177791	0.199055	0.1772	
b.1.2.1	0.488006	0.158171	0.177661	0.176162	
b.1.2.1	0.420051	0.182741	0.204315	0.192893	
b.1.2.1	0.431843	0.192475	0.193021	0.182661	
b.1.2.1	0.466577	0.162728	0.199865	0.170831	
b.1.2.1	0.467091	0.16189	0.178344	0.192675	
b.1.2.1	0.451674	0.183196	0.191409	0.173721	
b.1.2.1	0.452546	0.189236	0.188657	0.16956	
b.1.2.1	0.445628	0.171525	0.202915	0.179933	
b.1.2.1	0.450265	0.187003	0.195623	0.167109	
b.1.2.1	0.430323	0.179487	0.200669	0.189521	
b.1.2.1	0.436422	0.192971	0.191693	0.178914	
b.1.2.1	0.441567	0.197211	0.188579	0.172643	
b.1.2.1	0.455133	0.168701	0.203159	0.173008	
b.1.2.1	0.455459	0.168118	0.204956	0.171467	
b.1.2.1	0.4862	0.184713	0.164897	0.16419	
b.1.2.1	0.466736	0.172557	0.177235	0.183472	
b.1.2.1	0.468137	0.181373	0.191176	0.159314	
b.1.2.1	0.434942	0.182749	0.201754	0.180556	
b.1.2.1	0.441836	0.182497	0.197439	0.178228	
b.1.2.1	0.448373	0.169024	0.195191	0.187412	
b.1.2.1	0.424917	0.19188	0.199666	0.183537	
b.1.2.1	0.442421	0.192127	0.193302	0.17215	
b.1.2.1	0.445169	0.179016	0.19265	0.183165	
b.1.2.1	0.422854	0.216956	0.183254	0.176935	
b.1.2.1	0.440392	0.187806	0.193794	0.178008	
b.1.2.1	0.422149	0.203947	0.19682	0.177083	
b.1.2.1	0.433841	0.184426	0.193208	0.188525	
b.1.2.1	0.467857	0.171939	0.17551	0.184694	
b.29.1.0	0.419758	0.213059	0.195039	0.172143	
b.29.1.0	0.427235	0.195473	0.202955	0.174336	
b.29.1.0	0.434581	0.182184	0.218992	0.164244	
b.29.1.0	0.427502	0.19905	0.201972	0.171476	
b.29.1.0	0.431825	0.195036	0.204672	0.168467	
b.29.1.0	0.440537	0.193254	0.192295	0.173913	
b.29.1.0	0.420475	0.185009	0.212431	0.182084	
b.29.1.0	0.425484	0.192258	0.208387	0.173871	
b.29.1.0	0.431993	0.206109	0.190947	0.170951	
b.29.1.0	0.454182	0.187042	0.177058	0.181717	
b.29.1.0	0.421153	0.185427	0.224579	0.168842	
b.29.1.0	0.425099	0.172123	0.236111	0.166667	
b.29.1.0	0.436799	0.19049	0.184584	0.188128	
b.29.1.0	0.435175	0.203614	0.193738	0.167472	
b.29.1.0	0.430168	0.186802	0.203911	0.17912	
b.29.1.0	0.434809	0.192061	0.19542	0.17771	
b.29.1.0	0.431644	0.211375	0.18635	0.170631	
b.29.1.0	0.42615	0.189157	0.211648	0.173045	
b.29.1.0	0.413377	0.221514	0.195656	0.169454	
b.29.1.0	0.436583	0.190378	0.203242	0.169797	
b.29.1.0	0.426661	0.190967	0.209822	0.17255	
b.29.1.0	0.429599	0.21399	0.18414	0.172271	
b.29.1.0	0.444966	0.190345	0.187586	0.177103	
b.29.1.0	0.434855	0.203831	0.187515	0.1738	
b.29.1.0	0.424834	0.177275	0.219446	0.178446	
b.29.1.0	0.425899	0.198459	0.205062	0.17058	
b.29.1.0	0.43625	0.20059	0.194035	0.169125	
b.29.1.0	0.43241	0.200252	0.186818	0.180521	
b.29.1.0	0.435354	0.200877	0.197224	0.166545	
b.29.1.0	0.434956	0.195506	0.202247	0.167291	
b.55.1.1	0.475781	0.164755	0.169216	0.190249	
b.55.1.1	0.437786	0.187913	0.168614	0.205688	
b.55.1.1	0.486556	0.172855	0.142979	0.19761	
b.55.1.1	0.454148	0.20524	0.160116	0.180495	
b.55.1.1	0.465328	0.16021	0.186992	0.18747	
b.55.1.1	0.469734	0.179661	0.149637	0.200969	
b.55.1.1	0.469439	0.181705	0.161331	0.187526	
b.55.1.1	0.495354	0.16144	0.148664	0.194541	
b.55.1.1	0.499459	0.154818	0.137495	0.208228	
b.55.1.1	0.500738	0.170684	0.133792	0.194786	
b.55.1.1	0.479222	0.179565	0.133435	0.207777	
b.55.1.1	0.463833	0.179403	0.154475	0.202289	
b.55.1.1	0.46167	0.184154	0.153319	0.200857	
b.55.1.1	0.474922	0.185475	0.143678	0.195925	
b.55.1.1	0.463	0.181	0.1595	0.1965	
b.55.1.1	0.493034	0.159595	0.130146	0.217226	
b.55.1.1	0.471628	0.174342	0.146382	0.207648	
b.55.1.1	0.460333	0.177767	0.168952	0.192948	
b.55.1.1	0.481972	0.194592	0.136797	0.186638	
b.55.1.1	0.47957	0.160215	0.158065	0.202151	
b.55.1.1	0.48573	0.17618	0.150384	0.187706	
b.55.1.1	0.488095	0.163832	0.155896	0.192177	
b.55.1.1	0.486322	0.157042	0.169706	0.18693	
b.55.1.1	0.472748	0.172117	0.156053	0.199082	
b.55.1.1	0.498883	0.164379	0.139483	0.197255	
b.55.1.1	0.468419	0.16634	0.16124	0.204002	
b.55.1.1	0.475738	0.161392	0.174051	0.188819	
b.55.1.1	0.497778	0.159556	0.144	0.198667	
b.55.1.1	0.48251	0.173868	0.138889	0.204733	
b.55.1.1	0.46832	0.175207	0.165289	0.191185	
b.55.1.1	0.512312	0.148427	0.139535	0.199726	
b.55.1.1	0.477873	0.173052	0.142008	0.207067	
b.55.1.1	0.461403	0.172916	0.148213	0.217468	
b.55.1.1	0.477565	0.154506	0.16192	0.206009	
c.108.1.0	0.476744	0.162944	0.16784	0.192472	
c.108.1.0	0.4768	0.162473	0.167418	0.193309	
c.108.1.0	0.487022	0.147541	0.162227	0.20321	
c.108.1.0	0.481683	0.154711	0.165616	0.197989	
c.108.1.0	0.488603	0.144423	0.157299	0.209675	
c.108.1.0	0.469787	0.158892	0.173763	0.197558	
c.108.1.0	0.485648	0.149786	0.164302	0.200264	
c.108.1.0	0.487184	0.150276	0.157648	0.204892	
c.108.1.0	0.469337	0.160497	0.167403	0.202762	
c.108.1.0	0.481934	0.156404	0.162171	0.199491	
c.108.1.0	0.479503	0.164224	0.15677	0.199503	
c.108.1.0	0.486788	0.145038	0.164807	0.203367	
c.108.1.0	0.467274	0.162612	0.172814	0.1973	
c.108.1.0	0.483578	0.145203	0.164434	0.206785	
c.108.1.0	0.486189	0.153929	0.150979	0.208903	
c.108.1.0	0.477447	0.158606	0.165445	0.198502	
c.108.1.0	0.467586	0.165444	0.174245	0.192725	
c.108.1.0	0.485328	0.148069	0.166602	0.2	
c.108.1.0	0.470492	0.171038	0.160383	0.198087	
c.108.1.0	0.491954	0.142809	0.159403	0.205833	
c.108.1.0	0.476281	0.15349	0.166576	0.203653	
c.108.1.0	0.469583	0.170423	0.166446	0.193548	
c.108.1.0	0.490507	0.14818	0.161884	0.199429	
c.108.1.0	0.5	0.142213	0.145818	0.211968	
c.108.1.0	0.484406	0.157943	0.155389	0.202262	
c.108.1.0	0.477835	0.159974	0.165596	0.196595	
c.108.1.0	0.489697	0.147206	0.158901	0.204195	
c.108.1.0	0.470115	0.17234	0.158671	0.198874	
c.108.1.0	0.475503	0.158291	0.163735	0.202471	
c.108.1.0	0.470655	0.159649	0.168103	0.201593	
c.108.1.0	0.463601	0.163721	0.182744	0.189934	
c.108.1.0	0.491088	0.137431	0.164584	0.206897	
c.108.1.0	0.480704	0.15181	0.16735	0.200137	
c.108.1.0	0.483597	0.151772	0.157051	0.207579	
c.108.1.0	0.482152	0.149656	0.164069	0.204123	
c.108.1.0	0.498164	0.134178	0.1529	0.214758	
c.108.1.0	0.485626	0.157879	0.158032	0.198463	
c.108.1.0	0.469688	0.167292	0.16888	0.19414	
c.108.1.0	0.475883	0.167578	0.156141	0.200398	
c.108.1.0	0.475511	0.163205	0.16584	0.195443	
c.108.1.0	0.485626	0.154407	0.154407	0.205561	
c.108.1.0	0.487329	0.153642	0.166224	0.192805	
c.108.1.0	0.495858	0.143307	0.150596	0.210239	
c.108.1.0	0.482464	0.14511	0.170904	0.201522	
c.108.1.0	0.484222	0.153117	0.165242	0.19742	
c.108.1.0	0.481194	0.163802	0.156535	0.198468	
c.1.11.0	0.47019	0.169577	0.162026	0.198207	
c.1.11.0	0.480619	0.159269	0.157662	0.20245	
c.1.11.0	0.484975	0.151339	0.16609	0.197596	
c.1.11.0	0.486099	0.158845	0.156012	0.199044	
c.1.11.0	0.489358	0.154222	0.159456	0.196964	
c.1.11.0	0.476306	0.160751	0.164468	0.198476	
c.1.11.0	0.48059	0.162566	0.158557	0.198287	
c.1.11.0	0.484523	0.161508	0.159505	0.194465	
c.1.11.0	0.488214	0.149286	0.162679	0.199821	
c.1.11.0	0.485062	0.157118	0.161336	0.196485	
c.1.11.0	0.490282	0.152248	0.155107	0.202363	
c.1.11.0	0.479893	0.154826	0.167393	0.197889	
c.1.11.0	0.484681	0.152476	0.160848	0.201995	
c.1.11.0	0.484702	0.161452	0.158341	0.195506	
c.1.11.0	0.487137	0.158365	0.159095	0.195402	
c.1.11.0	0.476589	0.167391	0.163378	0.192642	
c.1.11.0	0.48622	0.15605	0.163351	0.194379	
c.1.11.0	0.488467	0.154762	0.153274	0.203497	
c.1.11.0	0.478696	0.166914	0.159874	0.194516	
c.1.11.0	0.481109	0.161017	0.164371	0.193503	
c.1.11.0	0.486717	0.15549	0.157905	0.199889	
c.1.11.0	0.472849	0.163996	0.165863	0.197293	
c.1.11.0	0.487079	0.1554	0.157796	0.199726	
c.1.11.0	0.482042	0.157218	0.163556	0.197183	
c.1.11.0	0.490294	0.160927	0.153882	0.194897	
c.1.11.0	0.488205	0.158632	0.162735	0.190427	
c.1.11.0	0.482255	0.162673	0.15835	0.196721	
c.1.11.0	0.474603	0.167922	0.164717	0.192758	
c.1.11.0	0.483191	0.165353	0.156346	0.19511	
c.1.11.0	0.485331	0.150626	0.161717	0.202326	
c.1.11.0	0.475564	0.164112	0.162308	0.198016	
c.14.1.0	0.501947	0.153257	0.137036	0.20776	
c.14.1.0	0.507959	0.149969	0.13686	0.205212	
c.14.1.0	0.507263	0.14176	0.139589	0.211388	
c.14.1.0	0.517113	0.134307	0.135118	0.213463	
c.14.1.0	0.508458	0.150083	0.131343	0.210116	
c.14.1.0	0.523557	0.138345	0.127404	0.210693	
c.14.1.0	0.501811	0.153621	0.144011	0.200557	
c.14.1.0	0.526822	0.13459	0.124784	0.213805	
c.14.1.0	0.515393	0.141128	0.124351	0.219128	
c.14.1.0	0.518301	0.129489	0.137258	0.214952	
c.14.1.0	0.514176	0.135757	0.12942	0.220647	
c.14.1.0	0.512191	0.134946	0.134001	0.218862	
c.14.1.0	0.514953	0.140561	0.135514	0.208972	
c.14.1.0	0.508391	0.149038	0.135489	0.207082	
c.14.1.0	0.515245	0.134539	0.138674	0.211542	
c.14.1.0	0.51884	0.135045	0.131711	0.214405	
c.14.1.0	0.508929	0.13307	0.151099	0.206902	
c.14.1.0	0.50057	0.146439	0.152849	0.200142	
c.14.1.0	0.513809	0.138665	0.133257	0.214269	
c.14.1.0	0.499911	0.146111	0.139883	0.214095	
c.14.1.0	0.502271	0.14483	0.145739	0.20716	
c.14.1.0	0.50293	0.143694	0.139363	0.214013	
c.14.1.0	0.51216	0.140245	0.134032	0.213563	
c.14.1.0	0.523153	0.132732	0.121951	0.222163	
c.14.1.0	0.521535	0.127591	0.129393	0.221481	
c.14.1.0	0.512452	0.141128	0.13542	0.211	
c.14.1.0	0.512965	0.132729	0.148323	0.205984	
c.14.1.0	0.5253	0.128186	0.125937	0.220577	
c.14.1.0	0.513981	0.139808	0.137402	0.208809	
c.14.1.0	0.518205	0.133277	0.136664	0.211854	
c.14.1.0	0.525171	0.127789	0.117831	0.229209	
c.14.1.0	0.518261	0.134577	0.136761	0.210401	
c.14.1.0	0.528268	0.134299	0.121404	0.216029	
c.14.1.0	0.515313	0.132301	0.137642	0.214744	
c.14.1.0	0.532391	0.123479	0.123282	0.220848	
c.14.1.0	0.50383	0.141646	0.148003	0.20652	
c.14.1.0	0.515127	0.134801	0.142416	0.207656	
c.14.1.0	0.520378	0.131901	0.132456	0.215265	
c.14.1.0	0.518376	0.136097	0.133244	0.212284	
c.14.1.0	0.515602	0.132983	0.13897	0.212446	
c.14.1.0	0.516226	0.144231	0.128606	0.210938	
c.14.1.0	0.516798	0.13188	0.132595	0.218728	
c.1.8.0	0.468694	0.170833	0.168581	0.191892	
c.1.8.0	0.466394	0.170832	0.171478	0.191297	
c.1.8.0	0.473065	0.169811	0.170632	0.186492	
c.1.8.0	0.477567	0.171146	0.162262	0.189025	
c.1.8.0	0.466806	0.182663	0.165971	0.18456	
c.1.8.0	0.472516	0.168076	0.173009	0.186399	
c.1.8.0	0.480538	0.167154	0.161309	0.190999	
c.1.8.0	0.473441	0.174172	0.166186	0.186201	
c.1.8.0	0.485929	0.164791	0.158296	0.190984	
c.1.8.0	0.466531	0.169661	0.181397	0.182411	
c.1.8.0	0.472395	0.176512	0.161159	0.189934	
c.1.8.0	0.464928	0.178531	0.173231	0.183311	
c.1.8.0	0.46631	0.17891	0.170984	0.183796	
c.1.8.0	0.472228	0.168792	0.173871	0.185109	
c.1.8.0	0.480646	0.166297	0.163708	0.189349	
c.1.8.0	0.466705	0.175583	0.174303	0.183409	
c.1.8.0	0.463431	0.18	0.172451	0.184118	
c.1.8.0	0.484626	0.163492	0.16028	0.191602	
c.1.8.0	0.462753	0.174017	0.175507	0.187723	
c.1.8.0	0.480883	0.16555	0.16555	0.188017	
c.1.8.0	0.461813	0.177117	0.175731	0.185339	
c.1.8.0	0.481895	0.175876	0.159887	0.182342	
c.1.8.0	0.476327	0.163397	0.167916	0.192359	
c.1.8.0	0.481847	0.172288	0.159184	0.186681	
c.1.8.0	0.473781	0.172079	0.1716	0.182539	
c.1.8.0	0.473535	0.174277	0.17009	0.182098	
c.1.8.0	0.464377	0.180113	0.169452	0.186058	
c.1.8.0	0.485745	0.164977	0.160921	0.188357	
c.1.8.0	0.473051	0.169152	0.163789	0.194008	
c.1.8.0	0.479224	0.168734	0.164158	0.187884	
c.1.8.0	0.475789	0.17312	0.160038	0.191054	
c.1.8.0	0.484856	0.166881	0.157292	0.190972	
c.2.1.0	0.488158	0.153328	0.159811	0.198704	
c.2.1.0	0.476151	0.146423	0.180532	0.196894	
c.2.1.0	0.493722	0.155533	0.148836	0.201909	
c.2.1.0	0.501859	0.155003	0.140297	0.20284	
c.2.1.0	0.498926	0.149893	0.149066	0.202115	
c.2.1.0	0.495375	0.15125	0.148852	0.204522	
c.2.1.0	0.492171	0.151834	0.154718	0.201277	
c.2.1.0	0.47772	0.140242	0.166839	0.215199	
c.2.1.0	0.484666	0.145478	0.16671	0.203145	
c.2.1.0	0.488038	0.159755	0.150452	0.201754	
c.2.1.0	0.498507	0.152405	0.143284	0.205804	
c.2.1.0	0.500389	0.151185	0.146522	0.201904	
c.2.1.0	0.487694	0.157019	0.162931	0.192355	
c.2.1.0	0.488733	0.148568	0.1683	0.194398	
c.2.1.0	0.489196	0.152626	0.169174	0.189004	
c.2.1.0	0.486334	0.158341	0.156456	0.198869	
c.2.1.0	0.502591	0.149187	0.139182	0.209041	
c.2.1.0	0.493163	0.149252	0.160733	0.196852	
c.2.1.0	0.484094	0.160166	0.15823	0.19751	
c.2.1.0	0.492361	0.151434	0.15465	0.201555	
c.2.1.0	0.497497	0.129765	0.152869	0.219869	
c.2.1.0	0.495105	0.15862	0.137714	0.208561	
c.2.1.0	0.469153	0.156437	0.177369	0.197041	
c.2.1.0	0.491355	0.155112	0.154608	0.198926	
c.2.1.0	0.502519	0.144117	0.143037	0.210327	
c.2.1.0	0.492411	0.151924	0.149778	0.205887	
c.2.1.0	0.496009	0.154954	0.144467	0.20457	
c.2.1.0	0.493246	0.152074	0.146035	0.208645	
c.2.1.0	0.50973	0.137163	0.140445	0.212661	
c.2.1.0	0.49063	0.157835	0.148465	0.203069	
c.2.1.0	0.494627	0.139423	0.152432	0.213518	
c.2.1.0	0.495449	0.135566	0.148895	0.220091	
c.2.1.0	0.479877	0.165608	0.156749	0.197766	
c.2.1.0	0.497148	0.150314	0.148602	0.203936	
c.2.1.0	0.494022	0.155264	0.146297	0.204417	
c.2.1.0	0.494874	0.150311	0.153424	0.201391	
c.2.1.0	0.497344	0.148502	0.145528	0.208625	
c.2.1.0	0.492841	0.154001	0.148862	0.204295	
c.2.1.0	0.49784	0.139198	0.151235	0.211728	
c.2.1.0	0.493158	0.148596	0.153158	0.205088	
c.2.1.0	0.494245	0.154329	0.151321	0.200105	
c.2.1.0	0.504728	0.142685	0.140966	0.211621	
c.2.1.0	0.486678	0.156197	0.158396	0.198729	
c.2.1.0	0.493894	0.13659	0.148349	0.221167	
c.2.1.0	0.487876	0.152453	0.16597	0.193701	
c.2.1.0	0.486234	0.160187	0.151844	0.201735	
c.2.1.0	0.50771	0.137642	0.139909	0.214739	
c.2.1.0	0.495309	0.148148	0.145185	0.211358	
c.2.1.0	0.489235	0.150705	0.166444	0.193615	
c.2.1.0	0.490196	0.150452	0.150264	0.209087	
c.2.1.0	0.48064	0.152	0.15072	0.21664	
c.2.1.0	0.466907	0.161252	0.158544	0.213297	
c.2.1.0	0.517413	0.135124	0.131343	0.216119	
c.2.1.0	0.493355	0.158426	0.143363	0.204856	
c.2.1.0	0.502365	0.152703	0.143074	0.201858	
c.2.1.0	0.485714	0.148232	0.155587	0.210467	
c.2.1.0	0.49492	0.152245	0.146018	0.206817	
c.2.1.0	0.494426	0.152529	0.147197	0.205849	
c.2.1.0	0.476134	0.172568	0.161028	0.19027	
c.2.1.0	0.50081	0.147226	0.141758	0.210207	
c.2.1.0	0.501393	0.152712	0.144028	0.201868	
c.2.1.0	0.494235	0.146829	0.154459	0.204476	
c.2.1.0	0.489612	0.152765	0.161625	0.195998	
c.2.1.0	0.493496	0.147545	0.163717	0.195242	
c.2.1.0	0.488943	0.153576	0.155101	0.202379	
c.2.1.0	0.486336	0.151405	0.170315	0.191944	
c.2.1.0	0.508455	0.146094	0.134596	0.210856	
c.2.1.0	0.492979	0.156302	0.150451	0.200267	
c.2.1.0	0.489965	0.143753	0.156799	0.209483	
c.2.1.0	0.483837	0.156068	0.156598	0.203498	
c.2.1.0	0.501834	0.139039	0.1469	0.212227	
c.2.1.0	0.504016	0.144249	0.146471	0.205264	
c.2.1.0	0.521207	0.112152	0.139995	0.226646	
c.2.1.0	0.505897	0.145746	0.14385	0.204507	
c.2.1.0	0.499259	0.148362	0.13914	0.213239	
c.2.1.0	0.504505	0.144911	0.139352	0.211233	
c.2.1.0	0.496635	0.144079	0.148263	0.211024	
c.2.1.0	0.48848	0.15423	0.150619	0.206671	
c.2.1.0	0.510896	0.136199	0.142454	0.210452	
c.2.1.0	0.505857	0.142414	0.146648	0.205081	
c.2.1.0	0.483863	0.154916	0.159384	0.201837	
c.2.1.0	0.498054	0.142173	0.140676	0.219096	
c.2.1.0	0.47539	0.154562	0.153962	0.216086	
c.2.1.0	0.491714	0.151571	0.154	0.202714	
c.2.1.0	0.494041	0.153595	0.148789	0.203576	
c.2.1.0	0.489137	0.153011	0.136872	0.220981	
c.2.1.0	0.503437	0.148104	0.143194	0.205264	
c.2.1.0	0.493032	0.144928	0.147993	0.214047	
c.2.1.0	0.490968	0.14871	0.152419	0.207903	
c.2.1.0	0.496133	0.152044	0.148508	0.203315	
c.2.1.0	0.489725	0.151118	0.1513	0.207856	
c.2.1.0	0.499096	0.144899	0.145803	0.210203	
c.2.1.0	0.479609	0.168294	0.151781	0.200316	
c.2.1.0	0.492489	0.148515	0.149539	0.209457	
c.2.1.0	0.498318	0.150777	0.147092	0.203813	
c.2.1.0	0.48966	0.152388	0.157312	0.20064	
c.2.1.0	0.485543	0.15757	0.150585	0.206303	
c.2.1.0	0.503385	0.141231	0.14	0.215385	
c.2.1.0	0.490232	0.15298	0.155298	0.20149	
c.2.1.0	0.474532	0.159647	0.17546	0.19036	
c.2.1.0	0.499154	0.147666	0.146313	0.206867	
c.2.1.0	0.489964	0.153317	0.15217	0.20455	
c.2.1.0	0.501912	0.145862	0.144124	0.208102	
c.2.1.0	0.484958	0.157457	0.144229	0.213356	
c.2.1.0	0.490466	0.148817	0.161864	0.198853	
c.2.1.0	0.485048	0.143608	0.151167	0.220177	
c.2.1.0	0.493046	0.150166	0.149338	0.20745	
c.2.1.0	0.492043	0.15324	0.149467	0.20525	
c.2.1.0	0.493272	0.153637	0.148356	0.204735	
c.2.1.0	0.491634	0.159033	0.148724	0.200608	
c.2.1.0	0.501979	0.149859	0.144581	0.203582	
c.2.1.0	0.503406	0.147723	0.140731	0.208139	
c.2.1.0	0.491152	0.156928	0.148748	0.203172	
c.2.1.0	0.491857	0.153596	0.161488	0.193059	
c.2.1.0	0.495839	0.156469	0.142601	0.205091	
c.2.1.0	0.511823	0.136451	0.14013	0.211596	
c.2.1.0	0.487774	0.156176	0.150655	0.205395	
c.2.1.0	0.478686	0.155764	0.168767	0.196783	
c.2.1.0	0.49437	0.152643	0.147013	0.205974	
c.2.1.0	0.494722	0.155945	0.1428	0.206533	
c.2.1.0	0.493922	0.146638	0.153254	0.206186	
c.2.1.0	0.479897	0.159652	0.159652	0.200799	
c.2.1.0	0.493902	0.148189	0.150961	0.206948	
c.2.1.0	0.507842	0.146036	0.140526	0.205596	
c.2.1.0	0.49792	0.154766	0.147314	0.2	
c.2.1.0	0.482213	0.161872	0.154553	0.201362	
c.2.1.0	0.486175	0.151023	0.16987	0.192932	
c.2.1.0	0.499267	0.14846	0.143695	0.208578	
c.2.1.0	0.480704	0.154483	0.170106	0.194707	
c.2.1.0	0.465087	0.173547	0.164883	0.196483	
c.2.1.0	0.490508	0.160339	0.143559	0.205593	
c.2.1.0	0.477812	0.149316	0.164387	0.208485	
c.2.1.0	0.506474	0.141124	0.140797	0.211605	
c.2.1.0	0.496459	0.143375	0.146657	0.213508	
c.2.1.0	0.497077	0.146476	0.147775	0.208672	
c.2.1.0	0.505025	0.149594	0.140704	0.204677	
c.2.1.0	0.495656	0.151614	0.150467	0.202262	
c.2.1.0	0.495712	0.154717	0.142367	0.207204	
c.2.1.0	0.490572	0.154405	0.151005	0.204019	
c.2.1.0	0.483143	0.151463	0.157908	0.207486	
c.2.1.0	0.498111	0.149992	0.144242	0.207656	
c.2.1.0	0.510652	0.143375	0.135492	0.210481	
c.2.1.0	0.494411	0.148038	0.154247	0.203304	
c.2.1.0	0.491008	0.162813	0.145151	0.201028	
c.2.1.0	0.485191	0.163458	0.14217	0.209182	
c.2.1.0	0.493392	0.161201	0.148148	0.197259	
c.2.1.0	0.498396	0.149501	0.144155	0.207947	
c.2.1.0	0.498289	0.146974	0.156316	0.198421	
c.2.1.0	0.49817	0.152108	0.142721	0.207001	
c.2.1.0	0.503082	0.151877	0.146273	0.198767	
c.2.1.0	0.511107	0.147345	0.133808	0.20774	
c.2.1.0	0.489875	0.155376	0.150589	0.204161	
c.2.1.2	0.47723	0.160717	0.159581	0.202473	
c.2.1.2	0.492293	0.155068	0.145882	0.206757	
c.2.1.2	0.49404	0.154227	0.144874	0.206859	
c.2.1.2	0.497912	0.145144	0.150365	0.206578	
c.2.1.2	0.508399	0.136442	0.144155	0.211004	
c.2.1.2	0.497448	0.141148	0.153907	0.207496	
c.2.1.2	0.481588	0.159571	0.166316	0.192525	
c.2.1.2	0.496887	0.149431	0.145482	0.2082	
c.2.1.2	0.495161	0.151153	0.147809	0.205877	
c.2.1.2	0.473577	0.179268	0.156098	0.191057	
c.2.1.2	0.496315	0.152094	0.145394	0.206198	
c.2.1.2	0.473882	0.162674	0.172872	0.190572	
c.2.1.2	0.486987	0.157679	0.165299	0.190035	
c.2.1.2	0.500973	0.146077	0.148022	0.204929	
c.2.1.2	0.492594	0.151119	0.153955	0.202332	
c.2.1.2	0.502058	0.147198	0.138177	0.212567	
c.2.1.2	0.487306	0.151651	0.167715	0.193327	
c.2.1.2	0.497184	0.156509	0.143591	0.202716	
c.2.1.2	0.50549	0.152941	0.13902	0.202549	
c.2.1.2	0.485024	0.153279	0.166553	0.195144	
c.2.1.2	0.488337	0.152481	0.165633	0.193548	
c.2.1.2	0.489714	0.155437	0.161097	0.193752	
c.2.1.2	0.483257	0.155467	0.166173	0.195103	
c.2.1.2	0.492495	0.149761	0.159492	0.198252	
c.2.1.2	0.502121	0.152683	0.14125	0.203946	
c.2.1.2	0.493372	0.153259	0.150717	0.202651	
c.2.1.2	0.502626	0.146465	0.141818	0.209091	
c.2.1.2	0.50091	0.147193	0.14264	0.209256	
c.2.1.2	0.49456	0.152602	0.151132	0.201705	
c.2.1.2	0.49725	0.149548	0.146	0.207202	
c.2.1.2	0.51046	0.143394	0.136242	0.209905	
c.2.1.2	0.492193	0.149805	0.151594	0.206409	
c.2.1.2	0.498978	0.153758	0.156186	0.191079	
c.2.1.2	0.503616	0.146698	0.141509	0.208176	
c.2.1.2	0.500159	0.152795	0.140724	0.206321	
c.2.1.2	0.481755	0.161201	0.166282	0.190762	
c.2.1.2	0.503623	0.144928	0.142512	0.208937	
c.2.1.2	0.501691	0.159339	0.137918	0.201052	
c.2.1.2	0.494933	0.152757	0.145156	0.207154	
c.2.1.2	0.495197	0.150785	0.145144	0.208873	
c.2.1.2	0.481243	0.155392	0.159316	0.20405	
c.2.1.2	0.492858	0.150227	0.155772	0.201143	
c.2.1.2	0.483693	0.169384	0.144925	0.201998	
c.2.1.2	0.50628	0.140676	0.143382	0.209662	
c.2.1.2	0.496158	0.155195	0.146843	0.201804	
c.2.1.2	0.492918	0.155807	0.159719	0.191555	
c.2.1.2	0.498995	0.147505	0.146408	0.207092	
c.2.1.2	0.491864	0.152994	0.143265	0.211877	
c.2.1.2	0.502549	0.152745	0.135098	0.209608	
c.2.1.2	0.497735	0.151394	0.147561	0.20331	
c.2.1.2	0.470372	0.166326	0.175215	0.188087	
c.2.1.2	0.482831	0.158141	0.159309	0.19972	
c.2.1.2	0.500096	0.144037	0.14711	0.208757	
c.2.1.2	0.492051	0.150486	0.154962	0.2025	
c.2.1.2	0.481488	0.167412	0.154892	0.196208	
c.2.1.2	0.489825	0.157186	0.146451	0.206537	
c.2.1.2	0.485474	0.161188	0.162717	0.190622	
c.2.1.2	0.485743	0.153975	0.155149	0.205133	
c.2.1.2	0.495391	0.153124	0.14971	0.201775	
c.2.1.2	0.485257	0.158407	0.156054	0.200282	
c.2.1.2	0.499509	0.146991	0.146991	0.206508	
c.2.1.2	0.496449	0.140482	0.153473	0.209596	
c.2.1.2	0.498264	0.144369	0.1447	0.212667	
c.23.1.0	0.48186	0.140542	0.166608	0.21099	
c.23.1.0	0.503058	0.134857	0.143869	0.218217	
c.23.1.0	0.496221	0.135616	0.14851	0.219653	
c.23.1.0	0.488803	0.137066	0.16834	0.205792	
c.23.1.0	0.48091	0.151503	0.152315	0.215272	
c.23.1.0	0.479849	0.143126	0.164218	0.212806	
c.23.1.0	0.477625	0.1321	0.169105	0.22117	
c.23.1.0	0.494961	0.145736	0.144961	0.214341	
c.23.1.0	0.497184	0.135937	0.157717	0.209163	
c.23.1.0	0.493279	0.143381	0.142566	0.220774	
c.23.1.0	0.484124	0.134065	0.159545	0.222266	
c.23.1.0	0.488527	0.143	0.1573	0.211174	
c.23.1.0	0.486516	0.143332	0.154784	0.215368	
c.23.1.0	0.471861	0.156238	0.165289	0.206612	
c.23.1.0	0.497885	0.123096	0.151861	0.227157	
c.23.1.0	0.483705	0.121212	0.142367	0.252716	
c.23.1.0	0.499441	0.136143	0.146214	0.218202	
c.23.1.0	0.503802	0.109791	0.136407	0.25	
c.23.1.0	0.482723	0.143055	0.165515	0.208708	
c.23.1.0	0.483192	0.144071	0.157	0.215737	
c.23.1.0	0.503886	0.132988	0.146373	0.216753	
c.23.1.0	0.493481	0.135267	0.154172	0.21708	
c.23.1.0	0.486154	0.141099	0.157802	0.214945	
c.23.1.0	0.497543	0.136364	0.149468	0.216626	
c.23.1.0	0.493914	0.136631	0.153514	0.21594	
c.23.1.0	0.491327	0.142534	0.151961	0.214178	
c.23.1.0	0.479618	0.139919	0.169299	0.211164	
c.23.1.0	0.491201	0.129304	0.164116	0.215379	
c.23.1.0	0.491241	0.135187	0.159939	0.213633	
c.23.1.0	0.484127	0.143235	0.163265	0.209373	
c.23.1.0	0.488305	0.14066	0.151874	0.219161	
c.23.1.0	0.500172	0.139375	0.150017	0.210436	
c.23.1.0	0.493506	0.143559	0.156897	0.206037	
c.23.1.0	0.47691	0.151973	0.160789	0.210327	
c.23.1.0	0.50096	0.135997	0.147138	0.215905	
c.23.1.0	0.509376	0.134333	0.131265	0.225026	
c.23.1.0	0.503787	0.145691	0.135954	0.214569	
c.23.1.0	0.487169	0.122779	0.164232	0.225819	
c.23.1.0	0.487323	0.145787	0.158091	0.208799	
c.23.1.0	0.492711	0.13536	0.157018	0.21491	
c.23.1.0	0.503125	0.135937	0.15	0.210938	
c.23.1.0	0.481319	0.145934	0.152527	0.22022	
c.23.1.0	0.4933	0.143635	0.152848	0.210218	
c.23.1.0	0.488724	0.138339	0.144939	0.227998	
c.23.1.0	0.476626	0.150745	0.163957	0.208672	
c.23.1.0	0.489072	0.141907	0.16598	0.203041	
c.23.1.0	0.492126	0.133071	0.155906	0.218898	
c.23.1.0	0.476744	0.15081	0.163495	0.20895	
c.23.1.0	0.485792	0.141746	0.171177	0.201286	
c.23.1.0	0.480014	0.142707	0.162693	0.214586	
c.23.1.0	0.467631	0.156239	0.165642	0.210488	
c.23.1.0	0.49014	0.147006	0.153101	0.209753	
c.23.1.0	0.495202	0.137255	0.147267	0.220275	
c.23.1.0	0.486002	0.150429	0.151549	0.212019	
c.23.1.0	0.480675	0.1606	0.15122	0.207505	
c.23.1.0	0.497151	0.139792	0.148508	0.214549	
c.23.1.0	0.476073	0.148927	0.163779	0.211221	
c.23.1.0	0.492796	0.143332	0.151829	0.212043	
c.23.1.0	0.505911	0.135605	0.143602	0.214882	
c.23.1.0	0.49456	0.111771	0.150841	0.242829	
c.23.1.0	0.515512	0.11789	0.134953	0.231644	
c.23.1.0	0.487672	0.136649	0.161304	0.214375	
c.3.1.5	0.470388	0.163592	0.148058	0.217961	
c.3.1.5	0.482941	0.15	0.151176	0.215882	
c.3.1.5	0.494683	0.155116	0.148882	0.20132	
c.3.1.5	0.500316	0.130847	0.143489	0.225348	
c.3.1.5	0.474492	0.155305	0.153499	0.216704	
c.3.1.5	0.47281	0.134441	0.179255	0.213494	
c.3.1.5	0.460535	0.167811	0.173644	0.19801	
c.3.1.5	0.51094	0.113628	0.139731	0.235701	
c.3.1.5	0.489755	0.149925	0.149425	0.210895	
c.3.1.5	0.518443	0.112687	0.136198	0.232671	
c.3.1.5	0.477551	0.155102	0.157653	0.209694	
c.3.1.5	0.467903	0.148835	0.17166	0.211602	
c.3.1.5	0.48871	0.145427	0.145809	0.220054	
c.3.1.5	0.467902	0.167169	0.158983	0.205946	
c.3.1.5	0.484619	0.151286	0.154312	0.209783	
c.3.1.5	0.474456	0.146168	0.172185	0.20719	
c.3.1.5	0.474884	0.153229	0.153229	0.218658	
c.3.1.5	0.495907	0.128922	0.142565	0.232606	
c.3.1.5	0.47382	0.16824	0.161373	0.196567	
c.3.1.5	0.48092	0.165517	0.148966	0.204598	
c.3.1.5	0.463716	0.149768	0.164694	0.221822	
c.3.1.5	0.469995	0.163078	0.170408	0.196519	
c.3.1.5	0.461654	0.16391	0.170677	0.203759	
c.3.1.5	0.490222	0.141531	0.145509	0.222738	
c.3.1.5	0.487131	0.149666	0.148713	0.21449	
c.3.1.5	0.45322	0.173898	0.18339	0.189492	
c.3.1.5	0.450135	0.179919	0.170822	0.199124	
c.3.1.5	0.477287	0.158251	0.155081	0.209381	
c.3.1.5	0.492595	0.156694	0.137145	0.213566	
c.3.1.5	0.511057	0.112183	0.137515	0.239244	
c.3.1.5	0.480216	0.155126	0.147932	0.216727	
c.3.1.5	0.463483	0.157865	0.161798	0.216854	
c.3.1.5	0.472022	0.154783	0.161101	0.212094	
c.3.1.5	0.470162	0.142777	0.172895	0.214166	
c.3.1.5	0.446395	0.181689	0.170778	0.201139	
c.3.1.5	0.511146	0.14172	0.131529	0.215605	
c.3.1.5	0.473527	0.169424	0.161813	0.195235	
c.3.1.5	0.483844	0.152444	0.15493	0.208782	
c.3.1.5	0.501294	0.122736	0.139741	0.236229	
c.3.1.5	0.493215	0.158166	0.133365	0.215255	
c.37.1.0	0.481674	0.159232	0.158887	0.200207	
c.37.1.0	0.467317	0.166858	0.166858	0.198968	
c.37.1.0	0.467633	0.167391	0.156763	0.208213	
c.37.1.0	0.476956	0.162285	0.16196	0.198799	
c.37.1.0	0.460533	0.184654	0.169686	0.185127	
c.37.1.0	0.464939	0.178163	0.161395	0.195503	
c.37.1.0	0.471886	0.165803	0.158703	0.203608	
c.37.1.0	0.496306	0.143431	0.145679	0.214584	
c.37.1.0	0.487279	0.151943	0.14523	0.215548	
c.37.1.0	0.448885	0.178396	0.166522	0.206198	
c.37.1.0	0.479594	0.156072	0.162998	0.201336	
c.37.1.0	0.457811	0.185361	0.165198	0.19163	
c.37.1.0	0.470231	0.172887	0.161604	0.195279	
c.37.1.0	0.486966	0.157039	0.144108	0.211887	
c.37.1.0	0.497968	0.147234	0.153173	0.201626	
c.37.1.0	0.470901	0.164569	0.163783	0.200747	
c.37.1.0	0.4599	0.171144	0.171542	0.197413	
c.37.1.0	0.470889	0.155256	0.170081	0.203774	
c.37.1.0	0.476737	0.165358	0.154481	0.203424	
c.37.1.0	0.462792	0.167119	0.173094	0.196994	
c.37.1.0	0.463327	0.168835	0.173125	0.194714	
c.37.1.0	0.48413	0.155783	0.145932	0.214155	
c.37.1.0	0.511008	0.142016	0.128062	0.218915	
c.37.1.0	0.464467	0.165365	0.164194	0.205974	
c.37.1.0	0.488	0.15025	0.14125	0.2205	
c.37.1.0	0.465007	0.159489	0.169134	0.206371	
c.37.1.0	0.44632	0.189869	0.159924	0.203887	
c.37.1.0	0.493091	0.151668	0.122683	0.232558	
c.37.1.0	0.473555	0.156833	0.161419	0.208193	
c.37.1.0	0.489402	0.149423	0.151312	0.209864	
c.37.1.0	0.467975	0.167148	0.163878	0.201	
c.37.1.0	0.469152	0.174324	0.162772	0.193752	
c.37.1.0	0.48285	0.152092	0.158311	0.206747	
c.37.1.0	0.49072	0.152878	0.143284	0.213117	
c.37.1.0	0.46168	0.174545	0.17225	0.191525	
c.37.1.0	0.466393	0.174897	0.166518	0.192191	
c.37.1.0	0.477061	0.162764	0.152484	0.207691	
c.37.1.0	0.484205	0.159768	0.151598	0.20443	
c.37.1.0	0.473983	0.146531	0.154904	0.224581	
c.37.1.0	0.458419	0.171676	0.169823	0.200082	
c.37.1.0	0.477037	0.158069	0.158855	0.20604	
c.37.1.0	0.47984	0.149493	0.153737	0.21693	
c.37.1.0	0.487103	0.143676	0.160872	0.208349	
c.37.1.0	0.482685	0.157107	0.152561	0.207648	
c.37.1.0	0.452394	0.17706	0.148385	0.22216	
c.37.1.0	0.452006	0.171423	0.180204	0.196368	
c.37.1.0	0.463283	0.173293	0.160898	0.202526	
c.37.1.0	0.457787	0.17979	0.161199	0.201225	
c.37.1.0	0.482255	0.180063	0.138048	0.199635	
c.37.1.0	0.502998	0.128694	0.151392	0.216916	
c.37.1.0	0.472397	0.161985	0.140678	0.224939	
c.37.1.0	0.47262	0.166863	0.145476	0.215041	
c.37.1.0	0.494141	0.148342	0.146098	0.211419	
c.37.1.0	0.460772	0.171998	0.17758	0.18965	
c.37.1.0	0.48589	0.166752	0.152899	0.194459	
c.37.1.0	0.451353	0.170409	0.174439	0.2038	
c.37.1.0	0.463699	0.171209	0.168296	0.196796	
c.37.1.0	0.473461	0.169851	0.16189	0.194798	
c.37.1.0	0.469454	0.163829	0.177433	0.189284	
c.37.1.0	0.481696	0.157611	0.145857	0.214836	
c.37.1.0	0.475267	0.160071	0.149387	0.215275	
c.37.1.0	0.473149	0.166637	0.16289	0.197324	
c.37.1.0	0.483423	0.149029	0.151875	0.215673	
c.37.1.0	0.4719	0.160079	0.178719	0.189303	
c.37.1.0	0.474033	0.17192	0.152758	0.201289	
c.37.1.0	0.479172	0.167933	0.139114	0.21378	
c.37.1.0	0.465167	0.172818	0.16573	0.196285	
c.37.1.0	0.48207	0.165804	0.151571	0.200555	
c.37.1.0	0.474221	0.162517	0.159184	0.204078	
c.37.1.0	0.505623	0.135895	0.134958	0.223524	
c.37.1.0	0.479053	0.157806	0.164005	0.199136	
c.37.1.0	0.509271	0.129543	0.133745	0.227441	
c.37.1.0	0.516064	0.125	0.130522	0.228414	
c.37.1.0	0.510259	0.111231	0.137149	0.241361	
c.37.1.0	0.507746	0.131162	0.138908	0.222183	
c.37.1.0	0.47407	0.155579	0.161166	0.209185	
c.37.1.0	0.456835	0.173381	0.172302	0.197482	
c.37.1.0	0.474002	0.159007	0.177802	0.189189	
c.37.1.0	0.457728	0.171166	0.158113	0.212993	
c.37.1.0	0.465642	0.163222	0.166048	0.205087	
c.37.1.0	0.47739	0.16176	0.16692	0.19393	
c.37.1.0	0.485575	0.153285	0.15398	0.20716	
c.37.1.19	0.473411	0.161089	0.160311	0.205188	
c.37.1.19	0.464474	0.175789	0.147895	0.211842	
c.37.1.19	0.492167	0.137293	0.139469	0.23107	
c.37.1.19	0.474666	0.160398	0.141747	0.223189	
c.37.1.19	0.467787	0.173081	0.159047	0.200085	
c.37.1.19	0.472137	0.165423	0.151821	0.210619	
c.37.1.19	0.46613	0.17121	0.161297	0.201363	
c.37.1.19	0.451676	0.184432	0.168649	0.195243	
c.37.1.19	0.538322	0.10376	0.09906	0.258858	
c.37.1.19	0.533081	0.0982323	0.111616	0.257071	
c.37.1.19	0.553288	0.0793651	0.0821995	0.285147	
c.37.1.19	0.44582	0.178441	0.16662	0.209119	
c.37.1.19	0.452857	0.173673	0.173878	0.199592	
c.37.1.19	0.463363	0.1668	0.161204	0.208633	
c.37.1.19	0.502721	0.134194	0.141969	0.221116	
c.37.1.19	0.501716	0.13054	0.141836	0.225908	
c.37.1.19	0.510865	0.138634	0.134768	0.215733	
c.37.1.19	0.49586	0.147859	0.142536	0.213745	
c.37.1.19	0.491608	0.15471	0.145642	0.20804	
c.37.1.19	0.495685	0.149051	0.141334	0.21393	
c.37.1.19	0.496225	0.150261	0.149535	0.203978	
c.37.1.19	0.486057	0.154769	0.148076	0.211099	
c.37.1.19	0.465978	0.169251	0.163652	0.20112	
c.37.1.19	0.505375	0.127434	0.149244	0.217947	
c.37.1.19	0.465509	0.169623	0.172087	0.192781	
c.37.1.19	0.483866	0.16077	0.154543	0.200821	
c.37.1.19	0.485853	0.151154	0.15376	0.209233	
c.37.1.19	0.469991	0.169175	0.162466	0.198368	
c.37.1.19	0.489687	0.140829	0.150144	0.219339	
c.37.1.19	0.486002	0.145874	0.137279	0.230845	
c.37.1.19	0.482176	0.158403	0.154918	0.204503	
c.37.1.19	0.44238	0.185386	0.176827	0.195407	
c.37.1.19	0.476525	0.165622	0.159963	0.19789	
c.37.1.19	0.457855	0.177248	0.174215	0.190683	
c.37.1.19	0.444109	0.186556	0.172205	0.19713	
c.37.1.19	0.471362	0.159859	0.165493	0.203286	
c.37.1.19	0.450337	0.176557	0.175295	0.197811	
c.37.1.19	0.439759	0.192771	0.160241	0.207229	
c.37.1.19	0.461557	0.174927	0.166103	0.197413	
c.37.1.19	0.496516	0.152003	0.147866	0.203615	
c.37.1.19	0.495081	0.152293	0.142072	0.210553	
c.37.1.19	0.466667	0.173077	0.155929	0.204327	
c.37.1.19	0.440386	0.188625	0.165667	0.205322	
c.37.1.19	0.463842	0.171466	0.17572	0.188973	
c.37.1.19	0.477647	0.167235	0.156521	0.198597	
c.37.1.8	0.478505	0.165215	0.157348	0.198932	
c.37.1.8	0.487674	0.176492	0.137549	0.198285	
c.37.1.8	0.498	0.147972	0.155209	0.198819	
c.37.1.8	0.460943	0.182181	0.162715	0.19416	
c.37.1.8	0.481213	0.171233	0.149119	0.198434	
c.37.1.8	0.479659	0.1581	0.167357	0.194884	
c.37.1.8	0.502426	0.149015	0.139309	0.209249	
c.37.1.8	0.486602	0.154504	0.161631	0.197263	
c.37.1.8	0.493548	0.155087	0.147395	0.20397	
c.37.1.8	0.482886	0.168853	0.144609	0.203651	
c.37.1.8	0.487278	0.142036	0.158243	0.212443	
c.37.1.8	0.458449	0.178075	0.173023	0.190452	
c.37.1.8	0.482122	0.168364	0.148473	0.201042	
c.37.1.8	0.501288	0.144206	0.139628	0.214878	
c.37.1.8	0.49204	0.153749	0.156263	0.197947	
c.37.1.8	0.476888	0.167982	0.155862	0.199267	
c.37.1.8	0.467062	0.175118	0.162559	0.195261	
c.37.1.8	0.471853	0.1641	0.166755	0.197292	
c.37.1.8	0.495329	0.154325	0.14308	0.207266	
c.37.1.8	0.464115	0.169153	0.17253	0.194202	
c.37.1.8	0.47732	0.17049	0.160323	0.191867	
c.37.1.8	0.484401	0.157166	0.155759	0.202674	
c.37.1.8	0.487382	0.160669	0.151859	0.20009	
c.37.1.8	0.481825	0.155867	0.161399	0.200909	
c.37.1.8	0.472617	0.168611	0.165314	0.193458	
c.37.1.8	0.497069	0.154617	0.146312	0.202003	
c.37.1.8	0.482788	0.156876	0.160644	0.199692	
c.37.1.8	0.491369	0.147553	0.165997	0.195082	
c.37.1.8	0.461645	0.175575	0.16339	0.199391	
c.37.1.8	0.476727	0.157766	0.16536	0.200147	
c.37.1.8	0.491171	0.156661	0.147337	0.204831	
c.37.1.8	0.483802	0.163923	0.155426	0.196849	
c.37.1.8	0.475005	0.161101	0.166161	0.197733	
c.37.1.8	0.500563	0.145634	0.150845	0.202958	
c.37.1.8	0.477236	0.156895	0.166066	0.199803	
c.37.1.8	0.470163	0.172824	0.164557	0.192457	
c.37.1.8	0.46808	0.167365	0.170569	0.193986	
c.37.1.8	0.490876	0.148968	0.148669	0.211487	
c.37.1.8	0.45939	0.170134	0.176973	0.193502	
c.37.1.8	0.498218	0.153435	0.141457	0.20689	
c.37.1.8	0.475706	0.170847	0.16226	0.191186	
c.47.1.0	0.495526	0.129527	0.14657	0.228377	
c.47.1.0	0.47128	0.149706	0.170963	0.208051	
c.47.1.0	0.46098	0.166515	0.17559	0.196915	
c.47.1.0	0.492726	0.14641	0.148287	0.212576	
c.47.1.0	0.482813	0.154484	0.151324	0.211379	
c.47.1.0	0.479699	0.143993	0.155295	0.221013	
c.47.1.0	0.486805	0.145146	0.147974	0.220075	
c.47.1.0	0.478629	0.153161	0.154942	0.213268	
c.47.1.0	0.504433	0.127858	0.139991	0.227718	
c.47.1.0	0.487947	0.133416	0.162095	0.216542	
c.47.1.0	0.491191	0.150106	0.151868	0.206836	
c.47.1.0	0.497912	0.138831	0.13048	0.232777	
c.47.1.0	0.478614	0.155885	0.151644	0.213856	
c.47.1.0	0.460106	0.174868	0.171532	0.193495	
c.47.1.0	0.486383	0.144227	0.160338	0.209053	
c.47.1.0	0.507714	0.122487	0.151005	0.218794	
c.47.1.0	0.463339	0.160413	0.183477	0.192771	
c.47.1.0	0.522337	0.0950745	0.135166	0.247423	
c.47.1.0	0.463832	0.159002	0.182575	0.194592	
c.47.1.0	0.484633	0.162659	0.139034	0.213673	
c.47.1.0	0.444996	0.17956	0.177904	0.19754	
c.47.1.0	0.480388	0.151609	0.157338	0.210665	
c.47.1.0	0.487664	0.158717	0.150905	0.202714	
c.47.1.0	0.511193	0.126984	0.143671	0.218152	
c.47.1.0	0.483846	0.154452	0.160362	0.20134	
c.47.1.0	0.459484	0.173169	0.166867	0.20048	
c.47.1.0	0.444014	0.179704	0.186545	0.189738	
c.47.1.0	0.466008	0.176351	0.172574	0.185067	
c.47.1.0	0.470759	0.152219	0.163832	0.21319	
c.47.1.0	0.489561	0.150527	0.150129	0.209783	
c.47.1.0	0.503717	0.132925	0.137735	0.225623	
c.47.1.0	0.45373	0.178965	0.164289	0.203017	
c.47.1.0	0.474349	0.156585	0.156202	0.212864	
c.47.1.0	0.476693	0.151715	0.163149	0.208443	
c.47.1.0	0.470987	0.170553	0.164859	0.193601	
c.47.1.0	0.496739	0.152535	0.138228	0.212497	
c.47.1.0	0.462741	0.160669	0.178844	0.197746	
c.47.1.0	0.459388	0.170668	0.176587	0.193357	
c.47.1.0	0.443722	0.168662	0.190216	0.1974	
c.47.1.0	0.501958	0.146843	0.135095	0.216104	
c.47.1.0	0.467271	0.163813	0.164485	0.204431	
c.47.1.0	0.469615	0.156538	0.168077	0.205769	
c.47.1.0	0.482838	0.149835	0.170297	0.19703	
c.47.1.0	0.481758	0.14947	0.157317	0.211455	
c.47.1.0	0.466467	0.158699	0.177955	0.196879	
c.47.1.0	0.48755	0.156225	0.154217	0.202008	
c.47.1.0	0.459469	0.162125	0.176771	0.201635	
c.47.1.0	0.512634	0.123907	0.132167	0.231293	
c.47.1.0	0.443366	0.178582	0.182995	0.195057	
c.47.1.0	0.49973	0.138814	0.133962	0.227493	
c.47.1.0	0.457886	0.163951	0.185095	0.193068	
c.47.1.0	0.482672	0.137117	0.16223	0.217981	
c.47.1.0	0.483457	0.149475	0.158038	0.209031	
c.47.1.0	0.480404	0.155152	0.159596	0.204848	
c.47.1.0	0.455917	0.16593	0.181795	0.196359	
c.47.1.0	0.476259	0.144964	0.173381	0.205396	
c.47.1.0	0.448854	0.175006	0.184126	0.192014	
c.47.1.0	0.487243	0.134979	0.161317	0.216461	
c.47.1.0	0.487783	0.153553	0.146604	0.21206	
c.47.1.0	0.474314	0.157284	0.167488	0.200915	
c.47.1.0	0.457521	0.184132	0.161322	0.197025	
c.47.1.0	0.473921	0.159622	0.156475	0.209982	
c.47.1.0	0.457251	0.160605	0.169107	0.213037	
c.47.1.0	0.461665	0.153752	0.176712	0.207872	
c.47.1.0	0.463184	0.157548	0.17318	0.206088	
c.47.1.0	0.471486	0.153012	0.163855	0.211647	
c.47.1.0	0.44552	0.187012	0.18108	0.186388	
c.47.1.0	0.462969	0.166385	0.16909	0.201556	
c.47.1.0	0.455453	0.177924	0.177135	0.189488	
c.47.1.0	0.449507	0.16695	0.185991	0.197552	
c.47.1.0	0.504706	0.131779	0.13671	0.226804	
c.47.1.0	0.484506	0.156526	0.148383	0.210586	
c.47.1.0	0.454461	0.174128	0.177833	0.193578	
c.47.1.0	0.484876	0.152596	0.157111	0.205418	
c.47.1.0	0.479111	0.157778	0.152889	0.210222	
c.47.1.0	0.457074	0.180078	0.166617	0.196231	
c.47.1.0	0.491648	0.154945	0.143297	0.21011	
c.47.1.0	0.475326	0.136406	0.174581	0.213687	
c.47.1.0	0.451537	0.180302	0.176655	0.191506	
c.47.1.0	0.466557	0.174068	0.167215	0.19216	
c.47.1.0	0.458512	0.168264	0.170579	0.202645	
c.66.1.0	0.478581	0.163975	0.165028	0.192416	
c.66.1.0	0.486945	0.164728	0.150012	0.198315	
c.66.1.0	0.481258	0.165901	0.144861	0.207981	
c.66.1.0	0.476041	0.173223	0.169647	0.18109	
c.66.1.0	0.485326	0.162746	0.152074	0.199854	
c.66.1.0	0.485117	0.160512	0.15844	0.195931	
c.66.1.0	0.483333	0.161443	0.15597	0.199254	
c.66.1.0	0.463415	0.185586	0.158995	0.192004	
c.66.1.0	0.462456	0.17943	0.162847	0.195267	
c.66.1.0	0.479711	0.17343	0.146549	0.20031	
c.66.1.0	0.45422	0.185456	0.168795	0.191529	
c.66.1.0	0.487777	0.155953	0.146673	0.209597	
c.66.1.0	0.467739	0.172433	0.163456	0.196372	
c.66.1.0	0.474121	0.178355	0.154156	0.193368	
c.66.1.0	0.473829	0.178145	0.152893	0.195133	
c.66.1.0	0.473951	0.154711	0.174505	0.196833	
c.66.1.0	0.484017	0.16559	0.151266	0.199127	
c.66.1.0	0.490535	0.157311	0.148988	0.203166	
c.66.1.0	0.481138	0.157413	0.157288	0.204161	
c.66.1.0	0.485191	0.156314	0.163513	0.194981	
c.66.1.0	0.468085	0.18398	0.156088	0.191847	
c.66.1.0	0.471688	0.171663	0.160389	0.196259	
c.66.1.0	0.486188	0.158051	0.147593	0.208169	
c.66.1.0	0.486646	0.165521	0.161043	0.18679	
c.66.1.0	0.478744	0.158229	0.154877	0.20815	
c.66.1.0	0.476826	0.172166	0.162972	0.188035	
c.66.1.0	0.492537	0.150733	0.165658	0.191072	
c.66.1.0	0.477875	0.165713	0.165864	0.190548	
c.66.1.0	0.480764	0.159465	0.164762	0.19501	
c.66.1.0	0.485204	0.148469	0.159694	0.206633	
c.66.1.0	0.488113	0.154901	0.155816	0.20117	
c.66.1.0	0.483611	0.168196	0.141787	0.206406	
c.66.1.0	0.480613	0.15993	0.16569	0.193767	
c.66.1.0	0.495381	0.147081	0.145602	0.211936	
c.66.1.0	0.488913	0.154956	0.166444	0.189687	
c.66.1.0	0.473774	0.166042	0.161444	0.19874	
c.66.1.0	0.465837	0.184912	0.157734	0.191516	
c.66.1.0	0.485191	0.161535	0.143219	0.210055	
c.66.1.0	0.486996	0.161211	0.144619	0.207175	
c.67.1.0	0.466453	0.167686	0.17559	0.19027	
c.67.1.0	0.491006	0.147343	0.162213	0.199438	
c.67.1.0	0.477673	0.16355	0.16377	0.195007	
c.67.1.0	0.477296	0.162579	0.165315	0.19481	
c.67.1.0	0.482227	0.164668	0.164454	0.188651	
c.67.1.0	0.466499	0.175068	0.167717	0.190716	
c.67.1.0	0.485608	0.168103	0.151655	0.194635	
c.67.1.0	0.482113	0.159807	0.162947	0.195133	
c.67.1.0	0.486946	0.165734	0.149301	0.198019	
c.67.1.0	0.479296	0.161563	0.16258	0.196561	
c.67.1.0	0.48439	0.165319	0.154975	0.195317	
c.67.1.0	0.475622	0.166456	0.160376	0.197545	
c.67.1.0	0.48757	0.158605	0.158605	0.195221	
c.67.1.0	0.476163	0.161954	0.170016	0.191867	
c.67.1.0	0.476974	0.169461	0.162795	0.19077	
c.67.1.0	0.479316	0.161834	0.159651	0.199199	
c.67.1.0	0.475258	0.172821	0.160902	0.191018	
c.67.1.0	0.476434	0.168147	0.164385	0.191034	
c.67.1.0	0.474104	0.16756	0.163042	0.195294	
c.67.1.0	0.476982	0.170161	0.155218	0.197638	
c.67.1.0	0.471794	0.173314	0.164235	0.190656	
c.67.1.0	0.479319	0.16322	0.161911	0.19555	
c.67.1.0	0.472361	0.166786	0.171075	0.189778	
c.67.1.0	0.47129	0.175242	0.158198	0.19527	
c.67.1.0	0.472146	0.16462	0.172221	0.191013	
c.67.1.0	0.477671	0.16461	0.163824	0.193896	
c.67.1.0	0.48009	0.166153	0.160939	0.192818	
c.67.1.0	0.481576	0.156471	0.166909	0.195044	
c.67.1.0	0.47713	0.171001	0.162133	0.189736	
c.67.1.0	0.474839	0.166868	0.167774	0.190519	
c.67.1.0	0.495296	0.154543	0.147889	0.202272	
c.67.1.0	0.474904	0.171398	0.16187	0.191828	
c.67.1.0	0.480422	0.156621	0.167356	0.195601	
c.67.1.0	0.491848	0.159161	0.15232	0.196671	
c.67.1.0	0.468396	0.170297	0.172112	0.189195	
c.67.1.0	0.473997	0.164571	0.17111	0.190323	
c.67.1.0	0.481811	0.169145	0.151885	0.197159	
c.67.1.0	0.478601	0.163265	0.16168	0.196453	
c.67.1.0	0.484199	0.165789	0.152621	0.19739	
c.67.1.0	0.474443	0.164914	0.169331	0.191313	
c.67.1.0	0.484473	0.158884	0.160518	0.196124	
c.67.1.0	0.475892	0.164341	0.16911	0.190657	
c.67.1.0	0.482848	0.158239	0.165179	0.193734	
c.67.1.0	0.481337	0.165416	0.161013	0.192235	
c.67.1.0	0.477209	0.163877	0.164482	0.194433	
c.67.1.0	0.483396	0.160686	0.158846	0.197072	
c.67.1.0	0.479544	0.161792	0.168216	0.190448	
c.67.1.0	0.474517	0.166297	0.162067	0.197119	
c.67.1.0	0.481397	0.155592	0.160065	0.202946	
c.67.1.0	0.470654	0.163428	0.171929	0.193989	
c.67.1.0	0.481262	0.160727	0.164097	0.193914	
c.67.1.0	0.483489	0.163494	0.155964	0.197053	
c.67.1.0	0.483935	0.156121	0.164203	0.195742	
c.67.1.0	0.484232	0.16389	0.162289	0.189589	
c.67.1.0	0.478736	0.168116	0.157542	0.195606	
c.67.1.0	0.482526	0.16423	0.159662	0.193582	
c.67.1.0	0.477794	0.162086	0.170459	0.189661	
c.67.1.0	0.486584	0.160406	0.15329	0.19972	
c.67.1.0	0.482125	0.160366	0.166713	0.190796	
c.67.1.0	0.47668	0.162846	0.166184	0.194291	
c.67.1.0	0.487911	0.158377	0.164554	0.189158	
c.67.1.0	0.465844	0.171985	0.171252	0.19092	
c.67.1.0	0.480504	0.166923	0.159861	0.192713	
c.67.1.0	0.483291	0.158804	0.166299	0.191606	
c.67.1.0	0.473527	0.167297	0.166202	0.192974	
c.67.1.0	0.489038	0.156447	0.159792	0.194723	
c.67.1.0	0.468914	0.166112	0.173843	0.191131	
c.67.1.0	0.473488	0.167087	0.165221	0.194204	
c.67.1.0	0.482625	0.167613	0.155008	0.194754	
c.69.1.0	0.470943	0.174717	0.159434	0.194906	
c.69.1.0	0.48162	0.171996	0.15272	0.193664	
c.69.1.0	0.48635	0.171053	0.151746	0.190851	
c.69.1.0	0.473613	0.175597	0.154542	0.196248	
c.69.1.0	0.481279	0.171378	0.153322	0.194021	
c.69.1.0	0.479689	0.168185	0.160023	0.192103	
c.69.1.0	0.473078	0.177872	0.16765	0.181399	
c.69.1.0	0.481517	0.166111	0.156909	0.195462	
c.69.1.0	0.490671	0.163255	0.154833	0.191241	
c.69.1.0	0.476418	0.176043	0.163769	0.183771	
c.69.1.0	0.478543	0.163725	0.172146	0.185587	
c.69.1.0	0.482472	0.16559	0.151753	0.200185	
c.69.1.0	0.479059	0.170877	0.157923	0.192142	
c.69.1.0	0.493181	0.151937	0.160529	0.194354	
c.69.1.0	0.474635	0.182257	0.156521	0.186587	
c.69.1.0	0.483745	0.166592	0.156704	0.192959	
c.69.1.0	0.465444	0.182635	0.173902	0.178019	
c.69.1.0	0.471766	0.173608	0.162595	0.19203	
c.69.1.0	0.480863	0.170077	0.152122	0.196938	
c.69.1.0	0.479879	0.164864	0.156642	0.198615	
c.69.1.0	0.480973	0.173765	0.152848	0.192414	
c.69.1.0	0.471867	0.176703	0.161496	0.189933	
c.69.1.0	0.489318	0.159279	0.153221	0.198182	
c.69.1.0	0.472836	0.168799	0.166805	0.19156	
c.69.1.0	0.489294	0.167893	0.152191	0.190623	
c.69.1.0	0.482978	0.166884	0.15457	0.195567	
c.69.1.0	0.488013	0.170182	0.151972	0.189834	
c.69.1.0	0.476308	0.17189	0.164116	0.187685	
c.69.1.0	0.481477	0.156696	0.169787	0.192041	
c.69.1.0	0.480597	0.172729	0.156749	0.189925	
c.69.1.0	0.462671	0.188582	0.163782	0.184965	
c.69.1.0	0.490457	0.168347	0.147759	0.193438	
c.69.1.0	0.464681	0.167322	0.168072	0.199925	
c.69.1.0	0.467136	0.181448	0.157193	0.194223	
c.69.1.0	0.472902	0.180873	0.156143	0.190082	
c.69.1.0	0.470596	0.168945	0.168687	0.191772	
c.69.1.0	0.477812	0.168652	0.166122	0.187414	
c.69.1.0	0.489704	0.172536	0.149872	0.187888	
c.69.1.0	0.468264	0.175007	0.164867	0.191862	
c.69.1.0	0.475954	0.176872	0.164601	0.182573	
c.69.1.0	0.482581	0.173012	0.148905	0.195502	
c.69.1.0	0.470717	0.175698	0.156133	0.197451	
c.69.1.0	0.480826	0.165683	0.162242	0.191249	
c.69.1.0	0.486967	0.162406	0.157519	0.193108	
c.69.1.0	0.487847	0.16554	0.153603	0.19301	
c.69.1.0	0.488751	0.164708	0.155977	0.190564	
c.69.1.0	0.486537	0.16542	0.153453	0.19459	
c.69.1.0	0.478267	0.162367	0.162227	0.19714	
c.69.1.0	0.472527	0.172854	0.158747	0.195872	
c.69.1.0	0.482158	0.175432	0.156409	0.186	
c.69.1.0	0.476836	0.173164	0.158051	0.191949	
c.69.1.0	0.476283	0.169487	0.162829	0.191401	
c.69.1.0	0.482046	0.161755	0.160569	0.19563	
c.69.1.0	0.479598	0.167638	0.159758	0.193005	
c.69.1.0	0.478045	0.16976	0.162964	0.189232	
c.69.1.0	0.478185	0.173237	0.158498	0.190081	
c.69.1.0	0.480601	0.176521	0.151181	0.191696	
c.69.1.0	0.472868	0.173274	0.174603	0.179254	
c.69.1.0	0.483871	0.165366	0.156283	0.19448	
c.72.1.0	0.484786	0.165221	0.160815	0.189178	
c.72.1.0	0.499389	0.150122	0.152871	0.197618	
c.72.1.0	0.489716	0.155616	0.159405	0.195264	
c.72.1.0	0.487746	0.155546	0.162346	0.194362	
c.72.1.0	0.485783	0.158726	0.158726	0.196765	
c.72.1.0	0.472396	0.170233	0.164086	0.193285	
c.72.1.0	0.483446	0.163808	0.157559	0.195187	
c.72.1.0	0.492376	0.160105	0.151234	0.196285	
c.72.1.0	0.480757	0.166116	0.162941	0.190186	
c.72.1.0	0.483954	0.152877	0.167908	0.195261	
c.72.1.0	0.485548	0.161191	0.16292	0.190341	
c.72.1.0	0.488796	0.155559	0.158884	0.196762	
c.72.1.0	0.489253	0.149893	0.165979	0.194875	
c.72.1.0	0.472205	0.157095	0.176751	0.19395	
c.72.1.0	0.486221	0.161119	0.158799	0.193861	
c.72.1.0	0.494283	0.161312	0.150967	0.193439	
c.72.1.0	0.483378	0.165213	0.16041	0.191	
c.72.1.0	0.48899	0.160177	0.159909	0.190924	
c.72.1.0	0.498864	0.147076	0.152044	0.202016	
c.72.1.0	0.483026	0.162846	0.165602	0.188526	
c.72.1.0	0.490152	0.153238	0.157714	0.198896	
c.72.1.0	0.493216	0.153588	0.156945	0.196251	
c.72.1.0	0.481932	0.164621	0.162326	0.191121	
c.72.1.0	0.504252	0.145197	0.148031	0.20252	
c.72.1.0	0.498681	0.149663	0.159631	0.192026	
c.72.1.0	0.496238	0.151881	0.155329	0.196552	
c.72.1.0	0.479666	0.166438	0.163011	0.190884	
c.72.1.0	0.483883	0.159428	0.158556	0.198133	
c.72.1.0	0.499328	0.150007	0.154789	0.195876	
c.72.1.0	0.492758	0.155542	0.148772	0.202928	
c.72.1.0	0.491447	0.157804	0.162843	0.187906	
c.93.1.0	0.481274	0.146802	0.171542	0.200383	
c.93.1.0	0.475839	0.160077	0.16939	0.194693	
c.93.1.0	0.490124	0.150924	0.16232	0.196632	
c.93.1.0	0.485438	0.158895	0.155576	0.200091	
c.93.1.0	0.487885	0.148038	0.167422	0.196655	
c.93.1.0	0.484255	0.150068	0.164683	0.200994	
c.93.1.0	0.493869	0.144414	0.158992	0.202725	
c.93.1.0	0.484402	0.15018	0.162878	0.20254	
c.93.1.0	0.499652	0.138153	0.161498	0.200697	
c.93.1.0	0.487641	0.147997	0.158323	0.206039	
c.93.1.0	0.4777	0.149434	0.178833	0.194034	
c.93.1.0	0.478853	0.149623	0.171495	0.200029	
c.93.1.0	0.475236	0.159051	0.170106	0.195607	
c.93.1.0	0.483333	0.151101	0.166667	0.198899	
c.93.1.0	0.473074	0.15533	0.179265	0.192331	
c.93.1.0	0.492146	0.134595	0.166369	0.20689	
c.93.1.0	0.484826	0.145164	0.168336	0.201674	
c.93.1.0	0.478208	0.148433	0.162962	0.210397	
c.93.1.0	0.481786	0.157495	0.164936	0.195784	
c.93.1.0	0.484901	0.146272	0.166023	0.202805	
c.93.1.0	0.478691	0.14688	0.17519	0.199239	
c.93.1.0	0.485588	0.150257	0.166524	0.197631	
c.93.1.0	0.474209	0.155873	0.171621	0.198297	
c.93.1.0	0.482831	0.149	0.164975	0.203195	
c.93.1.0	0.49947	0.155032	0.158211	0.187287	
c.93.1.0	0.478426	0.157501	0.163988	0.200085	
c.93.1.0	0.475851	0.16342	0.163262	0.197466	
c.93.1.0	0.488287	0.149761	0.162952	0.198999	
c.93.1.0	0.482007	0.149224	0.168207	0.200561	
c.93.1.0	0.498159	0.149556	0.159844	0.192441	
c.93.1.0	0.482204	0.152635	0.164271	0.20089	
c.93.1.0	0.481353	0.148546	0.167193	0.202908	
c.93.1.0	0.489969	0.152315	0.155556	0.20216	
c.93.1.0	0.482968	0.151345	0.163478	0.202209	
c.93.1.0	0.477449	0.158005	0.16816	0.196386	
c.93.1.0	0.483198	0.147718	0.174741	0.194343	
c.93.1.0	0.483341	0.147046	0.167481	0.202132	
c.93.1.0	0.479585	0.153702	0.172306	0.194406	
c.93.1.0	0.473992	0.149182	0.181181	0.195646	
c.93.1.0	0.488418	0.153942	0.165888	0.191752	
c.93.1.0	0.48675	0.147028	0.163348	0.202875	
c.93.1.0	0.483391	0.163966	0.163358	0.189285	
c.93.1.0	0.485256	0.143105	0.174183	0.197456	
c.93.1.0	0.48153	0.153954	0.176717	0.1878	
c.93.1.0	0.480659	0.151758	0.17011	0.197473	
c.93.1.0	0.484704	0.144681	0.170643	0.199972	
c.93.1.0	0.482019	0.156395	0.161472	0.200113	
c.93.1.0	0.485761	0.15401	0.158265	0.201964	
c.93.1.0	0.480327	0.155531	0.166914	0.197228	
c.93.1.0	0.483783	0.156311	0.162564	0.197343	
c.93.1.0	0.485043	0.157541	0.164165	0.193251	
c.93.1.0	0.484561	0.149727	0.160341	0.205372	
c.93.1.0	0.486181	0.15571	0.16159	0.196519	
c.93.1.0	0.481176	0.15168	0.168326	0.198818	
c.93.1.0	0.483588	0.148559	0.164124	0.203729	
c.93.1.0	0.477593	0.153329	0.166933	0.202145	
c.93.1.0	0.485393	0.150883	0.161156	0.202568	
c.93.1.0	0.487329	0.151918	0.160227	0.200526	
c.93.1.0	0.487179	0.144364	0.170272	0.198184	
c.93.1.0	0.490374	0.141676	0.164859	0.203091	
c.93.1.0	0.489952	0.149788	0.161423	0.198837	
c.93.1.0	0.486036	0.14859	0.168655	0.196719	
c.93.1.0	0.485494	0.152753	0.165542	0.196211	
c.93.1.0	0.490306	0.143299	0.164513	0.201883	
c.93.1.0	0.483427	0.151148	0.164902	0.200523	
c.93.1.0	0.480217	0.149763	0.169964	0.200056	
c.93.1.0	0.493092	0.147985	0.164079	0.194844	
c.93.1.0	0.485671	0.151378	0.16317	0.199781	
c.93.1.0	0.486755	0.149965	0.162579	0.200701	
c.93.1.0	0.493406	0.144197	0.156213	0.206184	
c.93.1.0	0.494058	0.154373	0.161653	0.189915	
c.93.1.0	0.479977	0.157128	0.165574	0.197321	
c.93.1.0	0.485044	0.159098	0.167743	0.188115	
c.93.1.0	0.488489	0.158226	0.165663	0.187622	
c.94.1.0	0.46551	0.165918	0.176429	0.192143	
c.94.1.0	0.466071	0.167231	0.173904	0.192793	
c.94.1.0	0.462921	0.16712	0.167002	0.202957	
c.94.1.0	0.453702	0.164712	0.17819	0.203396	
c.94.1.0	0.449318	0.166974	0.187615	0.196093	
c.94.1.0	0.456745	0.160814	0.185011	0.19743	
c.94.1.0	0.450446	0.164083	0.185846	0.199624	
c.94.1.0	0.443275	0.167362	0.187693	0.20167	
c.94.1.0	0.44604	0.179868	0.179868	0.194225	
c.94.1.0	0.450383	0.17853	0.179226	0.191862	
c.94.1.0	0.451146	0.168039	0.186512	0.194302	
c.94.1.0	0.457049	0.176413	0.171924	0.194613	
c.94.1.0	0.475073	0.161046	0.168133	0.195748	
c.94.1.0	0.472097	0.16343	0.168234	0.196239	
c.94.1.0	0.444464	0.167579	0.186297	0.20166	
c.94.1.0	0.453053	0.169831	0.177014	0.200103	
c.94.1.0	0.471534	0.164527	0.171387	0.192553	
c.94.1.0	0.457982	0.17412	0.1752	0.192698	
c.94.1.0	0.452276	0.161342	0.180511	0.205871	
c.94.1.0	0.452158	0.164728	0.185366	0.197749	
c.94.1.0	0.44467	0.175838	0.184975	0.194518	
c.94.1.0	0.453726	0.162833	0.187856	0.195584	
c.94.1.0	0.446501	0.174335	0.187203	0.191962	
c.94.1.0	0.453632	0.158977	0.184559	0.202832	
c.94.1.0	0.464665	0.163271	0.174871	0.197193	
c.94.1.0	0.460855	0.165091	0.170953	0.203101	
c.94.1.0	0.451495	0.163344	0.182132	0.203029	
c.94.1.0	0.439609	0.16852	0.194785	0.197086	
c.94.1.0	0.455373	0.181694	0.182605	0.180328	
c.94.1.0	0.459217	0.166606	0.17447	0.199707	
c.94.1.0	0.463163	0.170261	0.168913	0.197664	
c.94.1.0	0.468565	0.166982	0.171236	0.193217	
c.94.1.0	0.465755	0.158966	0.173823	0.201456	
c.94.1.0	0.468625	0.162293	0.171325	0.197756	
c.94.1.0	0.448444	0.176491	0.185011	0.190054	
c.94.1.0	0.449592	0.161973	0.188969	0.199467	
c.94.1.0	0.452272	0.168644	0.181602	0.197481	
c.94.1.0	0.47356	0.162032	0.171175	0.193232	
c.94.1.0	0.458357	0.161822	0.183343	0.196478	
c.94.1.0	0.452147	0.171033	0.180131	0.196689	
c.94.1.0	0.476572	0.159546	0.165096	0.198787	
c.94.1.0	0.465733	0.164957	0.175963	0.193347	
c.94.1.0	0.44846	0.186878	0.167233	0.197429	
c.94.1.0	0.461089	0.173669	0.173908	0.191334	
c.94.1.0	0.44318	0.172492	0.190213	0.194115	
c.94.1.0	0.455545	0.166249	0.185149	0.193057	
c.94.1.0	0.455124	0.169017	0.184663	0.191197	
c.94.1.0	0.450471	0.171957	0.180851	0.196721	
c.94.1.0	0.452842	0.17031	0.181761	0.195086	
c.94.1.0	0.465939	0.16845	0.168026	0.197584	
c.94.1.0	0.466098	0.162089	0.169884	0.20193	
c.94.1.0	0.455062	0.161634	0.179929	0.203375	
c.94.1.0	0.457807	0.165294	0.18067	0.196229	
c.94.1.0	0.44691	0.182463	0.173524	0.197103	
c.94.1.0	0.446889	0.181116	0.175288	0.196707	
c.94.1.0	0.454949	0.173452	0.167278	0.204322	
c.94.1.0	0.455277	0.171556	0.177818	0.195349	
c.94.1.0	0.476333	0.160728	0.163589	0.19935	
c.94.1.0	0.447513	0.169523	0.18017	0.202795	
c.94.1.0	0.47536	0.160391	0.160787	0.203461	
c.94.1.0	0.472944	0.153547	0.167232	0.206277	
c.94.1.0	0.467953	0.160298	0.173483	0.198266	
c.94.1.0	0.475732	0.160424	0.162953	0.200891	
c.94.1.0	0.47535	0.160635	0.164418	0.199597	
c.94.1.0	0.473748	0.156462	0.163984	0.205807	
c.94.1.0	0.470859	0.15835	0.166058	0.204733	
c.94.1.0	0.47695	0.16182	0.161466	0.199764	
c.94.1.0	0.472731	0.159549	0.168238	0.199482	
c.94.1.0	0.472168	0.162803	0.165291	0.199738	
c.94.1.0	0.472954	0.156366	0.166388	0.204291	
c.94.1.0	0.469473	0.162609	0.170195	0.197724	
c.94.1.0	0.455227	0.185506	0.179009	0.180258	
c.94.1.0	0.447582	0.163096	0.191821	0.197501	
c.94.1.0	0.467745	0.157184	0.181351	0.19372	
c.94.1.0	0.465351	0.164507	0.171771	0.198371	
c.94.1.0	0.464626	0.158643	0.172488	0.204242	
c.94.1.0	0.473298	0.155223	0.158891	0.212588	
c.94.1.0	0.476487	0.158961	0.156974	0.207577	
c.94.1.0	0.47299	0.163082	0.169227	0.1947	
c.94.1.0	0.471654	0.161609	0.168784	0.197953	
c.94.1.0	0.474094	0.160206	0.166604	0.199097	
c.94.1.0	0.471645	0.161718	0.171913	0.194724	
c.94.1.0	0.477746	0.158992	0.163236	0.200026	
c.94.1.0	0.480725	0.161133	0.156391	0.201751	
c.94.1.0	0.464863	0.165782	0.165653	0.203701	
c.94.1.0	0.48413	0.154815	0.157359	0.203696	
c.94.1.0	0.450413	0.164098	0.188853	0.196637	
c.94.1.0	0.450996	0.163347	0.176693	0.208964	
c.94.1.0	0.451659	0.168034	0.185337	0.19497	
c.94.1.0	0.468677	0.163371	0.170223	0.197729	
c.94.1.0	0.473491	0.159548	0.165989	0.200971	
c.94.1.0	0.472248	0.159869	0.172135	0.195748	
c.94.1.0	0.462497	0.165134	0.177294	0.195075	
c.94.1.0	0.463774	0.168465	0.171768	0.195992	
c.94.1.0	0.472047	0.157812	0.175305	0.194835	
c.94.1.0	0.463795	0.168724	0.177217	0.190264	
c.94.1.0	0.454597	0.165116	0.173435	0.206853	
c.94.1.0	0.450869	0.176638	0.175468	0.197025	
c.94.1.0	0.443718	0.179002	0.181756	0.195525	
c.94.1.0	0.459467	0.159006	0.180277	0.201249	
c.94.1.0	0.466087	0.168068	0.173767	0.192078	
c.94.1.0	0.453702	0.159423	0.191548	0.195327	
c.94.1.0	0.47027	0.161754	0.173789	0.194187	
c.94.1.0	0.467054	0.157931	0.177106	0.197908	
c.94.1.0	0.462809	0.166637	0.1744	0.196155	
c.94.1.0	0.468587	0.172317	0.16454	0.194556	
c.94.1.0	0.452971	0.175299	0.176511	0.195219	
c.94.1.0	0.451051	0.164756	0.183859	0.200334	
c.94.1.0	0.448878	0.185564	0.182697	0.182861	
c.94.1.0	0.453683	0.163318	0.177641	0.205357	
c.94.1.1	0.448657	0.175462	0.18232	0.193561	
c.94.1.1	0.454901	0.1715	0.177371	0.196228	
c.94.1.1	0.468476	0.17124	0.167737	0.192547	
c.94.1.1	0.466421	0.164557	0.17449	0.194532	
c.94.1.1	0.463819	0.165578	0.178141	0.192462	
c.94.1.1	0.45871	0.163193	0.182462	0.195635	
c.94.1.1	0.454524	0.164134	0.18541	0.195932	
c.94.1.1	0.455102	0.173598	0.179718	0.191582	
c.94.1.1	0.471755	0.163015	0.170982	0.194247	
c.94.1.1	0.454633	0.176089	0.185229	0.18405	
c.94.1.1	0.452914	0.1672	0.180171	0.199716	
c.94.1.1	0.435	0.177273	0.193864	0.193864	
c.94.1.1	0.458359	0.171058	0.177176	0.193407	
c.94.1.1	0.446522	0.168073	0.1813	0.204105	
c.94.1.1	0.452392	0.179378	0.177641	0.190589	
c.94.1.1	0.46076	0.170533	0.179294	0.189413	
c.94.1.1	0.461874	0.169833	0.178691	0.189602	
c.94.1.1	0.461427	0.173126	0.174574	0.190873	
c.94.1.1	0.46135	0.166194	0.174182	0.198274	
c.94.1.1	0.449692	0.168938	0.180325	0.201045	
c.94.1.1	0.459932	0.177124	0.177483	0.185461	
c.94.1.1	0.468568	0.158773	0.174489	0.19817	
c.94.1.1	0.457539	0.164769	0.187954	0.189738	
c.94.1.1	0.443176	0.164289	0.191869	0.200666	
c.94.1.1	0.45128	0.187981	0.179101	0.181638	
c.94.1.1	0.463373	0.161091	0.179448	0.196089	
c.94.1.1	0.451717	0.158472	0.191843	0.197969	
c.94.1.1	0.458573	0.164974	0.184555	0.191898	
c.94.1.1	0.447108	0.1605	0.187858	0.204534	
c.94.1.1	0.465019	0.168257	0.175195	0.191529	
c.94.1.1	0.43949	0.177164	0.189431	0.193914	
c.94.1.1	0.444194	0.173369	0.18732	0.195117	
c.94.1.1	0.464685	0.168043	0.179325	0.187947	
c.94.1.1	0.459661	0.173245	0.17055	0.196545	
c.94.1.1	0.476436	0.157772	0.166042	0.19975	
c.94.1.1	0.449026	0.17408	0.189228	0.187665	
c.94.1.1	0.443427	0.174661	0.18052	0.201391	
c.94.1.1	0.425578	0.16792	0.204997	0.201505	
c.94.1.1	0.470835	0.161888	0.167696	0.19958	
c.94.1.1	0.444069	0.171495	0.189681	0.194756	
c.94.1.1	0.460118	0.172588	0.171529	0.195765	
c.94.1.1	0.464749	0.157375	0.174189	0.203687	
c.94.1.1	0.445494	0.177017	0.18326	0.194229	
c.94.1.1	0.466244	0.161241	0.176863	0.195652	
c.94.1.1	0.461905	0.17418	0.175556	0.18836	
c.94.1.1	0.451303	0.184412	0.18171	0.182575	
c.94.1.1	0.450804	0.184484	0.181646	0.183065	
c.94.1.1	0.467253	0.165934	0.167598	0.199215	
c.94.1.1	0.465511	0.173929	0.165381	0.19518	
c.94.1.1	0.472014	0.162919	0.163543	0.201524	
c.94.1.1	0.448281	0.184766	0.186461	0.180492	
c.94.1.1	0.460173	0.173225	0.167626	0.198976	
c.94.1.1	0.458289	0.167562	0.178303	0.195847	
c.95.1.0	0.465281	0.165904	0.15842	0.210395	
c.95.1.0	0.466141	0.150253	0.1722	0.211405	
c.95.1.0	0.476946	0.152711	0.156769	0.213574	
c.95.1.0	0.472151	0.160883	0.16581	0.201157	
c.95.1.0	0.461815	0.17265	0.157637	0.207898	
c.95.1.0	0.479564	0.159855	0.151317	0.209264	
c.95.1.0	0.471005	0.151579	0.160191	0.217225	
c.95.1.0	0.475981	0.149526	0.164073	0.210419	
c.95.1.0	0.460691	0.156503	0.176708	0.206098	
c.95.1.0	0.477541	0.167569	0.137942	0.216948	
c.95.1.0	0.458629	0.169162	0.173365	0.198844	
c.95.1.0	0.447836	0.168038	0.18078	0.203345	
c.95.1.0	0.474411	0.16229	0.147811	0.215488	
c.95.1.0	0.462466	0.169938	0.158919	0.208678	
c.95.1.0	0.470642	0.176453	0.157701	0.195204	
c.95.1.0	0.449664	0.173038	0.169828	0.20747	
c.95.1.0	0.484218	0.155189	0.145863	0.21473	
c.95.1.0	0.466753	0.157437	0.166883	0.208928	
c.95.1.0	0.477693	0.169387	0.142184	0.210736	
c.95.1.0	0.474216	0.156353	0.173886	0.195545	
c.95.1.0	0.468888	0.174285	0.156591	0.200236	
c.95.1.0	0.478211	0.153568	0.152046	0.216175	
c.95.1.0	0.474496	0.152708	0.159005	0.213791	
c.95.1.0	0.461154	0.171199	0.16121	0.206437	
c.95.1.0	0.474278	0.165248	0.154515	0.205959	
c.95.1.0	0.47245	0.174981	0.133284	0.219285	
c.95.1.0	0.486827	0.147308	0.15189	0.213975	
c.95.1.0	0.465073	0.157124	0.17028	0.207523	
c.95.1.0	0.454248	0.173566	0.156863	0.215323	
c.95.1.0	0.450627	0.161442	0.179467	0.208464	
d.108.1.1	0.508939	0.133511	0.139597	0.217954	
d.108.1.1	0.47016	0.168395	0.164752	0.196694	
d.108.1.1	0.497867	0.153067	0.1456	0.203467	
d.108.1.1	0.503592	0.154978	0.131714	0.209716	
d.108.1.1	0.473386	0.167909	0.166367	0.192337	
d.108.1.1	0.475819	0.173479	0.143526	0.207176	
d.108.1.1	0.483973	0.166842	0.14845	0.200736	
d.108.1.1	0.505521	0.145031	0.145927	0.203521	
d.108.1.1	0.522973	0.125338	0.128716	0.222973	
d.108.1.1	0.488739	0.156831	0.153871	0.200559	
d.108.1.1	0.501404	0.145263	0.148421	0.204912	
d.108.1.1	0.5	0.146851	0.135527	0.217622	
d.108.1.1	0.49678	0.155699	0.136936	0.210585	
d.108.1.1	0.49206	0.153032	0.151829	0.20308	
d.108.1.1	0.504661	0.151077	0.141434	0.202829	
d.108.1.1	0.51546	0.137034	0.126142	0.221363	
d.108.1.1	0.494452	0.162731	0.143101	0.199716	
d.108.1.1	0.488599	0.158632	0.145277	0.207492	
d.108.1.1	0.498592	0.154125	0.14004	0.207243	
d.108.1.1	0.476033	0.17157	0.143471	0.208926	
d.108.1.1	0.493553	0.155625	0.119609	0.231214	
d.108.1.1	0.494348	0.158939	0.151788	0.194925	
d.108.1.1	0.498384	0.154362	0.139945	0.207308	
d.108.1.1	0.50993	0.158391	0.129096	0.202582	
d.108.1.1	0.519401	0.138302	0.128313	0.213984	
d.108.1.1	0.488788	0.159239	0.154982	0.196991	
d.108.1.1	0.487743	0.1615	0.136986	0.213771	
d.108.1.1	0.508661	0.138583	0.138189	0.214567	
d.108.1.1	0.509024	0.136048	0.141138	0.21379	
d.108.1.1	0.519549	0.137218	0.113158	0.230075	
d.108.1.1	0.488714	0.156921	0.149035	0.20533	
d.108.1.1	0.517754	0.144096	0.135012	0.203138	
d.108.1.1	0.507185	0.127936	0.140554	0.224325	
d.108.1.1	0.496258	0.162065	0.137806	0.203871	
d.108.1.1	0.511672	0.129353	0.127057	0.231917	
d.108.1.1	0.493191	0.158378	0.144168	0.204263	
d.108.1.1	0.485747	0.163341	0.140821	0.210091	
d.108.1.1	0.523651	0.13527	0.112448	0.228631	
d.108.1.1	0.493843	0.154695	0.150847	0.200616	
d.108.1.1	0.501636	0.146798	0.113604	0.237962	
d.108.1.1	0.50851	0.142431	0.133771	0.215288	
d.108.1.1	0.5015	0.152969	0.142472	0.203059	
d.108.1.1	0.487904	0.160886	0.14573	0.205479	
d.108.1.1	0.485123	0.171087	0.152975	0.190815	
d.108.1.1	0.4855	0.17209	0.148536	0.193873	
d.108.1.1	0.487993	0.166247	0.151134	0.194626	
d.108.1.1	0.48602	0.165378	0.143367	0.205235	
d.108.1.1	0.502951	0.15316	0.142364	0.201526	
d.144.1.0	0.475558	0.167979	0.157644	0.198819	
d.144.1.0	0.475785	0.168003	0.157816	0.198397	
d.144.1.0	0.477302	0.174935	0.155642	0.192121	
d.144.1.0	0.486884	0.1539	0.148478	0.210738	
d.144.1.0	0.478916	0.167922	0.158258	0.194905	
d.144.1.0	0.482532	0.159915	0.153518	0.204035	
d.144.1.0	0.491849	0.152755	0.153407	0.201989	
d.144.1.0	0.482591	0.16421	0.150251	0.202949	
d.144.1.0	0.472117	0.16911	0.163518	0.195255	
d.144.1.0	0.47819	0.162945	0.158066	0.200798	
d.144.1.0	0.495981	0.155892	0.15059	0.197537	
d.144.1.0	0.473973	0.169894	0.167147	0.188985	
d.144.1.0	0.476414	0.170547	0.155277	0.197762	
d.144.1.0	0.479296	0.165056	0.155245	0.200404	
d.144.1.0	0.483262	0.167857	0.15215	0.196732	
d.144.1.0	0.478318	0.165572	0.155059	0.201051	
d.144.1.0	0.478976	0.16958	0.156948	0.194497	
d.144.1.0	0.489322	0.159705	0.14777	0.203204	
d.144.1.0	0.476741	0.172469	0.151112	0.199678	
d.144.1.0	0.484417	0.158927	0.154386	0.20227	
d.144.1.0	0.473364	0.171536	0.164506	0.190595	
d.144.1.0	0.486831	0.15853	0.147626	0.207012	
d.144.1.0	0.486197	0.16701	0.150254	0.196539	
d.144.1.0	0.475843	0.166528	0.159721	0.197908	
d.144.1.0	0.479937	0.170447	0.152652	0.196964	
d.144.1.0	0.48657	0.165732	0.150679	0.197019	
d.144.1.0	0.479251	0.160678	0.166118	0.193952	
d.144.1.0	0.487059	0.158245	0.154055	0.200641	
d.144.1.0	0.48663	0.16522	0.147158	0.200992	
d.144.1.0	0.483705	0.164788	0.151188	0.200319	
d.144.1.0	0.484353	0.164963	0.156471	0.194213	
d.144.1.0	0.491398	0.155383	0.154273	0.198946	
d.144.1.0	0.478008	0.171222	0.155985	0.194785	
d.144.1.0	0.468285	0.176089	0.161335	0.194291	
d.144.1.0	0.469588	0.171996	0.165056	0.19336	
d.144.1.0	0.480006	0.16801	0.153311	0.198672	
d.144.1.0	0.466667	0.179385	0.161929	0.19202	
d.144.1.0	0.487567	0.16366	0.152283	0.19649	
d.144.1.0	0.480846	0.161564	0.15916	0.198429	
d.144.1.0	0.47663	0.167758	0.161953	0.193659	
d.144.1.0	0.482861	0.166522	0.156255	0.194362	
d.144.1.0	0.472697	0.178462	0.15665	0.19219	
d.144.1.0	0.481156	0.16271	0.149095	0.20704	
d.144.1.0	0.47961	0.165924	0.154037	0.200429	
d.144.1.0	0.473982	0.174398	0.158638	0.192982	
d.144.1.0	0.48156	0.161085	0.163629	0.193726	
d.144.1.0	0.485136	0.170295	0.153324	0.191245	
d.144.1.0	0.479464	0.163705	0.16589	0.190941	
d.144.1.0	0.474654	0.171411	0.159689	0.194246	
d.144.1.0	0.47902	0.16955	0.148142	0.203288	
d.144.1.0	0.48932	0.153473	0.148806	0.208401	
d.144.1.0	0.481813	0.170244	0.149225	0.198718	
d.144.1.0	0.482014	0.160329	0.158714	0.198943	
d.144.1.0	0.481608	0.162636	0.157698	0.198059	
d.144.1.0	0.487236	0.15503	0.153846	0.203888	
d.144.1.0	0.473362	0.17141	0.159166	0.196062	
d.144.1.0	0.482297	0.168421	0.158278	0.191005	
d.144.1.0	0.480351	0.163981	0.164546	0.191122	
d.144.1.0	0.470175	0.173294	0.162324	0.194206	
d.144.1.0	0.480137	0.16915	0.154873	0.195841	
d.144.1.0	0.482291	0.165999	0.157838	0.193871	
d.144.1.0	0.474659	0.179037	0.15754	0.188765	
d.144.1.7	0.48677	0.161856	0.151546	0.199828	
d.144.1.7	0.488663	0.162172	0.158234	0.190931	
d.144.1.7	0.485189	0.165731	0.158163	0.190917	
d.144.1.7	0.471813	0.176727	0.169993	0.181467	
d.144.1.7	0.463683	0.179647	0.172772	0.183898	
d.144.1.7	0.483792	0.158479	0.158767	0.198963	
d.144.1.7	0.474197	0.167867	0.157666	0.20027	
d.144.1.7	0.472715	0.168144	0.171292	0.18785	
d.144.1.7	0.461862	0.179459	0.173574	0.185105	
d.144.1.7	0.472732	0.165767	0.165362	0.196139	
d.144.1.7	0.484517	0.160552	0.152474	0.202457	
d.144.1.7	0.490588	0.160322	0.151642	0.197448	
d.144.1.7	0.486575	0.15867	0.149662	0.205093	
d.144.1.7	0.479991	0.16596	0.158898	0.195151	
d.144.1.7	0.483458	0.171825	0.150785	0.193932	
d.144.1.7	0.474574	0.166822	0.169302	0.189302	
d.144.1.7	0.481614	0.165577	0.165271	0.187538	
d.144.1.7	0.49135	0.161551	0.145647	0.201451	
d.144.1.7	0.485088	0.165523	0.150611	0.198777	
d.144.1.7	0.48431	0.166026	0.153698	0.195965	
d.144.1.7	0.473447	0.168317	0.161716	0.19652	
d.144.1.7	0.479297	0.171996	0.15658	0.192126	
d.144.1.7	0.470332	0.176142	0.160609	0.192917	
d.144.1.7	0.479486	0.163528	0.156081	0.200905	
d.144.1.7	0.470025	0.17174	0.168683	0.189552	
d.144.1.7	0.479611	0.160977	0.163348	0.196064	
d.144.1.7	0.474176	0.172852	0.15183	0.201142	
d.144.1.7	0.472971	0.177233	0.162522	0.187274	
d.144.1.7	0.47937	0.168481	0.158883	0.193266	
d.144.1.7	0.477913	0.173311	0.153148	0.195629	
d.144.1.7	0.471424	0.179248	0.160452	0.188875	
d.144.1.7	0.481469	0.168726	0.152146	0.197659	
d.144.1.7	0.470411	0.173158	0.164553	0.191878	
d.144.1.7	0.472827	0.172781	0.156036	0.198356	
